pixel1,pixel2,pixel3,pixel4,pixel5,pixel6,pixel7,pixel8,pixel9,pixel10,pixel11,pixel12,pixel13,pixel14,pixel15,pixel16,pixel17,pixel18,pixel19,pixel20,pixel21,pixel22,pixel23,pixel24,pixel25,pixel26,pixel27,pixel28,pixel29,pixel30,pixel31,pixel32,pixel33,pixel34,pixel35,pixel36,pixel37,pixel38,pixel39,pixel40,pixel41,pixel42,pixel43,pixel44,pixel45,pixel46,pixel47,pixel48,pixel49,pixel50,pixel51,pixel52,pixel53,pixel54,pixel55,pixel56,pixel57,pixel58,pixel59,pixel60,pixel61,pixel62,pixel63,pixel64,pixel65,pixel66,pixel67,pixel68,pixel69,pixel70,pixel71,pixel72,pixel73,pixel74,pixel75,pixel76,pixel77,pixel78,pixel79,pixel80,pixel81,pixel82,pixel83,pixel84,pixel85,pixel86,pixel87,pixel88,pixel89,pixel90,pixel91,pixel92,pixel93,pixel94,pixel95,pixel96,pixel97,pixel98,pixel99,pixel100,pixel101,pixel102,pixel103,pixel104,pixel105,pixel106,pixel107,pixel108,pixel109,pixel110,pixel111,pixel112,pixel113,pixel114,pixel115,pixel116,pixel117,pixel118,pixel119,pixel120,pixel121,pixel122,pixel123,pixel124,pixel125,pixel126,pixel127,pixel128,pixel129,pixel130,pixel131,pixel132,pixel133,pixel134,pixel135,pixel136,pixel137,pixel138,pixel139,pixel140,pixel141,pixel142,pixel143,pixel144,pixel145,pixel146,pixel147,pixel148,pixel149,pixel150,pixel151,pixel152,pixel153,pixel154,pixel155,pixel156,pixel157,pixel158,pixel159,pixel160,pixel161,pixel162,pixel163,pixel164,pixel165,pixel166,pixel167,pixel168,pixel169,pixel170,pixel171,pixel172,pixel173,pixel174,pixel175,pixel176,pixel177,pixel178,pixel179,pixel180,pixel181,pixel182,pixel183,pixel184,pixel185,pixel186,pixel187,pixel188,pixel189,pixel190,pixel191,pixel192,pixel193,pixel194,pixel195,pixel196,pixel197,pixel198,pixel199,pixel200,pixel201,pixel202,pixel203,pixel204,pixel205,pixel206,pixel207,pixel208,pixel209,pixel210,pixel211,pixel212,pixel213,pixel214,pixel215,pixel216,pixel217,pixel218,pixel219,pixel220,pixel221,pixel222,pixel223,pixel224,pixel225,pixel226,pixel227,pixel228,pixel229,pixel230,pixel231,pixel232,pixel233,pixel234,pixel235,pixel236,pixel237,pixel238,pixel239,pixel240,pixel241,pixel242,pixel243,pixel244,pixel245,pixel246,pixel247,pixel248,pixel249,pixel250,pixel251,pixel252,pixel253,pixel254,pixel255,pixel256,pixel257,pixel258,pixel259,pixel260,pixel261,pixel262,pixel263,pixel264,pixel265,pixel266,pixel267,pixel268,pixel269,pixel270,pixel271,pixel272,pixel273,pixel274,pixel275,pixel276,pixel277,pixel278,pixel279,pixel280,pixel281,pixel282,pixel283,pixel284,pixel285,pixel286,pixel287,pixel288,pixel289,pixel290,pixel291,pixel292,pixel293,pixel294,pixel295,pixel296,pixel297,pixel298,pixel299,pixel300,pixel301,pixel302,pixel303,pixel304,pixel305,pixel306,pixel307,pixel308,pixel309,pixel310,pixel311,pixel312,pixel313,pixel314,pixel315,pixel316,pixel317,pixel318,pixel319,pixel320,pixel321,pixel322,pixel323,pixel324,pixel325,pixel326,pixel327,pixel328,pixel329,pixel330,pixel331,pixel332,pixel333,pixel334,pixel335,pixel336,pixel337,pixel338,pixel339,pixel340,pixel341,pixel342,pixel343,pixel344,pixel345,pixel346,pixel347,pixel348,pixel349,pixel350,pixel351,pixel352,pixel353,pixel354,pixel355,pixel356,pixel357,pixel358,pixel359,pixel360,pixel361,pixel362,pixel363,pixel364,pixel365,pixel366,pixel367,pixel368,pixel369,pixel370,pixel371,pixel372,pixel373,pixel374,pixel375,pixel376,pixel377,pixel378,pixel379,pixel380,pixel381,pixel382,pixel383,pixel384,pixel385,pixel386,pixel387,pixel388,pixel389,pixel390,pixel391,pixel392,pixel393,pixel394,pixel395,pixel396,pixel397,pixel398,pixel399,pixel400,pixel401,pixel402,pixel403,pixel404,pixel405,pixel406,pixel407,pixel408,pixel409,pixel410,pixel411,pixel412,pixel413,pixel414,pixel415,pixel416,pixel417,pixel418,pixel419,pixel420,pixel421,pixel422,pixel423,pixel424,pixel425,pixel426,pixel427,pixel428,pixel429,pixel430,pixel431,pixel432,pixel433,pixel434,pixel435,pixel436,pixel437,pixel438,pixel439,pixel440,pixel441,pixel442,pixel443,pixel444,pixel445,pixel446,pixel447,pixel448,pixel449,pixel450,pixel451,pixel452,pixel453,pixel454,pixel455,pixel456,pixel457,pixel458,pixel459,pixel460,pixel461,pixel462,pixel463,pixel464,pixel465,pixel466,pixel467,pixel468,pixel469,pixel470,pixel471,pixel472,pixel473,pixel474,pixel475,pixel476,pixel477,pixel478,pixel479,pixel480,pixel481,pixel482,pixel483,pixel484,pixel485,pixel486,pixel487,pixel488,pixel489,pixel490,pixel491,pixel492,pixel493,pixel494,pixel495,pixel496,pixel497,pixel498,pixel499,pixel500,pixel501,pixel502,pixel503,pixel504,pixel505,pixel506,pixel507,pixel508,pixel509,pixel510,pixel511,pixel512,pixel513,pixel514,pixel515,pixel516,pixel517,pixel518,pixel519,pixel520,pixel521,pixel522,pixel523,pixel524,pixel525,pixel526,pixel527,pixel528,pixel529,pixel530,pixel531,pixel532,pixel533,pixel534,pixel535,pixel536,pixel537,pixel538,pixel539,pixel540,pixel541,pixel542,pixel543,pixel544,pixel545,pixel546,pixel547,pixel548,pixel549,pixel550,pixel551,pixel552,pixel553,pixel554,pixel555,pixel556,pixel557,pixel558,pixel559,pixel560,pixel561,pixel562,pixel563,pixel564,pixel565,pixel566,pixel567,pixel568,pixel569,pixel570,pixel571,pixel572,pixel573,pixel574,pixel575,pixel576,pixel577,pixel578,pixel579,pixel580,pixel581,pixel582,pixel583,pixel584,pixel585,pixel586,pixel587,pixel588,pixel589,pixel590,pixel591,pixel592,pixel593,pixel594,pixel595,pixel596,pixel597,pixel598,pixel599,pixel600,pixel601,pixel602,pixel603,pixel604,pixel605,pixel606,pixel607,pixel608,pixel609,pixel610,pixel611,pixel612,pixel613,pixel614,pixel615,pixel616,pixel617,pixel618,pixel619,pixel620,pixel621,pixel622,pixel623,pixel624,pixel625,pixel626,pixel627,pixel628,pixel629,pixel630,pixel631,pixel632,pixel633,pixel634,pixel635,pixel636,pixel637,pixel638,pixel639,pixel640,pixel641,pixel642,pixel643,pixel644,pixel645,pixel646,pixel647,pixel648,pixel649,pixel650,pixel651,pixel652,pixel653,pixel654,pixel655,pixel656,pixel657,pixel658,pixel659,pixel660,pixel661,pixel662,pixel663,pixel664,pixel665,pixel666,pixel667,pixel668,pixel669,pixel670,pixel671,pixel672,pixel673,pixel674,pixel675,pixel676,pixel677,pixel678,pixel679,pixel680,pixel681,pixel682,pixel683,pixel684,pixel685,pixel686,pixel687,pixel688,pixel689,pixel690,pixel691,pixel692,pixel693,pixel694,pixel695,pixel696,pixel697,pixel698,pixel699,pixel700,pixel701,pixel702,pixel703,pixel704,pixel705,pixel706,pixel707,pixel708,pixel709,pixel710,pixel711,pixel712,pixel713,pixel714,pixel715,pixel716,pixel717,pixel718,pixel719,pixel720,pixel721,pixel722,pixel723,pixel724,pixel725,pixel726,pixel727,pixel728,pixel729,pixel730,pixel731,pixel732,pixel733,pixel734,pixel735,pixel736,pixel737,pixel738,pixel739,pixel740,pixel741,pixel742,pixel743,pixel744,pixel745,pixel746,pixel747,pixel748,pixel749,pixel750,pixel751,pixel752,pixel753,pixel754,pixel755,pixel756,pixel757,pixel758,pixel759,pixel760,pixel761,pixel762,pixel763,pixel764,pixel765,pixel766,pixel767,pixel768,pixel769,pixel770,pixel771,pixel772,pixel773,pixel774,pixel775,pixel776,pixel777,pixel778,pixel779,pixel780,pixel781,pixel782,pixel783,pixel784,cluster
0,0,0,0,0,0,0,0,0,0,0,0,0,0,0,0,0,0,0,0,0,0,0,0,0,0,0,0,0,0,0,0,0,0,0,0,0,0,0,0,0,0,0,0,0,0,0,0,0,0,0,0,0,0,0,0,0,0,0,0,0,0,0,0,0,0,0,0,0,0,0,0,0,0,0,0,0,0,0,0,0,0,0,0,0,0,0,0,0,0,0,0,0,0,0,0,0,0,0,0,0,0,0,0,0,0,0,0,0,0,0,0,0,0,0,0,0,0,0,0,0,0,0,0,0,0,0,0,0,0,0,0,0,0,0,0,0,0,0,0,0,0,0,0,0,0,0,0,0,0,0,0,0,0,0,0,0,0,0,0,0,0,0,0,0,0,0,0,0,0,0,0,0,0,0,0,0,0,0,0,0,0,0,0,0,0,180,61,0,0,0,1,2,0,0,0,0,0,0,0,0,0,0,0,0,0,0,0,0,0,1,0,0,158,254,223,42,0,0,0,0,0,77,40,0,0,0,0,0,0,0,0,0,0,0,0,0,1,6,0,48,223,185,235,238,202,127,93,35,51,219,80,0,0,0,0,0,0,0,0,0,0,0,0,0,9,0,18,216,220,219,234,235,250,251,250,243,255,153,0,0,0,0,0,0,0,0,0,0,0,0,0,0,0,0,196,215,207,240,227,234,233,232,231,234,233,0,0,0,0,0,0,0,0,0,0,0,0,4,0,0,64,183,218,197,201,223,231,224,236,239,230,240,219,0,0,0,0,0,0,2,1,1,0,7,10,0,0,45,212,202,203,212,239,225,215,223,219,210,225,244,221,0,0,0,0,0,1,3,5,11,7,0,0,5,144,229,165,195,215,194,223,247,239,231,222,194,195,233,212,0,0,0,3,4,0,0,0,0,0,27,137,191,176,119,179,228,234,225,219,218,241,240,233,206,201,212,215,1,0,0,0,0,0,8,53,75,152,180,165,79,63,177,211,219,231,229,244,226,210,227,231,211,203,197,238,36,0,0,11,114,159,201,211,201,150,80,33,183,233,242,235,234,232,224,219,232,232,217,223,215,218,198,207,110,0,10,172,195,133,56,98,140,46,154,229,241,238,226,229,228,220,210,204,197,199,208,209,217,222,205,207,151,0,106,198,179,187,181,194,182,182,200,205,209,217,215,216,215,213,210,210,203,208,219,203,204,213,208,206,225,5,79,207,210,194,185,180,189,193,192,190,196,198,197,202,200,202,204,206,209,209,206,201,201,198,200,193,205,51,0,30,134,197,239,214,255,236,237,231,230,225,220,219,218,217,219,223,230,234,239,248,249,249,217,212,255,59,0,0,0,0,0,30,50,87,117,141,144,151,151,150,149,148,151,147,138,132,123,117,101,95,66,57,20,0,0,0,0,0,0,0,0,0,0,0,0,0,0,0,0,0,0,0,0,0,0,0,0,0,0,0,0,0,0,0,0,0,0,0,0,0,0,0,0,0,0,0,0,0,0,0,0,0,0,0,0,0,0,0,0,0,0,0,0,0,0,0,0,0,0,0,0,0,0,0,0,0,0,0,0,0,0,0,0,0,0,0,0,0,0,0,0,0,0,0,0,0,0,0,0,0,0,0,0,0,0,0,0,0,0,0,0,0,0,0,0,0,0,0,0,0,0,0,0,0,0,0,0,0,0,0,0,0,0,0,0,0,0,0,0,0,0,0,0,0,0,0,0,0,0,0,0,0,0,0,0,0,0,0,0,0,0,0,0,0,0,0,0,0,0,0,0,0,6
0,0,0,0,0,0,0,0,0,0,0,0,0,0,0,0,0,0,0,0,0,0,0,0,0,0,0,0,0,0,0,0,0,0,0,0,0,0,0,0,0,0,0,0,0,0,0,0,0,0,0,0,0,0,0,0,0,0,0,0,0,0,0,0,0,0,0,0,0,0,0,0,0,0,0,0,0,0,0,0,0,0,0,0,0,0,0,0,0,0,0,0,0,0,0,0,0,0,0,0,0,0,0,0,0,0,0,0,0,0,0,0,0,0,0,0,0,0,0,0,0,0,0,0,0,0,0,0,0,0,0,0,0,0,0,0,0,0,0,0,0,0,0,0,0,0,0,0,0,0,0,0,0,0,0,0,0,0,0,0,0,0,0,0,0,0,0,0,0,0,0,0,0,0,0,0,0,0,0,0,0,0,0,0,0,92,191,99,0,0,1,0,0,0,0,0,0,0,0,0,0,0,0,0,0,0,0,0,0,0,0,0,9,199,214,233,68,0,0,0,2,2,0,0,0,0,0,0,0,0,0,0,0,0,0,0,0,0,0,0,226,212,201,230,242,167,0,0,0,0,2,0,0,0,0,0,0,0,0,0,0,0,0,0,0,2,0,122,232,219,215,216,221,240,237,105,27,0,0,0,0,0,0,0,0,0,0,0,0,0,0,0,2,0,0,223,215,209,230,228,222,214,219,228,222,197,0,0,0,0,0,0,0,0,0,0,0,2,3,0,0,0,127,227,218,214,226,217,220,232,226,204,196,238,56,0,0,0,0,0,0,0,0,0,2,0,0,0,16,176,230,214,223,234,240,240,221,213,219,221,223,227,185,0,0,0,0,0,0,4,0,0,0,5,93,161,221,225,209,214,214,228,232,231,230,233,233,231,225,224,255,3,0,3,2,0,0,0,0,18,166,209,235,225,213,211,217,220,227,218,224,226,223,220,227,223,217,226,232,47,0,0,0,0,0,19,118,207,227,209,203,211,215,226,217,224,225,225,223,222,223,219,224,219,217,218,236,92,0,0,76,163,184,216,224,212,202,204,208,205,223,226,220,216,216,221,228,230,229,226,218,226,230,219,233,117,0,184,236,225,217,211,207,212,214,215,220,214,208,228,236,238,240,239,239,234,226,224,227,226,225,215,249,68,28,216,196,206,202,207,206,216,222,219,216,217,210,201,203,202,197,191,187,182,183,192,190,185,190,188,211,25,103,194,181,182,171,166,161,169,173,175,177,179,182,179,178,177,181,179,184,190,187,184,188,192,189,187,213,41,114,213,202,227,222,220,218,217,212,208,210,207,207,205,203,202,204,204,204,205,205,208,216,220,217,199,255,94,0,57,91,126,132,136,144,151,156,158,160,162,162,168,169,167,167,165,164,164,163,163,158,151,141,144,127,0,0,0,0,0,0,0,0,0,0,0,0,0,0,0,0,0,0,0,0,0,0,0,0,0,0,0,0,0,0,0,0,0,0,0,0,0,0,0,0,0,0,0,0,0,0,0,0,0,0,0,0,0,0,0,0,0,0,0,0,0,0,0,0,0,0,0,0,0,0,0,0,0,0,0,0,0,0,0,0,0,0,0,0,0,0,0,0,0,0,0,0,0,0,0,0,0,0,0,0,0,0,0,0,0,0,0,0,0,0,0,0,0,0,0,0,0,0,0,0,0,0,0,0,0,0,0,0,0,0,0,0,0,0,0,0,0,0,0,0,0,0,0,0,0,0,0,0,0,0,0,0,0,0,0,0,0,0,0,0,0,0,0,0,0,0,0,0,0,6
0,0,0,0,0,0,0,0,0,0,0,0,0,0,0,0,0,0,0,0,0,0,0,0,0,0,0,0,0,0,0,0,0,0,0,0,0,0,0,0,0,0,0,0,0,0,0,0,0,0,0,0,0,0,0,0,0,0,0,0,0,0,0,0,0,0,0,0,4,1,0,0,0,0,0,0,0,0,0,0,66,64,0,0,0,0,0,0,0,0,0,0,0,1,1,0,0,0,0,0,0,7,31,44,116,193,226,204,237,160,0,0,0,0,0,0,0,0,0,0,0,3,0,0,49,101,140,193,243,255,246,242,240,233,228,207,224,125,0,0,0,0,0,0,0,0,0,0,0,2,0,0,220,251,246,246,240,238,230,211,210,213,217,209,229,147,0,0,0,0,0,0,0,0,0,0,0,5,0,0,229,226,230,225,229,236,236,219,219,229,221,217,232,171,0,0,0,0,0,0,0,0,0,0,0,4,0,20,233,228,235,238,241,239,233,224,225,221,213,221,219,225,0,0,0,0,0,0,0,0,0,0,0,3,0,82,243,230,238,237,237,240,233,234,224,219,218,223,212,255,46,0,0,0,0,0,0,0,0,0,0,0,0,136,245,224,238,239,237,245,230,213,220,223,223,228,205,248,174,0,0,0,0,0,0,0,0,0,0,0,0,199,245,228,237,238,237,244,229,214,223,229,225,229,213,222,252,0,0,0,0,0,0,0,0,0,2,0,0,248,239,231,237,239,238,242,228,229,225,226,222,220,223,211,246,104,0,0,0,0,0,0,0,0,2,0,23,255,233,234,236,238,237,243,232,223,218,219,217,208,217,213,233,152,0,0,0,0,0,0,0,0,3,0,83,250,231,239,235,237,239,241,232,222,216,220,227,216,219,218,217,191,0,0,0,0,0,0,0,0,0,0,184,249,229,237,237,238,240,242,225,219,227,228,226,221,224,209,221,186,0,0,0,0,0,0,0,1,0,0,249,237,232,236,237,238,240,241,225,222,230,228,211,214,207,212,251,118,0,0,0,0,0,0,0,2,0,35,255,227,237,235,235,236,238,239,229,230,214,210,240,245,227,208,245,40,0,0,0,0,1,0,0,0,0,115,255,220,236,236,231,235,240,235,228,208,216,255,153,94,249,203,229,4,0,0,3,5,10,4,7,0,0,243,238,225,229,229,234,238,241,234,199,230,255,79,0,57,237,208,210,0,0,0,0,0,0,0,0,0,190,255,224,230,232,234,237,240,242,217,236,231,7,0,0,103,231,214,171,0,0,0,0,30,65,97,163,248,255,224,232,232,237,235,238,237,234,255,229,0,0,11,0,115,228,221,122,0,0,131,214,225,232,255,252,231,218,231,230,238,238,237,236,235,242,255,0,0,2,1,0,136,226,219,61,0,54,239,219,214,216,220,219,224,236,236,237,239,241,238,240,229,255,70,0,0,0,1,0,151,226,208,26,0,87,249,226,231,231,231,232,230,231,231,234,236,236,236,230,250,192,0,0,0,0,0,0,159,223,196,14,0,7,146,199,227,238,241,239,235,240,235,239,243,239,236,238,255,0,0,2,0,0,0,0,149,220,179,0,0,0,0,0,46,129,173,207,238,248,255,255,255,255,255,226,53,0,0,0,1,0,0,0,171,233,173,0,0,0,0,0,0,0,0,0,6,30,57,74,88,83,64,0,0,0,0,0,0,0,0,0,113,153,85,0,0,0,0,0,0,0,0,0,0,0,0,0,0,0,0,0,0,0,0,0,0,0,0,0,0,0,0,0,0,6
0,0,0,0,0,0,0,0,0,0,0,0,0,0,0,0,0,0,0,0,0,0,0,0,0,0,0,0,0,0,0,0,0,0,0,0,0,5,0,82,198,185,213,205,198,197,186,159,134,111,85,86,76,28,0,0,0,0,0,0,0,0,0,0,0,10,0,62,255,249,251,249,248,250,248,243,244,243,237,229,229,110,0,0,0,0,0,0,0,0,0,0,0,9,0,38,241,234,235,231,230,228,223,221,224,216,210,204,198,22,0,0,0,0,0,0,0,0,0,0,0,4,0,36,242,232,235,237,235,234,235,237,234,219,213,211,214,0,0,0,0,0,0,0,0,0,0,0,0,4,0,37,242,234,234,230,225,220,224,226,212,212,204,219,189,0,0,0,0,0,0,0,0,0,0,0,0,4,0,37,242,231,229,226,226,223,223,237,224,220,205,226,177,0,0,0,0,0,0,0,0,0,0,0,0,4,0,31,240,231,230,225,231,230,220,234,214,204,206,230,177,0,0,0,0,0,0,0,0,0,0,0,0,5,0,84,242,222,223,248,232,225,228,224,213,217,217,228,178,0,0,0,0,0,0,0,0,0,0,0,0,2,0,151,247,219,210,124,245,232,217,213,221,225,223,193,220,0,0,0,0,0,0,0,0,0,0,0,0,5,0,107,244,233,197,61,235,222,219,224,215,209,199,203,255,69,0,0,0,0,0,0,0,0,0,0,0,1,0,7,236,229,222,236,229,217,225,226,227,235,227,225,216,169,0,0,0,0,0,0,0,0,0,0,1,0,0,168,240,230,236,233,222,222,226,229,238,244,237,220,203,227,0,0,0,0,0,0,0,0,0,0,5,0,63,255,217,221,209,239,233,227,231,239,240,238,219,183,192,239,47,0,0,0,0,0,0,0,0,0,3,0,42,234,214,227,44,174,242,228,232,238,234,225,185,156,201,232,78,0,0,0,0,0,0,0,0,0,0,0,30,229,222,218,164,216,221,223,237,235,227,210,206,232,215,237,78,0,0,0,0,0,0,0,1,4,0,7,253,239,219,238,240,226,214,234,234,222,224,239,244,226,232,232,15,0,0,0,0,0,2,2,0,3,0,66,247,225,234,237,240,232,230,241,239,232,247,227,190,197,137,27,0,0,0,0,0,0,1,0,1,6,0,41,234,234,181,44,246,238,239,239,235,238,204,190,200,196,81,58,0,0,0,0,0,0,0,0,0,0,0,142,240,234,192,135,247,230,242,238,219,200,213,185,215,210,255,181,0,0,0,0,0,0,3,1,1,0,28,255,236,252,249,253,234,239,239,224,198,239,73,160,225,204,207,116,0,0,0,0,6,0,0,0,0,0,199,255,187,154,249,231,238,236,220,199,255,44,0,200,221,201,211,97,0,0,0,0,0,0,0,36,110,208,201,206,88,126,254,222,230,221,199,245,82,0,6,196,207,201,207,64,0,0,0,0,10,145,200,222,215,167,190,195,233,255,225,220,220,205,245,165,0,0,8,202,207,200,236,37,0,0,0,46,215,237,224,217,217,207,209,211,232,224,226,231,221,211,234,0,0,0,0,185,211,198,236,27,0,0,0,137,254,229,232,235,232,233,229,227,228,230,232,224,209,255,57,0,0,0,0,163,211,197,194,3,0,0,0,0,116,210,242,249,251,255,252,243,242,238,232,234,255,118,0,0,1,0,30,251,213,216,248,4,0,0,0,0,0,0,10,46,65,111,139,171,178,187,198,180,61,0,0,0,0,0,0,157,194,174,141,0,0,0,6
0,0,0,0,0,0,0,0,0,0,0,0,0,0,0,0,0,0,0,0,0,0,0,0,0,0,0,0,0,0,0,0,0,0,0,0,0,0,0,0,0,0,0,0,0,0,0,0,0,0,0,0,0,0,0,0,0,0,0,0,0,0,0,0,0,0,0,0,0,0,0,0,0,0,0,0,0,0,0,0,0,0,0,0,0,0,0,0,0,0,0,0,0,0,0,2,0,0,8,0,0,0,0,0,0,0,6,8,1,6,1,0,0,0,0,0,0,0,0,0,0,0,0,5,0,39,200,197,191,221,168,0,0,0,0,0,0,0,0,0,0,0,0,0,0,0,0,0,0,0,0,7,0,29,229,214,220,222,236,160,132,202,165,157,141,118,0,0,0,0,0,0,0,0,0,0,0,0,0,6,0,37,217,204,213,215,212,216,227,235,238,230,243,208,0,0,0,0,0,0,0,0,0,0,0,1,0,4,0,58,222,199,211,223,225,183,203,223,213,211,223,180,0,0,0,0,0,0,0,0,0,0,0,0,0,1,0,108,220,201,209,216,218,203,219,229,227,223,235,206,0,0,0,0,0,0,0,0,0,0,0,0,0,0,0,186,215,208,212,216,218,203,221,229,225,218,228,242,0,0,0,0,0,0,0,0,0,0,0,0,3,0,9,240,203,210,210,215,214,205,223,226,222,227,224,236,14,0,0,0,0,0,0,0,0,0,0,0,1,0,118,218,204,217,210,214,207,206,224,221,230,227,221,239,121,0,0,0,0,0,0,0,0,0,0,7,0,0,221,211,209,213,212,219,212,198,222,225,225,223,221,231,232,0,0,0,0,0,0,0,0,0,0,6,0,115,220,199,201,203,212,224,216,200,216,222,220,224,226,223,252,20,0,0,0,0,0,0,0,0,1,0,0,229,208,202,202,200,211,224,217,205,213,215,223,221,220,216,255,67,0,0,0,0,0,0,0,0,0,0,160,209,204,218,210,205,212,223,213,202,220,218,220,222,229,223,255,57,0,0,0,0,0,0,2,0,0,71,255,201,198,205,211,208,215,224,209,198,220,224,234,235,234,211,233,103,0,3,6,0,0,0,0,0,52,255,203,209,204,203,214,220,226,230,212,208,238,234,212,200,183,178,218,98,0,0,0,0,0,0,2,127,255,200,193,203,218,216,225,225,218,228,210,200,212,178,177,185,185,187,224,79,0,13,94,150,170,189,238,221,204,201,208,211,219,223,221,222,239,208,219,203,170,197,182,187,189,188,221,58,0,176,190,181,189,213,206,202,204,205,215,218,218,216,229,229,194,225,190,0,46,231,170,188,188,190,224,43,36,196,190,187,192,192,202,210,203,209,211,212,222,231,221,189,223,114,0,0,48,229,181,188,189,186,224,40,76,195,180,195,209,235,231,226,233,232,228,238,238,214,178,237,87,0,0,0,58,202,183,187,190,188,228,41,84,196,193,181,178,166,171,179,192,193,198,195,177,173,245,112,0,0,1,0,49,196,180,184,187,187,194,37,0,31,121,178,212,224,215,205,189,185,185,188,197,246,138,0,0,0,1,0,50,205,196,228,231,195,253,49,0,0,0,0,0,32,56,104,152,126,161,118,165,49,0,0,3,0,7,0,6,70,34,40,31,22,30,0,0,0,0,0,0,0,0,0,0,0,0,0,0,0,0,0,0,0,0,0,0,0,0,0,0,0,0,0,0,0,0,0,0,0,0,0,0,0,0,0,0,0,0,0,0,0,0,0,0,0,0,0,0,0,0,0,6
0,0,0,0,0,0,0,0,0,0,0,0,0,0,0,0,0,0,0,0,0,0,0,0,0,0,0,0,0,0,0,0,0,0,0,0,0,0,1,0,0,2,0,0,100,32,0,0,0,0,0,0,0,0,0,0,0,0,0,0,0,0,0,0,0,0,0,0,0,0,0,68,165,125,146,76,8,92,136,136,135,118,116,41,0,0,0,0,0,0,0,0,0,0,0,0,3,0,70,165,88,74,154,205,198,131,143,153,144,128,147,90,0,0,0,0,0,0,0,0,0,0,0,0,4,0,111,155,92,130,163,154,135,109,134,143,147,149,160,46,0,0,0,0,0,0,0,0,0,0,0,0,2,0,127,134,67,225,154,120,158,165,159,178,157,141,160,11,0,0,0,0,0,0,0,0,0,0,0,1,3,0,119,148,140,184,144,159,151,171,148,150,127,133,139,0,0,0,0,0,0,0,0,0,0,0,0,2,0,0,130,120,159,204,134,160,134,114,118,127,127,145,148,0,0,0,0,0,0,0,0,0,0,0,0,3,0,22,157,79,145,174,118,139,121,126,130,131,143,148,133,0,0,0,0,0,0,0,0,0,0,1,0,2,0,92,143,76,186,150,99,158,171,144,151,150,151,149,84,0,0,0,0,0,0,0,0,0,0,1,0,0,0,170,113,83,166,140,123,132,141,157,155,164,159,136,254,5,0,0,0,0,0,0,0,0,0,0,5,0,25,173,84,84,170,120,125,126,163,171,162,180,169,150,153,0,0,0,0,1,0,0,0,0,0,1,2,0,85,163,71,126,124,90,165,181,158,170,184,200,163,161,76,0,0,0,0,0,0,0,0,0,0,9,0,72,162,149,103,112,90,129,181,180,164,180,182,173,124,166,144,0,0,0,1,0,0,0,0,0,3,0,0,124,188,159,149,155,148,149,151,158,173,168,160,152,136,154,169,11,0,0,0,1,1,1,0,0,1,0,99,203,164,182,146,159,219,208,153,174,161,142,152,146,158,146,175,62,0,0,0,0,0,0,0,2,0,0,187,185,187,132,151,185,149,131,155,165,154,142,139,120,141,138,180,85,0,0,2,4,3,3,0,0,0,76,166,119,128,155,147,191,180,124,143,142,163,158,149,134,141,133,197,96,0,1,0,0,0,0,0,2,122,194,128,114,105,107,201,177,138,147,124,150,168,163,158,155,142,135,211,92,0,0,3,43,29,54,112,170,164,119,144,138,127,114,133,206,154,167,158,157,151,150,161,158,138,166,248,113,0,54,177,192,173,158,162,147,125,145,169,141,139,138,125,144,162,159,146,162,158,149,168,175,171,192,207,134,0,166,175,165,191,189,171,159,157,143,136,160,164,155,144,143,166,146,145,142,155,182,205,206,194,188,189,107,6,154,143,46,66,173,194,190,175,168,175,159,158,147,159,157,155,151,136,166,199,209,190,169,166,168,199,172,139,179,155,148,105,96,139,168,166,175,187,169,177,173,154,157,150,162,178,202,158,203,188,189,206,201,211,49,121,175,163,169,178,171,171,173,181,170,170,168,165,172,173,172,179,190,193,151,0,0,47,109,85,2,0,0,0,61,148,171,173,184,185,184,182,182,180,184,187,179,174,178,181,193,186,0,0,0,0,0,0,0,0,0,0,0,0,26,101,149,189,209,220,229,223,212,210,216,189,198,222,152,0,0,0,0,4,7,6,2,0,0,0,1,0,0,0,0,0,5,36,59,71,92,109,109,113,76,0,0,0,1,0,1,0,0,0,0,0,0,6
0,0,0,0,0,0,0,0,0,0,0,0,0,0,0,0,0,0,0,0,0,0,0,0,0,0,0,0,0,0,0,0,0,0,0,0,0,0,0,0,0,0,0,0,0,0,0,0,0,0,0,0,0,0,0,0,0,0,0,0,0,0,0,0,0,0,0,0,0,0,0,0,0,0,0,0,0,0,0,0,0,0,0,0,0,0,0,0,0,0,0,0,0,0,0,0,0,0,0,0,0,0,0,0,0,0,0,0,0,0,0,0,0,0,0,0,0,0,0,0,0,0,0,0,0,0,0,0,0,0,0,0,0,0,0,0,0,0,0,0,0,0,0,0,0,0,0,0,0,0,0,0,0,0,97,48,0,0,0,2,0,0,0,2,0,0,0,0,0,0,0,0,0,0,0,0,0,0,0,4,0,30,233,220,160,53,0,0,0,0,0,0,0,5,101,0,0,0,0,0,0,0,0,0,0,0,0,5,0,154,250,227,231,220,140,36,0,0,0,57,184,208,241,80,0,0,0,0,0,0,0,0,0,0,0,1,0,0,111,217,241,190,171,204,193,146,236,228,223,221,240,168,0,0,0,0,0,0,0,0,0,0,0,0,0,0,0,0,182,204,236,223,172,238,218,207,229,224,79,0,0,0,0,0,0,0,0,0,0,0,0,0,0,0,3,0,0,91,255,177,196,231,213,255,82,0,0,0,0,0,0,0,0,0,0,0,0,0,0,0,0,1,0,1,0,0,69,221,238,201,255,182,0,0,10,0,0,0,0,0,0,0,1,6,11,5,0,0,0,0,0,0,0,0,0,209,243,247,191,0,0,0,0,0,0,0,0,0,0,1,0,0,0,0,0,0,1,0,0,0,5,0,17,255,204,255,97,0,71,88,128,35,0,0,0,0,0,0,0,79,159,70,0,0,0,0,0,0,0,0,92,255,216,230,224,231,253,224,254,107,0,0,0,0,0,0,164,255,232,255,206,60,0,0,0,0,64,154,202,221,222,221,231,221,217,215,218,0,2,4,7,0,73,255,226,200,209,206,234,254,180,0,55,177,214,211,229,245,255,245,250,216,215,232,216,0,0,0,0,0,216,240,216,222,212,216,208,204,239,209,192,203,225,248,248,121,0,37,255,218,207,255,125,0,40,35,9,52,255,216,233,212,161,206,216,210,223,202,211,241,231,120,0,0,0,0,255,226,212,255,40,0,222,239,207,235,239,225,237,226,196,198,216,229,230,221,246,230,11,0,0,3,0,0,254,232,220,253,0,0,45,250,246,229,226,221,210,225,225,223,226,218,223,255,200,0,0,5,0,0,0,0,242,222,222,214,0,0,0,117,236,235,250,251,246,239,235,236,229,232,252,159,0,0,0,0,0,1,0,0,238,254,249,188,0,0,0,0,0,20,84,145,197,229,251,252,250,255,120,0,0,0,0,0,0,0,7,0,106,180,151,66,0,0,0,1,0,0,0,0,0,0,0,0,0,0,0,0,0,0,0,0,0,2,0,0,0,0,0,0,5,0,0,0,0,0,0,0,0,0,0,0,0,0,0,0,0,0,0,0,0,0,0,0,0,0,0,0,0,0,0,0,0,0,0,0,0,0,0,0,0,0,0,0,0,0,0,0,0,0,0,0,0,0,0,0,0,0,0,0,0,0,0,0,0,0,0,0,0,0,0,0,0,0,0,0,0,0,0,0,0,0,0,0,0,0,0,0,0,0,0,0,0,0,0,0,0,0,0,0,0,0,0,0,0,0,0,0,0,0,0,0,0,0,6
0,0,0,0,0,0,0,0,0,0,0,0,0,0,0,0,0,0,0,0,0,0,0,0,0,0,0,0,0,0,0,0,0,0,0,0,0,0,0,0,0,0,0,0,0,0,0,0,0,0,0,0,0,0,0,0,0,0,0,0,0,0,0,0,0,0,0,0,0,1,1,0,2,0,0,113,0,0,0,0,0,1,5,2,0,0,0,0,0,0,0,0,0,0,0,0,0,0,1,0,0,0,40,216,177,0,0,0,0,0,0,0,0,0,0,0,0,0,0,0,0,0,0,0,0,0,0,0,0,74,192,198,227,223,209,186,152,128,127,18,0,0,0,0,0,0,0,0,0,0,0,0,0,0,4,0,63,217,189,214,228,240,248,238,222,216,207,36,0,0,0,0,0,0,0,0,0,0,0,0,0,0,9,0,102,190,199,211,230,233,228,215,195,192,177,0,0,0,0,0,0,0,0,0,0,0,0,0,0,0,6,0,49,188,208,216,233,236,234,210,189,203,190,0,0,0,0,0,0,0,0,0,0,0,0,0,0,0,0,0,173,209,209,221,234,237,232,205,187,207,157,0,0,0,0,0,0,0,0,0,0,0,0,0,0,11,0,37,183,196,213,225,236,237,218,193,183,208,105,0,0,0,0,0,0,0,0,0,0,0,0,0,0,6,0,140,216,200,206,224,235,237,206,186,185,209,68,0,0,0,0,0,0,0,0,0,0,1,0,0,4,0,29,212,156,212,201,222,237,231,199,190,192,208,47,0,0,0,0,0,0,0,0,0,0,0,0,0,0,0,120,204,194,201,206,225,243,229,193,191,190,207,39,0,0,0,0,0,0,0,0,0,0,0,0,8,0,35,251,148,207,189,222,238,237,211,190,190,187,214,56,0,0,0,0,0,0,0,0,0,0,0,4,0,0,191,156,194,198,227,225,217,206,202,196,199,194,216,69,0,0,0,0,0,0,0,0,0,0,4,0,0,136,190,164,225,221,206,201,197,194,199,205,207,198,205,53,0,0,0,0,0,0,0,0,0,2,0,0,127,191,146,221,223,215,219,222,217,218,219,215,217,197,206,82,0,1,1,3,3,4,5,4,6,0,12,65,136,166,209,164,156,191,210,215,213,220,228,232,234,200,208,132,0,0,0,0,0,0,0,0,0,0,103,185,4,118,134,175,220,187,172,174,177,187,184,187,209,207,204,169,0,0,0,23,45,35,17,18,44,143,87,60,162,145,138,139,138,137,98,88,120,153,186,201,218,210,201,189,0,0,108,187,97,107,129,157,100,149,176,104,112,103,114,122,152,190,218,219,250,253,231,226,225,186,196,149,0,0,152,195,160,106,75,79,73,125,145,122,154,197,241,254,247,230,228,209,201,181,186,183,190,197,207,221,24,76,188,183,200,212,216,206,204,200,206,228,241,238,212,195,163,163,157,182,205,215,219,217,213,214,200,249,58,87,194,204,202,192,191,202,212,213,216,215,208,202,198,208,213,222,255,255,239,212,202,204,203,182,181,193,28,0,0,83,164,214,229,231,229,235,223,224,232,235,249,254,231,191,147,27,192,242,230,250,245,226,214,255,82,0,0,0,0,0,15,50,79,108,127,133,129,118,77,27,0,0,0,0,71,201,151,148,136,119,100,94,6,0,0,0,0,0,0,0,0,0,0,0,0,0,0,0,0,0,0,0,0,0,0,0,0,0,0,0,0,0,0,0,0,0,0,0,0,0,0,0,0,0,0,0,0,0,0,0,0,0,0,0,0,0,0,0,0,6
0,0,0,0,0,0,0,0,0,0,0,0,0,0,0,0,0,0,0,0,0,0,0,0,0,0,0,0,0,0,0,0,0,0,0,0,0,0,0,0,0,0,0,0,0,0,0,0,0,0,0,0,0,0,0,0,0,0,0,0,0,0,0,0,0,0,0,0,0,0,0,0,0,0,0,0,0,0,0,0,0,0,0,0,0,0,0,0,0,0,0,0,0,0,0,0,0,0,0,0,0,0,0,0,0,0,0,0,0,0,0,0,0,0,0,0,0,0,0,0,0,0,0,0,0,0,0,0,0,0,0,0,0,0,0,0,0,0,0,0,0,0,0,0,0,0,0,0,0,0,0,0,0,1,0,0,0,16,50,0,0,0,0,1,0,0,0,0,0,0,0,0,0,0,0,0,0,0,0,0,0,0,0,0,0,164,208,145,101,0,0,0,0,2,0,0,0,0,0,0,0,0,0,0,0,0,0,0,0,1,5,0,29,184,185,207,233,194,103,6,0,0,0,0,0,0,0,0,0,0,0,0,0,0,0,0,0,1,0,0,129,200,188,197,230,245,255,241,200,65,0,0,0,0,0,0,0,0,0,0,0,0,0,0,0,1,0,0,188,187,200,195,227,222,217,226,233,220,104,0,0,0,0,0,0,0,0,0,0,0,0,0,0,2,0,20,234,183,194,189,180,186,204,209,201,236,219,0,0,0,0,0,0,0,0,0,0,0,0,0,0,0,0,162,204,181,187,192,197,176,190,197,186,224,67,0,0,0,1,1,0,0,0,0,1,0,0,1,0,0,51,185,152,166,180,197,211,218,214,193,202,182,0,0,0,0,0,0,0,0,0,0,1,0,4,0,0,69,186,138,153,177,203,214,215,216,211,204,207,206,0,0,0,0,0,1,1,1,0,3,4,3,0,0,120,178,141,193,188,214,220,218,213,210,212,216,199,221,10,0,0,2,4,5,5,5,0,0,0,0,12,166,146,156,192,199,199,204,212,207,207,208,209,205,190,208,60,0,4,0,0,0,0,0,0,0,29,99,163,143,121,183,188,200,204,210,215,216,221,213,184,171,177,205,126,0,0,8,68,100,85,81,118,155,162,174,161,149,187,196,203,201,206,215,204,198,190,172,172,184,194,204,167,0,0,172,147,130,157,160,145,135,145,156,174,190,194,194,187,192,194,194,192,183,177,182,182,187,194,201,192,0,65,181,158,143,140,142,136,152,170,156,153,171,177,173,173,189,198,197,204,205,201,207,207,203,198,200,161,0,140,187,186,175,168,160,149,160,155,156,170,176,181,183,188,197,202,202,198,198,201,209,210,211,204,206,197,0,27,121,161,187,189,188,189,188,180,183,183,182,189,199,203,205,204,232,212,181,175,170,169,170,175,172,190,17,0,0,4,67,122,154,187,193,198,205,206,203,194,198,139,114,101,58,85,188,173,178,169,183,178,166,206,33,0,0,0,0,0,0,1,9,24,27,28,32,22,3,0,0,0,0,0,124,69,109,86,100,82,94,53,0,0,0,0,0,0,0,0,0,0,0,0,0,0,0,0,0,0,0,0,0,0,0,0,0,0,0,0,0,0,0,0,0,0,0,0,0,0,0,0,0,0,0,0,0,0,0,0,0,0,0,0,0,0,0,0,0,0,0,0,0,0,0,0,0,0,0,0,0,0,0,0,0,0,0,0,0,0,0,0,0,0,0,0,0,0,0,0,0,0,0,0,0,0,0,0,0,0,0,0,0,0,0,0,0,0,0,0,0,0,0,0,0,6
0,0,0,0,0,0,0,0,0,0,0,0,0,0,0,0,0,0,0,0,0,0,0,0,0,0,0,0,0,0,0,0,0,0,0,0,0,0,0,0,0,0,0,0,0,0,0,0,0,0,0,0,0,0,0,0,0,0,0,0,0,0,0,0,0,0,0,0,0,0,0,0,0,0,0,0,0,0,0,0,0,0,0,0,0,0,0,0,0,0,0,0,0,0,0,0,0,0,0,0,0,0,0,0,0,0,0,0,0,0,0,0,0,0,0,0,0,0,0,0,0,0,0,0,3,0,16,132,102,135,56,0,0,0,0,0,0,0,0,0,0,0,0,0,0,0,0,0,0,0,0,0,2,0,119,212,207,231,255,255,247,243,230,210,220,86,0,5,0,0,0,0,0,0,0,0,0,0,0,0,0,0,175,186,190,217,228,231,238,239,241,228,249,124,0,1,0,0,0,0,0,0,0,0,0,0,0,3,0,12,245,190,196,223,227,213,223,226,223,223,243,145,0,0,0,0,0,0,0,0,0,0,0,0,0,3,0,0,185,180,203,221,238,237,240,237,238,222,233,176,0,0,0,0,0,0,0,0,0,0,0,0,0,0,0,129,247,187,210,205,208,208,208,200,198,184,204,131,0,0,0,0,0,0,0,0,0,0,0,0,1,0,1,240,174,196,215,220,208,201,202,204,205,181,219,142,0,0,0,0,0,0,0,0,0,0,0,0,5,0,1,221,183,207,224,217,217,211,209,207,206,187,206,141,0,0,0,0,0,0,0,0,0,0,0,2,0,0,117,205,155,193,217,222,216,210,209,208,202,185,202,190,0,0,0,0,0,0,0,0,0,0,0,8,0,0,240,181,186,207,215,217,214,208,207,204,200,197,204,247,6,0,0,0,0,0,0,0,0,0,1,0,0,164,183,183,212,229,222,217,212,210,207,204,208,207,199,216,68,0,0,0,0,0,0,0,0,0,0,0,92,223,180,205,208,209,212,212,209,212,212,208,206,209,202,214,147,0,1,0,0,0,0,0,0,6,0,7,195,169,210,211,208,210,213,214,213,212,213,214,199,198,204,206,210,0,0,2,0,0,0,3,1,0,0,104,200,196,204,202,207,212,220,215,209,214,214,212,201,205,208,204,233,21,0,0,0,0,0,0,1,36,69,167,185,193,191,191,201,206,205,199,197,206,213,219,218,215,201,202,221,12,0,36,74,91,104,105,99,93,93,160,180,193,208,217,219,219,211,201,191,189,191,195,198,196,197,210,220,30,0,156,148,83,59,32,39,89,129,150,148,164,208,219,209,196,183,180,202,205,204,202,203,203,204,197,228,60,38,191,189,195,183,176,175,199,195,197,218,225,220,201,181,190,205,247,232,196,199,196,198,205,205,193,218,46,69,194,204,199,200,204,206,210,213,218,211,204,200,204,213,255,219,128,40,209,199,203,198,203,204,191,203,46,0,45,153,203,201,210,230,218,215,218,219,232,248,236,155,55,0,0,0,220,211,220,227,232,238,211,255,91,0,0,0,0,36,74,123,152,158,170,156,146,91,0,0,0,0,0,0,29,206,86,115,133,104,90,80,10,0,0,0,0,0,0,0,0,0,0,0,0,0,0,0,0,0,0,0,0,0,0,0,0,0,0,0,0,0,0,0,0,0,0,0,0,0,0,0,0,0,0,0,0,0,0,0,0,0,0,0,0,0,0,0,0,0,0,0,0,0,0,0,0,0,0,0,0,0,0,0,0,0,0,0,0,0,0,0,0,0,0,0,0,6
0,0,0,0,0,0,0,0,0,0,0,0,0,0,0,0,0,0,0,0,0,0,0,0,0,0,0,0,0,0,0,0,0,0,0,0,0,0,0,0,0,0,0,0,0,0,0,0,0,0,0,0,0,0,0,0,0,0,0,0,0,0,0,0,0,0,0,0,0,0,0,0,0,0,0,0,0,0,0,0,0,0,0,0,0,0,0,0,0,0,0,0,0,0,0,0,0,0,0,0,0,0,0,0,0,0,0,0,0,0,0,0,0,0,0,0,0,0,0,0,0,0,0,0,0,0,0,0,0,0,0,0,0,0,0,0,0,0,0,0,0,0,0,0,0,0,0,0,0,0,0,0,0,0,0,0,1,0,0,0,0,1,0,13,66,0,0,1,0,0,0,0,0,0,0,0,0,0,0,0,0,0,0,0,0,3,4,2,4,4,0,14,107,23,0,2,0,0,0,0,0,0,0,0,0,0,0,0,0,0,0,0,0,0,0,0,0,0,0,0,43,43,0,5,0,0,0,0,0,0,0,0,0,2,0,1,2,0,0,179,190,159,0,0,15,14,141,202,222,111,0,2,0,0,0,0,0,0,0,0,0,2,0,0,4,0,16,214,224,229,219,222,247,240,227,235,249,156,0,0,0,0,0,0,0,0,0,0,0,0,2,2,2,0,113,215,204,210,201,208,209,204,218,222,235,199,0,0,0,0,0,0,0,0,0,0,0,0,2,2,0,0,202,210,216,215,199,199,204,199,215,227,229,225,17,0,0,0,0,0,0,0,0,0,0,0,0,2,0,68,248,202,219,209,201,213,199,201,221,235,224,245,130,0,0,0,0,0,0,0,0,0,0,6,0,0,9,214,209,211,212,204,199,206,197,199,212,232,227,226,236,0,0,0,0,0,0,0,0,1,5,0,0,53,226,214,202,218,209,198,202,203,206,201,200,232,219,207,253,25,0,0,1,4,4,6,2,0,0,0,117,252,203,197,212,211,194,188,198,199,204,184,197,227,204,208,255,66,1,4,0,0,0,0,0,0,99,206,225,203,205,209,213,208,199,196,197,195,199,190,205,199,220,208,244,153,0,0,0,14,25,38,123,232,213,201,203,206,210,217,210,212,215,211,212,202,211,228,211,210,234,214,219,212,0,94,208,189,223,239,218,206,201,206,206,212,215,212,209,208,214,215,216,202,227,231,209,228,219,214,252,157,90,226,211,205,210,201,200,205,211,218,205,213,213,205,206,204,212,218,226,231,247,238,235,235,236,221,241,84,165,226,216,217,215,211,208,215,215,207,208,213,217,219,220,220,220,244,215,182,167,167,169,155,161,139,128,86,76,181,207,241,241,246,242,238,232,230,235,240,219,187,152,107,60,6,0,104,206,180,192,194,197,191,211,148,0,0,0,20,44,72,93,113,124,106,81,52,12,0,0,0,0,0,0,50,148,109,112,107,114,122,111,34,0,0,0,0,0,0,0,0,0,0,0,0,0,0,0,0,0,0,0,0,0,0,0,0,0,0,0,0,0,0,0,0,0,0,0,0,0,0,0,0,0,0,0,0,0,0,0,0,0,0,0,0,0,0,0,0,0,0,0,0,0,0,0,0,0,0,0,0,0,0,0,0,0,0,0,0,0,0,0,0,0,0,0,0,0,0,0,0,0,0,0,0,0,0,0,0,0,0,0,0,0,0,0,0,0,0,0,0,0,0,0,0,0,0,0,0,0,0,0,0,0,0,0,0,0,0,0,0,0,0,0,0,0,0,0,0,0,0,0,0,6
0,0,0,0,0,0,0,0,0,0,0,0,0,0,0,0,0,0,0,0,0,0,0,0,0,0,0,0,0,0,0,0,0,0,0,0,0,0,0,0,0,0,0,0,0,0,0,0,0,0,0,0,0,0,0,0,0,0,0,0,0,0,0,0,0,0,0,0,0,0,0,0,47,105,0,0,0,0,0,0,6,4,0,0,0,0,0,0,0,0,0,0,0,0,0,0,0,3,0,28,186,207,186,180,59,24,0,0,0,0,0,0,0,0,0,0,0,0,0,0,0,0,0,0,0,0,0,83,206,184,201,211,229,255,108,7,142,99,0,3,0,0,0,0,0,0,0,0,0,0,0,0,2,0,12,198,177,218,208,198,186,184,209,215,244,148,0,0,0,0,0,0,0,0,0,0,0,0,0,1,0,0,137,206,193,176,204,229,166,182,232,225,225,122,0,0,0,0,0,0,0,0,0,0,0,0,0,4,0,0,187,179,204,201,192,170,220,244,235,219,228,179,0,0,0,0,0,0,0,0,0,0,0,0,0,4,0,108,229,179,199,197,219,247,253,233,204,222,222,199,0,0,0,0,0,0,0,0,0,0,0,0,0,1,0,0,78,234,228,239,238,225,234,220,200,224,228,230,20,0,0,0,0,0,0,0,0,0,0,0,0,0,0,0,0,255,237,236,227,207,202,211,213,226,237,232,0,0,0,0,0,0,0,0,0,0,1,2,0,0,0,44,193,225,208,227,219,209,230,220,211,202,228,241,0,0,0,0,0,0,0,0,0,0,0,0,5,0,29,255,227,221,232,222,228,218,221,230,235,210,234,201,36,90,0,0,0,0,0,0,0,0,1,0,3,0,155,222,219,234,241,245,251,240,226,222,237,245,228,147,255,129,0,0,0,0,0,0,0,0,0,1,0,0,212,210,198,220,236,216,156,157,200,219,193,91,24,47,220,54,0,0,0,0,0,0,0,0,3,0,0,182,223,203,200,199,197,125,159,198,235,227,172,67,205,255,30,0,2,1,3,4,3,2,1,0,3,0,109,227,194,204,226,243,209,155,203,214,255,188,220,255,235,227,116,0,0,0,0,0,0,0,0,1,0,0,153,188,212,226,221,225,219,214,226,197,128,203,255,229,211,213,144,0,1,0,24,45,11,0,0,0,0,0,245,234,215,211,193,187,186,162,151,228,206,236,229,222,217,220,202,0,0,28,154,123,151,165,153,140,141,137,227,245,217,216,202,218,220,222,214,206,177,193,209,204,200,207,212,0,0,124,203,156,141,124,158,206,235,164,87,152,152,154,169,207,240,222,201,196,216,201,193,192,194,212,140,0,67,182,171,206,207,190,169,148,137,153,212,215,216,227,229,206,204,203,208,218,221,220,228,224,205,208,162,0,22,171,194,170,181,199,213,209,213,223,219,218,212,207,204,211,226,255,223,211,208,208,205,197,185,189,148,0,0,0,133,179,196,192,187,200,205,203,205,201,203,199,215,234,143,12,0,207,213,208,206,207,200,216,138,0,0,0,0,0,78,166,220,230,228,225,229,227,232,238,119,0,0,0,0,251,191,221,203,208,193,126,0,0,0,2,0,0,0,0,0,33,74,106,120,102,71,15,0,0,0,0,0,40,20,0,0,0,0,0,0,0,0,0,0,0,0,0,0,0,0,0,0,0,0,0,0,0,0,0,0,0,0,0,0,0,0,0,0,0,0,0,0,0,0,0,0,0,0,0,0,0,0,0,0,0,0,0,0,0,0,0,0,0,0,0,0,0,6
0,0,0,0,0,0,0,0,0,0,0,0,0,0,0,0,0,0,0,0,0,0,0,0,0,0,0,0,0,0,0,0,0,0,0,0,0,0,0,0,0,0,0,0,0,0,0,0,0,0,0,0,0,0,0,0,0,0,0,0,0,0,0,0,0,0,0,0,0,0,0,0,0,0,0,0,0,0,0,0,0,0,0,0,0,0,0,0,0,0,0,0,0,0,0,0,0,0,0,0,0,0,0,0,0,0,0,0,0,0,0,0,0,0,0,0,0,0,0,0,0,0,0,0,0,0,0,0,0,0,0,0,0,0,0,0,0,0,0,0,0,0,0,0,0,0,0,0,0,0,0,0,0,0,0,0,0,0,0,0,0,0,0,0,0,0,0,1,0,0,0,0,0,0,0,0,0,0,0,0,0,1,0,32,85,78,111,117,119,118,111,81,62,59,6,0,0,0,0,0,0,0,0,0,0,0,0,0,0,0,0,234,255,251,251,253,254,254,254,253,255,255,82,0,0,0,0,0,0,0,0,0,0,0,0,0,1,0,18,230,226,226,227,229,231,232,234,232,229,248,44,0,0,0,0,0,0,0,0,0,0,0,0,0,0,0,116,243,224,229,238,238,240,242,243,247,231,252,66,0,0,0,0,0,0,0,0,0,0,0,0,0,0,0,241,234,229,238,234,237,238,241,240,242,233,253,139,0,0,0,0,0,0,0,0,0,0,1,0,1,0,108,244,232,234,236,237,236,239,241,240,240,237,244,197,0,0,0,0,0,0,0,0,0,0,4,7,0,23,255,234,240,237,239,242,236,242,236,238,240,236,245,220,0,0,0,0,0,0,0,7,5,0,0,0,0,246,242,222,235,230,233,233,238,240,239,244,222,231,249,166,0,0,0,0,0,3,0,0,0,0,0,0,216,255,215,230,235,229,232,231,240,235,235,238,243,232,253,182,0,1,4,0,0,0,0,70,143,167,179,255,253,225,236,232,239,231,234,228,235,232,240,239,252,237,243,250,0,0,0,0,0,0,104,239,253,244,235,230,214,239,217,228,230,227,231,235,239,241,247,243,235,241,233,255,27,0,19,106,168,220,253,214,213,221,224,232,252,245,246,246,242,245,247,252,249,244,240,240,239,239,233,255,85,156,230,231,232,226,215,221,225,219,223,218,230,240,247,249,245,243,242,241,237,234,238,239,236,240,231,244,118,183,241,237,233,222,222,224,224,224,223,227,231,233,227,224,225,224,224,226,231,238,236,234,232,238,233,252,88,0,35,143,216,232,250,249,248,241,233,233,233,236,240,245,250,252,252,253,250,238,233,230,231,226,230,252,0,0,0,0,0,7,60,131,185,227,255,255,255,255,255,223,184,157,140,133,153,255,255,254,255,243,255,155,0,0,1,1,0,0,0,0,0,0,0,0,0,0,0,0,0,0,0,0,0,81,73,58,51,35,23,0,0,0,0,0,0,0,0,0,0,0,0,0,0,0,0,0,0,0,0,0,0,0,0,0,0,0,0,0,0,0,0,0,0,0,0,0,0,0,0,0,0,0,0,0,0,0,0,0,0,0,0,0,0,0,0,0,0,0,0,0,0,0,0,0,0,0,0,0,0,0,0,0,0,0,0,0,0,0,0,0,0,0,0,0,0,0,0,0,0,0,0,0,0,0,0,0,0,0,0,0,0,0,0,0,0,0,0,0,0,0,0,0,0,0,0,0,0,0,0,0,0,0,0,0,0,0,0,0,0,0,0,0,0,0,0,0,0,0,0,0,0,6
0,0,0,0,0,0,0,0,0,0,1,0,0,35,68,133,155,158,140,114,86,43,0,0,1,0,0,0,0,0,0,0,0,0,0,0,0,0,4,0,77,186,206,213,221,235,249,253,206,206,194,0,0,1,0,0,0,0,0,0,0,0,0,0,0,0,7,0,76,183,184,205,211,219,209,190,190,215,139,0,4,0,0,0,0,0,0,0,0,0,0,0,0,0,5,0,46,167,167,199,196,225,206,174,177,209,85,0,5,0,0,0,0,0,0,0,0,0,0,0,0,0,4,0,36,171,174,172,189,177,181,189,146,206,71,0,5,0,0,0,0,0,0,0,0,0,0,0,0,0,4,0,27,183,183,186,230,205,212,181,191,189,38,0,5,0,0,0,0,0,0,0,0,0,0,0,0,0,2,0,23,164,187,222,219,221,224,155,170,241,57,0,1,0,0,0,0,0,0,0,0,0,0,0,0,0,4,0,32,177,187,211,200,209,216,219,177,208,106,0,0,0,0,0,0,0,0,0,0,0,0,0,0,0,4,0,38,180,194,215,211,224,225,206,218,194,175,0,0,2,0,0,0,0,0,0,0,0,0,0,0,0,5,0,43,177,191,213,211,221,218,213,228,212,196,115,0,0,0,0,0,0,0,0,0,0,0,0,0,0,5,0,54,189,191,206,208,219,213,213,212,200,199,230,39,0,0,0,0,0,0,0,0,0,0,0,0,0,5,0,58,184,194,216,211,215,213,215,218,206,200,202,211,0,0,0,0,0,0,0,0,0,0,0,0,0,5,0,64,190,193,218,213,211,228,221,215,219,221,211,218,128,0,0,0,0,0,0,0,0,0,0,0,1,4,0,82,191,199,219,221,215,225,209,208,222,219,215,209,208,13,0,0,0,0,0,0,0,0,0,0,2,0,0,111,186,206,219,213,228,215,200,218,219,216,216,206,231,60,0,0,0,0,0,0,0,0,0,0,1,0,0,130,190,203,205,225,212,209,227,224,206,213,221,206,184,55,0,0,0,0,0,0,0,0,0,0,4,0,45,155,183,215,240,225,211,219,216,227,225,233,209,165,137,73,0,0,0,0,0,0,0,0,0,0,1,0,134,183,199,228,212,196,216,199,209,205,208,177,142,139,178,54,0,0,0,0,0,0,0,0,0,2,0,11,189,186,206,200,164,202,196,212,231,191,190,171,152,167,189,36,0,0,0,0,0,0,0,0,2,0,0,99,181,172,175,168,191,215,213,216,231,171,77,213,170,177,184,42,0,0,0,0,2,4,4,1,0,0,73,186,191,193,189,189,218,215,211,231,104,0,0,199,172,174,175,33,0,0,2,2,0,0,0,0,0,83,180,184,197,183,191,219,221,224,200,77,0,0,36,209,168,171,187,30,0,0,0,0,8,20,33,55,137,196,190,189,184,186,218,219,218,215,85,0,0,0,39,211,162,167,191,24,0,0,24,146,155,165,184,193,181,164,167,177,216,197,218,219,218,117,0,0,2,0,36,184,167,171,183,16,0,0,118,175,178,181,175,184,187,193,186,222,206,212,224,227,148,0,0,0,2,0,51,183,171,172,180,13,0,0,137,191,211,199,197,200,197,194,189,205,203,224,237,170,0,0,0,0,4,0,67,175,164,164,170,4,0,0,7,68,137,189,224,208,246,237,213,209,215,255,145,0,0,0,0,0,5,0,67,186,171,186,211,0,0,0,0,0,0,0,0,24,64,104,131,130,96,29,0,0,0,0,0,0,4,0,36,159,140,140,123,0,0,6
0,0,0,0,0,0,0,0,0,0,0,0,0,0,0,0,0,0,0,0,0,0,0,0,0,0,0,0,0,0,0,0,0,0,0,0,0,0,0,0,0,0,0,0,72,136,21,0,0,0,0,0,0,0,0,0,0,0,0,0,0,0,0,0,0,0,0,0,0,4,0,41,171,181,183,211,203,185,174,147,109,62,35,0,0,0,0,0,0,0,0,0,0,0,0,0,0,5,0,77,151,157,178,195,194,200,204,206,204,200,177,14,0,0,0,0,0,0,0,0,0,0,0,0,1,0,0,134,163,161,179,219,199,193,195,194,184,185,152,0,0,0,0,0,0,0,0,0,0,0,0,0,2,0,6,173,162,119,137,161,180,212,214,203,193,200,162,0,0,0,0,0,0,0,0,0,0,0,0,0,3,0,17,196,150,131,199,188,180,179,189,196,189,195,153,0,0,0,0,0,0,0,0,0,0,0,0,0,3,0,39,180,150,136,175,174,194,175,154,190,190,181,154,0,0,0,0,0,0,0,0,0,0,0,0,0,4,0,100,166,154,202,199,201,221,202,218,210,184,189,93,0,0,0,0,0,0,0,0,0,0,0,0,0,0,0,83,162,156,167,184,193,138,172,197,160,178,183,29,0,0,0,0,0,0,0,0,0,0,0,0,1,0,0,130,170,162,187,180,179,183,184,178,154,177,212,29,0,0,0,0,0,0,0,0,0,0,3,0,2,0,0,150,159,162,178,199,200,200,218,232,206,185,187,13,0,0,0,0,0,0,0,0,0,0,1,0,2,0,0,179,167,148,174,170,178,181,182,190,207,191,195,68,0,0,0,0,0,0,0,0,0,0,0,0,0,0,74,175,191,210,200,196,179,171,165,161,156,170,180,99,0,0,0,0,0,0,0,0,0,0,0,2,0,23,159,161,128,190,210,200,211,209,210,192,195,185,197,87,0,0,0,0,0,0,0,0,0,0,1,0,0,121,176,156,117,154,181,202,207,204,203,208,204,181,192,116,0,0,0,0,0,1,0,0,0,1,7,0,42,160,171,122,162,194,177,179,210,207,180,177,170,167,175,175,0,0,0,0,0,0,0,1,3,0,0,25,160,168,158,166,167,166,170,184,157,180,188,170,160,160,171,199,11,0,1,3,5,5,3,0,0,0,46,161,148,177,188,197,217,184,205,167,151,175,185,170,162,165,175,207,37,0,0,0,0,0,0,0,2,68,144,158,149,179,185,185,190,222,216,211,237,217,170,166,176,180,177,200,40,0,0,30,81,105,80,85,138,130,139,149,154,173,182,184,177,166,161,178,193,183,168,164,162,168,176,201,23,0,82,152,152,151,154,147,140,130,153,160,161,180,171,179,176,173,174,178,190,214,201,197,196,201,191,224,57,0,147,162,150,142,158,162,160,158,160,176,174,175,173,173,183,202,241,237,204,194,181,184,192,199,189,216,63,34,178,178,172,161,152,158,168,163,165,167,163,164,178,188,213,250,181,104,202,197,203,208,206,200,194,197,53,90,194,190,188,186,184,187,189,180,174,182,189,191,206,215,208,75,0,0,222,208,207,207,209,206,204,208,76,0,64,155,204,220,223,224,214,209,209,206,217,224,216,127,0,0,0,27,255,189,189,220,219,180,175,196,60,0,0,0,0,45,71,110,148,165,165,167,143,94,11,0,0,2,0,0,11,0,0,0,0,0,0,0,0,0,0,0,0,0,0,0,0,0,0,0,0,0,0,0,0,0,0,0,0,0,0,0,0,0,0,0,0,6
0,0,0,0,0,0,0,0,0,0,0,0,0,0,0,0,0,0,0,0,0,0,0,0,0,0,0,0,0,0,0,0,0,0,0,0,0,0,0,2,0,1,120,150,160,145,140,118,94,85,85,85,105,1,0,1,0,0,0,0,0,0,0,0,0,0,0,3,0,9,175,171,199,218,229,234,245,253,224,223,199,11,0,2,0,0,0,0,0,0,0,0,0,0,0,2,0,0,190,192,198,209,225,229,228,229,225,226,172,0,0,0,0,0,0,0,0,0,0,0,0,0,0,0,0,0,88,201,218,237,245,251,255,242,231,246,188,0,0,0,0,0,0,0,0,0,0,0,0,0,0,0,0,0,87,220,215,234,220,224,235,231,225,229,181,0,0,0,0,0,0,0,0,0,0,0,0,0,0,0,0,0,127,207,209,228,228,237,236,237,230,223,174,0,0,0,0,0,0,0,0,0,0,0,0,0,0,1,0,0,147,205,209,204,223,229,229,225,231,230,147,0,1,0,0,0,0,0,0,0,0,0,0,0,0,2,0,0,147,191,190,216,236,232,232,232,232,226,144,0,0,0,0,0,0,0,0,0,0,0,0,0,0,3,0,24,163,155,186,214,235,235,229,236,230,221,201,0,0,0,0,0,0,0,0,0,0,0,0,0,0,0,0,82,180,193,192,192,226,230,236,237,243,225,245,4,0,0,0,0,0,0,0,0,0,0,0,0,0,0,0,77,193,210,219,215,242,235,237,230,221,219,236,152,0,0,0,0,0,0,0,0,0,0,0,0,3,0,0,123,191,202,202,213,214,215,223,230,228,235,240,231,39,0,0,0,0,0,0,0,0,0,0,0,2,0,71,192,185,182,192,212,229,240,237,226,242,240,230,245,172,0,0,0,0,0,0,0,0,0,0,1,0,0,150,182,205,232,228,226,232,228,219,232,237,230,240,229,236,0,0,0,0,0,0,0,0,0,0,3,0,13,180,201,223,232,240,231,223,225,236,237,236,237,237,226,205,33,0,0,0,0,0,0,0,0,0,2,0,52,167,216,220,219,214,208,223,239,235,230,225,226,234,221,188,57,0,0,0,0,0,0,0,0,0,0,0,107,188,212,210,207,201,213,225,221,218,236,247,234,228,210,208,44,0,0,0,0,0,0,0,0,0,0,4,104,185,190,199,197,210,218,220,218,214,216,149,137,193,205,174,0,0,0,0,0,0,0,0,2,0,1,33,80,223,172,201,212,220,218,224,199,165,164,139,158,177,160,134,0,0,0,0,0,0,2,4,0,0,24,90,101,143,182,188,228,220,198,198,175,190,147,125,197,125,163,144,0,1,0,0,3,0,0,0,0,51,94,107,164,96,155,192,209,207,186,183,192,101,0,40,164,163,177,117,0,0,0,0,0,0,0,26,91,121,142,161,213,166,167,161,187,186,181,178,24,0,0,90,187,175,181,112,0,0,34,133,127,131,154,188,160,164,175,163,203,205,218,194,166,193,172,0,0,2,0,85,172,175,182,106,0,0,85,136,147,158,155,163,163,164,185,196,207,221,225,204,194,132,0,0,1,4,0,99,190,170,180,91,0,40,128,138,115,133,104,112,185,192,191,216,219,194,187,210,114,0,0,0,0,0,0,94,166,171,181,82,0,8,93,148,144,158,144,120,149,193,175,174,172,145,224,114,0,0,0,0,0,0,0,121,164,161,183,68,0,0,0,0,0,28,53,83,84,115,129,142,144,153,52,0,0,0,0,0,0,0,0,114,144,143,156,33,0,6
0,0,0,0,0,0,0,0,0,0,0,0,0,0,0,0,0,0,0,0,0,0,0,0,0,0,0,0,0,0,0,0,0,0,0,0,0,0,0,0,0,0,0,0,0,0,0,0,0,0,0,0,0,0,0,0,0,0,0,0,0,0,0,0,0,0,0,0,0,0,0,0,0,0,0,0,0,0,0,0,0,0,0,0,0,0,0,0,0,0,0,0,0,0,0,0,0,0,0,0,0,0,0,0,0,0,0,0,0,0,0,0,0,0,0,0,0,0,0,0,0,0,0,0,0,0,0,0,0,0,0,0,0,0,0,0,0,0,0,0,0,0,0,0,0,0,0,0,0,0,0,0,0,0,0,0,0,0,0,2,1,2,0,0,0,126,0,0,0,0,0,0,0,0,0,0,0,0,0,0,0,0,0,0,87,69,0,0,0,0,0,94,148,168,0,0,0,0,0,0,0,0,0,0,0,0,0,0,0,1,0,9,174,174,165,81,37,29,130,226,225,124,0,0,0,0,0,0,0,0,0,0,0,0,0,0,0,6,0,62,167,139,169,220,228,230,203,195,214,146,0,0,0,0,0,0,0,0,0,0,0,0,0,1,0,7,0,118,182,103,173,209,208,211,179,204,212,161,0,0,0,0,0,0,0,0,0,0,0,0,0,0,1,0,0,147,158,144,200,225,218,217,172,207,200,192,0,0,0,0,0,0,0,0,0,0,0,0,0,0,3,0,20,157,147,167,214,217,214,214,185,207,201,215,0,0,0,0,0,0,0,0,0,1,0,0,0,2,0,0,134,163,154,169,218,212,218,213,196,205,203,197,18,0,1,1,1,0,0,0,0,0,0,2,3,0,0,75,191,173,166,180,223,202,216,205,195,220,206,210,52,0,1,0,0,0,0,0,0,0,2,6,0,0,60,190,172,181,179,190,218,203,213,206,206,213,198,216,127,0,0,0,3,4,4,5,4,0,0,0,0,101,175,162,172,184,172,196,217,224,238,224,163,157,187,207,191,0,3,0,0,0,0,0,0,0,0,62,137,114,100,142,163,174,167,221,214,201,192,126,80,111,145,192,212,33,0,0,13,55,53,39,70,117,141,128,76,62,96,118,141,165,158,173,173,170,150,134,117,123,168,200,217,58,0,87,149,121,132,149,124,101,72,69,102,127,122,133,151,175,173,189,198,204,206,205,213,214,206,190,215,89,40,185,162,131,101,57,26,43,91,102,133,141,130,160,187,184,167,177,170,172,181,180,182,183,187,191,212,29,85,208,205,212,200,184,161,136,118,132,138,157,175,186,184,186,196,239,231,198,194,197,192,198,199,197,199,23,0,30,108,147,179,197,211,208,202,229,224,220,220,222,238,221,170,88,54,255,222,239,253,254,220,218,255,59,0,0,0,0,0,23,52,84,111,135,135,125,115,86,34,0,0,0,0,144,104,99,80,70,57,58,48,0,0,0,0,0,0,0,0,0,0,0,0,0,0,0,0,0,0,0,0,0,0,0,0,0,0,0,0,0,0,0,0,0,0,0,0,0,0,0,0,0,0,0,0,0,0,0,0,0,0,0,0,0,0,0,0,0,0,0,0,0,0,0,0,0,0,0,0,0,0,0,0,0,0,0,0,0,0,0,0,0,0,0,0,0,0,0,0,0,0,0,0,0,0,0,0,0,0,0,0,0,0,0,0,0,0,0,0,0,0,0,0,0,0,0,0,0,0,0,0,0,0,0,0,0,0,0,0,0,0,0,0,0,0,0,0,0,0,0,0,0,6
0,0,0,0,0,0,0,0,0,0,0,0,0,0,0,0,0,0,0,0,0,0,0,0,0,0,0,0,0,0,0,0,0,0,0,0,0,0,0,0,0,0,0,0,0,0,0,0,0,0,0,0,0,0,0,0,0,0,0,0,0,0,0,0,0,0,0,0,0,0,0,0,0,0,0,0,0,0,0,0,0,0,0,0,0,0,0,0,0,0,0,0,0,1,1,0,1,1,0,1,0,0,0,0,3,36,36,100,131,22,0,0,0,0,0,0,0,0,0,0,0,1,1,0,0,5,2,0,0,1,41,75,101,123,148,245,153,173,94,0,0,0,0,0,0,0,0,0,0,0,1,2,1,0,0,26,46,96,110,132,140,131,134,44,48,140,151,40,0,0,0,0,0,0,0,0,0,0,1,1,0,33,120,145,119,122,117,73,14,0,0,28,141,187,145,67,0,0,0,0,1,0,0,0,0,1,0,0,29,108,151,123,94,42,0,0,0,41,166,135,120,201,122,0,0,0,0,0,0,0,2,0,2,1,0,79,117,101,151,148,15,0,14,64,126,134,179,123,110,106,10,0,0,0,0,0,1,0,0,0,1,0,45,138,94,91,100,107,107,113,116,126,135,120,147,185,107,59,40,11,0,0,0,0,1,0,3,0,0,70,138,103,106,94,110,97,79,85,96,132,139,129,75,172,142,59,52,107,0,0,0,0,1,0,0,0,88,159,146,144,156,164,81,115,185,163,126,85,26,0,0,134,134,82,170,102,0,1,0,0,3,0,0,69,101,72,91,100,86,91,70,8,255,169,60,5,0,98,102,141,110,141,182,60,0,0,4,0,0,14,101,122,110,121,88,79,86,95,108,92,101,70,1,0,96,112,95,207,113,133,169,54,1,1,0,0,106,150,232,237,152,119,162,153,112,83,94,98,107,100,58,60,41,50,173,157,138,134,179,44,0,0,4,188,212,0,243,239,190,108,77,110,145,144,89,92,97,114,110,64,94,171,132,133,138,147,183,34,0,0,81,198,141,0,232,249,218,201,119,96,88,108,139,92,100,119,131,137,166,132,133,138,141,148,179,25,0,15,104,127,179,224,177,200,191,184,178,114,114,96,104,140,115,132,121,133,134,132,139,129,145,148,173,9,63,116,100,85,85,164,200,208,188,145,102,123,121,128,107,195,147,129,135,134,132,132,120,146,138,148,227,5,121,194,115,119,90,69,75,86,95,101,97,141,134,145,133,201,172,129,140,131,125,140,154,200,183,175,125,0,46,207,175,170,176,170,157,134,137,134,150,190,148,146,144,134,125,131,139,135,151,177,148,158,125,5,0,0,26,183,154,147,142,141,144,141,135,140,122,122,128,128,125,129,133,138,133,165,81,0,0,0,0,0,0,0,11,185,159,145,137,142,140,134,129,133,135,137,134,127,135,133,138,120,150,129,0,0,1,2,1,3,0,0,7,218,212,188,164,135,120,122,126,131,137,133,126,125,121,122,126,165,206,36,0,3,1,0,0,0,0,0,0,0,44,127,204,225,231,196,169,147,139,129,128,146,166,194,215,156,14,0,1,1,0,0,0,0,0,0,0,0,0,0,0,0,41,88,127,163,168,159,164,160,115,76,0,0,0,1,0,0,0,0,0,1,1,0,0,0,0,0,0,0,0,0,0,0,0,0,0,0,0,0,0,0,0,0,0,0,0,0,0,0,0,0,0,0,0,0,0,0,0,0,0,0,0,0,0,0,0,0,0,0,0,0,0,0,0,0,0,0,0,0,6
0,0,0,0,0,0,0,0,0,0,0,0,0,0,0,0,0,0,0,0,0,0,0,0,0,0,0,0,0,0,0,0,0,0,0,0,0,0,0,0,0,0,0,0,0,0,0,0,0,0,0,0,0,0,0,0,0,0,0,0,0,0,0,0,0,0,0,0,0,0,0,0,0,0,0,0,0,0,0,0,0,0,0,0,0,0,0,0,0,0,0,0,0,0,0,0,0,0,0,0,0,0,0,0,0,0,0,0,0,0,0,0,0,0,0,0,0,0,0,0,0,0,0,0,0,0,0,0,0,0,0,0,0,0,0,0,0,0,0,0,0,0,0,0,0,0,0,0,0,0,0,0,0,0,0,0,0,0,0,0,0,0,0,0,0,0,0,0,0,0,0,0,0,0,0,0,0,0,0,0,4,0,89,181,197,148,0,0,0,0,0,0,0,0,0,0,0,0,0,0,0,0,0,0,0,0,0,0,7,0,166,255,211,199,200,165,152,125,114,119,130,22,0,0,0,0,0,0,0,0,0,0,0,0,0,0,7,0,110,252,196,204,230,236,218,224,225,226,229,193,48,0,0,0,0,0,0,0,0,0,0,0,0,0,2,0,116,240,196,191,184,181,176,178,193,193,203,205,0,0,0,0,0,0,0,0,0,0,0,0,0,0,2,0,120,240,219,255,254,254,252,251,249,232,241,154,0,0,0,0,0,0,0,0,0,0,0,0,0,0,0,0,23,240,242,235,239,243,242,243,241,236,255,165,0,0,0,0,0,0,0,0,0,0,2,2,0,1,0,0,92,255,231,242,245,238,238,239,239,231,241,238,0,0,0,0,0,0,0,0,2,0,2,6,0,0,0,18,250,238,225,235,234,231,233,237,241,241,230,239,29,0,0,0,0,2,4,6,3,2,0,0,0,33,165,255,235,229,244,234,237,237,238,242,239,237,228,255,98,0,0,2,2,0,0,0,0,0,0,0,130,255,243,227,225,237,229,243,241,242,242,238,236,238,234,253,145,0,3,0,0,0,14,45,83,147,226,255,236,225,230,235,236,232,235,234,240,239,239,236,241,241,236,248,208,0,0,0,159,206,221,235,242,248,234,228,223,234,232,229,232,236,236,236,237,235,235,238,239,234,234,243,236,0,0,181,255,234,227,225,225,228,229,230,227,228,225,231,237,244,248,249,246,241,241,245,243,242,239,245,243,0,17,194,207,213,225,231,234,236,235,238,235,234,239,247,248,247,243,243,243,247,251,249,243,242,235,235,203,0,124,202,209,204,203,208,209,215,228,228,234,236,238,225,228,232,232,233,255,239,213,209,205,203,198,197,220,35,0,35,122,182,224,240,245,242,242,236,238,239,234,247,249,231,205,183,137,187,217,198,208,204,205,194,249,67,0,0,0,0,0,34,67,113,141,162,168,167,166,82,30,0,0,0,0,43,252,198,200,195,191,189,191,37,0,0,0,0,0,0,0,0,0,0,0,0,0,0,0,0,0,0,0,0,0,0,0,0,0,0,0,0,0,0,0,0,0,0,0,0,0,0,0,0,0,0,0,0,0,0,0,0,0,0,0,0,0,0,0,0,0,0,0,0,0,0,0,0,0,0,0,0,0,0,0,0,0,0,0,0,0,0,0,0,0,0,0,0,0,0,0,0,0,0,0,0,0,0,0,0,0,0,0,0,0,0,0,0,0,0,0,0,0,0,0,0,0,0,0,0,0,0,0,0,0,0,0,0,0,0,0,0,0,0,0,0,0,0,0,0,0,0,0,0,6
0,0,0,0,0,0,0,0,0,0,0,0,0,0,0,0,0,0,0,0,0,0,0,0,0,0,0,0,0,0,0,0,0,0,0,0,0,0,0,0,0,0,0,0,0,0,0,0,0,0,0,0,0,0,0,0,0,0,0,0,0,0,0,0,0,0,0,0,0,0,0,0,0,0,0,0,0,0,0,0,0,0,0,0,0,0,0,0,0,0,0,0,0,0,0,0,0,0,0,0,0,0,0,0,0,0,0,0,0,0,0,0,0,0,0,0,0,0,0,0,0,0,0,0,0,0,0,0,0,0,0,0,0,0,0,0,0,0,0,0,0,0,0,0,0,0,0,0,0,0,0,2,0,0,53,0,36,150,106,42,0,0,0,0,0,0,0,0,0,0,0,0,0,0,0,0,0,0,0,5,0,133,222,187,239,219,224,233,196,135,205,243,226,207,202,111,0,0,0,0,0,0,0,0,0,0,0,5,0,160,208,201,205,200,200,214,230,247,244,230,226,231,211,20,0,0,0,0,0,0,0,0,0,0,0,6,0,102,213,200,209,218,251,229,242,227,228,228,224,231,201,0,0,0,0,0,0,0,0,0,0,0,0,6,0,78,218,203,205,244,99,0,140,255,227,223,219,233,164,0,0,0,0,0,0,0,0,0,0,0,0,2,0,60,246,202,208,227,0,0,15,255,226,230,222,239,96,0,0,0,0,0,2,0,0,0,0,2,5,0,0,50,239,200,198,236,202,55,211,253,208,228,224,218,25,0,0,0,0,0,0,0,1,4,5,0,0,0,0,176,234,211,209,216,243,255,236,226,232,227,229,228,0,0,0,0,0,1,3,6,0,0,0,0,62,153,213,207,201,216,217,227,222,215,220,223,215,228,217,222,0,0,0,0,4,0,0,0,0,47,132,198,200,207,203,208,203,212,215,215,225,216,233,241,223,211,216,236,0,0,2,0,0,0,3,113,198,196,202,199,193,197,206,215,211,208,206,218,224,216,215,225,226,220,216,224,35,0,0,0,36,144,217,197,199,195,199,196,198,202,209,214,214,215,214,207,214,216,211,220,223,222,209,229,102,0,0,94,198,198,200,198,207,198,209,208,205,209,216,211,210,212,213,215,218,213,212,225,217,212,216,226,136,0,0,218,202,197,201,205,199,203,215,213,208,209,214,212,213,217,219,221,225,223,225,229,223,227,218,239,130,0,57,200,205,220,214,218,224,216,215,218,214,218,225,226,228,231,233,233,230,227,227,226,229,230,219,227,176,0,102,226,204,208,206,204,205,198,197,201,197,199,200,198,200,200,199,203,202,196,196,200,192,191,199,203,192,0,41,193,198,214,252,255,254,249,243,239,239,244,246,242,243,242,244,243,241,248,251,251,247,247,219,225,248,0,0,0,0,35,58,61,66,73,82,102,103,113,114,118,121,119,121,118,111,113,109,104,105,106,102,117,102,0,0,0,0,0,0,0,0,0,0,0,0,0,0,0,0,0,0,0,0,0,0,0,0,0,0,0,0,0,0,0,0,0,0,0,0,0,0,0,0,0,0,0,0,0,0,0,0,0,0,0,0,0,0,0,0,0,0,0,0,0,0,0,0,0,0,0,0,0,0,0,0,0,0,0,0,0,0,0,0,0,0,0,0,0,0,0,0,0,0,0,0,0,0,0,0,0,0,0,0,0,0,0,0,0,0,0,0,0,0,0,0,0,0,0,0,0,0,0,0,0,0,0,0,0,0,0,0,0,0,0,0,0,0,0,0,0,0,0,0,0,6
0,0,0,0,0,0,0,0,0,0,0,0,0,0,0,0,0,0,0,0,0,0,0,0,0,0,0,0,0,0,0,0,0,0,0,0,0,0,0,0,0,0,0,0,0,0,0,0,0,0,0,0,0,0,0,0,0,0,0,0,0,0,0,0,0,0,0,0,2,0,0,176,194,196,192,199,220,220,183,154,113,67,43,0,0,0,0,0,0,0,0,0,0,0,0,0,1,0,0,189,209,217,238,238,232,241,243,242,228,222,214,83,0,0,0,0,0,0,0,0,0,0,0,0,1,0,0,187,206,213,227,225,224,240,225,205,215,207,202,22,0,0,0,0,0,0,0,0,0,0,0,0,1,0,0,188,207,214,232,227,235,255,224,195,216,213,207,0,0,0,0,0,0,0,0,0,0,0,0,0,1,0,0,190,205,212,240,227,227,234,220,195,213,214,148,0,0,0,0,0,0,0,0,0,0,0,0,0,0,0,0,190,205,215,238,228,221,233,224,205,211,211,100,0,0,0,0,0,0,0,0,0,0,0,0,0,1,0,0,183,207,220,231,233,227,243,224,210,211,208,50,0,0,0,0,0,0,0,0,0,0,0,0,0,2,0,0,186,206,219,223,232,225,228,222,210,210,199,15,0,0,0,0,0,0,0,0,0,0,0,0,0,2,0,0,203,206,215,221,233,228,224,222,208,210,213,0,0,0,0,0,0,0,0,0,0,0,0,0,0,2,0,0,214,206,214,221,234,232,223,217,211,217,193,0,0,0,0,0,0,0,0,0,0,0,0,0,0,3,0,0,232,203,215,214,235,224,220,210,205,216,144,0,0,0,0,0,0,0,0,0,0,0,0,0,0,1,0,31,238,202,206,220,232,217,209,198,206,219,137,0,0,0,0,0,0,0,0,0,0,0,0,0,1,0,0,134,208,184,206,226,227,223,202,196,203,219,149,0,0,0,0,0,0,0,0,0,0,0,0,0,0,0,67,217,195,199,203,209,221,210,210,225,209,221,154,0,0,0,0,0,0,0,0,0,0,0,2,3,0,45,208,191,204,208,207,219,230,216,213,221,207,222,164,0,0,0,0,1,2,3,2,1,4,7,0,0,61,225,160,194,213,213,205,212,226,215,209,223,215,217,186,0,0,0,1,0,0,0,0,0,0,0,0,113,215,84,95,205,206,210,201,221,224,210,209,221,208,211,214,0,0,1,0,0,17,3,0,0,34,112,191,153,31,90,191,208,210,214,214,233,225,212,217,226,213,209,207,20,0,0,0,148,168,226,205,197,203,165,69,47,168,231,233,219,231,231,232,229,224,220,230,235,226,209,215,49,0,0,108,203,116,105,123,138,40,21,139,231,241,220,210,223,237,220,220,211,209,203,209,220,220,216,224,93,0,28,149,188,199,178,160,149,140,195,232,214,211,214,221,230,211,189,202,208,217,220,224,228,220,188,161,113,0,81,151,157,172,194,210,219,223,220,216,220,221,222,222,208,202,211,217,213,197,179,158,146,131,112,115,102,0,0,80,142,147,166,176,179,179,188,203,202,203,201,192,190,209,195,144,140,133,122,130,132,141,146,128,134,16,0,0,0,12,74,113,141,164,171,176,173,165,166,161,123,71,25,0,98,197,159,158,158,143,130,118,92,1,2,0,0,0,0,0,0,0,20,27,46,51,60,8,0,0,0,0,0,41,30,24,10,0,0,0,0,0,0,0,0,0,0,0,0,0,0,0,0,0,0,0,0,0,0,0,0,0,0,0,0,0,0,0,0,0,6
0,0,0,0,0,0,0,0,0,0,0,0,0,0,0,0,0,0,0,0,0,0,0,0,0,0,0,0,0,0,0,0,0,0,0,0,0,0,0,0,0,0,0,0,0,0,0,0,0,0,0,0,0,0,0,0,0,0,0,0,0,0,0,0,0,0,0,0,0,0,0,0,0,0,0,0,0,0,0,0,0,0,0,0,0,0,0,0,0,0,0,0,0,0,0,0,0,0,0,0,0,0,0,0,0,0,0,0,0,0,0,0,0,0,0,0,0,0,0,0,0,0,0,0,0,0,0,8,0,0,0,1,0,0,2,2,2,3,1,0,0,0,0,0,0,0,0,0,0,0,0,0,0,0,0,199,197,78,0,0,0,0,0,0,0,0,0,0,0,0,0,0,0,0,0,0,0,0,0,0,3,0,0,208,214,208,218,184,176,149,86,36,2,0,0,0,0,0,0,0,0,0,0,0,0,0,0,0,2,0,81,223,184,186,208,217,220,229,229,224,219,208,180,75,0,0,0,0,0,0,0,0,0,2,0,0,0,0,145,214,173,200,198,200,201,195,204,206,215,211,217,40,0,0,0,0,0,0,0,0,0,1,0,0,0,0,202,213,186,202,204,205,207,201,211,211,205,226,129,0,0,0,0,0,0,0,0,0,0,0,0,0,0,10,255,193,205,223,222,215,211,204,204,205,218,230,0,0,0,0,0,0,0,0,0,0,0,0,2,0,94,216,211,213,223,223,218,218,223,224,214,195,233,212,0,0,0,0,0,0,0,0,0,0,0,6,0,0,163,211,207,203,213,217,219,221,226,228,233,212,226,239,0,0,0,0,0,0,0,0,0,0,0,3,0,5,94,232,222,215,220,212,215,223,228,227,234,235,226,254,0,0,0,0,0,0,0,0,0,0,0,6,0,16,38,200,197,204,211,206,206,204,208,212,216,214,220,242,4,0,0,0,0,0,0,0,0,0,0,0,0,24,208,204,195,196,206,212,216,213,218,221,223,239,223,255,35,0,0,0,0,0,0,0,2,1,0,0,16,179,212,192,204,204,213,209,207,219,223,222,229,227,214,227,106,0,0,1,6,1,5,0,0,0,0,79,240,212,203,209,214,223,226,225,220,225,229,222,226,215,203,223,174,0,0,0,0,0,0,0,13,77,115,223,206,208,210,215,218,221,220,219,220,224,224,220,219,215,202,214,208,0,0,0,35,63,80,159,237,248,216,191,205,209,213,219,216,214,206,210,218,222,214,212,208,212,204,213,225,0,0,154,198,199,201,202,189,178,187,207,212,220,217,215,217,221,218,212,203,209,197,197,199,214,210,220,215,0,61,219,192,186,188,186,190,195,191,206,206,216,211,208,210,210,210,214,220,227,230,230,227,221,196,200,142,0,58,164,185,194,196,197,199,206,199,199,220,220,216,219,213,232,229,218,189,156,122,110,104,105,111,143,102,0,0,9,74,121,171,196,211,214,212,212,217,223,224,224,180,125,72,3,4,144,143,135,131,145,156,180,123,0,0,0,0,0,0,1,20,54,65,66,70,64,42,4,0,0,0,0,0,74,59,51,39,38,35,40,16,0,0,0,0,0,0,0,0,0,0,0,0,0,0,0,0,0,0,0,0,0,0,0,0,0,0,0,0,0,0,0,0,0,0,0,0,0,0,0,0,0,0,0,0,0,0,0,0,0,0,0,0,0,0,0,0,0,0,0,0,0,0,0,0,0,0,0,0,0,0,0,0,0,0,0,0,0,0,0,0,0,0,0,0,0,6
0,0,0,0,0,0,0,0,0,0,0,0,0,0,0,0,0,0,0,0,0,0,0,0,0,0,0,0,0,0,0,0,0,0,0,0,0,0,0,0,0,0,0,0,0,0,0,0,0,0,0,0,0,0,0,0,0,0,0,0,0,0,0,0,0,0,0,0,0,0,3,0,30,115,99,106,105,120,117,0,56,39,0,0,0,0,0,0,0,0,0,0,0,0,0,0,0,0,5,0,104,229,198,237,237,237,255,90,177,220,210,0,0,0,0,0,0,0,0,0,0,0,0,0,0,0,3,0,77,212,180,196,204,202,236,119,171,217,209,36,0,0,0,0,0,0,0,0,0,0,0,0,0,0,4,0,84,222,173,202,222,213,219,159,191,221,184,0,0,0,0,0,0,0,0,0,0,0,0,0,0,0,2,0,88,226,171,216,220,216,208,164,213,227,130,0,0,0,0,0,0,0,0,0,0,0,0,0,0,3,10,0,98,225,185,230,214,216,199,168,220,236,54,0,0,0,0,0,0,0,0,0,0,0,0,0,0,0,4,0,118,220,193,198,207,225,197,142,212,223,26,0,0,0,0,0,0,0,0,0,0,0,0,0,0,0,1,0,153,241,189,216,228,218,202,136,220,236,0,0,0,0,0,0,0,0,0,0,0,0,0,0,0,1,0,0,214,229,190,227,218,211,223,160,235,204,0,0,0,0,0,0,0,0,0,0,0,0,0,0,0,0,0,65,255,162,191,223,215,223,230,184,221,184,0,0,0,0,0,0,0,0,0,0,1,1,0,0,0,0,109,255,202,132,163,233,229,219,220,226,214,196,0,0,0,0,0,0,0,0,0,0,0,1,0,1,0,14,243,215,170,171,225,202,219,224,225,213,215,240,0,0,0,0,0,0,0,0,0,0,0,0,0,0,0,112,217,211,193,214,207,178,214,224,234,225,211,255,22,0,0,0,0,0,0,0,0,0,0,0,0,0,85,227,207,214,128,211,182,211,223,223,230,230,210,225,126,0,1,0,0,0,0,0,0,0,0,0,0,77,220,219,212,207,169,189,193,211,221,222,216,214,208,218,205,0,2,0,0,0,1,0,1,3,0,0,79,203,202,217,212,218,228,221,228,212,230,219,227,221,205,216,238,0,0,1,6,6,0,0,0,0,0,125,201,177,208,220,222,217,216,220,220,222,226,226,228,222,210,224,181,0,0,0,0,0,0,0,20,67,198,208,183,219,210,216,228,226,215,219,225,213,205,209,221,220,211,231,170,0,0,0,63,115,72,20,1,2,0,16,151,207,213,220,230,228,223,222,218,215,212,220,231,227,206,202,220,0,0,178,222,180,221,212,135,71,45,37,88,172,208,218,229,222,222,216,210,213,234,252,201,186,198,209,212,0,0,203,231,233,213,232,255,255,255,254,220,217,226,226,219,224,209,203,204,239,221,117,112,244,191,164,35,0,92,207,213,231,179,133,97,130,187,212,234,240,232,222,219,216,211,214,226,216,0,0,0,52,0,0,0,0,107,215,225,227,222,240,237,215,207,205,212,220,224,223,225,225,225,220,195,4,0,0,0,0,0,2,8,1,0,27,140,188,202,213,221,235,236,235,239,244,241,249,237,220,178,68,0,0,2,0,1,6,3,0,2,0,0,0,0,0,0,23,41,58,85,97,101,99,96,60,30,0,0,0,0,0,0,0,0,0,0,0,0,0,0,0,0,0,0,0,0,0,0,0,0,0,0,0,0,0,0,0,0,0,0,0,0,0,0,0,0,0,6
0,0,0,0,0,0,0,0,0,0,0,0,0,0,0,0,0,0,0,0,0,0,0,0,0,0,0,0,0,0,0,0,0,0,0,0,0,0,0,0,0,0,0,0,0,0,0,0,0,0,0,0,0,0,0,0,0,0,0,0,0,0,0,0,0,0,0,0,0,0,0,0,0,0,0,0,0,0,0,0,0,0,0,0,0,0,0,0,0,0,0,0,0,0,0,0,0,0,0,0,0,0,0,0,0,0,0,0,0,0,0,0,0,0,0,0,0,0,0,0,0,0,0,0,1,0,0,17,0,102,181,91,14,39,65,51,36,8,0,0,0,0,0,0,0,0,0,0,0,0,0,0,0,0,69,241,176,211,215,244,236,217,207,201,173,157,100,0,0,0,0,0,0,0,0,0,1,1,0,1,0,0,163,208,189,164,166,184,213,188,171,179,168,207,217,0,0,0,0,0,0,0,0,0,0,1,0,3,0,20,186,195,182,190,205,196,190,211,210,219,219,226,117,0,0,0,0,0,0,0,0,0,0,0,1,3,0,0,170,217,158,180,198,207,203,179,215,201,204,234,136,0,0,0,0,0,0,0,0,0,0,3,0,0,0,117,239,230,235,218,190,188,212,176,189,200,198,232,204,0,0,0,0,0,0,0,0,0,3,0,0,0,25,253,205,193,201,231,232,218,209,214,194,180,207,235,222,0,0,0,0,0,0,0,0,1,0,0,164,195,189,212,201,203,215,169,202,233,236,244,219,211,227,231,222,0,0,0,0,0,0,0,0,0,0,161,188,181,179,159,209,229,181,189,181,183,200,209,230,241,227,221,245,0,0,0,0,0,0,1,3,0,24,198,167,179,166,169,172,186,210,190,208,205,197,194,197,234,216,221,255,0,0,0,0,1,0,0,0,0,86,209,197,144,154,160,131,186,189,202,209,228,208,216,213,223,219,224,228,58,2,0,0,0,0,11,95,203,198,179,204,237,171,147,181,165,154,180,198,225,193,197,208,210,213,222,241,149,0,0,0,33,131,180,195,195,189,199,175,169,232,214,182,153,177,169,227,206,214,202,221,210,224,221,230,126,0,110,155,181,183,169,179,182,193,200,190,161,162,203,233,213,175,203,240,227,228,239,210,217,211,215,220,38,65,199,167,154,168,181,169,165,165,170,168,183,186,176,192,204,237,245,221,226,223,214,214,211,222,213,132,0,146,195,148,132,134,164,183,172,180,175,177,182,197,194,186,193,194,222,229,223,221,215,199,197,106,15,0,0,129,212,172,170,166,161,164,175,179,175,183,178,181,186,198,216,212,213,230,213,189,109,8,0,0,0,0,0,25,201,214,185,181,189,184,183,179,178,182,188,189,195,201,205,219,222,184,44,0,0,0,0,0,2,0,0,0,23,152,193,222,209,207,194,192,197,201,208,213,235,249,250,181,72,0,0,0,2,1,1,0,0,0,0,0,0,0,0,41,76,126,143,165,167,165,164,171,122,57,11,0,0,0,2,0,0,0,0,0,0,0,0,0,0,0,0,0,0,0,0,0,0,0,0,0,0,0,0,0,0,0,0,0,0,0,0,0,0,0,0,0,0,0,0,0,0,0,0,0,0,0,0,0,0,0,0,0,0,0,0,0,0,0,0,0,0,0,0,0,0,0,0,0,0,0,0,0,0,0,0,0,0,0,0,0,0,0,0,0,0,0,0,0,0,0,0,0,0,0,0,0,0,0,0,0,0,0,0,0,0,0,0,0,0,0,0,0,0,0,0,0,0,0,0,6
0,0,0,0,0,0,0,0,0,0,0,0,0,0,0,0,0,0,0,0,0,0,0,0,0,0,0,0,0,0,0,0,0,0,0,0,0,0,0,0,0,0,0,0,0,0,0,0,0,0,0,0,0,0,0,0,0,0,0,0,0,0,0,0,0,0,0,0,0,0,0,0,0,0,0,0,0,0,0,0,0,0,0,0,0,0,0,0,0,0,0,0,0,0,0,0,0,0,0,0,0,0,0,0,0,0,0,0,0,0,0,0,0,0,0,0,0,0,0,0,0,0,0,0,0,0,0,0,0,0,0,0,0,0,0,0,0,0,0,0,0,0,0,0,0,0,0,0,0,0,0,0,0,0,0,0,0,0,0,0,0,0,0,0,0,0,0,0,0,0,0,0,0,0,0,0,0,0,0,0,0,0,0,0,0,174,205,61,0,0,0,0,2,1,0,0,0,0,0,0,0,0,0,0,0,0,0,0,0,0,0,0,106,143,188,227,67,0,0,0,0,0,0,0,0,0,0,0,0,0,0,0,0,0,0,0,0,5,0,94,208,161,177,185,169,205,202,66,29,0,0,0,0,0,0,0,0,0,0,0,0,0,0,0,0,0,0,179,168,223,241,239,211,233,208,185,212,117,0,0,0,0,0,0,0,0,0,0,0,0,0,2,0,0,160,182,178,248,235,255,253,234,240,227,236,176,0,0,0,0,0,0,0,0,0,0,0,0,0,0,0,101,179,149,238,233,255,173,125,168,245,241,244,212,0,0,0,0,0,0,2,1,1,1,0,4,0,0,136,195,147,225,248,250,202,125,114,158,165,245,239,229,0,0,0,0,0,0,2,1,1,2,2,1,0,58,255,103,222,255,233,251,220,159,144,76,173,252,236,250,43,0,0,0,0,0,0,1,1,2,0,0,52,172,123,234,254,236,236,236,253,216,154,169,255,242,217,222,54,0,0,1,5,4,0,0,0,0,7,127,139,177,241,254,234,232,238,238,238,251,255,255,223,189,200,205,83,0,0,0,0,0,0,0,0,1,182,176,181,240,238,237,238,237,239,237,235,237,248,214,179,199,202,211,153,0,0,0,52,114,161,252,255,172,166,176,255,236,236,237,241,239,238,239,236,238,241,199,201,202,199,208,173,0,0,112,197,225,212,175,198,236,197,165,185,245,230,236,236,236,238,243,238,248,225,190,209,202,198,207,189,0,87,192,185,184,183,176,177,181,205,203,207,233,247,250,250,249,248,246,243,246,213,188,196,195,203,206,246,45,89,207,196,189,182,176,172,203,230,211,220,202,211,203,202,202,203,202,204,201,196,202,203,198,196,196,200,56,0,121,199,236,237,240,232,208,194,191,189,190,189,192,191,190,191,193,193,194,197,198,204,213,216,205,255,92,0,0,0,18,70,109,151,180,198,197,196,193,193,185,182,182,184,184,182,183,184,184,181,173,157,139,113,3,0,0,0,0,0,0,0,0,0,0,0,0,0,0,0,0,0,0,0,0,0,0,0,0,0,0,0,0,0,0,0,0,0,0,0,0,0,0,0,0,0,0,0,0,0,0,0,0,0,0,0,0,0,0,0,0,0,0,0,0,0,0,0,0,0,0,0,0,0,0,0,0,0,0,0,0,0,0,0,0,0,0,0,0,0,0,0,0,0,0,0,0,0,0,0,0,0,0,0,0,0,0,0,0,0,0,0,0,0,0,0,0,0,0,0,0,0,0,0,0,0,0,0,0,0,0,0,0,0,0,0,0,0,0,0,0,0,0,0,0,6
0,0,0,0,0,0,0,0,0,0,0,0,0,0,0,0,0,0,0,0,0,0,0,0,0,0,0,0,0,0,0,0,0,0,0,0,0,0,0,0,0,0,0,0,0,0,0,0,0,0,0,0,0,0,0,0,0,0,0,0,0,0,0,0,0,0,0,0,0,0,0,0,0,0,0,0,0,0,0,0,0,0,0,0,0,0,0,0,0,0,0,0,0,0,0,0,0,0,0,0,0,0,0,0,0,0,3,5,2,3,3,0,0,0,0,0,0,0,0,0,0,0,0,0,0,15,25,23,21,34,36,0,0,0,0,0,0,0,0,0,0,0,0,0,0,0,0,0,0,0,0,0,97,138,90,114,130,211,222,255,206,176,140,100,87,71,20,0,0,0,0,0,0,0,0,0,0,1,3,0,132,219,203,209,217,197,146,117,160,178,198,215,212,225,150,0,0,0,0,0,0,0,0,0,1,0,1,0,59,208,212,208,201,222,229,220,222,208,207,204,195,214,95,0,0,0,0,0,0,0,0,0,0,0,1,0,34,195,213,209,210,215,223,220,219,219,214,203,202,211,70,0,0,0,0,0,0,0,0,0,0,0,2,0,0,196,215,208,215,209,202,201,204,205,203,205,203,201,45,0,0,0,0,0,0,0,0,0,0,0,3,0,0,177,218,210,217,211,210,211,213,215,213,212,206,230,29,0,0,0,0,0,0,0,0,0,0,0,0,0,27,211,214,213,216,216,216,218,220,221,218,215,207,233,23,0,0,0,0,0,0,0,0,0,0,0,1,0,60,241,213,217,213,214,216,216,215,213,214,211,207,223,13,0,0,0,0,0,0,0,0,0,0,1,0,0,175,218,216,210,222,223,216,219,214,210,208,206,201,222,38,0,0,0,0,0,0,0,0,0,0,7,0,84,214,213,209,194,195,224,220,209,213,214,210,213,201,202,83,0,0,0,0,0,0,0,1,0,0,0,0,220,216,204,204,222,198,176,216,218,214,214,204,198,187,200,108,0,0,1,3,0,0,0,0,0,0,0,136,207,208,213,201,213,222,205,206,203,206,207,195,190,186,203,136,0,0,0,0,0,0,0,0,0,29,147,236,156,149,219,214,216,203,215,210,199,197,195,196,203,195,197,182,0,0,0,32,78,99,117,135,160,190,192,178,193,181,209,238,210,212,212,210,208,196,199,209,208,200,201,189,0,0,54,186,177,172,177,184,207,191,151,129,132,147,166,182,209,226,214,212,219,216,210,204,208,202,200,186,0,0,157,237,208,182,161,126,115,105,92,86,74,102,177,188,194,202,217,224,215,207,203,206,205,200,200,192,0,47,133,134,184,199,223,205,184,178,176,179,202,218,218,226,229,222,223,223,221,220,223,227,222,218,197,191,16,7,166,132,114,97,126,157,179,195,207,209,203,192,172,159,157,159,162,168,161,151,146,140,137,137,118,133,62,0,46,154,199,180,147,118,115,111,101,100,101,100,113,128,135,140,139,132,130,136,144,147,155,149,151,191,23,0,0,0,48,110,141,181,194,193,186,185,189,193,207,216,217,214,206,195,192,194,193,189,178,159,154,94,0,1,1,0,0,0,0,0,4,23,30,30,35,37,44,48,47,51,54,57,58,59,53,48,28,8,0,0,0,0,0,0,0,0,0,0,0,0,0,0,0,0,0,0,0,0,0,0,0,0,0,0,0,0,0,0,0,0,0,0,0,0,0,0,0,0,0,0,0,0,0,0,0,0,0,0,0,0,0,0,0,0,0,0,0,6
0,0,0,0,0,0,0,0,0,0,0,0,0,0,0,0,0,0,0,0,0,0,0,0,0,0,0,0,0,0,0,0,0,0,0,0,0,0,1,0,5,0,31,113,47,26,0,0,0,0,0,0,0,0,0,0,0,0,0,0,0,0,0,0,0,0,0,0,4,0,97,221,214,227,224,187,144,90,24,0,0,3,0,0,0,0,0,0,0,0,0,0,0,0,1,0,0,0,110,211,207,217,220,222,225,228,239,199,18,0,0,0,0,0,0,0,0,0,0,0,0,0,0,0,0,0,133,213,209,209,215,215,216,218,218,229,236,25,0,0,0,0,0,0,0,0,0,0,0,0,0,0,0,0,166,211,207,213,218,220,223,222,221,215,227,204,0,0,0,0,0,0,0,0,0,0,0,0,0,1,0,0,188,211,207,218,219,221,223,223,222,217,222,230,1,0,0,0,0,0,0,0,0,0,0,0,0,2,0,5,208,206,208,215,221,224,227,225,226,222,223,227,0,0,0,0,0,0,0,0,0,0,0,0,0,3,0,25,216,199,209,215,220,224,225,224,225,215,227,177,0,0,0,0,0,0,0,0,0,0,0,0,0,4,0,47,217,199,218,215,216,221,222,220,223,217,220,253,4,0,0,0,0,0,0,0,0,0,0,0,0,0,0,100,216,205,216,215,216,219,221,217,220,221,223,222,22,0,0,0,0,0,0,0,0,0,0,2,2,0,0,162,210,203,215,213,218,220,221,220,222,218,219,217,98,0,0,0,0,0,0,0,0,0,0,0,3,0,0,216,207,202,217,216,220,221,223,223,219,216,226,192,133,0,0,0,0,0,0,0,0,0,0,0,2,0,83,214,192,204,219,218,222,223,223,223,216,218,219,224,222,0,0,0,0,0,0,0,0,0,0,2,1,0,179,208,200,220,220,218,221,221,220,216,214,217,218,221,228,0,0,0,0,0,0,1,1,1,0,0,0,62,218,211,223,226,224,220,218,220,218,214,216,216,216,217,237,67,0,0,0,0,0,0,0,0,2,1,0,195,213,213,219,218,216,215,215,217,217,210,214,216,219,220,227,46,0,0,0,0,1,0,1,1,1,0,108,213,194,197,201,206,207,210,209,206,203,205,213,215,217,213,232,55,0,0,0,0,1,0,2,0,0,43,210,192,190,198,201,208,213,211,209,207,203,208,214,216,218,211,235,85,0,0,2,4,1,0,0,0,24,199,192,186,199,204,204,207,211,210,216,214,205,216,218,219,218,226,225,0,3,0,0,0,0,0,0,79,199,195,188,199,203,206,207,206,213,215,211,230,239,226,227,227,219,226,227,0,1,0,20,66,111,149,190,195,186,189,199,208,214,215,217,216,218,230,248,232,114,227,223,219,211,219,218,0,0,121,200,192,194,193,198,190,201,205,207,214,215,214,213,219,246,249,114,0,0,234,219,216,210,217,205,0,134,206,189,184,191,196,197,202,199,204,205,204,210,214,229,255,154,0,0,0,8,236,216,218,215,222,200,0,160,223,224,224,222,221,218,216,215,216,219,226,232,235,222,45,0,0,4,0,29,224,215,216,215,221,187,0,0,37,85,130,167,188,203,222,227,229,228,197,150,54,0,0,0,0,0,0,13,250,225,248,220,235,166,0,0,0,0,0,0,0,0,0,0,0,0,0,0,0,0,3,1,0,1,0,0,36,21,16,13,28,2,0,0,0,0,0,0,0,0,0,0,0,0,0,0,0,0,0,0,0,0,0,0,0,0,0,0,0,0,0,6
0,0,0,0,0,0,0,0,0,0,0,2,0,0,70,101,139,166,173,179,187,198,191,203,79,0,0,0,0,0,0,0,0,0,0,0,0,0,0,8,0,151,255,244,255,248,248,244,243,243,232,255,114,0,0,0,0,0,0,0,0,0,0,0,0,0,0,4,0,70,250,229,231,231,238,236,235,232,236,255,0,0,0,0,0,0,0,0,0,0,0,0,0,0,0,3,0,22,249,235,241,242,241,239,238,227,251,186,0,0,0,0,0,0,0,0,0,0,0,0,0,0,0,2,0,0,255,237,237,243,239,238,238,231,255,85,0,0,0,0,0,0,0,0,0,0,0,0,0,0,0,2,0,0,255,241,234,240,240,237,237,236,255,18,0,0,0,0,0,0,0,0,0,0,0,0,0,0,0,2,0,0,249,241,234,241,240,237,236,241,255,0,0,0,0,0,0,0,0,0,0,0,0,0,0,0,0,2,0,0,248,242,232,240,239,237,230,247,211,0,0,0,0,0,0,0,0,0,0,0,0,0,0,0,0,2,0,0,247,241,232,238,239,236,226,253,138,0,0,0,0,0,0,0,0,0,0,0,0,0,0,0,0,2,0,0,249,238,234,237,238,236,222,252,88,0,2,0,0,0,0,0,0,0,0,0,0,0,0,0,0,3,0,7,255,234,238,234,236,234,228,255,56,0,2,0,0,0,0,0,0,0,0,0,0,0,0,0,0,3,0,43,255,233,235,234,234,233,232,255,35,0,1,0,0,0,0,0,0,0,0,0,0,0,0,0,0,3,0,101,244,230,234,234,233,232,229,255,0,0,1,0,0,0,0,0,0,0,0,0,0,0,0,0,0,1,0,146,246,226,236,234,233,232,232,255,0,0,1,0,0,0,0,0,0,0,0,0,0,0,0,0,0,0,0,184,243,227,233,232,232,230,233,255,0,0,0,0,0,0,0,0,0,0,0,0,0,0,0,0,2,0,0,229,239,235,235,232,232,232,225,255,62,0,1,0,0,0,0,0,0,0,0,0,0,0,0,0,3,0,34,255,234,237,235,233,233,233,228,242,204,0,0,0,0,0,0,0,0,0,0,0,0,0,0,0,3,0,81,255,227,238,235,234,234,234,232,230,255,10,0,0,0,0,0,0,0,0,0,0,2,0,0,0,0,0,141,255,227,238,236,235,234,234,229,226,246,126,0,0,0,0,0,0,0,0,0,0,1,1,0,3,0,0,255,236,234,237,236,234,234,234,233,229,233,196,0,0,0,0,0,0,0,0,4,7,4,3,0,0,0,210,251,230,236,237,235,235,235,230,230,234,244,249,0,0,0,0,0,0,0,0,0,0,0,0,0,0,212,253,225,235,237,235,233,229,227,255,255,238,169,76,0,0,0,0,0,0,0,0,23,70,75,83,124,240,246,219,234,239,238,233,238,255,255,249,75,24,17,40,0,0,0,0,0,0,0,15,209,220,220,255,245,224,221,232,236,238,228,255,255,161,36,0,21,57,66,70,0,0,0,0,0,0,0,135,247,216,215,217,221,225,233,235,234,229,241,252,22,0,0,0,73,62,54,65,0,0,0,0,0,0,0,17,195,232,244,235,228,231,232,231,233,246,249,0,0,0,0,0,61,58,47,45,0,0,0,0,0,0,0,0,0,28,145,230,255,255,255,255,255,207,0,0,0,0,0,0,59,47,57,66,0,0,0,0,0,0,0,0,0,0,0,0,6,61,88,92,38,0,0,0,0,2,0,0,143,123,143,97,0,0,0,0,6
0,0,0,0,0,0,0,0,0,0,0,0,0,0,0,0,0,0,0,0,0,0,0,0,0,0,0,0,0,0,0,0,0,0,0,0,0,0,0,0,0,0,0,0,0,0,0,0,0,0,0,0,0,0,0,0,0,0,0,0,0,0,0,0,0,0,0,0,0,0,0,0,0,0,0,0,0,0,0,0,0,0,0,0,0,0,0,0,0,0,0,0,0,0,0,0,0,0,0,0,0,0,0,0,0,0,0,0,0,0,0,0,0,0,0,0,0,0,0,0,0,0,0,0,0,0,0,0,0,0,0,0,0,0,0,0,0,0,0,0,0,0,0,0,0,0,0,0,0,0,0,0,1,0,0,82,64,26,7,0,0,0,0,0,0,0,0,0,0,0,0,0,0,0,0,0,0,0,0,0,1,0,28,200,209,229,234,188,93,125,141,139,157,131,0,0,0,0,0,0,0,0,0,0,1,2,1,0,0,0,118,198,195,215,216,223,230,231,232,229,237,205,0,0,0,0,0,0,0,0,0,0,0,0,0,2,0,0,195,197,205,215,212,210,208,211,213,211,203,201,10,0,0,0,0,0,0,0,0,0,0,1,0,0,0,63,230,197,205,206,213,216,220,217,221,208,204,195,7,0,0,0,0,0,0,0,0,0,0,0,2,0,0,192,197,196,207,209,213,214,216,214,220,209,205,223,0,0,0,0,0,0,0,1,0,0,1,0,3,0,71,221,179,201,203,211,216,216,219,216,220,210,201,231,8,0,0,0,0,0,0,1,0,0,0,2,0,7,192,183,185,197,206,212,212,218,216,218,220,211,200,213,37,0,0,0,0,0,0,0,0,1,0,0,2,172,199,176,190,196,208,216,212,215,214,213,227,205,200,214,107,0,0,0,0,2,4,5,9,0,0,45,183,194,176,177,179,196,211,219,207,216,226,227,214,188,211,207,176,0,0,2,0,0,0,0,0,0,91,184,193,172,183,189,194,208,213,208,201,201,180,179,151,177,201,204,203,0,3,0,0,9,41,66,73,126,93,105,161,182,192,206,216,222,212,212,218,193,158,133,144,189,206,200,204,1,0,17,124,135,125,90,43,84,93,105,142,159,183,208,206,202,207,213,215,210,210,217,221,215,212,205,213,0,0,117,201,193,185,187,149,160,180,170,174,191,219,220,224,228,229,223,220,221,213,209,210,206,195,188,153,0,62,115,102,124,146,163,179,181,207,226,223,224,209,177,155,128,113,102,101,107,103,102,115,120,108,100,143,50,77,165,180,177,164,149,139,135,134,137,135,110,117,133,160,192,216,224,212,198,185,193,188,199,202,191,194,86,0,0,21,73,130,181,214,228,231,231,239,232,224,200,171,119,68,46,17,210,240,225,228,233,234,196,255,106,0,0,0,0,0,0,0,0,0,0,0,0,0,0,0,0,0,0,0,69,63,62,59,65,67,57,65,18,0,0,0,0,0,0,0,0,0,0,0,0,0,0,0,0,0,0,0,0,0,0,0,0,0,0,0,0,0,0,0,0,0,0,0,0,0,0,0,0,0,0,0,0,0,0,0,0,0,0,0,0,0,0,0,0,0,0,0,0,0,0,0,0,0,0,0,0,0,0,0,0,0,0,0,0,0,0,0,0,0,0,0,0,0,0,0,0,0,0,0,0,0,0,0,0,0,0,0,0,0,0,0,0,0,0,0,0,0,0,0,0,0,0,0,0,0,0,0,0,0,0,0,0,0,0,0,0,0,0,0,0,0,0,0,0,0,0,0,0,6
0,0,0,0,0,0,0,0,0,0,0,0,0,0,0,0,0,0,0,0,0,0,0,0,0,0,0,0,0,0,0,0,0,0,0,0,0,0,0,0,0,0,0,0,0,0,0,0,0,0,0,0,0,0,0,0,0,0,0,0,0,0,0,0,0,0,0,0,0,0,0,0,0,0,0,0,0,0,0,0,0,0,0,0,0,0,0,0,0,0,0,0,0,0,0,0,0,0,0,0,0,0,0,0,0,0,0,0,0,0,0,0,0,0,0,0,0,0,0,0,0,0,0,0,0,0,0,0,0,0,0,0,0,0,0,0,0,0,0,0,0,0,0,0,0,0,0,0,0,0,0,0,0,0,0,0,0,0,0,0,0,0,0,0,0,0,0,0,0,0,0,0,0,0,0,0,0,0,0,0,0,0,0,1,0,0,116,55,0,0,0,0,0,0,112,35,0,0,0,0,0,0,0,0,0,0,0,0,0,0,2,1,0,16,196,244,94,38,23,0,0,0,191,5,0,0,0,0,0,0,0,0,0,0,0,0,0,0,4,0,0,176,199,200,238,237,255,241,208,194,85,0,0,0,0,0,0,0,0,0,0,0,0,0,0,0,3,0,76,225,179,213,220,219,219,206,204,199,13,0,0,0,0,0,0,0,0,0,0,0,0,0,0,2,0,0,174,195,188,225,225,226,229,201,194,203,0,0,0,0,0,0,0,0,0,0,0,0,0,0,0,4,0,58,241,190,225,229,222,222,221,190,199,202,0,0,0,0,0,0,0,0,0,0,0,1,0,2,0,0,6,207,218,212,227,223,230,221,210,194,193,213,3,0,0,0,0,0,0,0,0,0,0,2,6,0,0,49,180,111,174,231,227,227,227,225,208,196,181,240,44,0,0,0,0,1,1,2,3,5,5,0,0,9,107,80,3,186,231,217,229,226,223,222,215,205,206,240,83,0,0,1,2,0,0,0,0,0,0,0,93,132,67,9,201,226,215,214,219,222,222,204,199,205,193,220,126,0,0,0,0,0,0,0,13,64,121,161,72,105,179,246,236,202,209,211,216,219,216,201,195,205,193,201,166,0,0,6,88,110,124,152,179,122,51,31,41,164,217,192,204,215,222,221,221,222,231,230,228,240,215,201,197,0,0,169,194,132,78,48,34,49,67,149,196,203,203,217,234,240,241,236,225,214,225,219,218,230,218,196,187,0,68,210,198,213,227,234,229,248,216,204,205,175,194,231,240,231,209,187,179,184,199,196,185,185,203,214,203,0,82,182,201,204,202,205,211,219,227,229,228,225,228,228,208,185,188,205,222,209,208,206,204,206,221,205,231,42,0,0,47,123,189,219,232,233,240,237,241,240,231,226,232,236,234,207,190,231,208,211,216,225,222,198,238,67,0,0,0,0,0,0,17,45,74,104,108,115,115,104,85,44,5,0,0,179,230,195,198,196,191,176,182,39,0,0,0,0,0,0,0,0,0,0,0,0,0,0,0,0,0,0,0,0,0,0,0,0,0,0,0,0,0,0,0,0,0,0,0,0,0,0,0,0,0,0,0,0,0,0,0,0,0,0,0,0,0,0,0,0,0,0,0,0,0,0,0,0,0,0,0,0,0,0,0,0,0,0,0,0,0,0,0,0,0,0,0,0,0,0,0,0,0,0,0,0,0,0,0,0,0,0,0,0,0,0,0,0,0,0,0,0,0,0,0,0,0,0,0,0,0,0,0,0,0,0,0,0,0,0,0,0,0,0,0,0,0,0,0,0,0,0,0,0,6
0,0,0,0,0,0,0,0,0,0,0,0,0,0,0,0,0,0,0,0,0,0,0,0,0,0,0,0,0,0,0,0,0,0,0,0,0,0,0,0,0,0,2,4,4,1,0,0,0,0,0,0,0,56,33,0,0,0,0,0,0,0,0,0,0,0,0,0,0,0,0,0,0,0,1,1,2,1,0,0,0,139,71,0,0,0,0,0,0,0,0,0,0,0,0,0,3,0,99,168,70,0,0,0,0,0,0,2,49,150,5,0,0,0,0,0,0,0,0,0,0,0,1,2,0,0,141,175,186,110,0,0,0,1,20,145,198,150,0,0,0,0,0,0,0,0,0,0,0,0,0,3,0,12,173,163,144,215,255,228,227,255,243,163,195,159,0,0,0,0,0,0,0,0,0,0,0,0,0,1,0,17,212,167,152,150,200,189,181,159,171,185,207,182,0,0,0,0,0,0,0,0,0,0,0,1,1,0,0,50,205,161,175,171,187,195,207,216,205,185,194,189,0,0,0,0,0,0,0,0,0,0,0,1,2,0,83,237,191,162,169,188,215,207,202,205,192,180,190,212,0,0,0,0,0,0,0,0,0,0,0,1,8,0,62,213,186,194,182,191,207,204,204,210,191,183,176,231,33,0,0,0,0,0,0,0,0,0,0,1,0,0,153,206,199,179,166,202,202,203,202,204,182,189,169,226,111,0,0,0,0,0,0,0,0,0,0,0,5,165,226,206,192,202,202,203,201,204,203,203,178,193,197,183,193,0,0,0,0,0,1,0,0,2,0,5,188,194,218,186,185,192,202,198,201,201,203,201,193,196,188,172,224,56,1,0,0,0,1,0,1,0,0,151,185,208,216,178,151,185,206,201,194,198,204,185,196,194,187,180,213,101,0,0,0,0,2,0,4,0,64,251,175,225,196,185,150,184,201,194,200,201,193,185,188,199,205,191,201,143,0,0,0,1,0,0,4,0,43,187,174,240,198,171,172,200,198,201,203,190,191,192,183,173,177,172,197,133,0,0,0,0,1,3,0,0,140,208,202,220,178,157,187,198,197,196,193,184,181,192,193,188,184,169,224,60,1,3,4,0,0,0,0,74,255,221,228,204,173,181,197,189,181,185,183,172,173,179,177,163,178,209,215,0,1,0,0,0,0,20,78,196,216,213,215,192,180,192,185,188,185,200,173,152,175,218,196,180,180,195,185,0,0,27,116,137,162,195,188,162,189,224,210,172,179,190,181,180,186,169,183,218,198,68,51,150,189,194,182,0,42,212,170,165,159,152,159,158,155,186,181,161,187,182,189,185,168,186,212,107,0,0,43,171,190,196,180,0,101,185,148,158,157,152,167,177,176,175,184,184,185,191,187,178,229,179,12,0,0,0,89,190,185,197,170,0,91,216,191,170,158,173,170,167,173,180,183,181,175,188,190,230,122,0,0,0,0,0,102,199,182,199,164,0,62,158,132,181,185,198,206,202,204,198,190,193,206,198,216,155,0,0,0,0,0,0,116,185,182,201,145,0,64,215,166,104,81,88,106,131,149,165,174,179,146,131,190,0,0,2,0,2,0,4,156,183,175,200,126,0,0,120,200,209,214,191,167,131,113,97,110,103,155,251,44,0,3,0,0,0,1,0,147,216,192,227,150,0,0,0,0,13,153,181,243,255,255,255,255,231,255,90,0,0,1,0,0,0,4,0,65,148,104,90,19,0,0,0,0,0,0,0,0,2,19,77,38,96,31,0,0,0,0,0,0,0,0,0,0,0,0,0,0,0,6
0,0,0,0,0,0,0,0,0,0,0,0,0,0,0,0,0,0,0,0,0,0,0,0,0,0,0,0,0,0,0,0,0,0,0,0,0,0,0,0,0,0,0,0,0,0,0,0,0,0,0,0,0,0,0,0,0,0,0,0,0,0,0,0,0,0,0,0,0,0,0,0,0,0,0,0,0,0,0,0,0,0,0,0,0,0,0,0,0,0,0,0,0,0,0,0,0,0,0,0,0,0,0,0,0,0,0,0,0,0,0,0,0,0,0,0,0,0,0,0,0,0,0,0,0,0,0,0,0,0,0,0,0,0,0,0,0,0,0,0,0,0,0,0,0,0,0,0,0,0,0,0,0,0,0,0,0,146,122,0,0,0,0,0,1,1,0,0,0,0,0,0,0,0,0,0,0,0,0,0,0,1,0,0,78,212,189,198,150,85,0,0,0,0,0,0,0,0,0,0,0,0,0,0,0,0,0,0,0,5,0,55,226,192,185,173,194,215,201,147,88,51,0,0,0,0,0,0,0,0,0,0,0,0,0,0,0,0,0,195,213,177,187,170,195,192,205,219,233,170,0,0,0,0,0,0,0,0,0,0,0,0,0,0,2,0,53,213,177,205,158,192,198,214,211,201,188,174,0,0,0,0,0,0,0,0,0,0,0,0,0,0,0,0,218,198,186,173,189,209,209,210,211,197,200,177,0,0,0,0,0,0,2,0,0,0,1,1,0,0,4,219,214,168,185,163,206,193,200,210,211,220,208,206,0,0,0,0,0,0,3,0,0,1,0,0,0,82,226,205,181,201,163,200,200,190,185,197,193,199,212,199,16,0,0,0,0,2,1,0,3,0,0,0,149,218,189,178,188,152,202,198,202,196,196,197,195,204,207,210,66,0,0,3,3,0,0,0,0,0,78,221,206,167,181,177,161,185,198,198,208,193,199,198,191,206,205,215,132,0,0,0,0,0,5,3,33,112,253,178,180,188,172,171,189,201,192,202,201,185,191,196,190,206,209,212,183,0,0,18,113,159,168,157,191,205,174,189,166,163,173,190,193,194,205,205,205,208,205,198,203,208,207,206,211,0,3,184,170,159,167,162,178,170,171,183,158,191,189,194,197,205,206,205,204,207,211,211,209,208,206,204,235,26,74,194,175,176,165,167,183,180,190,180,196,199,206,200,205,210,211,211,210,209,209,209,209,207,203,201,236,36,100,216,200,195,186,184,179,190,196,193,195,201,198,199,195,194,195,197,197,193,195,197,202,203,202,199,220,26,0,114,176,211,218,210,200,197,200,204,200,198,196,194,188,186,193,194,194,200,202,202,202,204,204,199,215,61,0,0,0,29,120,178,226,248,246,253,250,249,250,242,237,233,232,231,233,242,251,255,255,255,215,208,255,92,0,2,0,0,0,0,0,22,48,52,50,50,52,24,14,8,0,0,0,1,6,12,27,29,28,33,0,0,0,0,0,0,0,0,0,0,0,0,0,0,0,0,0,0,0,0,0,0,0,0,0,0,0,0,0,0,0,0,0,0,0,0,0,0,0,0,0,0,0,0,0,0,0,0,0,0,0,0,0,0,0,0,0,0,0,0,0,0,0,0,0,0,0,0,0,0,0,0,0,0,0,0,0,0,0,0,0,0,0,0,0,0,0,0,0,0,0,0,0,0,0,0,0,0,0,0,0,0,0,0,0,0,0,0,0,0,0,0,0,0,0,0,0,0,0,0,0,0,0,0,0,0,0,0,0,0,0,0,0,0,0,0,0,0,0,0,0,0,6
0,0,0,0,0,0,0,0,0,0,0,0,0,0,0,0,0,0,0,0,0,0,0,0,0,0,0,0,0,0,0,0,0,0,0,0,0,0,0,0,0,0,0,0,0,0,0,0,0,0,0,0,0,0,0,0,0,0,0,0,0,0,0,0,0,0,0,0,0,0,0,0,0,0,0,0,0,0,0,0,0,0,0,0,0,0,0,0,0,0,0,0,0,0,0,0,0,0,0,0,0,0,0,0,0,0,0,0,0,0,0,0,0,0,0,0,0,0,0,0,0,0,0,0,0,0,0,0,0,0,0,0,0,0,0,0,0,0,0,0,0,0,0,0,0,0,0,0,0,0,0,0,0,0,0,0,0,0,0,0,0,0,0,0,0,0,0,0,0,0,0,0,0,0,0,0,0,0,0,0,0,0,0,0,67,35,0,0,0,0,0,0,0,0,0,0,0,0,0,0,0,0,0,0,0,0,0,0,0,0,0,78,205,207,160,95,153,69,0,1,40,11,0,0,0,0,0,0,0,0,0,0,0,1,1,0,0,0,0,227,178,161,161,223,247,238,227,161,133,135,152,40,0,0,0,0,0,0,0,0,0,0,0,0,2,0,171,193,157,161,217,230,212,214,173,151,179,168,117,83,0,0,0,0,0,0,0,0,0,1,2,0,0,0,177,206,158,201,208,192,162,144,212,164,219,206,169,120,0,0,0,0,1,0,0,1,1,0,0,0,98,248,191,200,201,255,147,117,188,159,199,127,145,166,187,37,0,0,0,0,1,0,2,0,0,0,2,139,241,229,226,247,220,233,255,181,122,190,183,111,124,234,144,0,0,1,6,1,5,1,0,0,102,237,229,234,221,201,228,192,214,221,218,231,255,255,226,200,223,229,202,0,0,0,0,0,0,0,0,108,247,224,221,175,214,188,185,196,240,253,209,202,224,224,241,244,227,234,243,0,0,0,62,78,81,85,81,201,222,199,204,205,194,204,221,248,235,240,248,228,209,226,211,213,209,222,106,0,13,189,218,212,207,221,216,192,186,202,211,211,217,227,239,227,229,236,247,234,224,228,224,223,213,234,48,0,102,226,189,195,192,198,209,207,210,205,184,204,224,230,236,240,238,231,231,232,233,238,239,225,221,231,144,0,84,237,191,186,183,182,198,193,206,207,206,233,235,229,236,232,228,223,223,218,211,218,218,216,208,239,122,0,0,218,246,227,208,203,195,207,205,215,212,214,218,212,211,218,220,222,227,230,233,235,234,236,241,196,0,0,0,0,60,182,245,255,255,255,255,252,255,255,255,255,255,255,255,250,232,227,208,181,158,117,68,0,0,0,0,0,0,0,0,25,85,130,161,171,157,148,131,95,56,27,0,0,0,0,0,0,0,0,0,0,0,0,0,0,0,0,0,0,0,0,0,0,0,0,0,0,0,0,0,0,0,0,0,0,0,0,0,0,0,0,0,0,0,0,0,0,0,0,0,0,0,0,0,0,0,0,0,0,0,0,0,0,0,0,0,0,0,0,0,0,0,0,0,0,0,0,0,0,0,0,0,0,0,0,0,0,0,0,0,0,0,0,0,0,0,0,0,0,0,0,0,0,0,0,0,0,0,0,0,0,0,0,0,0,0,0,0,0,0,0,0,0,0,0,0,0,0,0,0,0,0,0,0,0,0,0,0,0,0,0,0,0,0,0,0,0,0,0,0,0,0,0,0,0,0,0,0,0,0,0,0,0,0,0,0,0,0,0,0,0,0,0,0,0,0,0,0,0,0,0,6
0,0,0,0,0,0,0,0,0,0,0,0,0,0,0,0,0,0,0,0,0,0,0,0,0,0,0,0,0,0,0,0,0,0,0,0,0,0,0,0,0,0,0,0,0,0,0,0,0,0,0,0,0,0,0,0,0,0,0,0,0,0,0,0,0,0,0,0,0,0,0,0,0,0,0,0,0,0,0,0,0,0,0,0,0,0,0,0,0,0,0,0,0,0,0,0,0,0,0,0,0,0,0,0,0,0,0,0,0,0,0,0,0,0,0,0,0,0,0,0,0,0,0,0,1,0,19,77,17,0,0,0,0,0,0,0,0,0,0,0,0,0,0,0,0,0,0,0,0,0,0,0,1,0,107,140,70,111,53,48,41,26,16,5,10,0,0,0,0,0,0,0,0,0,0,0,0,0,0,1,0,0,190,141,55,131,118,129,134,138,123,134,170,26,0,1,0,0,0,0,0,0,0,0,0,0,0,3,0,32,123,53,105,150,136,138,143,150,159,145,134,55,0,3,0,0,0,0,0,0,0,0,0,0,0,7,0,44,255,93,107,192,172,165,161,156,159,150,159,55,0,3,0,0,0,0,0,0,0,0,0,0,0,1,0,25,102,77,77,122,129,136,141,141,131,122,170,16,0,3,0,0,0,0,0,0,0,0,0,0,0,3,0,150,165,82,109,100,86,84,86,86,98,70,143,35,0,3,0,0,0,0,0,0,0,0,0,0,3,0,0,175,125,82,98,98,105,100,105,113,113,96,158,55,0,3,0,0,1,0,0,0,0,0,0,1,0,0,75,195,39,53,66,89,105,105,105,104,104,95,136,75,0,3,0,0,0,0,0,0,0,0,0,0,0,71,131,39,43,77,84,109,105,100,98,102,123,138,158,123,0,0,1,0,0,0,0,1,1,0,0,0,134,71,87,34,75,77,80,91,107,123,143,152,145,113,113,140,1,0,0,0,0,0,0,0,0,0,0,16,111,23,23,64,87,114,113,138,132,114,96,84,95,80,118,154,35,0,0,0,0,0,3,7,7,16,25,64,37,77,111,122,122,118,107,98,84,91,109,109,93,84,113,147,71,0,0,10,21,26,32,35,39,37,37,93,104,86,75,80,77,80,86,87,93,118,132,114,98,93,113,147,98,0,0,26,39,37,28,30,39,43,35,43,46,48,79,100,104,105,95,86,87,87,95,95,77,68,111,100,50,0,25,79,55,44,39,41,41,50,55,70,73,82,77,93,77,70,79,82,86,96,111,129,138,141,174,167,224,37,98,183,149,129,102,84,59,52,59,52,64,62,70,84,156,195,217,224,237,233,237,233,228,233,235,233,220,55,53,168,199,204,202,199,188,177,175,170,181,190,210,235,246,226,197,195,152,175,192,179,181,183,184,179,170,53,0,8,91,154,167,183,201,211,220,219,210,206,210,177,52,1,0,0,0,127,237,199,204,211,217,222,242,89,1,0,0,0,0,17,50,57,64,73,59,53,59,0,0,0,0,0,0,77,123,100,102,122,111,89,52,0,0,0,0,0,0,0,0,0,0,0,0,0,0,0,0,0,0,0,0,0,0,0,0,0,0,0,0,0,0,0,0,0,0,0,0,0,0,0,0,0,0,0,0,0,0,0,0,0,0,0,0,0,0,0,0,0,0,0,0,0,0,0,0,0,0,0,0,0,0,0,0,0,0,0,0,0,0,0,0,0,0,0,0,0,0,0,0,0,0,0,0,0,0,0,0,0,0,0,0,0,0,0,0,0,0,0,0,0,0,0,0,0,6
0,0,0,0,0,0,0,0,0,0,0,0,0,0,0,0,0,0,0,0,0,0,0,0,0,0,0,0,0,0,0,0,0,0,0,0,0,0,0,0,0,0,0,0,0,0,0,0,0,0,0,0,0,0,0,0,0,0,0,0,0,0,0,0,0,0,0,0,0,0,0,0,0,0,0,0,0,0,0,0,0,0,0,0,0,0,0,0,0,0,0,0,0,0,0,0,0,0,0,0,0,0,0,0,0,0,0,0,0,0,0,0,0,0,0,0,0,0,0,0,0,0,0,3,0,24,116,129,155,147,115,24,0,0,0,0,0,0,0,0,0,0,0,0,0,0,0,0,0,0,0,6,0,99,226,205,224,224,245,241,215,233,217,200,179,154,146,0,0,0,0,0,0,0,0,0,0,0,0,6,0,50,204,198,199,205,195,203,207,215,221,224,223,225,210,1,0,0,0,0,0,0,0,0,0,0,0,4,0,28,205,205,205,203,209,214,197,213,214,216,210,210,162,0,0,0,0,0,0,0,0,0,3,0,0,3,0,6,241,204,204,203,204,210,199,223,213,219,215,223,147,0,0,0,0,0,0,0,0,0,1,0,0,0,0,0,238,207,200,204,204,219,205,216,225,228,214,220,62,0,0,0,0,0,0,0,0,0,0,0,0,0,0,0,234,201,201,212,206,216,209,217,218,214,209,241,10,0,0,0,0,0,0,0,0,0,0,0,5,0,119,188,222,202,212,200,190,224,228,229,217,213,217,205,0,0,0,0,0,0,0,0,0,0,1,1,0,0,208,179,194,218,206,205,190,187,209,245,241,231,228,182,0,0,1,0,0,0,0,0,0,1,3,3,0,0,224,203,219,170,191,188,255,239,191,158,201,186,201,217,0,0,0,1,1,4,2,5,6,0,0,0,0,97,188,221,226,205,221,178,168,188,172,133,177,179,191,216,0,0,1,5,0,0,0,0,0,0,0,80,155,182,198,180,216,250,254,205,184,192,219,216,232,216,204,218,0,0,0,0,0,0,0,13,50,118,171,240,201,176,192,197,200,205,240,255,255,246,246,249,220,232,204,221,5,0,0,39,149,187,197,195,217,211,219,220,233,237,214,208,205,204,206,203,239,244,215,209,214,249,205,224,27,0,0,155,195,147,183,222,214,218,219,231,241,244,248,251,254,247,241,229,221,242,242,210,254,252,219,200,68,0,112,174,214,177,198,225,219,225,230,241,241,239,242,241,251,252,244,187,180,183,185,189,189,227,221,203,51,0,164,187,183,208,243,238,252,252,248,248,249,251,253,253,241,201,174,168,166,174,184,166,169,169,174,203,145,0,15,205,205,193,196,212,219,225,227,239,249,242,213,196,187,176,188,202,208,220,224,217,210,223,209,204,188,0,0,7,128,224,213,212,209,199,198,201,194,197,196,209,220,228,255,254,216,203,206,209,209,209,205,213,208,26,0,0,0,0,54,139,216,248,246,255,255,250,251,231,117,65,42,14,39,255,212,255,242,255,200,193,185,14,0,3,0,0,0,0,0,6,18,27,33,21,5,0,0,0,0,0,0,79,25,42,17,21,0,0,0,0,0,0,0,0,0,0,0,0,0,0,0,0,0,0,0,0,0,0,0,0,0,0,0,0,0,0,0,0,0,0,0,0,0,0,0,0,0,0,0,0,0,0,0,0,0,0,0,0,0,0,0,0,0,0,0,0,0,0,0,0,0,0,0,0,0,0,0,0,0,0,0,0,0,0,0,0,0,0,0,0,0,0,0,0,6
0,0,0,0,0,0,0,0,0,0,0,0,0,0,0,0,0,0,0,0,0,0,0,0,0,0,0,0,0,0,0,0,0,0,0,0,0,0,0,0,0,0,0,0,0,0,0,0,0,0,0,0,0,0,0,0,0,0,0,0,0,0,0,0,0,0,0,0,0,0,0,0,0,0,0,0,0,0,0,0,0,0,0,0,0,0,0,0,0,0,0,0,0,0,0,0,0,0,0,0,0,0,0,175,170,0,0,0,0,0,0,0,0,0,0,0,0,0,0,0,0,0,0,2,0,0,132,143,168,172,187,198,194,173,147,136,99,58,4,0,0,0,0,0,0,0,0,0,0,0,0,2,0,0,159,202,188,203,213,213,214,212,217,211,202,203,74,0,0,0,0,0,0,0,0,0,0,1,0,2,0,6,161,184,189,193,179,209,199,184,193,190,180,171,0,0,0,0,0,0,0,0,0,0,1,1,0,4,0,0,190,221,217,238,244,235,226,222,220,205,196,185,40,0,0,0,0,0,0,0,0,0,0,0,0,4,0,68,184,172,123,144,150,154,160,166,177,197,185,194,55,0,0,0,0,0,0,0,0,0,0,0,0,0,0,57,216,203,238,253,247,246,243,246,245,231,210,206,39,0,0,0,0,0,0,0,0,0,0,0,0,0,0,132,183,189,175,189,194,193,190,189,199,179,192,187,61,0,0,0,0,0,0,0,0,0,0,0,1,0,0,172,167,183,222,213,208,212,216,213,219,222,202,206,155,0,0,0,0,0,0,0,0,0,0,0,4,0,45,185,167,198,173,170,187,198,197,193,185,190,176,176,169,0,0,0,0,0,1,0,0,0,0,0,0,0,136,181,189,175,174,198,203,208,209,210,212,204,198,177,223,69,0,0,0,0,0,1,0,0,0,1,0,4,178,169,167,171,205,192,201,192,194,192,180,181,183,162,194,114,0,0,0,0,0,0,0,0,3,0,0,132,189,191,189,176,189,198,190,194,185,177,184,190,185,175,207,107,0,0,1,0,1,0,0,4,0,0,108,185,164,164,171,198,207,215,189,196,221,232,206,189,181,168,187,139,0,1,2,1,0,5,1,0,0,116,183,155,169,162,161,181,186,192,184,174,187,201,173,179,190,183,196,135,0,0,0,0,0,0,0,20,144,177,140,172,165,168,168,175,174,202,156,119,203,197,172,172,189,179,217,71,0,0,9,0,0,12,83,162,147,128,170,173,164,154,152,141,150,185,202,193,187,177,166,181,183,178,196,0,43,150,160,150,148,162,171,147,147,165,155,164,174,171,171,193,194,190,199,237,186,191,196,184,179,184,144,0,137,152,137,143,141,134,143,162,179,165,167,180,185,198,196,178,204,198,143,49,0,62,227,180,176,188,92,0,146,169,161,161,160,156,151,159,170,190,194,201,203,197,189,212,205,35,0,0,0,25,225,183,184,183,19,0,118,175,172,161,164,167,169,179,191,201,203,197,198,195,220,159,0,0,3,3,0,0,175,186,184,160,0,0,0,56,139,184,198,216,227,224,213,202,199,203,204,255,112,0,0,1,0,0,0,0,170,201,198,156,0,0,0,0,0,0,6,39,65,107,130,157,147,154,139,64,0,0,0,0,0,3,0,0,149,177,160,80,0,0,0,0,0,0,0,0,0,0,0,0,0,0,0,0,0,0,0,0,0,0,0,0,0,0,0,0,0,0,0,0,0,0,0,0,0,0,0,0,0,0,0,0,0,0,0,0,0,0,0,0,0,0,0,0,0,0,6
0,0,0,0,0,0,0,0,0,0,0,0,0,0,0,0,0,0,0,0,0,0,0,0,0,0,0,0,0,0,0,0,0,0,0,0,0,0,0,0,0,0,0,0,0,0,0,0,0,0,0,0,0,0,0,0,0,0,0,0,0,0,0,0,0,0,0,0,0,0,0,0,0,0,0,0,0,0,0,0,0,0,0,0,0,0,0,0,0,0,0,0,0,0,0,0,0,0,0,0,0,0,0,0,0,0,0,0,0,0,0,0,0,0,0,0,0,0,0,0,0,0,0,0,0,0,0,0,0,0,2,0,0,0,0,0,0,0,0,0,0,0,0,0,0,0,0,0,0,0,0,0,0,0,59,67,19,0,0,0,0,3,13,4,5,0,4,9,0,0,0,0,0,0,0,0,0,0,0,0,4,0,189,206,164,180,132,188,178,184,195,180,199,169,173,157,0,0,0,0,0,0,0,0,0,0,0,0,2,0,133,184,155,156,194,175,164,151,155,150,183,141,142,120,0,0,0,0,0,0,0,0,0,0,0,0,2,0,114,189,174,154,168,171,161,144,154,146,160,126,164,83,0,0,0,0,0,0,0,0,0,0,0,0,2,0,106,205,186,170,180,169,166,147,137,129,141,88,183,56,0,0,0,0,0,0,0,0,0,0,0,0,4,0,90,216,190,191,209,188,181,161,147,151,156,129,208,28,0,0,0,0,0,0,0,0,0,0,0,0,3,0,59,245,164,185,198,204,195,158,138,133,149,136,190,0,0,0,0,0,0,0,0,0,0,0,0,0,2,0,56,255,124,120,137,174,194,167,146,167,149,126,153,0,0,0,0,0,0,0,0,0,0,0,0,0,2,0,40,220,168,179,172,171,189,198,161,166,140,156,159,0,0,0,0,0,0,0,0,0,0,0,0,0,0,0,82,177,181,161,190,160,188,238,207,213,190,204,211,0,0,0,0,0,0,0,0,0,0,0,0,0,0,53,230,151,189,178,199,185,121,137,174,132,107,120,169,0,0,0,3,2,1,1,0,1,0,0,0,0,50,234,188,136,130,159,166,193,176,120,142,141,147,150,191,0,0,0,0,0,0,0,0,0,0,0,0,189,228,211,117,151,176,181,178,174,196,147,133,160,136,116,203,47,0,0,21,63,14,0,0,0,34,156,217,229,180,160,164,179,170,183,156,130,136,160,198,169,167,150,186,106,0,45,227,224,213,233,201,204,241,216,202,165,174,149,176,179,181,169,158,171,136,162,161,140,115,128,150,143,21,206,187,164,178,198,203,195,183,172,170,170,166,174,173,189,185,157,154,158,148,185,133,119,115,86,129,152,2,197,201,170,96,102,142,172,161,154,149,160,170,166,175,165,171,188,197,205,203,187,187,185,189,136,197,103,0,0,73,169,209,175,142,151,125,113,143,176,178,175,171,166,171,217,214,190,162,172,165,170,166,131,214,39,0,0,0,0,20,95,162,207,203,205,202,194,199,210,220,245,229,184,156,214,194,197,198,199,194,175,238,45,0,0,2,0,0,0,0,9,71,132,161,179,184,160,113,65,2,0,0,97,134,98,85,89,80,76,107,0,0,0,0,0,0,0,0,0,0,0,0,0,0,0,0,0,0,0,0,0,0,0,0,0,0,0,0,0,0,0,0,0,0,0,0,0,0,0,0,0,0,0,0,0,0,0,0,0,0,0,0,0,0,0,0,0,0,0,0,0,0,0,0,0,0,0,0,0,0,0,0,0,0,0,0,0,0,0,0,0,0,0,0,0,6
0,0,0,0,0,0,0,0,0,0,0,0,1,0,0,52,15,0,0,0,0,0,0,0,0,0,0,0,0,0,0,0,0,0,0,0,0,0,0,0,3,0,0,197,207,192,227,57,0,3,0,0,0,0,0,0,0,0,0,0,0,0,0,0,0,0,0,0,4,0,0,203,200,193,221,173,0,0,0,0,0,0,0,0,0,0,0,0,0,0,0,0,0,0,0,0,2,0,31,207,195,193,197,187,0,0,2,0,1,3,0,0,0,0,0,0,0,0,0,0,0,0,0,0,2,0,77,209,189,195,197,238,0,0,0,0,0,0,0,0,0,0,0,0,0,0,0,0,0,0,0,0,1,0,124,211,189,199,206,246,47,29,107,149,168,181,0,0,0,0,0,0,0,0,0,0,0,0,0,0,0,0,151,210,188,196,206,213,253,255,226,219,226,194,0,0,0,0,0,0,0,0,0,0,0,2,0,1,0,0,195,200,191,200,221,147,193,220,203,206,210,177,0,0,0,0,0,0,0,0,0,0,0,1,0,2,0,7,227,191,194,205,210,229,239,219,212,214,214,228,0,0,0,0,0,0,0,0,0,0,0,0,0,1,0,61,234,182,197,200,208,180,169,208,198,206,213,233,11,0,0,0,0,0,0,0,0,0,0,0,0,0,0,152,199,185,199,199,203,217,238,220,212,204,201,223,89,0,0,0,0,0,0,0,0,0,1,0,1,0,0,214,194,193,202,198,215,201,162,211,206,214,210,216,164,0,0,0,0,0,0,0,0,0,0,0,3,0,54,199,191,200,200,198,208,209,218,229,210,205,199,209,236,0,0,0,0,0,0,0,0,0,0,2,0,0,150,202,188,198,193,201,197,212,187,202,209,216,217,206,230,60,0,0,0,0,0,0,0,0,0,2,0,0,209,193,194,194,196,196,207,212,191,234,216,194,197,201,224,96,0,0,0,0,0,0,0,0,0,2,0,68,205,188,195,190,200,200,196,216,194,191,200,206,209,199,234,151,0,0,0,0,0,0,0,0,0,0,0,150,206,183,197,199,199,200,208,214,177,208,230,206,204,194,232,88,0,0,0,0,0,0,0,0,1,0,0,214,195,195,200,205,206,209,218,208,226,222,199,189,194,193,236,43,0,0,0,0,0,0,0,0,0,0,111,228,184,197,203,206,208,213,208,230,149,171,206,214,200,181,160,0,0,0,0,0,1,3,0,0,0,17,197,195,194,201,207,209,207,214,209,191,198,242,234,167,134,178,126,0,1,4,1,0,0,0,0,0,0,155,196,190,201,208,209,209,216,200,193,206,234,120,0,0,0,200,128,0,0,0,0,0,0,0,37,87,156,183,185,196,205,207,206,224,198,195,244,137,0,0,0,0,0,207,70,0,0,19,69,89,130,153,168,165,173,191,198,198,205,211,219,194,198,239,47,0,0,0,1,0,0,209,31,0,159,207,197,177,172,171,173,191,198,195,199,201,209,219,203,200,227,5,0,1,2,0,0,0,0,205,18,0,123,197,207,201,191,183,183,192,197,202,207,210,214,204,204,226,4,0,2,0,0,0,2,0,2,199,9,0,0,0,84,156,177,189,198,204,205,204,205,207,205,211,217,4,0,1,0,0,0,0,4,0,16,194,0,0,0,0,0,0,0,45,114,161,197,219,235,231,224,157,0,0,0,0,0,0,0,0,5,0,42,197,0,0,0,1,0,0,0,0,0,0,0,2,23,22,10,0,0,0,0,0,0,0,0,0,2,0,0,62,0,0,6
0,0,0,0,0,0,0,0,0,0,0,0,0,0,0,0,0,0,0,0,0,0,0,0,0,0,0,0,0,0,0,0,0,0,0,0,0,0,0,4,0,25,158,102,70,3,0,0,0,0,0,0,0,0,0,0,0,0,0,0,0,0,0,0,0,0,0,7,0,85,234,229,227,254,206,0,0,29,53,97,147,208,14,0,0,0,0,0,0,0,0,0,0,0,0,8,0,88,220,208,208,227,255,67,226,238,242,242,234,242,47,0,0,0,0,0,0,0,0,0,0,0,0,3,0,99,222,212,222,227,204,199,237,228,221,220,209,224,45,0,0,0,0,0,0,0,0,0,0,0,0,3,0,100,232,211,225,225,214,236,230,241,248,229,218,233,104,0,0,0,0,0,0,0,0,0,0,0,0,2,0,64,223,220,228,239,212,219,134,197,227,225,220,228,221,0,0,0,0,0,0,0,0,0,0,0,0,1,0,125,227,218,229,223,236,206,120,212,138,152,180,220,196,0,0,0,0,0,0,0,0,0,0,0,0,0,0,169,227,212,215,217,214,240,201,229,242,239,235,196,159,0,0,0,0,0,0,0,0,0,0,0,1,0,0,214,231,222,221,214,208,229,235,223,221,224,200,192,216,2,0,0,0,0,0,0,0,0,0,0,0,0,21,222,224,224,228,216,216,220,217,218,210,228,240,244,251,54,0,0,0,0,0,0,0,0,0,0,4,0,113,237,220,223,228,211,213,224,220,217,217,234,238,240,255,116,0,0,0,0,0,0,0,0,0,2,0,0,212,231,221,225,226,203,215,220,223,223,220,242,243,248,212,140,0,0,0,0,0,0,0,0,0,14,0,73,231,222,225,224,227,210,218,221,220,222,222,253,222,178,188,169,0,0,0,0,0,0,0,0,0,0,0,198,231,223,226,223,226,219,221,220,220,221,243,231,185,188,206,141,0,0,0,0,0,0,0,0,1,0,49,227,218,225,226,222,226,227,220,222,221,232,207,174,190,173,181,76,0,0,0,0,0,0,0,0,0,0,185,230,224,226,225,224,226,227,217,226,226,235,164,205,160,171,202,33,0,0,0,0,0,0,1,0,0,100,255,215,227,226,225,225,225,224,221,223,225,219,213,78,0,177,203,0,0,0,0,2,4,3,0,0,51,246,210,221,227,221,226,225,225,225,223,221,237,235,31,0,0,190,142,0,1,5,0,0,0,0,0,96,241,209,218,226,222,226,225,225,225,229,217,236,252,9,0,0,0,201,113,0,0,0,0,0,22,116,194,227,206,222,225,226,225,227,225,226,225,220,230,247,0,0,2,0,0,208,78,0,0,33,125,202,233,202,199,189,212,228,225,224,225,224,225,225,225,225,250,0,0,0,0,0,0,208,31,0,79,227,223,208,199,200,197,214,232,227,225,226,225,227,223,227,217,235,68,0,4,0,2,0,4,201,19,0,117,196,185,209,219,223,223,223,220,218,220,223,226,224,226,219,235,177,0,0,0,0,4,0,17,196,0,0,2,171,172,174,182,194,215,226,229,237,235,232,229,226,225,225,247,0,0,0,0,0,3,0,26,193,0,0,0,0,53,125,173,193,193,186,195,205,211,215,217,215,206,208,62,0,0,0,0,0,5,0,53,182,0,0,0,0,0,0,0,33,100,154,182,186,212,197,185,193,223,97,0,0,1,0,0,0,6,0,58,193,0,0,0,2,4,0,0,0,0,0,0,3,57,104,119,119,51,0,0,0,0,0,0,0,2,0,4,64,0,0,6
0,0,0,0,0,0,0,0,0,0,0,0,0,0,0,0,0,0,0,0,0,0,0,0,0,0,0,0,0,0,0,0,0,0,0,0,0,0,0,0,0,0,0,0,0,0,0,0,0,0,0,0,0,0,0,0,0,0,0,0,0,0,0,0,0,0,0,0,0,0,0,0,0,0,0,0,0,0,0,0,0,0,0,0,0,0,0,0,0,0,0,0,0,0,1,1,0,0,46,23,0,0,0,0,0,0,0,0,0,0,0,0,0,0,0,0,0,0,0,0,0,0,1,4,0,13,221,227,207,106,0,0,0,0,0,0,0,0,0,0,0,0,0,0,0,0,0,0,1,0,0,4,0,121,214,165,180,184,207,208,206,206,205,205,171,167,209,21,0,0,0,0,0,0,0,0,1,0,0,0,0,171,170,149,163,177,191,189,188,188,190,199,202,203,188,0,0,0,0,0,0,0,0,0,0,0,0,0,0,199,166,164,186,194,186,189,188,187,191,198,192,195,225,0,0,0,0,0,0,0,0,0,2,0,5,0,0,201,178,186,193,211,212,201,198,195,200,218,200,214,185,0,0,0,0,0,0,0,0,0,0,3,0,21,24,163,176,179,185,206,193,186,197,205,204,213,206,207,204,0,0,0,0,0,0,0,0,0,1,6,0,125,213,191,195,195,212,212,211,207,194,200,204,197,216,207,249,40,0,0,0,0,0,0,0,0,0,4,0,39,154,175,162,166,183,170,173,177,186,203,200,217,206,204,215,0,0,0,0,0,0,0,0,0,5,5,0,132,154,174,152,156,128,125,146,179,188,187,190,202,190,191,229,25,0,0,0,0,0,0,0,0,7,0,0,194,166,191,144,103,78,145,188,183,181,197,196,174,197,192,218,87,0,1,1,1,0,0,0,0,0,0,69,153,157,135,132,111,175,195,182,180,195,192,153,166,170,144,204,145,0,0,1,0,0,0,0,2,0,20,179,173,158,141,184,190,193,177,182,190,176,138,123,143,145,178,223,157,0,1,2,2,2,1,1,1,0,1,189,156,140,160,180,185,171,178,184,172,156,159,167,185,207,204,213,117,3,0,0,0,0,0,0,0,0,84,183,178,180,175,177,183,177,182,184,187,192,194,201,195,193,185,224,102,0,0,28,23,11,0,0,0,77,148,160,184,177,171,169,177,191,184,184,161,163,168,175,187,202,209,240,108,32,157,174,202,193,167,133,144,148,151,178,162,180,182,196,200,193,162,167,213,240,233,216,213,212,213,231,94,129,167,110,69,60,167,189,148,152,111,134,176,191,197,191,177,163,198,255,178,38,139,234,196,194,197,232,84,168,200,180,127,36,10,87,78,70,108,167,174,190,196,170,170,225,204,5,0,0,139,216,197,210,203,232,69,86,191,212,206,199,175,125,113,142,182,179,174,174,163,181,231,134,0,0,0,0,157,214,197,200,199,206,49,0,4,138,199,222,217,210,198,191,178,171,175,179,205,237,112,0,0,2,3,0,138,210,191,198,202,207,50,0,0,0,0,89,178,192,202,207,215,214,218,209,206,49,0,0,1,0,3,0,123,221,202,204,196,237,51,0,1,0,0,0,0,0,3,32,47,41,33,7,0,0,0,0,0,0,1,0,3,34,14,6,0,0,0,0,0,0,0,0,0,0,0,0,0,0,0,0,0,0,0,0,0,0,0,0,0,0,0,0,0,0,0,0,0,0,0,0,0,0,0,0,0,0,0,0,0,0,0,0,0,0,0,0,0,0,0,0,0,0,0,6
0,0,0,0,0,0,0,0,0,0,0,0,0,0,0,0,0,0,0,0,0,0,0,0,0,0,0,0,0,0,0,0,0,0,0,0,0,0,0,0,0,0,0,0,0,0,0,0,0,0,0,0,0,0,0,0,0,0,0,0,0,0,0,0,0,0,0,0,0,0,0,0,0,0,0,0,0,0,0,0,0,0,0,0,0,0,0,0,0,0,0,0,0,0,0,0,0,0,0,0,0,0,0,0,0,0,0,0,0,0,0,0,0,0,0,0,0,0,0,0,0,0,0,0,0,0,0,0,0,0,0,0,0,0,5,0,73,71,0,4,0,0,0,0,0,0,0,0,0,0,0,0,0,0,0,0,1,0,0,0,0,0,6,0,134,151,0,1,0,0,0,0,0,0,0,0,0,0,0,0,0,5,1,0,0,0,3,6,2,1,0,0,66,153,0,0,0,0,0,0,0,0,0,0,0,0,0,0,0,0,0,0,0,0,0,0,0,0,0,0,152,162,0,0,0,0,0,0,0,0,0,0,0,0,0,0,0,5,0,100,255,222,98,105,138,117,210,242,255,129,0,1,0,0,0,0,0,0,0,0,0,0,0,0,0,0,0,191,255,252,255,255,255,255,252,232,255,188,0,0,0,0,0,0,0,0,0,0,0,0,0,0,0,0,0,253,242,241,230,228,220,223,230,238,252,226,0,0,0,0,0,0,0,0,0,0,0,0,1,0,2,0,80,255,239,245,242,236,235,235,235,242,241,255,0,0,0,0,0,0,0,0,0,0,0,0,0,0,0,0,226,255,240,242,244,236,237,236,236,239,231,255,31,0,0,0,0,0,0,0,0,0,0,0,0,0,0,96,255,233,244,244,242,237,237,236,238,244,233,255,165,0,0,0,0,0,0,0,0,0,0,1,0,0,40,255,255,242,240,243,239,236,238,239,235,243,235,244,255,0,0,2,0,0,0,0,1,0,0,0,0,100,255,255,234,245,240,245,239,229,229,232,230,241,240,238,255,43,0,0,0,0,0,0,0,0,0,58,214,255,249,238,242,238,240,242,238,227,227,230,239,243,241,229,255,103,0,49,199,210,198,149,117,157,230,255,255,231,240,239,237,237,239,241,239,234,237,240,241,241,244,229,255,128,0,213,255,243,247,253,248,248,247,226,233,240,235,241,238,239,242,244,242,240,244,245,240,240,245,236,255,105,114,254,249,251,243,237,232,235,238,239,235,237,240,244,241,237,238,239,243,246,249,253,249,254,248,242,255,27,0,38,150,233,231,250,255,250,243,241,241,239,239,237,243,253,255,255,255,255,245,222,213,212,220,215,235,27,0,0,0,0,16,95,176,229,255,255,255,255,255,255,255,254,180,126,31,56,253,252,246,250,246,237,255,77,0,3,2,0,0,0,0,0,7,40,67,81,80,46,15,0,0,0,0,0,40,118,84,88,74,54,54,0,0,0,0,0,2,0,0,0,0,0,0,0,0,0,0,0,0,4,0,0,0,0,0,0,0,0,0,0,0,0,0,0,0,0,0,0,0,0,0,0,0,0,0,0,0,0,0,0,0,0,0,0,0,0,0,0,0,0,0,0,0,0,0,0,0,0,0,0,0,0,0,0,0,0,0,0,0,0,0,0,0,0,0,0,0,0,0,0,0,0,0,0,0,0,0,0,0,0,0,0,0,0,0,0,0,0,0,0,0,0,0,0,0,0,0,0,0,0,0,0,0,0,0,0,0,0,0,0,0,0,0,0,0,0,0,0,0,0,0,0,6
0,0,0,0,0,0,0,0,0,0,0,0,0,0,0,0,0,0,0,0,0,0,0,0,0,0,0,0,0,0,0,0,0,0,0,0,0,0,0,0,0,0,0,0,0,0,0,0,0,0,0,0,0,0,0,0,0,0,0,0,0,0,0,0,0,0,0,0,0,0,0,0,0,0,0,0,0,0,0,0,0,0,0,0,0,0,0,0,0,0,0,0,0,0,0,0,0,0,0,0,0,0,0,0,0,0,0,0,0,0,0,0,0,0,0,0,0,0,0,0,0,0,0,0,0,0,0,0,0,0,0,0,30,77,143,163,54,0,0,0,0,0,0,0,0,0,0,0,0,0,0,1,0,0,29,57,81,85,126,240,255,255,255,235,232,42,0,0,0,0,0,0,0,0,0,0,0,0,0,4,0,192,229,233,236,235,236,234,227,223,219,221,240,208,0,0,0,0,0,0,0,0,0,0,0,0,0,3,0,191,247,229,233,235,233,229,251,254,241,225,220,198,88,0,0,0,0,0,0,0,0,0,0,0,2,0,0,136,155,145,141,127,63,10,0,0,254,223,234,192,0,0,0,0,0,0,0,0,0,0,0,0,2,2,0,0,0,0,0,0,0,0,0,0,199,234,220,255,37,0,0,0,0,0,0,0,0,0,0,0,0,2,4,6,2,3,3,4,5,3,1,0,169,237,217,255,200,0,0,0,0,0,0,0,0,0,0,1,1,0,1,0,0,0,0,0,0,0,2,0,148,255,223,222,255,33,0,0,0,0,0,0,0,0,0,0,0,0,0,0,0,0,1,0,0,0,2,0,110,255,223,220,255,121,0,0,0,0,0,0,0,1,1,0,0,0,0,0,0,0,0,0,0,0,5,0,109,255,221,222,255,93,0,0,0,0,0,0,0,0,0,0,0,0,0,0,0,0,0,0,2,0,0,0,167,253,213,223,255,27,0,0,0,0,0,0,0,0,0,0,0,0,0,0,0,0,0,0,0,0,0,77,245,226,222,233,221,0,0,0,0,0,0,0,0,6,7,3,0,0,0,1,0,0,0,0,10,179,225,245,243,229,220,238,172,0,0,0,0,0,2,6,1,0,0,0,4,0,0,1,0,0,0,108,238,229,139,52,59,194,229,239,105,0,0,0,0,0,0,0,0,46,86,0,0,0,0,0,0,0,138,252,160,0,0,0,0,0,219,244,38,0,0,2,0,0,0,35,167,204,212,195,83,0,0,0,0,150,252,122,0,0,0,0,0,0,195,235,3,0,0,0,0,0,40,248,249,170,134,87,172,107,0,0,172,251,107,0,0,2,0,0,0,0,185,223,0,0,0,0,0,0,125,79,109,161,38,219,59,167,7,147,253,126,0,0,0,0,0,0,1,0,174,208,0,0,120,213,204,182,200,174,185,128,156,0,195,102,199,250,144,0,0,1,0,0,0,0,1,0,169,195,0,0,4,76,141,193,233,255,255,255,255,219,240,246,227,137,0,0,0,1,0,0,0,0,0,0,165,188,0,0,0,0,0,0,0,0,21,51,63,113,110,66,37,0,0,0,3,4,0,0,0,0,0,0,145,162,0,0,0,0,0,0,0,0,0,0,0,0,0,0,0,0,0,0,0,0,0,0,0,0,0,0,0,0,0,0,0,0,0,0,0,0,0,0,0,0,0,0,0,0,0,0,0,0,0,0,0,0,0,0,0,0,0,0,0,0,0,0,0,0,0,0,0,0,0,0,0,0,0,0,0,0,0,0,0,0,0,0,0,0,0,0,6
0,0,0,0,0,0,0,0,0,0,0,0,0,0,0,0,0,0,0,0,0,0,0,0,0,0,0,0,0,0,0,0,0,0,0,0,0,0,0,0,0,0,0,0,0,0,0,0,0,0,0,0,0,0,0,0,0,0,0,0,0,0,0,0,0,0,0,0,0,0,0,0,0,0,0,0,0,0,0,0,0,0,0,0,0,0,0,0,0,0,0,0,0,0,0,0,0,0,0,0,0,0,0,0,0,0,0,0,0,0,0,0,0,0,0,0,0,0,0,0,0,0,0,0,0,0,0,0,0,0,0,0,0,0,0,0,0,0,0,0,0,0,0,0,0,0,0,0,0,0,0,0,0,0,0,4,0,102,79,0,4,0,2,1,0,1,0,0,0,0,0,0,0,0,0,0,0,0,1,0,0,0,1,2,0,101,43,0,1,1,0,0,1,1,0,0,0,0,0,0,0,0,0,0,0,0,0,0,0,0,5,0,14,93,89,33,0,0,2,1,0,0,0,0,0,0,0,0,0,0,0,0,0,0,0,0,0,4,0,0,75,119,120,128,65,0,1,1,0,0,0,0,0,0,0,0,0,0,0,0,0,0,0,0,1,0,15,145,91,66,64,116,138,0,0,0,1,1,34,79,0,0,0,0,0,0,0,0,0,0,0,2,0,9,100,135,180,109,119,87,82,12,0,0,73,97,100,26,0,0,0,0,0,0,0,0,0,0,0,1,0,59,165,121,161,219,187,155,114,116,76,67,97,109,90,0,0,0,0,0,0,0,0,0,0,1,0,0,0,60,207,177,160,98,185,185,153,104,136,137,117,114,86,0,0,0,0,1,1,1,2,4,7,0,0,68,141,185,216,213,184,68,199,187,189,115,95,115,121,108,82,0,0,2,3,0,0,0,0,0,0,0,95,146,179,180,205,227,224,200,210,200,93,93,159,64,96,92,99,0,0,0,0,0,0,2,22,32,34,56,198,122,126,166,192,201,245,247,144,135,62,46,218,144,122,179,197,0,0,17,161,160,193,57,123,189,177,187,197,175,157,170,179,151,135,226,79,60,71,62,234,219,203,217,185,0,0,167,179,185,178,98,152,192,181,192,179,178,202,237,246,51,30,209,210,116,57,162,223,203,208,207,186,6,95,172,167,184,186,218,200,178,189,159,62,144,255,217,241,188,150,227,211,219,225,208,205,201,211,204,204,85,125,165,194,194,194,178,179,190,203,217,221,201,186,205,207,216,216,202,213,215,216,214,217,214,214,196,181,95,145,163,165,189,202,196,210,194,171,195,206,206,206,221,225,221,210,218,218,211,181,138,124,116,112,94,91,72,9,162,163,170,178,188,189,196,187,198,208,200,203,154,111,108,113,124,128,116,103,119,122,123,123,114,130,81,0,0,48,140,182,196,190,186,183,170,170,164,174,144,129,124,121,128,144,136,133,131,133,138,132,123,119,29,0,0,0,0,0,28,69,105,141,161,161,153,153,131,71,1,0,7,51,53,68,86,83,75,69,61,36,0,0,0,0,0,0,0,0,0,0,0,0,0,0,0,0,0,0,0,0,0,0,0,0,0,0,0,0,0,0,0,0,0,0,0,0,0,0,0,0,0,0,0,0,0,0,0,0,0,0,0,0,0,0,0,0,0,0,0,0,0,0,0,0,0,0,0,0,0,0,0,0,0,0,0,0,0,0,0,0,0,0,0,0,0,0,0,0,0,0,0,0,0,0,0,0,0,0,0,0,0,0,0,0,0,0,0,0,0,0,0,0,0,6
0,0,0,0,0,0,0,0,0,0,0,0,0,0,0,0,0,0,0,0,0,0,0,0,0,0,0,0,0,0,0,0,0,0,0,0,0,0,0,0,0,0,0,0,0,0,0,0,0,0,0,0,0,0,0,0,0,0,0,0,0,0,0,0,0,0,0,0,0,0,0,0,0,0,0,0,0,0,0,69,0,0,0,0,0,0,0,0,0,0,0,0,0,1,1,1,0,3,7,8,3,5,10,2,0,0,154,184,19,0,4,0,0,0,0,0,0,0,0,0,0,0,1,2,1,0,0,0,0,0,0,0,14,175,181,31,0,0,0,0,0,0,0,0,0,0,0,0,0,4,1,1,0,67,85,91,34,129,107,7,203,233,66,0,4,0,0,0,0,0,0,0,0,0,0,0,0,2,0,3,0,105,144,151,137,189,145,197,238,188,48,0,3,3,0,0,0,0,0,0,0,0,0,0,0,1,1,1,0,0,0,0,0,0,102,239,122,0,0,0,0,0,0,0,0,0,0,0,0,0,0,0,0,1,2,1,0,0,0,0,0,0,159,239,20,0,0,0,5,110,244,62,0,0,0,0,0,0,0,0,0,0,0,0,2,0,0,2,0,0,193,213,0,0,74,180,223,239,234,71,0,0,0,0,0,0,0,1,2,1,0,1,2,0,0,5,0,29,215,180,46,216,255,244,230,209,209,59,0,0,0,0,0,0,1,0,0,0,1,1,0,0,1,1,0,38,220,212,243,244,221,222,216,202,223,59,1,0,0,2,4,1,0,1,40,0,0,1,1,3,6,0,0,75,226,218,213,210,203,202,191,184,221,67,2,1,2,0,0,0,37,150,161,109,40,0,0,2,0,0,59,240,223,232,210,201,200,201,203,203,225,75,2,3,5,0,1,85,168,162,187,198,145,68,0,0,0,75,239,206,196,214,201,178,197,196,201,184,222,56,0,0,0,0,146,190,169,205,216,217,208,140,87,0,65,253,207,189,189,188,192,218,189,201,205,191,222,56,0,40,20,8,168,202,207,231,191,202,223,232,196,97,244,222,210,205,212,212,201,184,180,187,188,190,227,37,50,213,188,147,177,214,193,211,204,202,223,233,243,245,209,193,216,193,201,188,197,183,199,212,195,189,226,22,50,200,210,223,236,232,216,213,207,219,232,246,242,199,199,210,203,206,197,199,206,198,195,202,212,199,223,20,60,213,173,173,205,229,238,224,224,227,218,221,193,214,225,213,210,210,195,205,199,196,209,191,193,203,224,13,66,220,187,211,189,199,201,186,201,189,195,195,202,200,205,216,190,192,199,195,191,202,209,194,198,199,222,18,73,216,178,223,204,209,205,219,194,189,208,194,217,207,208,192,201,201,198,204,193,194,196,193,189,195,225,31,73,214,183,199,194,208,202,200,192,222,205,190,224,210,203,211,202,183,187,218,218,186,204,214,195,197,220,16,82,203,180,195,184,192,204,210,188,210,213,211,213,209,206,209,209,209,197,199,214,197,205,213,214,212,186,5,10,189,205,209,199,199,200,199,193,191,195,205,202,204,229,242,213,232,242,210,211,202,198,208,219,219,194,0,0,0,41,120,183,221,233,230,232,224,227,235,241,212,103,14,0,0,18,106,205,235,228,236,199,196,162,0,2,0,0,0,0,0,25,52,78,90,82,50,16,0,0,0,0,0,0,0,0,8,9,5,0,0,0,0,0,0,0,0,0,0,0,0,0,0,0,0,0,0,0,0,0,0,0,0,0,0,0,0,0,0,0,0,6
0,0,0,0,0,0,0,0,0,0,0,0,0,0,0,0,0,0,0,0,0,0,0,0,0,0,0,0,0,0,0,0,0,0,0,0,0,0,0,0,0,0,0,0,0,0,0,0,0,0,0,0,0,0,0,0,0,0,0,0,0,0,0,0,0,0,0,0,0,0,0,0,0,0,0,0,0,0,0,0,0,0,0,0,0,0,0,0,0,0,0,0,0,0,0,0,0,0,0,0,0,0,0,0,0,0,0,0,0,0,0,0,0,0,0,0,0,0,0,0,0,0,0,0,0,0,0,0,0,0,0,0,0,0,0,0,0,0,0,0,0,0,0,0,0,0,0,0,0,0,0,0,0,0,1,0,0,95,100,50,37,24,5,0,0,0,0,0,0,0,0,0,0,0,0,0,0,0,0,0,0,0,3,0,28,255,218,247,255,252,249,233,178,209,57,0,0,0,0,0,0,0,0,0,0,0,0,0,0,0,3,0,152,214,197,210,209,210,211,210,209,225,44,0,0,0,0,0,0,0,0,0,0,0,0,0,0,0,0,0,181,206,198,216,211,205,208,207,206,197,0,0,0,0,0,0,0,0,0,0,0,0,0,0,0,8,0,24,248,192,204,214,219,207,198,198,209,222,0,0,0,0,0,0,0,0,0,0,0,0,0,0,0,0,0,91,235,191,219,212,215,215,204,194,208,206,0,0,0,0,0,0,0,0,0,0,0,0,0,0,0,0,0,205,208,204,215,213,205,208,213,201,204,199,0,0,0,0,0,0,0,0,0,0,0,0,0,1,0,0,76,248,180,205,211,215,210,212,214,203,203,202,0,0,0,0,0,0,0,0,0,0,0,0,4,0,0,27,225,170,186,206,210,213,212,214,211,199,200,226,1,0,0,0,0,0,0,0,0,0,3,3,0,0,84,188,150,174,195,196,203,210,213,215,216,207,196,249,56,0,0,0,2,3,5,5,5,1,0,0,4,151,170,123,165,196,210,213,206,213,212,209,203,203,202,210,152,0,0,2,0,0,0,0,0,0,12,118,174,156,129,155,188,189,197,202,203,204,196,183,179,185,189,194,216,0,0,0,0,26,36,14,39,115,186,158,114,165,196,201,201,205,207,212,208,203,200,197,201,205,199,191,240,47,0,30,147,159,159,154,164,155,107,79,92,150,172,182,195,205,210,211,209,211,202,208,209,206,210,198,224,16,0,158,201,177,167,147,108,82,105,126,151,166,172,186,197,211,209,200,199,215,215,216,219,214,217,212,236,35,91,212,195,204,205,210,207,208,198,183,178,183,198,212,211,212,217,242,251,230,223,223,222,221,227,211,248,123,54,160,191,214,217,212,211,214,213,214,212,213,215,218,224,226,248,206,158,214,211,204,206,207,208,203,215,139,0,0,0,36,121,184,203,230,239,249,252,251,247,255,146,17,0,0,0,152,255,224,255,255,255,255,255,151,0,1,0,0,0,0,0,0,0,0,0,0,3,0,0,0,0,0,0,0,73,60,35,21,10,0,0,0,0,0,0,0,0,0,0,0,0,0,0,0,0,0,0,0,0,0,0,0,0,0,0,0,0,0,0,0,0,0,0,0,0,0,0,0,0,0,0,0,0,0,0,0,0,0,0,0,0,0,0,0,0,0,0,0,0,0,0,0,0,0,0,0,0,0,0,0,0,0,0,0,0,0,0,0,0,0,0,0,0,0,0,0,0,0,0,0,0,0,0,0,0,0,0,0,0,0,0,0,0,0,0,0,0,0,0,0,0,0,0,0,6
0,0,0,0,0,0,0,0,0,0,0,0,0,0,0,0,0,0,0,0,0,0,0,0,0,0,0,0,0,0,0,0,0,0,0,0,0,0,0,0,0,0,0,0,0,0,0,0,0,0,0,0,0,0,0,0,0,0,0,0,0,0,0,0,0,0,0,0,0,0,0,0,0,0,0,0,0,0,0,0,0,0,0,0,0,0,0,0,0,0,0,0,0,0,0,0,0,0,0,0,0,0,0,0,0,0,0,0,0,0,0,0,0,0,0,0,0,0,0,0,0,0,0,0,0,0,0,0,1,6,3,0,2,2,3,0,7,43,72,0,0,0,0,0,0,0,0,0,0,0,0,0,0,0,0,2,0,0,0,0,0,0,0,0,0,85,66,0,0,0,0,0,0,0,0,0,0,0,0,0,0,0,1,0,0,104,128,0,0,55,101,96,157,124,0,0,0,0,0,0,0,0,0,0,0,0,0,0,0,0,4,0,75,206,205,194,255,233,219,213,220,38,0,1,0,0,0,0,0,0,0,0,0,0,0,0,0,0,7,0,115,192,193,220,225,211,195,207,183,0,0,0,0,0,0,0,0,0,0,0,0,0,0,0,0,1,0,0,171,204,213,236,243,234,205,202,208,48,0,0,0,0,0,0,0,0,0,0,0,0,0,0,0,0,0,74,224,208,173,152,172,223,226,212,215,173,0,0,0,0,0,0,0,0,0,0,0,0,0,0,1,0,0,171,230,132,147,208,228,126,101,130,166,245,15,0,0,0,0,0,0,0,0,0,0,0,0,0,0,0,50,188,215,98,190,254,255,76,0,10,154,231,36,0,0,0,0,0,0,0,0,0,0,0,0,1,0,0,163,215,238,149,99,168,172,118,148,241,223,222,110,0,0,0,0,0,0,0,0,0,0,0,0,0,0,94,223,204,207,232,170,159,200,252,255,238,212,215,180,0,0,0,0,0,0,0,0,0,0,0,0,0,59,250,210,200,210,221,241,248,237,239,222,220,221,219,226,0,0,2,3,4,3,0,0,1,4,0,0,43,224,216,211,199,207,216,212,210,210,215,217,224,219,215,243,44,0,0,0,0,0,0,0,0,0,0,70,206,136,104,182,206,199,208,233,214,216,223,214,222,231,211,255,84,0,0,19,15,0,0,0,0,59,158,211,155,126,156,183,203,219,234,223,218,205,196,206,219,211,163,203,37,36,172,166,158,161,155,155,179,196,164,116,183,209,192,196,225,226,205,188,209,227,200,201,148,93,127,201,6,70,209,205,187,172,172,168,150,133,141,162,167,173,194,218,217,206,229,255,211,189,207,197,199,207,215,207,0,0,42,141,209,219,212,205,201,206,204,205,201,208,207,208,221,246,170,46,0,70,221,178,189,174,189,165,0,0,0,0,36,135,201,250,249,236,224,217,213,217,232,254,178,12,0,0,0,131,254,191,206,195,205,137,0,0,0,0,0,0,0,8,69,129,176,190,198,188,161,47,0,0,2,1,0,40,168,141,149,140,182,68,0,0,0,0,0,0,0,0,0,0,0,0,0,0,0,0,0,0,0,0,0,0,0,0,0,0,0,0,0,0,0,0,0,0,0,0,0,0,0,0,0,0,0,0,0,0,0,0,0,0,0,0,0,0,0,0,0,0,0,0,0,0,0,0,0,0,0,0,0,0,0,0,0,0,0,0,0,0,0,0,0,0,0,0,0,0,0,0,0,0,0,0,0,0,0,0,0,0,0,0,0,0,0,0,0,0,0,0,0,0,0,0,0,6
0,0,0,0,0,0,0,0,0,0,0,0,0,0,0,0,0,0,0,0,0,0,0,0,0,0,0,0,0,0,0,0,0,0,0,0,0,0,0,0,0,0,0,0,0,0,0,0,0,0,0,0,0,0,0,0,0,0,0,0,0,0,0,0,0,0,0,0,0,0,0,0,0,0,0,0,0,0,0,0,0,0,0,0,0,0,0,0,0,0,0,0,0,0,0,0,0,0,0,0,0,0,0,0,0,0,0,0,0,0,0,0,0,0,0,0,0,0,0,0,0,0,0,0,0,0,0,0,0,0,0,0,0,0,0,0,0,0,0,0,0,0,0,0,0,0,0,0,0,0,0,0,0,0,0,0,0,0,0,0,0,0,0,0,0,0,0,0,0,0,0,0,0,0,0,0,0,0,0,0,0,0,0,0,0,0,0,0,0,0,0,0,0,0,0,0,0,0,0,0,0,0,0,0,0,0,0,0,0,0,0,0,7,191,108,65,0,0,0,0,0,0,0,0,0,0,0,0,0,0,0,0,0,0,0,0,0,0,3,0,136,239,231,235,244,160,202,189,149,54,0,2,0,0,0,0,0,0,0,0,0,0,0,0,0,4,0,32,219,214,219,219,230,245,240,235,249,179,0,0,0,0,0,0,0,0,0,0,0,0,0,0,1,0,0,189,206,199,216,207,220,224,225,216,227,154,0,0,0,0,0,0,0,0,0,0,0,0,0,0,3,0,68,252,171,198,205,214,232,226,230,219,232,170,0,0,0,0,0,0,1,0,0,0,0,0,1,0,0,0,226,208,188,215,217,225,232,233,226,219,222,230,15,0,0,0,0,0,2,1,0,0,6,5,0,0,29,204,216,199,199,215,221,227,231,229,225,225,219,238,119,0,1,4,2,0,1,2,0,0,0,0,0,108,214,184,189,210,218,223,227,232,233,229,230,233,214,209,194,0,0,0,0,0,0,0,0,0,7,110,203,203,172,185,212,225,228,227,227,234,234,233,231,205,188,199,220,1,0,57,118,149,143,130,169,190,211,231,195,176,207,219,216,220,226,224,227,234,232,236,216,198,182,184,238,50,62,191,145,119,103,158,212,191,197,203,201,211,214,221,222,230,231,226,232,226,222,228,225,231,225,202,244,53,158,226,210,191,175,184,206,199,201,200,194,219,217,212,225,228,218,210,219,219,233,213,208,210,219,209,234,38,0,136,194,228,231,225,220,223,216,202,196,213,219,220,222,227,233,237,247,236,223,216,209,199,207,203,216,103,0,0,0,54,146,215,245,255,255,255,255,255,255,255,255,255,226,198,134,165,255,231,255,255,255,219,255,151,0,0,0,0,0,0,0,41,71,112,118,123,126,87,43,0,0,0,0,0,91,124,84,81,61,46,28,0,0,0,0,0,0,0,0,0,0,0,0,0,0,0,0,0,0,0,0,0,0,0,0,0,0,0,0,0,0,0,0,0,0,0,0,0,0,0,0,0,0,0,0,0,0,0,0,0,0,0,0,0,0,0,0,0,0,0,0,0,0,0,0,0,0,0,0,0,0,0,0,0,0,0,0,0,0,0,0,0,0,0,0,0,0,0,0,0,0,0,0,0,0,0,0,0,0,0,0,0,0,0,0,0,0,0,0,0,0,0,0,0,0,0,0,0,0,0,0,0,0,0,0,0,0,0,0,0,0,0,0,0,0,0,0,0,0,0,0,0,0,0,0,0,0,0,0,0,0,0,0,0,0,0,0,0,0,0,0,0,0,0,0,0,0,0,0,0,6
0,0,0,0,0,0,0,0,0,0,0,0,0,0,0,0,0,0,0,0,0,0,0,0,0,0,0,0,0,0,0,0,0,0,0,0,0,0,0,0,0,0,0,0,0,0,0,0,0,0,0,0,0,0,0,0,0,0,0,0,0,0,0,0,0,0,0,0,0,0,0,0,0,0,0,0,0,0,0,0,0,0,0,0,0,0,0,0,0,0,0,0,0,0,0,0,0,0,0,0,0,0,0,0,0,0,0,0,0,0,0,0,0,0,0,0,0,0,0,0,0,0,0,0,0,0,0,0,0,0,0,0,0,0,0,0,0,0,0,0,0,0,0,0,0,0,0,0,0,1,1,0,0,0,41,97,87,73,20,0,0,0,0,0,0,0,1,1,0,0,0,0,0,0,0,0,0,0,0,1,0,0,166,156,146,184,186,97,0,0,15,31,13,0,0,0,0,0,0,0,0,0,0,0,0,0,0,2,0,18,159,150,143,140,145,189,87,87,56,77,117,37,39,7,0,0,0,0,0,0,0,0,0,1,0,1,0,6,150,156,159,154,160,167,147,114,122,85,116,117,73,64,0,0,0,0,0,0,0,0,0,0,0,2,0,0,170,155,157,166,179,186,174,103,89,154,92,95,106,20,0,0,0,0,0,0,0,0,0,1,0,1,0,0,167,164,172,195,203,205,193,156,79,113,175,56,102,16,0,0,0,0,0,0,0,0,0,0,0,1,0,0,171,166,166,180,159,150,223,109,92,61,63,124,66,8,0,0,0,0,0,0,0,0,0,0,2,2,0,0,143,161,160,150,138,156,200,142,70,141,121,78,51,0,0,0,0,1,1,1,0,1,3,1,0,0,0,49,167,159,169,145,164,169,154,162,255,218,198,146,16,0,0,0,0,2,3,2,1,0,0,0,1,25,100,126,161,147,118,112,145,126,143,141,191,207,185,156,10,0,1,0,0,0,0,0,0,1,20,69,114,150,145,121,106,160,210,171,155,201,208,196,224,220,210,164,2,0,3,0,0,6,46,74,98,117,133,141,138,130,128,135,133,112,146,209,234,218,172,160,172,183,167,180,80,0,0,1,106,142,143,137,136,136,140,138,137,136,131,133,135,146,136,141,165,142,161,171,172,179,167,177,157,0,0,107,154,135,133,135,138,148,146,143,141,145,142,152,148,147,160,177,156,137,177,166,154,157,175,176,127,0,21,117,140,155,161,177,170,166,167,160,160,167,159,166,174,176,181,196,175,185,204,194,203,194,179,180,133,0,45,140,114,123,126,143,155,161,189,201,207,210,194,196,198,189,188,180,146,148,148,145,152,155,156,156,183,41,13,143,166,155,155,151,137,126,132,133,141,143,142,146,148,148,145,143,155,161,166,167,164,161,156,148,159,12,0,1,92,159,176,191,201,201,195,193,190,185,185,185,183,184,188,194,190,190,188,186,181,167,162,156,174,18,0,0,0,0,17,51,80,90,111,116,124,132,141,142,140,140,136,130,123,124,123,119,119,121,121,102,73,0,0,0,0,0,0,0,0,0,0,0,0,0,0,0,0,0,0,0,0,0,0,0,0,0,0,0,0,0,0,0,0,0,0,0,0,0,0,0,0,0,0,0,0,0,0,0,0,0,0,0,0,0,0,0,0,0,0,0,0,0,0,0,0,0,0,0,0,0,0,0,0,0,0,0,0,0,0,0,0,0,0,0,0,0,0,0,0,0,0,0,0,0,0,0,0,0,0,0,0,0,0,0,0,0,0,0,0,0,0,0,0,0,6
0,0,0,0,0,0,0,0,0,0,0,0,0,0,0,0,0,0,0,0,0,0,0,0,0,0,0,0,0,0,0,0,0,0,0,0,0,0,0,0,0,0,0,0,0,0,0,0,0,0,0,0,0,0,0,0,0,0,0,0,0,0,0,0,0,0,0,0,0,0,0,0,0,0,0,0,0,0,0,0,0,0,0,0,0,0,0,0,0,0,0,0,0,0,0,0,0,0,0,0,0,0,0,0,0,0,0,0,0,0,0,0,0,0,0,0,0,0,0,0,0,0,0,0,0,152,180,128,16,0,0,0,0,0,0,0,0,37,140,51,0,0,0,0,0,0,0,0,0,0,2,0,0,168,183,169,176,174,140,96,50,35,7,0,0,88,33,144,0,0,0,0,0,0,0,0,0,0,3,0,38,184,188,186,197,210,208,218,213,205,204,177,161,53,77,101,0,0,0,0,0,0,0,0,0,0,0,0,93,189,177,207,223,212,213,212,211,212,204,218,234,125,141,0,0,0,0,0,0,0,0,0,0,0,0,0,144,191,193,208,216,219,218,221,221,216,215,200,192,126,0,0,0,0,0,0,0,0,0,0,0,1,0,0,199,196,212,213,211,220,220,220,220,216,216,209,172,0,0,0,0,0,0,0,0,0,0,0,0,2,0,54,198,192,190,195,210,220,220,216,220,219,222,204,125,0,4,0,0,0,0,0,0,0,0,0,0,4,0,123,199,178,162,184,222,222,221,227,223,213,206,211,0,0,0,0,0,0,0,0,1,0,0,0,4,1,0,173,191,169,180,222,226,222,214,203,200,192,207,223,1,0,0,0,0,0,0,0,0,4,6,0,0,0,5,194,183,160,185,211,188,200,219,229,219,206,195,195,58,0,1,0,0,0,1,4,0,0,0,0,11,79,202,213,174,206,192,150,214,246,238,210,192,199,198,213,116,0,1,0,0,3,0,0,0,3,93,170,214,214,136,127,214,169,191,246,248,218,198,192,200,208,209,210,143,0,0,0,0,0,0,22,132,166,188,165,129,36,32,144,188,212,255,226,202,214,210,204,201,197,212,209,185,0,0,2,0,45,130,176,180,167,127,64,118,194,234,225,198,248,202,200,222,218,213,209,202,195,209,213,188,23,0,1,4,160,171,163,175,116,87,131,143,190,204,175,213,210,209,225,219,216,217,215,207,196,205,212,205,115,0,0,16,112,140,154,172,144,153,171,168,172,190,210,220,201,214,204,206,209,215,219,215,206,203,209,216,133,0,0,41,91,80,137,180,198,202,203,203,201,207,217,219,207,204,207,205,203,206,211,211,208,209,205,170,73,0,0,10,88,108,87,78,100,141,157,169,177,182,183,182,193,195,192,189,191,197,194,196,195,178,134,127,56,0,2,0,0,14,56,94,93,95,96,92,90,95,99,99,105,109,111,122,129,131,139,141,142,128,129,140,12,0,1,1,0,0,0,0,0,6,17,17,15,11,6,1,2,3,4,6,14,21,26,28,27,44,29,5,0,1,0,0,0,0,0,0,0,0,0,0,0,0,0,0,0,0,0,0,0,0,0,0,0,0,0,0,0,0,0,0,0,0,0,0,0,0,0,0,0,0,0,0,0,0,0,0,0,0,0,0,0,0,0,0,0,0,0,0,0,0,0,0,0,0,0,0,0,0,0,0,0,0,0,0,0,0,0,0,0,0,0,0,0,0,0,0,0,0,0,0,0,0,0,0,0,0,0,0,0,0,0,0,0,0,0,0,0,0,0,0,0,0,0,6
0,0,0,0,0,0,0,0,0,0,0,0,0,0,0,0,0,0,0,0,0,0,0,0,0,0,0,0,0,0,0,0,0,0,0,0,0,0,0,0,0,0,0,0,0,0,0,0,0,0,0,0,0,0,0,0,0,0,0,0,0,0,0,0,0,0,0,0,0,0,0,0,0,0,0,0,0,0,0,0,0,0,0,0,0,0,0,0,0,0,0,0,0,0,0,0,0,0,0,0,0,0,0,0,0,0,0,0,0,0,0,0,0,0,0,0,0,0,0,0,0,0,0,0,0,0,0,0,0,0,0,0,0,0,0,0,0,0,0,0,0,0,0,0,0,0,0,0,0,0,0,1,0,2,0,0,23,0,0,0,0,0,0,0,0,0,0,0,0,0,0,0,0,0,0,0,0,0,0,1,0,2,0,21,164,193,104,0,3,0,0,13,94,91,5,0,0,0,0,0,0,0,0,0,0,0,0,0,0,1,0,74,145,166,174,181,182,177,186,177,156,164,32,0,0,0,0,0,0,0,0,0,0,0,0,0,0,0,0,126,148,161,165,163,157,160,174,152,137,142,15,0,0,0,0,0,0,0,0,0,0,0,0,0,0,0,37,161,138,164,164,162,166,164,166,147,151,173,8,0,0,0,0,0,0,0,0,0,0,0,0,0,0,0,97,151,143,160,167,168,164,164,167,144,155,171,0,0,0,0,0,0,0,0,0,0,1,0,1,2,0,8,147,133,153,165,174,170,165,174,167,144,163,168,0,0,0,0,0,0,0,0,0,0,1,3,0,0,0,100,153,139,152,168,174,172,173,175,162,154,155,195,29,0,0,0,0,1,1,0,0,0,0,1,5,0,66,156,138,149,148,166,179,170,171,178,160,157,146,185,99,0,0,0,0,0,1,1,0,0,3,2,0,51,148,128,129,119,142,170,177,169,168,175,154,157,146,161,141,0,1,0,0,1,0,1,1,1,0,0,58,131,119,133,84,93,149,170,169,167,164,177,145,156,151,150,166,12,2,4,3,0,0,0,0,0,2,79,112,78,104,90,77,135,148,164,176,170,173,158,109,149,150,148,164,25,0,0,0,0,3,8,30,58,83,49,26,83,66,66,136,161,148,150,150,155,144,122,147,164,155,152,167,21,0,41,89,75,52,45,60,66,46,64,88,76,104,158,158,161,169,158,158,144,138,143,133,133,136,118,140,6,14,133,135,121,105,94,108,122,144,152,135,161,181,168,162,146,118,116,128,136,147,146,157,178,199,192,229,30,111,197,172,165,153,151,153,143,143,147,153,144,130,142,145,160,183,253,255,211,209,208,210,211,205,201,202,28,0,49,139,186,210,217,219,214,204,194,192,189,189,203,212,238,160,81,0,9,240,241,230,227,219,215,214,73,0,0,0,0,25,43,77,114,140,179,190,189,181,118,29,0,0,0,0,0,110,94,71,62,44,37,35,1,2,0,1,0,0,0,0,0,0,0,0,0,0,0,0,0,2,1,0,0,0,0,0,0,0,0,0,0,0,0,0,0,0,0,0,0,0,0,0,0,0,0,0,0,0,0,0,0,0,0,0,0,0,0,0,0,0,0,0,0,0,0,0,0,0,0,0,0,0,0,0,0,0,0,0,0,0,0,0,0,0,0,0,0,0,0,0,0,0,0,0,0,0,0,0,0,0,0,0,0,0,0,0,0,0,0,0,0,0,0,0,0,0,0,0,0,0,0,0,0,0,0,0,0,0,0,0,0,0,0,0,0,0,0,0,0,0,0,0,0,6
0,0,0,0,0,0,0,0,0,0,0,0,0,0,0,0,0,0,0,0,0,0,0,0,0,0,0,0,0,0,0,0,0,0,0,0,0,0,0,0,0,0,0,0,0,0,0,0,0,0,0,0,0,0,0,0,0,0,0,0,0,0,0,0,0,0,0,0,0,0,0,0,0,0,0,0,0,0,0,0,0,0,0,0,0,0,0,0,0,0,0,0,0,0,0,0,0,1,0,0,0,0,0,39,99,84,0,0,0,0,0,0,0,0,0,0,0,0,0,0,0,0,0,0,0,0,5,0,110,194,209,231,227,237,241,106,56,25,70,13,0,0,0,0,0,0,0,0,0,0,0,0,0,0,0,0,138,192,213,223,210,218,220,225,227,219,234,76,0,0,0,0,0,0,0,0,0,0,0,0,0,3,0,0,192,223,219,223,220,213,203,212,213,200,207,30,0,0,0,0,0,0,0,0,0,0,0,0,0,1,0,52,231,220,218,239,213,201,226,211,212,205,230,1,0,0,0,0,0,0,0,0,0,0,0,0,0,0,0,126,229,218,214,243,201,216,230,206,213,202,217,0,0,0,0,0,0,0,0,0,0,0,0,0,0,0,0,185,218,218,205,221,218,225,210,213,209,204,219,0,0,0,0,0,0,0,0,0,0,0,0,0,0,0,0,216,210,224,205,206,222,210,219,218,203,207,192,0,0,0,0,0,0,0,0,0,0,0,0,0,0,0,101,213,224,223,238,220,200,197,205,199,204,208,198,0,0,0,0,0,0,0,0,0,3,3,0,3,0,31,207,187,211,219,197,226,216,208,194,202,202,206,235,0,0,0,0,0,0,0,0,0,0,2,0,0,0,176,188,191,197,209,186,153,226,230,222,222,216,208,248,11,0,0,0,0,0,0,0,0,0,0,6,0,0,194,210,215,210,221,207,190,204,226,221,217,205,200,231,20,0,0,2,2,1,0,0,1,3,3,0,0,141,222,212,233,217,202,219,236,228,216,223,217,192,199,241,58,0,0,0,0,0,0,0,0,0,0,0,140,225,106,94,199,234,208,177,208,217,212,209,210,202,200,231,96,0,0,0,0,0,0,0,0,0,55,177,210,61,0,115,223,217,239,255,254,244,227,216,227,221,205,224,131,0,77,180,141,150,140,138,165,195,207,146,30,27,161,255,241,226,216,213,220,226,215,210,228,228,213,221,133,0,148,203,151,110,144,155,122,85,62,76,148,232,248,231,218,199,190,184,185,190,173,175,178,190,188,220,89,0,171,226,229,214,202,181,169,172,199,229,239,232,219,208,187,184,197,199,217,225,222,229,227,223,210,237,127,41,197,191,209,221,229,232,253,250,229,217,209,202,205,193,201,215,221,254,250,212,208,210,207,205,193,212,140,54,203,219,199,195,199,201,210,212,208,213,214,208,204,214,224,222,238,165,112,207,206,208,210,213,201,214,127,0,41,174,208,223,224,216,210,206,206,204,203,203,202,206,187,84,0,0,0,226,204,200,201,197,196,204,127,0,0,0,0,87,154,219,253,255,255,255,235,217,255,80,0,0,0,0,1,255,225,221,255,228,223,255,136,0,0,0,0,0,0,0,0,31,52,77,31,64,47,0,0,5,2,0,0,61,89,81,81,89,60,35,0,0,0,0,0,0,0,0,0,0,0,0,0,0,0,0,0,0,0,0,0,0,0,0,0,0,0,0,0,0,0,0,0,0,0,0,0,0,0,0,0,0,0,0,0,0,0,0,0,0,0,0,0,0,0,0,0,6
0,0,0,0,0,0,0,0,0,0,1,1,0,0,0,0,0,0,0,0,0,1,0,0,0,0,46,81,0,0,0,0,0,0,0,0,0,0,0,0,4,0,127,198,181,185,20,0,0,0,0,0,0,0,147,48,0,0,0,0,0,0,0,0,0,0,0,0,6,0,166,233,207,216,207,166,144,125,103,101,166,214,97,0,0,0,0,0,0,0,0,0,0,1,0,1,0,0,198,221,209,203,206,227,212,218,223,226,228,237,21,0,0,0,0,0,0,0,0,0,0,0,0,3,0,0,220,226,220,215,200,196,193,193,207,209,231,146,0,0,0,0,0,0,0,0,0,0,0,0,0,4,0,8,212,222,227,213,205,206,204,213,210,214,228,17,0,0,0,0,0,0,0,0,0,0,0,0,0,6,0,26,228,219,228,205,199,202,206,213,204,223,219,0,0,1,0,0,0,0,0,0,0,0,0,3,0,8,0,48,227,215,216,205,199,203,213,208,208,232,154,0,0,0,0,0,0,0,0,0,0,0,0,0,0,7,0,83,228,213,210,198,201,207,212,210,213,225,81,0,0,0,0,0,0,0,0,0,0,0,0,1,0,0,0,135,227,214,211,198,203,210,210,211,214,243,38,0,0,0,0,0,0,0,0,0,0,0,0,0,0,0,0,193,222,211,199,200,210,212,211,215,212,229,103,0,0,0,0,0,0,0,0,0,0,0,0,3,4,0,16,230,209,210,198,207,212,211,209,218,217,225,216,0,0,1,0,0,0,0,0,0,0,0,0,0,4,0,114,212,206,211,198,208,211,211,210,217,225,215,230,74,0,1,0,0,0,0,0,0,0,0,0,3,0,0,222,208,210,211,200,209,209,212,212,219,220,216,229,200,0,0,0,0,0,0,0,0,0,0,0,6,0,95,217,199,215,210,199,210,211,210,209,218,224,227,215,215,32,0,0,0,0,0,0,0,0,0,1,0,0,223,203,205,216,209,201,211,212,211,205,210,222,216,204,218,59,0,0,0,0,0,0,0,1,0,0,0,107,239,198,220,221,199,205,206,207,205,199,204,205,215,207,222,60,0,0,0,0,0,1,0,1,4,0,1,240,205,205,216,215,200,205,207,198,199,200,207,219,222,212,216,39,0,0,0,0,0,0,3,1,0,0,146,226,203,224,217,214,207,209,208,208,203,205,226,231,213,216,233,7,0,0,0,3,6,8,1,0,0,32,246,208,218,216,217,208,208,209,213,204,230,237,220,223,215,216,240,11,0,2,0,0,0,0,0,0,19,211,232,210,213,217,215,208,207,206,208,244,226,37,230,223,216,215,240,5,0,0,0,42,96,108,118,178,237,216,199,214,215,212,220,214,209,204,247,195,0,0,248,223,218,221,243,3,0,0,170,212,214,215,225,223,211,213,212,202,206,207,211,219,202,230,159,0,0,0,244,220,220,224,239,0,0,56,227,200,200,208,203,205,211,204,209,220,217,208,218,205,226,200,0,0,0,0,244,220,218,223,240,0,0,102,244,236,224,219,213,205,197,210,208,219,217,219,215,235,238,0,0,1,0,6,217,221,218,222,200,0,0,0,114,181,221,241,247,243,234,229,228,220,221,224,241,246,0,0,0,1,0,21,214,217,211,215,194,0,0,0,0,0,4,51,102,165,212,242,251,255,255,245,182,0,0,4,0,6,0,0,249,234,221,235,242,0,0,2,2,0,0,0,0,0,0,0,0,7,6,0,0,0,0,0,0,1,0,0,98,118,109,116,68,0,0,6
0,0,0,0,0,0,0,0,0,0,0,0,0,0,0,0,0,0,0,0,0,0,0,0,0,0,0,0,0,0,0,0,0,0,0,0,0,0,0,0,0,0,0,0,0,0,0,0,0,0,0,0,0,0,0,0,0,0,0,0,0,0,0,0,0,0,0,0,0,0,0,0,0,0,0,0,0,0,0,0,0,0,0,0,0,0,0,0,0,0,0,0,0,0,0,0,0,0,0,0,0,0,0,0,0,0,0,0,0,0,0,0,0,0,0,0,0,0,0,0,0,0,0,0,0,0,0,0,0,0,0,0,0,0,0,0,0,0,0,0,0,0,0,0,0,0,0,0,0,0,0,0,0,0,0,0,16,100,14,0,0,0,0,0,0,2,1,0,0,0,0,0,0,0,0,0,0,0,0,0,0,0,0,24,117,198,168,137,13,0,0,0,0,0,0,0,0,0,0,0,0,0,0,0,0,0,0,0,0,5,0,122,180,184,161,150,155,133,124,136,114,9,0,2,0,0,0,0,0,0,0,0,0,0,0,0,2,0,11,145,180,201,175,153,168,178,160,142,143,91,0,0,0,0,0,0,0,0,0,0,0,0,0,0,2,0,0,171,198,205,162,112,125,140,149,143,150,122,0,0,0,0,0,0,0,0,0,0,0,0,0,0,1,0,74,188,202,203,194,181,154,150,136,131,132,160,22,52,0,0,0,0,0,0,0,0,0,0,0,0,0,0,144,184,179,192,218,217,211,214,200,194,176,167,44,35,0,0,0,0,0,0,0,0,0,0,1,0,0,69,185,175,198,201,205,204,211,209,209,202,209,168,0,0,0,0,0,0,0,0,0,0,2,0,0,0,107,158,162,159,166,201,198,195,196,206,205,197,204,197,0,0,0,0,1,4,5,5,0,0,0,0,20,143,167,164,150,141,185,205,215,225,218,200,205,203,194,199,0,0,0,0,0,0,0,0,0,0,0,57,157,159,144,136,157,183,186,172,174,186,198,209,195,179,179,182,17,0,2,0,0,55,66,79,98,124,151,165,160,163,165,185,184,184,194,199,194,185,184,196,188,185,189,200,76,0,0,13,134,141,155,159,159,145,128,140,155,182,183,192,196,193,205,220,216,217,204,202,193,209,197,199,130,0,0,102,179,149,139,124,134,157,168,186,219,218,224,224,226,218,195,193,211,215,213,195,195,210,192,198,156,0,12,136,184,198,189,187,185,187,193,197,207,211,201,199,192,195,198,182,176,190,186,175,198,204,205,200,160,0,49,117,115,167,201,209,211,210,211,208,208,209,208,209,211,214,222,228,223,231,226,249,255,204,192,175,182,18,0,94,129,97,90,128,164,187,199,205,218,221,224,204,200,197,174,153,131,111,101,100,87,62,54,40,45,1,0,0,20,90,126,121,118,117,110,116,120,124,117,117,122,123,122,125,115,91,94,109,112,117,130,135,155,41,3,3,0,0,0,10,48,62,87,105,85,73,65,53,44,28,3,23,62,69,86,88,86,77,67,53,14,0,0,0,0,0,0,0,0,0,0,0,0,0,0,0,0,0,0,0,0,0,0,0,0,0,0,0,0,0,0,0,0,0,0,0,0,0,0,0,0,0,0,0,0,0,0,0,0,0,0,0,0,0,0,0,0,0,0,0,0,0,0,0,0,0,0,0,0,0,0,0,0,0,0,0,0,0,0,0,0,0,0,0,0,0,0,0,0,0,0,0,0,0,0,0,0,0,0,0,0,0,0,0,0,0,0,0,0,0,0,0,0,0,6
0,0,0,0,0,0,0,0,0,0,0,0,0,0,0,0,0,0,0,0,0,0,0,0,0,0,0,0,0,0,0,0,0,0,0,0,0,0,0,0,0,0,0,0,0,0,0,0,0,0,0,0,0,0,0,0,0,0,0,0,0,0,0,0,0,0,0,0,0,0,0,0,0,0,0,0,0,0,0,0,0,0,0,0,0,0,0,0,0,0,0,0,0,0,0,0,0,0,0,0,0,0,0,0,0,0,0,0,0,0,0,0,0,0,0,0,0,0,0,0,0,0,0,0,0,0,0,0,0,0,0,0,0,0,0,0,0,0,0,0,0,0,0,0,0,0,0,0,0,0,0,0,0,0,0,0,0,0,0,0,0,0,0,0,0,0,0,34,0,0,0,0,0,0,0,0,0,0,0,0,0,0,0,0,7,153,160,161,173,166,168,167,135,113,226,128,0,0,0,0,0,0,0,0,0,0,0,0,0,0,0,0,229,231,242,255,255,240,231,250,246,255,71,0,0,0,0,0,0,0,0,0,0,0,0,0,0,8,0,82,206,211,240,244,237,223,216,231,222,226,4,0,0,0,0,0,0,0,0,0,0,0,0,1,0,6,0,168,242,234,246,243,232,234,245,232,233,244,0,0,0,0,0,0,0,0,0,0,0,0,0,0,0,0,0,255,240,244,243,243,237,240,243,221,236,226,0,0,0,0,0,0,0,0,0,0,0,0,0,0,0,0,156,255,230,241,249,240,241,248,240,218,250,212,0,0,0,0,0,0,0,0,0,0,0,3,2,0,0,86,255,231,240,186,198,239,248,248,230,223,255,193,0,0,0,0,0,0,0,0,0,0,0,0,0,0,124,255,230,235,233,195,196,240,246,234,227,229,248,212,0,0,0,0,0,2,1,0,0,0,1,0,0,180,158,215,255,234,207,212,228,243,237,225,234,225,243,251,0,0,0,1,1,0,0,0,0,0,0,0,139,255,57,234,177,192,219,230,238,238,230,231,232,229,219,255,72,0,1,0,0,7,0,0,0,0,0,154,255,201,255,226,171,231,220,214,225,225,223,227,222,229,198,237,163,0,0,0,196,151,149,155,88,100,133,102,133,217,224,223,210,197,216,231,233,229,226,223,220,222,211,239,190,0,0,135,255,214,177,190,210,235,193,209,249,255,240,240,251,250,240,238,228,230,230,230,233,234,225,248,194,0,118,246,224,252,255,253,251,239,255,244,229,231,234,247,240,234,227,221,221,224,227,225,227,230,232,228,255,51,85,236,230,218,212,224,235,243,247,246,250,248,242,220,215,214,229,249,250,233,223,227,225,223,220,220,227,74,0,24,171,255,237,235,237,244,238,235,235,236,231,239,243,255,255,217,200,255,230,223,228,226,225,224,239,78,0,0,0,0,59,132,193,220,250,253,246,242,225,182,120,41,0,0,0,126,255,254,255,255,255,237,245,49,1,1,0,0,0,0,0,0,0,0,0,0,0,0,0,0,0,0,0,0,19,7,0,0,0,0,0,0,0,0,0,0,0,0,0,0,0,0,0,0,0,0,0,0,0,0,0,0,0,0,0,0,0,0,0,0,0,0,0,0,0,0,0,0,0,0,0,0,0,0,0,0,0,0,0,0,0,0,0,0,0,0,0,0,0,0,0,0,0,0,0,0,0,0,0,0,0,0,0,0,0,0,0,0,0,0,0,0,0,0,0,0,0,0,0,0,0,0,0,0,0,0,0,0,0,0,0,0,0,0,0,0,0,0,0,0,0,0,0,0,6
0,0,0,0,0,0,0,0,0,0,0,0,0,0,0,0,0,0,0,0,0,0,0,0,0,0,0,0,0,0,0,0,0,0,0,0,0,0,0,0,0,1,0,0,89,77,49,67,28,32,18,0,0,0,0,0,0,0,0,0,0,0,0,0,0,0,0,0,0,1,0,0,187,182,240,255,192,223,246,195,187,202,23,0,0,0,0,0,0,0,0,0,0,0,0,0,0,3,0,0,114,161,194,213,217,165,179,179,235,215,59,0,0,0,0,0,0,0,0,0,0,0,0,0,0,5,0,30,185,189,165,167,250,212,137,232,193,181,29,0,0,0,0,0,0,0,0,0,0,0,0,0,0,6,0,30,211,181,180,174,181,252,255,216,164,222,23,0,0,0,0,0,0,0,0,0,0,0,0,0,1,3,0,39,218,201,147,193,174,179,186,166,184,167,0,0,0,0,0,0,0,0,0,0,0,0,0,0,1,0,0,79,194,219,187,160,190,182,178,182,179,188,0,0,0,0,0,0,0,0,0,0,0,0,0,0,2,0,0,129,181,173,252,156,208,204,222,171,214,148,0,1,0,0,0,0,0,0,0,0,0,0,0,0,2,0,0,159,227,166,204,215,222,151,185,190,211,81,0,0,0,0,0,0,0,0,0,0,0,0,0,0,0,0,33,207,204,187,150,213,255,130,220,238,187,129,0,0,0,0,0,0,0,0,0,0,0,1,0,0,0,0,88,217,182,166,202,150,246,119,222,186,202,144,0,0,0,0,0,0,0,0,0,0,0,5,0,0,0,4,246,199,184,205,199,198,158,159,170,173,192,200,0,0,0,0,0,0,0,0,0,0,0,1,0,3,0,124,215,193,213,208,181,183,245,225,245,174,183,243,65,0,0,0,0,0,0,0,0,0,0,0,2,0,0,168,197,209,175,167,185,250,184,68,199,246,183,196,181,0,0,0,0,0,0,0,0,0,0,1,0,0,128,204,208,196,172,179,255,166,89,111,85,228,212,178,242,32,0,0,0,0,1,0,0,0,0,0,0,116,204,191,209,176,194,254,163,109,144,139,139,103,235,203,218,71,0,0,0,0,0,0,0,1,0,0,73,237,155,201,194,202,251,147,120,160,159,171,155,146,110,249,203,100,0,0,0,0,0,0,4,0,0,76,184,185,169,219,206,253,122,119,151,143,121,108,156,151,121,120,255,91,0,0,2,2,0,0,0,4,139,172,173,166,177,231,183,199,197,111,143,142,90,113,112,119,128,181,234,15,0,0,0,0,0,0,56,203,180,128,209,195,194,201,162,102,255,152,117,142,159,152,173,204,226,212,215,4,0,0,0,76,137,197,245,204,160,215,218,158,227,217,194,152,140,220,159,168,99,236,223,208,195,192,223,0,0,101,174,170,169,197,118,99,126,217,168,134,224,206,194,103,102,254,159,0,0,226,198,192,203,194,214,0,105,193,170,160,170,159,126,168,201,206,183,216,213,200,161,199,186,31,0,0,0,228,202,200,200,193,212,0,44,193,217,218,224,191,198,200,192,210,115,181,206,197,218,145,0,0,0,0,0,220,197,194,192,188,209,0,0,0,46,109,169,196,216,231,252,222,169,248,220,231,87,0,0,1,1,0,0,249,211,206,241,201,242,19,0,0,0,0,0,0,0,9,40,65,93,122,86,2,0,0,0,0,1,0,0,107,82,60,47,43,22,0,0,0,0,0,0,0,0,0,0,0,0,0,0,0,0,0,0,0,0,0,0,0,0,0,0,0,0,0,6
0,0,0,0,0,0,0,0,0,0,0,0,0,0,0,0,0,0,0,0,0,0,0,0,0,0,0,0,0,0,0,0,0,0,0,0,0,0,0,0,0,0,0,0,0,0,0,0,0,0,0,0,0,0,0,0,0,0,0,0,0,0,0,0,0,0,0,0,0,0,0,0,0,0,0,0,0,0,0,0,0,0,0,0,0,0,0,0,0,0,0,0,0,0,0,0,0,0,0,0,0,0,0,0,0,0,0,0,0,0,0,0,0,0,0,0,0,0,0,0,0,0,0,0,0,0,0,0,0,0,0,0,0,0,0,0,0,0,0,0,0,0,0,0,0,0,0,0,0,0,0,0,0,0,0,0,0,0,0,0,0,0,0,0,0,0,0,0,0,0,0,0,0,0,0,0,0,0,0,0,0,0,1,2,0,0,0,0,0,0,36,96,166,84,0,0,0,0,0,0,0,0,0,0,0,0,0,0,0,4,0,0,0,43,113,171,232,255,255,237,249,178,0,0,0,0,0,0,0,0,0,0,0,0,0,0,1,0,0,124,211,236,244,245,236,226,225,220,234,206,0,0,0,0,0,0,0,0,0,0,0,0,0,0,0,0,167,244,223,222,223,225,221,231,233,226,229,244,0,0,0,0,0,0,0,0,0,0,0,0,0,0,0,82,233,213,221,228,227,231,229,228,231,226,225,230,15,0,0,0,0,0,0,0,0,0,0,1,3,0,37,255,219,221,228,228,231,229,229,227,228,226,219,238,61,0,0,0,0,0,0,0,0,3,5,0,0,49,242,220,216,227,227,224,227,226,225,225,224,221,214,237,150,0,0,0,2,5,2,0,0,0,0,0,79,255,225,214,224,228,228,226,227,226,225,225,223,226,216,234,211,0,0,3,0,0,0,0,0,15,95,182,255,222,220,227,226,226,227,227,226,226,225,225,226,226,220,229,245,0,10,0,0,18,72,135,211,255,232,230,217,219,225,229,227,227,228,230,231,229,228,226,227,223,224,224,255,14,0,0,175,227,235,234,227,219,214,213,223,227,222,226,230,227,230,233,227,229,235,233,229,236,237,229,255,0,5,176,233,217,218,219,220,217,220,224,222,223,225,221,224,234,238,238,243,243,241,232,228,224,223,219,250,57,53,214,192,209,213,219,220,221,227,227,225,226,233,231,226,223,220,214,207,198,194,185,189,186,198,201,200,89,0,145,193,206,212,210,212,213,214,212,213,214,214,215,219,224,225,255,230,209,204,212,217,220,221,222,219,116,0,0,3,58,129,165,183,207,215,222,231,235,233,215,193,158,94,22,46,255,249,220,216,194,184,174,170,73,0,0,0,0,0,0,0,0,0,0,0,0,0,0,0,0,0,0,0,51,0,0,0,0,0,0,0,0,0,0,0,0,0,0,0,0,0,0,0,0,0,0,0,0,0,0,0,0,0,0,0,0,0,0,0,0,0,0,0,0,0,0,0,0,0,0,0,0,0,0,0,0,0,0,0,0,0,0,0,0,0,0,0,0,0,0,0,0,0,0,0,0,0,0,0,0,0,0,0,0,0,0,0,0,0,0,0,0,0,0,0,0,0,0,0,0,0,0,0,0,0,0,0,0,0,0,0,0,0,0,0,0,0,0,0,0,0,0,0,0,0,0,0,0,0,0,0,0,0,0,0,0,0,0,0,0,0,0,0,0,0,0,0,0,0,0,0,0,0,0,0,0,0,0,0,0,0,0,0,0,0,0,0,0,0,0,0,0,0,0,0,0,0,0,0,0,6
0,0,0,0,0,0,0,0,0,0,0,0,0,0,0,0,0,0,0,0,0,0,0,0,0,0,0,0,0,0,0,0,0,0,0,0,0,0,0,0,0,0,0,0,0,0,0,0,0,0,0,0,0,0,0,0,0,0,0,0,0,0,0,0,0,0,0,0,0,0,0,0,0,0,0,0,0,0,0,0,0,0,0,0,0,0,0,0,0,0,0,0,0,0,0,0,0,0,0,0,0,0,0,0,0,0,0,0,0,0,0,0,0,0,0,0,0,0,0,0,0,0,0,0,0,0,0,0,0,0,0,0,0,0,0,0,0,0,0,0,0,0,0,0,0,0,0,0,0,0,0,0,0,0,0,0,153,112,0,0,0,0,0,0,0,2,6,0,0,0,0,0,0,0,0,0,0,0,0,0,0,7,0,13,218,234,58,0,10,0,0,0,0,0,0,0,0,0,0,0,0,0,0,0,0,0,0,0,0,1,0,134,236,219,232,255,255,220,253,234,184,183,165,0,0,0,0,0,0,0,0,0,0,0,0,0,3,0,3,208,233,227,235,232,232,238,241,240,238,238,200,0,0,0,0,0,0,0,0,0,0,0,0,0,5,0,78,208,209,237,237,230,235,227,230,233,225,237,160,0,0,0,0,0,0,0,0,0,0,0,0,0,0,0,105,212,202,199,236,254,236,237,235,237,227,238,154,0,0,0,0,0,0,0,0,0,0,0,0,3,0,2,208,187,251,196,81,229,231,230,237,235,230,237,128,0,0,0,0,0,2,0,2,1,0,2,4,0,0,113,225,219,139,187,235,241,240,232,236,233,235,247,126,0,0,0,0,0,0,1,0,0,0,7,0,0,0,235,193,228,202,123,255,236,237,236,234,241,235,238,174,0,0,0,0,0,1,2,3,3,0,0,0,35,204,232,210,75,253,255,235,236,233,238,241,238,220,208,218,0,0,2,3,1,0,0,0,0,0,61,174,235,255,136,150,228,227,225,235,241,235,248,228,205,203,201,242,19,5,0,0,0,0,0,0,46,187,255,234,142,143,228,161,255,229,235,235,229,250,218,186,214,220,211,247,49,0,17,153,184,197,213,243,220,233,120,151,211,126,255,248,231,232,232,232,246,227,174,210,205,219,223,246,75,0,195,225,206,206,202,210,211,224,166,139,255,252,225,228,235,238,237,239,239,208,219,227,212,217,208,226,56,25,195,212,212,208,206,201,219,217,233,246,218,227,232,234,234,237,243,253,216,196,210,219,231,226,213,255,64,126,204,184,200,217,217,227,234,234,230,229,235,239,249,251,255,255,253,244,217,214,217,207,193,193,178,211,58,25,181,199,202,190,193,195,191,204,217,219,220,220,219,196,162,140,126,117,122,126,122,124,117,123,121,158,42,0,0,35,106,165,223,211,232,220,209,206,207,198,210,213,217,220,229,231,235,234,234,237,239,251,215,255,101,0,0,0,0,0,0,6,56,78,141,144,162,152,167,130,133,111,118,140,142,156,141,158,150,142,137,106,0,0,0,0,0,0,0,0,0,0,0,0,0,0,0,0,0,0,0,0,0,0,0,0,0,0,0,0,0,0,0,0,0,0,0,0,0,0,0,0,0,0,0,0,0,0,0,0,0,0,0,0,0,0,0,0,0,0,0,0,0,0,0,0,0,0,0,0,0,0,0,0,0,0,0,0,0,0,0,0,0,0,0,0,0,0,0,0,0,0,0,0,0,0,0,0,0,0,0,0,0,0,0,0,0,0,0,0,0,0,0,0,0,6
0,0,0,0,0,0,0,0,0,0,0,0,0,0,0,0,0,0,0,0,0,0,0,0,0,0,0,0,0,0,0,0,0,0,0,0,0,0,0,0,0,0,0,0,0,0,0,0,0,0,0,0,0,0,0,0,0,0,0,0,0,0,0,0,0,0,0,0,0,0,0,0,0,0,0,0,0,0,0,0,0,0,0,0,0,0,0,0,0,0,0,0,0,0,0,0,0,0,0,39,52,13,24,18,18,0,0,0,0,13,13,0,0,0,0,0,0,0,0,0,0,0,0,0,1,0,22,141,175,124,204,213,175,194,151,181,178,165,124,0,0,0,0,0,0,0,0,0,0,0,0,0,2,0,32,120,147,132,205,174,156,173,138,181,219,164,72,0,0,0,0,0,0,0,0,0,0,0,0,0,3,0,58,115,118,105,193,177,177,167,137,167,209,167,41,0,0,0,0,0,0,0,0,0,0,0,1,2,3,0,76,119,115,94,199,181,185,158,164,175,205,157,0,0,0,0,0,0,0,0,0,0,0,1,0,1,0,0,90,108,136,102,204,167,173,144,164,180,199,160,0,0,0,0,0,0,0,0,0,0,1,0,0,5,0,0,108,113,124,97,209,149,166,170,162,178,182,193,24,0,0,0,0,0,0,0,0,0,0,0,1,2,0,39,118,112,117,97,212,137,161,177,160,199,173,187,66,0,0,0,0,0,0,0,0,0,0,0,1,0,0,89,114,103,101,99,219,136,154,163,147,201,164,175,140,0,0,0,0,0,0,0,0,0,0,1,2,0,34,97,103,100,99,117,215,149,164,166,155,196,173,150,182,6,0,0,0,0,0,0,0,0,0,0,0,0,82,96,100,122,112,131,212,152,167,172,146,193,176,141,185,28,0,0,0,0,0,0,0,0,0,7,0,34,107,108,120,129,89,142,205,154,167,170,140,192,167,140,184,64,0,0,0,0,0,0,0,0,1,0,0,92,97,102,110,124,97,169,187,156,164,149,128,204,169,142,188,83,0,0,0,0,0,0,0,0,1,0,64,105,104,118,113,132,109,183,170,149,140,144,131,225,172,122,187,65,0,0,0,0,3,0,5,2,0,26,90,87,104,128,116,134,111,202,160,160,155,160,138,213,171,148,205,43,0,1,4,3,3,0,0,0,8,91,82,96,106,125,124,131,126,201,158,146,158,166,162,176,201,204,238,56,0,0,0,0,0,0,15,52,98,103,101,106,114,122,126,133,131,215,131,181,217,214,208,195,193,182,225,34,0,0,33,67,93,113,109,94,92,104,111,120,129,132,145,148,125,166,236,228,207,204,186,199,196,189,231,34,0,103,105,112,110,114,108,109,131,135,102,89,120,152,141,115,155,255,183,0,169,217,197,204,204,193,230,28,84,174,146,138,131,121,120,132,130,137,125,121,139,121,129,184,219,112,0,0,189,209,200,204,203,194,221,25,17,115,173,194,194,177,161,150,145,144,131,136,145,158,221,211,50,0,0,0,183,205,193,196,196,190,193,20,0,0,0,19,96,164,215,195,211,215,210,218,221,215,189,12,0,4,0,0,226,224,212,246,213,211,249,22,0,0,0,0,0,0,0,11,42,59,59,70,67,13,0,0,6,0,0,0,91,111,84,71,54,51,48,0,0,0,0,0,0,0,0,0,0,0,0,0,0,0,0,0,0,0,0,0,0,0,0,0,0,0,0,0,0,0,0,0,0,0,0,0,0,0,0,0,0,0,0,0,0,0,0,0,0,0,0,0,0,0,0,0,6
0,0,0,0,0,0,0,0,0,0,0,0,0,0,0,0,0,0,0,0,0,0,0,0,0,0,0,0,0,0,0,0,0,0,0,0,0,0,0,0,0,0,0,0,0,0,0,0,0,0,0,0,0,0,0,0,0,0,0,0,0,0,0,0,0,0,0,0,0,0,0,0,0,0,0,0,0,0,0,0,0,0,0,0,0,0,0,0,0,0,0,0,0,0,0,0,0,0,0,0,0,0,0,0,0,0,0,0,0,0,0,0,0,0,0,0,0,0,0,0,0,0,0,0,0,1,0,0,0,0,0,147,115,0,0,0,0,2,1,0,0,0,0,0,0,0,0,0,0,0,0,0,0,0,0,0,1,0,70,199,195,58,0,4,2,0,0,0,0,0,0,0,0,0,0,0,0,0,0,0,0,2,0,2,0,8,175,180,216,150,0,0,0,0,1,0,0,0,0,0,0,0,0,0,0,0,0,0,0,0,0,1,0,113,192,186,230,215,202,50,0,0,0,0,0,0,0,0,0,0,0,0,0,0,0,0,0,1,1,0,39,255,160,211,230,225,231,225,171,24,0,0,0,0,0,0,0,0,0,0,0,0,0,0,0,0,1,0,64,196,202,231,225,226,225,216,221,211,84,0,0,0,0,0,0,0,0,0,0,0,0,0,0,0,0,0,137,205,220,237,230,212,225,224,206,222,108,0,0,0,0,0,0,0,0,0,0,1,0,0,0,0,0,130,216,201,224,233,248,232,220,211,206,217,96,0,0,0,0,0,0,0,0,0,1,3,0,0,0,0,46,226,188,190,226,208,203,229,235,228,204,210,124,0,0,0,0,0,0,0,0,0,0,0,2,0,0,28,228,155,155,243,212,195,201,197,221,230,213,221,156,0,0,0,0,0,0,0,0,0,3,0,0,0,70,190,137,92,222,207,204,205,195,196,220,215,216,226,185,0,0,0,0,0,0,0,0,0,0,0,37,125,204,146,119,235,234,207,213,222,217,220,217,220,217,216,214,0,0,0,0,2,3,4,0,0,1,111,196,160,155,194,248,247,222,233,232,238,244,231,213,201,208,220,219,0,1,3,4,0,0,0,0,31,180,190,143,185,217,232,216,220,223,226,230,222,222,222,211,206,206,210,216,0,2,0,0,0,26,51,130,192,67,151,205,201,197,194,204,228,217,220,207,206,206,215,235,244,219,212,242,7,0,44,117,132,150,84,123,101,141,205,212,204,228,225,242,239,234,229,231,235,233,230,221,206,198,177,171,6,1,102,139,134,122,137,171,183,205,213,213,242,229,197,194,184,174,169,160,150,147,137,130,125,120,113,131,66,62,110,89,93,105,111,117,125,123,125,117,115,108,111,121,124,126,132,134,134,135,137,134,133,135,131,133,107,25,142,139,141,138,134,128,114,113,113,114,116,121,120,122,124,128,132,132,131,131,130,137,138,137,138,138,129,0,0,11,61,104,134,162,174,170,171,168,167,165,166,170,170,170,172,171,171,174,176,176,169,171,167,146,77,0,0,0,0,0,0,3,22,31,47,48,51,57,58,61,60,59,61,64,60,56,55,51,40,29,16,1,0,0,0,0,0,0,0,0,0,0,0,0,0,0,0,0,0,0,0,0,0,0,0,0,0,0,0,0,0,0,0,0,0,0,0,0,0,0,0,0,0,0,0,0,0,0,0,0,0,0,0,0,0,0,0,0,0,0,0,0,0,0,0,0,0,0,0,0,0,0,0,0,0,0,0,0,0,0,0,0,0,0,0,0,0,6
0,0,0,0,0,0,0,0,0,0,0,0,0,0,0,0,0,0,0,0,0,0,0,0,0,0,0,0,0,0,0,0,0,0,0,0,0,0,0,0,0,0,0,0,0,0,0,0,0,0,0,0,0,0,0,0,0,0,0,0,0,0,0,0,0,0,0,0,0,0,1,0,0,1,1,0,0,0,22,88,36,0,0,0,0,0,0,0,0,0,0,0,0,0,0,0,0,1,2,0,0,2,0,0,58,148,194,213,150,0,0,0,0,0,0,0,0,0,0,0,0,0,0,0,0,1,1,2,0,0,72,187,209,202,206,213,200,0,0,1,0,0,0,0,0,0,0,0,0,1,0,0,0,3,3,0,0,124,210,199,205,204,211,202,222,100,0,0,0,0,0,0,0,0,0,0,1,1,0,0,1,0,0,0,55,169,169,221,212,214,207,207,210,229,0,0,0,0,0,0,0,0,0,0,0,0,2,0,0,0,51,172,213,189,182,222,205,209,209,205,194,255,106,0,0,0,0,0,0,0,0,0,0,1,0,4,133,188,209,202,174,181,190,224,209,205,203,215,203,206,210,0,0,0,0,0,0,0,0,0,0,4,0,35,180,188,184,165,192,185,199,213,209,214,213,195,185,178,213,62,0,0,0,0,0,0,0,0,0,5,0,64,185,184,192,188,202,186,211,219,211,195,171,174,177,181,213,90,0,0,0,0,0,0,0,0,0,5,0,100,185,175,190,198,200,182,195,190,180,174,185,189,188,192,211,109,0,0,0,0,0,0,0,0,0,0,0,149,189,188,197,191,192,176,189,191,187,181,191,178,188,183,217,79,0,0,0,0,0,0,0,0,1,0,0,187,180,188,197,187,196,196,200,188,190,195,191,177,165,191,221,25,0,0,0,0,0,0,0,0,3,0,31,203,161,185,192,181,192,189,198,195,200,190,203,218,207,199,212,0,0,0,0,0,0,0,0,0,5,0,73,201,161,182,178,181,184,175,196,199,199,217,224,88,133,217,170,0,0,0,0,0,0,0,0,0,1,0,106,197,168,184,173,181,176,188,199,201,221,182,0,0,25,224,119,0,0,0,0,0,0,0,0,0,0,0,130,192,169,178,181,174,183,190,202,205,199,0,0,0,29,224,71,0,0,0,0,0,0,0,0,0,0,0,166,194,167,177,190,184,187,197,203,228,9,0,5,0,37,222,38,0,0,0,0,0,3,0,0,0,0,35,199,178,175,189,192,185,191,195,230,71,0,4,4,0,43,211,18,0,5,4,4,0,0,0,0,11,88,185,178,177,183,187,184,186,193,200,162,0,0,0,7,0,54,202,1,0,2,0,0,0,46,96,155,196,198,180,172,190,184,181,191,192,194,225,14,0,3,0,8,0,67,196,0,0,0,11,90,149,179,177,174,173,172,182,187,186,179,181,193,189,196,124,0,2,2,0,8,0,79,173,0,0,91,185,181,179,177,178,176,178,179,183,183,175,182,186,184,192,202,0,0,2,0,0,8,0,93,132,0,0,61,185,163,184,191,222,221,215,210,208,202,200,203,207,218,216,46,0,3,0,0,0,8,0,114,137,0,5,0,0,0,0,34,47,56,81,102,116,120,129,133,135,96,0,0,2,0,0,0,0,4,0,52,98,0,2,0,0,0,0,0,0,0,0,0,0,0,0,0,0,0,0,0,0,0,0,0,0,0,0,0,0,0,0,0,0,0,0,0,0,0,0,0,0,0,0,0,0,0,0,0,0,0,0,0,0,0,0,0,0,0,0,6
0,0,0,0,0,0,0,0,0,0,0,0,0,1,0,106,247,65,0,0,0,0,0,0,0,0,0,0,0,0,0,0,0,0,0,0,0,0,0,0,0,0,59,255,232,255,255,255,255,255,253,236,214,186,17,0,0,0,0,0,0,0,0,0,0,0,0,3,0,6,255,236,223,234,244,243,244,245,240,247,246,255,123,0,0,0,0,0,0,0,0,0,0,0,0,3,0,0,255,228,239,240,238,239,237,236,235,227,230,245,135,0,0,0,0,0,0,0,0,0,0,0,0,5,0,21,255,226,232,242,235,238,236,235,238,234,234,249,122,0,0,0,0,0,0,0,0,0,0,0,0,3,0,86,255,227,242,237,239,239,238,238,237,242,222,255,59,0,0,0,0,0,0,0,0,0,0,0,0,4,0,127,255,221,239,243,240,238,237,236,234,238,218,255,25,0,0,0,0,0,0,0,0,0,0,0,0,3,0,169,255,222,241,240,238,239,237,236,236,231,230,255,14,0,0,0,0,0,0,0,0,0,0,0,1,0,0,232,249,226,245,236,239,239,237,236,237,229,239,255,4,0,0,0,0,0,0,0,0,0,0,0,5,0,0,255,231,234,244,238,240,239,237,236,236,232,231,255,14,0,0,0,0,0,0,0,0,0,0,0,5,0,83,255,218,238,237,238,240,239,237,236,234,238,213,255,44,0,0,0,0,0,0,0,0,0,0,0,0,0,185,255,223,239,238,237,238,238,237,238,234,237,218,255,174,0,0,0,0,0,0,0,0,0,0,5,0,12,255,237,230,240,239,238,238,238,237,237,239,231,232,236,255,0,0,0,0,0,0,0,0,0,0,3,0,88,255,219,238,239,239,239,238,238,237,236,240,232,232,229,255,88,0,0,0,0,0,0,0,0,0,0,0,169,255,220,240,237,236,237,238,238,237,237,236,233,239,222,255,147,0,0,0,0,0,0,0,0,0,0,0,243,236,230,238,237,235,237,241,238,236,240,233,235,237,231,254,170,0,0,0,0,0,0,0,0,4,0,91,255,224,240,237,237,238,237,231,241,236,235,237,236,238,229,250,184,0,0,0,0,0,0,0,0,0,0,255,237,231,239,237,237,237,238,238,235,241,234,229,228,231,232,255,173,0,0,0,0,0,0,0,0,0,175,255,213,240,239,237,237,237,237,234,240,227,231,255,255,244,229,255,146,0,0,0,0,3,2,0,0,107,255,220,236,240,233,238,236,238,238,237,227,255,255,168,33,255,230,255,106,0,6,3,0,0,0,0,107,255,231,224,232,238,239,235,242,234,237,243,255,216,35,0,0,255,230,255,86,0,0,0,0,0,61,187,255,231,227,229,230,234,234,244,232,234,255,255,92,0,0,0,27,255,229,255,75,0,0,147,218,253,255,253,222,228,230,228,230,234,239,240,235,255,255,38,0,0,3,0,20,255,229,255,61,6,194,248,230,227,224,219,227,231,231,229,230,234,236,229,239,255,42,0,0,2,3,0,12,244,230,255,54,124,255,220,225,222,221,221,214,230,229,226,227,230,231,238,255,63,0,0,1,3,4,0,11,243,229,249,52,10,175,216,241,248,247,241,235,235,237,235,237,238,244,255,77,0,0,0,0,0,3,0,2,247,242,255,63,0,0,0,21,95,146,196,229,249,255,255,255,255,214,37,0,0,1,0,0,0,2,0,0,244,201,217,18,0,5,0,0,0,0,0,0,0,0,0,0,0,0,0,0,0,0,0,0,0,0,0,0,0,0,0,0,6
0,0,0,0,0,0,0,0,0,0,0,0,0,0,0,0,0,0,0,0,0,0,0,0,0,0,0,0,0,0,0,0,0,0,0,0,0,0,0,0,0,0,0,0,0,0,0,0,0,0,0,0,0,0,0,0,0,0,0,0,0,0,0,0,0,0,0,0,0,0,0,0,0,0,0,0,0,0,0,0,0,0,0,0,0,0,0,0,0,0,0,0,0,0,0,0,0,0,0,0,0,0,0,0,0,0,0,0,0,0,0,0,0,0,0,0,0,0,0,0,0,0,0,0,0,0,0,0,30,0,0,0,0,0,1,2,7,8,3,0,0,0,0,0,0,0,0,0,0,0,0,0,0,7,0,90,228,172,59,12,0,0,0,0,0,0,0,0,0,0,0,0,0,0,0,0,0,0,0,0,0,8,0,166,234,214,224,220,228,170,155,132,89,93,7,0,0,0,0,0,0,0,0,0,0,0,0,0,3,0,0,195,188,184,186,198,206,223,220,208,200,234,112,0,0,0,0,0,0,0,0,0,0,0,0,0,4,0,55,214,174,176,188,198,185,199,195,183,164,192,56,0,0,0,0,0,0,0,0,0,0,0,0,0,3,0,0,205,201,187,179,207,193,187,206,192,157,181,69,0,0,0,0,0,0,0,0,0,0,0,0,0,1,0,54,241,119,202,198,218,203,186,188,199,162,183,112,0,0,0,0,0,0,0,0,0,0,0,0,0,0,0,197,209,164,168,200,207,204,195,181,177,152,185,39,0,0,0,0,0,0,0,0,0,0,0,3,2,0,89,251,142,193,201,216,200,216,189,179,189,139,225,43,0,0,0,0,0,0,0,0,0,0,0,2,0,46,243,181,116,162,186,152,175,202,176,150,135,170,211,56,0,0,0,0,0,0,0,0,0,0,0,0,86,225,186,176,152,184,176,180,215,237,221,203,171,157,184,159,0,0,0,0,0,0,0,0,0,3,0,43,229,223,185,156,182,219,215,204,213,207,200,202,201,175,130,205,0,2,5,5,2,1,2,2,0,0,0,246,198,199,180,182,189,182,166,162,171,166,168,172,175,152,112,202,73,4,0,0,0,0,0,0,0,60,229,227,194,164,205,204,202,217,208,190,190,207,187,150,166,155,125,176,141,0,33,33,1,0,0,59,178,243,203,194,183,206,203,194,195,181,154,141,176,187,189,156,155,166,120,162,174,59,241,231,204,219,207,231,188,168,182,213,179,181,187,173,172,177,179,187,213,183,171,180,124,134,107,184,187,87,247,204,218,222,197,180,187,204,201,193,181,192,219,200,199,206,218,209,219,231,225,234,220,206,201,250,119,145,245,200,159,137,180,216,213,203,203,187,183,192,207,196,211,222,226,234,241,216,210,198,207,185,151,181,104,158,236,211,198,143,117,110,132,168,197,215,209,213,213,221,229,223,255,196,135,189,163,162,161,154,111,161,134,0,80,201,224,234,235,216,199,199,199,201,207,210,238,215,140,56,0,0,0,206,221,190,208,194,153,204,161,0,0,0,17,64,103,162,192,203,211,168,165,138,65,0,0,0,0,0,0,132,195,167,183,170,149,143,20,0,0,0,0,0,0,0,0,0,0,0,0,0,0,0,0,0,0,0,0,0,0,0,0,0,0,0,0,0,0,0,0,0,0,0,0,0,0,0,0,0,0,0,0,0,0,0,0,0,0,0,0,0,0,0,0,0,0,0,0,0,0,0,0,0,0,0,0,0,0,0,0,0,0,0,0,0,0,0,0,0,0,0,0,6
0,0,0,0,0,0,0,0,0,0,0,0,0,0,0,0,0,0,0,0,0,0,0,0,0,0,0,0,0,0,0,0,0,0,0,0,0,0,0,0,0,0,0,0,0,0,14,35,73,107,125,146,153,128,1,0,0,0,0,0,0,0,0,0,0,0,0,0,0,75,33,0,71,165,178,174,197,188,183,165,161,149,1,0,0,0,0,0,0,0,0,0,1,1,4,0,61,195,106,118,145,98,164,166,164,155,157,152,149,137,0,0,0,0,0,0,0,0,0,0,0,0,0,0,113,147,134,142,142,99,186,161,168,159,164,165,162,145,1,0,0,0,0,0,0,0,0,0,0,3,0,62,115,164,199,178,75,177,173,163,173,155,153,156,165,149,0,0,0,0,0,0,0,0,0,0,0,6,0,94,164,163,215,178,186,181,173,178,168,156,159,154,178,152,0,0,0,0,0,0,0,0,0,0,0,2,0,0,150,180,41,192,129,183,174,177,161,156,148,171,140,20,0,0,0,0,0,0,0,0,0,0,0,3,0,0,200,87,27,204,139,154,158,177,168,150,162,120,0,0,0,0,0,0,0,0,0,0,0,0,0,6,0,92,197,0,83,230,154,140,168,175,152,161,143,0,0,5,0,0,0,0,0,0,0,0,0,0,1,0,0,164,109,0,196,168,164,148,163,168,152,192,0,0,1,0,4,3,0,0,0,0,0,0,0,0,3,0,22,186,2,59,240,139,124,171,145,151,170,129,0,1,0,0,0,0,0,0,0,0,0,0,0,0,5,0,105,159,0,96,95,97,158,169,154,150,203,47,0,0,0,0,61,63,0,0,0,0,0,0,0,0,5,0,197,125,0,166,132,156,169,149,156,163,208,0,0,0,41,125,178,140,0,0,0,0,0,0,0,0,2,0,0,100,187,191,139,170,145,158,153,186,150,0,86,159,168,171,170,131,0,0,0,0,0,0,0,0,4,0,104,220,200,49,171,148,155,171,160,185,134,163,225,169,164,167,169,118,0,0,0,0,0,0,0,1,0,0,138,106,170,115,180,164,159,155,156,165,178,187,162,165,164,171,187,130,0,0,0,0,0,0,0,3,0,26,91,76,120,171,167,153,155,163,165,156,195,196,162,179,169,175,191,138,0,0,0,0,0,0,0,1,0,7,218,204,79,165,163,155,165,170,154,217,164,98,192,173,179,173,185,136,0,0,0,0,0,0,3,4,0,0,129,103,117,176,161,162,185,162,188,234,0,110,191,173,177,172,183,138,0,0,0,0,0,1,0,0,0,96,168,116,168,182,163,173,171,169,255,0,0,128,178,166,165,166,177,138,0,0,0,0,0,0,34,3,131,178,136,193,164,166,161,172,160,207,43,0,0,129,182,160,167,175,185,133,0,0,0,0,0,66,139,156,135,142,148,168,165,162,169,161,202,133,0,0,0,123,181,162,170,174,184,135,3,3,6,0,30,183,103,95,150,128,161,159,158,176,168,181,164,0,0,0,0,132,182,167,175,170,178,136,0,0,0,1,113,91,119,149,156,156,165,160,170,170,165,187,4,0,0,0,0,139,186,170,177,165,173,135,31,54,44,86,137,137,148,154,151,159,160,170,170,172,191,42,0,4,0,0,0,134,177,170,174,160,164,119,102,141,152,162,165,171,168,169,163,162,167,180,193,218,45,0,5,0,0,3,0,132,178,167,173,164,177,121,0,2,15,31,57,77,119,153,171,184,181,147,92,0,0,0,0,0,0,4,0,123,191,176,182,171,182,107,6
0,0,0,0,0,0,0,0,0,0,0,0,0,0,0,0,0,0,0,0,0,0,0,0,0,0,0,0,0,0,0,0,0,0,0,0,0,0,0,0,0,0,0,0,0,0,0,0,0,0,0,0,0,0,0,0,0,0,0,0,0,0,0,0,0,0,0,0,0,0,0,0,0,0,0,0,0,0,0,0,0,0,0,0,0,0,0,0,0,0,0,0,0,0,0,0,0,0,0,0,0,0,0,0,0,0,0,0,0,0,0,0,0,0,0,0,0,0,0,0,0,0,0,0,0,0,0,0,0,0,0,0,0,0,0,0,0,0,0,0,0,0,0,0,0,0,0,0,0,0,0,0,0,0,1,0,0,0,0,0,0,0,0,0,0,133,42,0,0,0,0,0,0,0,0,0,0,0,0,0,0,1,0,0,0,0,0,0,0,1,12,7,20,119,2,0,0,0,0,0,0,0,0,0,0,0,0,0,0,0,0,174,203,200,228,235,209,212,213,211,231,133,0,0,0,0,0,0,0,0,0,0,0,0,0,0,2,0,0,191,209,203,208,209,209,208,210,207,223,119,0,1,0,0,0,0,0,0,0,0,0,0,0,0,5,0,76,199,195,203,205,207,208,209,213,203,225,148,0,0,0,0,0,0,0,0,0,0,0,0,0,0,0,0,144,206,204,216,209,213,213,212,212,205,222,157,0,0,0,0,0,0,0,0,0,0,0,0,0,2,0,0,205,202,212,213,209,212,214,213,216,205,219,175,0,0,0,0,0,0,0,0,0,0,0,0,0,5,0,63,219,201,213,212,213,214,215,213,218,197,207,222,0,0,0,0,0,0,0,0,0,0,0,0,2,0,0,184,196,212,215,213,214,218,213,212,206,193,203,219,0,0,0,0,0,0,0,0,0,0,0,0,2,0,119,216,190,221,207,213,214,210,206,215,213,194,195,236,17,0,0,0,0,0,0,0,0,0,0,5,0,56,218,176,200,215,216,215,216,220,232,221,193,200,196,216,84,0,1,0,0,1,2,1,3,5,2,0,31,197,165,175,208,218,223,214,207,207,175,155,170,206,201,211,175,0,0,3,3,0,0,0,0,0,0,65,135,76,137,176,185,180,185,167,153,167,151,189,200,194,197,201,211,0,1,0,0,0,18,0,15,56,110,96,0,98,171,177,160,148,183,219,235,229,234,209,203,190,194,200,225,9,0,20,107,91,77,100,175,102,27,0,139,183,127,116,166,212,229,224,207,199,193,192,206,209,205,208,192,6,1,166,177,152,96,107,127,56,103,159,136,81,117,191,206,201,192,172,194,205,183,177,121,94,107,108,176,23,81,206,209,203,199,199,195,198,217,176,156,186,211,197,200,211,220,255,224,219,190,192,198,200,207,195,252,45,0,47,156,188,213,216,218,218,223,220,237,243,242,249,228,185,109,21,0,202,237,204,213,208,210,195,255,59,0,0,0,0,44,85,136,163,171,175,173,143,96,43,0,0,0,0,0,139,195,169,172,163,155,149,158,23,0,0,0,0,0,0,0,0,0,0,0,0,0,0,0,0,0,0,0,0,0,0,0,0,0,0,0,0,0,0,0,0,0,0,0,0,0,0,0,0,0,0,0,0,0,0,0,0,0,0,0,0,0,0,0,0,0,0,0,0,0,0,0,0,0,0,0,0,0,0,0,0,0,0,0,0,0,0,0,0,0,0,0,0,0,0,0,0,0,0,0,0,0,0,0,0,0,0,0,0,0,0,0,0,0,0,0,0,0,0,0,0,6
0,0,0,0,0,0,0,0,0,0,0,0,0,0,0,0,0,0,0,0,0,0,0,0,0,0,0,0,0,0,0,0,0,0,0,0,0,0,0,0,0,0,0,0,0,0,0,0,0,0,0,0,0,0,0,0,0,0,0,0,0,0,0,0,0,0,0,0,0,0,0,0,0,0,0,0,0,0,0,0,0,0,0,0,0,0,0,0,0,0,0,0,0,0,0,0,0,0,0,0,0,0,0,0,0,0,0,0,0,0,0,0,0,0,0,0,0,0,0,0,0,0,0,0,0,0,0,0,0,0,0,2,2,6,2,2,0,3,150,69,0,0,0,0,0,0,0,0,0,0,0,0,0,1,0,1,192,146,0,0,0,0,0,0,0,50,172,55,0,0,0,0,0,0,0,0,0,1,0,0,0,4,0,44,214,213,148,0,25,23,0,56,191,196,72,0,0,0,0,0,0,0,0,0,0,1,0,0,0,0,0,186,197,193,217,244,255,255,221,227,227,220,37,0,0,0,0,0,0,0,0,0,0,0,0,4,0,0,215,214,187,209,212,204,214,216,218,220,212,214,38,0,0,0,0,0,0,0,0,0,0,0,0,0,0,122,200,176,197,215,207,206,220,217,219,226,219,216,51,0,0,0,0,0,0,0,0,0,0,0,0,0,0,196,180,189,196,214,204,211,222,215,219,229,220,220,61,0,0,0,0,0,0,0,0,0,0,2,3,0,65,227,180,194,208,213,207,216,218,214,219,225,223,222,113,0,0,0,0,0,0,0,0,0,1,0,0,49,227,182,185,183,212,210,211,217,219,217,223,219,224,222,181,0,0,0,0,0,0,0,1,1,0,0,39,206,182,177,175,190,213,206,208,210,210,214,224,217,219,208,236,0,0,0,3,5,5,0,0,0,0,51,215,153,184,164,167,201,217,206,209,213,223,243,185,169,158,193,253,31,0,0,0,0,0,0,0,35,129,226,206,206,211,169,184,187,204,206,205,196,160,129,89,130,170,193,246,69,0,0,30,65,97,119,150,181,213,183,209,191,157,187,195,195,199,205,204,199,195,201,219,230,231,203,242,72,0,144,176,122,99,73,82,25,38,246,187,209,200,202,215,219,213,205,205,209,210,213,207,208,212,208,234,38,68,218,203,199,189,189,180,163,170,193,165,199,220,216,202,192,193,195,201,204,205,205,207,207,209,203,252,56,136,201,189,199,203,200,205,214,212,205,223,211,209,198,194,209,210,204,200,205,195,198,198,199,198,194,237,41,102,225,214,207,200,199,194,195,195,203,199,205,197,206,218,213,212,212,210,190,194,192,192,196,195,194,200,31,0,64,154,83,252,172,218,203,214,208,212,204,214,199,162,172,160,137,137,211,218,218,219,217,212,220,213,30,0,0,0,0,21,0,123,28,210,52,222,63,146,89,0,0,0,0,0,188,121,149,142,137,154,102,176,0,6,4,0,0,0,0,0,0,0,0,0,0,0,0,0,0,0,0,0,0,0,0,0,0,0,0,0,0,0,0,0,0,0,0,0,0,0,0,0,0,0,0,0,0,0,0,0,0,0,0,0,0,0,0,0,0,0,0,0,0,0,0,0,0,0,0,0,0,0,0,0,0,0,0,0,0,0,0,0,0,0,0,0,0,0,0,0,0,0,0,0,0,0,0,0,0,0,0,0,0,0,0,0,0,0,0,0,0,0,0,0,0,0,0,0,0,0,0,0,0,0,0,0,0,0,0,0,0,0,0,0,0,0,0,0,0,0,0,0,0,6
0,0,0,0,0,0,0,0,0,0,0,0,0,0,0,0,0,0,0,0,0,0,0,0,0,0,0,0,0,0,0,0,0,0,0,0,0,0,0,0,0,0,0,0,0,0,0,0,0,0,0,0,0,0,0,0,0,0,0,0,0,0,0,0,0,0,0,0,0,0,0,0,0,0,0,0,0,0,0,0,0,0,0,0,0,0,0,0,0,0,0,0,0,0,0,0,0,0,0,0,0,0,0,0,0,0,0,0,0,0,0,0,0,0,0,0,0,0,0,0,0,0,0,0,0,0,102,113,81,75,53,25,2,0,4,0,0,0,0,0,0,0,0,0,0,0,0,0,0,0,0,1,0,0,233,219,255,255,255,255,255,255,255,255,221,223,51,0,0,0,0,0,0,0,0,0,0,0,0,2,0,25,205,202,221,190,202,235,233,221,221,233,233,254,54,0,0,0,0,0,0,0,0,0,1,1,0,3,0,95,236,218,227,224,212,225,224,225,230,231,223,249,54,0,0,0,0,0,0,0,0,0,0,3,0,1,0,112,244,223,215,235,199,191,139,220,217,254,243,242,83,0,0,0,0,0,0,0,0,0,0,2,0,0,0,130,239,241,231,237,170,241,255,202,138,198,39,234,61,0,0,0,0,0,0,0,0,0,0,0,1,0,0,180,222,222,248,254,203,203,162,197,203,165,0,216,111,0,0,0,0,0,0,0,0,0,0,2,6,0,37,255,220,230,235,217,188,136,191,233,255,245,249,255,141,0,0,0,0,0,0,0,0,0,1,1,3,0,134,255,207,219,224,213,177,255,255,115,234,99,0,226,177,0,0,0,0,0,0,0,0,0,0,1,0,0,229,254,231,244,244,238,156,169,189,201,234,183,145,252,235,0,0,0,0,0,0,0,0,0,0,0,0,134,245,212,240,239,250,241,226,208,229,255,247,255,255,245,236,15,0,0,0,2,1,1,0,0,0,11,239,255,218,247,245,233,238,237,255,255,252,241,246,238,241,241,246,45,0,4,0,0,0,0,0,0,93,211,255,225,164,210,240,243,237,239,237,234,244,250,248,247,249,235,255,21,0,0,0,0,13,47,115,185,239,214,202,156,190,222,215,234,219,229,248,239,245,244,241,239,225,229,255,0,0,20,175,195,233,248,230,198,182,196,181,150,243,253,198,242,237,232,240,230,237,240,243,239,229,234,232,0,12,183,209,184,196,201,211,187,206,235,236,203,200,168,175,226,244,230,245,233,228,220,207,196,189,206,208,0,78,231,209,200,195,209,215,193,227,222,226,224,201,212,84,39,255,255,233,207,190,193,199,207,196,205,212,0,3,129,188,226,225,222,216,217,219,224,232,237,237,246,255,171,154,71,0,192,209,198,197,194,197,204,217,0,0,0,0,62,156,197,230,251,255,255,249,219,178,80,0,0,0,0,0,234,255,241,253,244,243,211,220,0,0,0,0,0,0,0,2,31,43,46,25,0,0,0,0,0,0,0,0,59,67,66,50,36,29,31,0,0,0,0,0,0,0,0,0,0,0,0,0,0,0,0,0,0,0,0,0,0,0,0,0,0,0,0,0,0,0,0,0,0,0,0,0,0,0,0,0,0,0,0,0,0,0,0,0,0,0,0,0,0,0,0,0,0,0,0,0,0,0,0,0,0,0,0,0,0,0,0,0,0,0,0,0,0,0,0,0,0,0,0,0,0,0,0,0,0,0,0,0,0,0,0,0,0,0,0,0,0,0,0,0,0,0,0,0,0,0,0,0,0,6
0,0,0,0,0,0,0,0,0,0,0,0,0,0,0,0,0,0,0,0,0,0,0,0,0,0,0,0,0,0,0,0,0,0,0,0,0,0,0,0,0,0,0,0,0,0,0,0,0,0,0,0,0,0,0,0,0,0,0,0,0,0,0,0,0,0,0,0,0,0,0,0,0,0,0,0,0,0,0,0,0,0,0,0,0,0,0,0,0,0,0,0,0,0,0,0,0,0,0,0,0,0,0,0,0,0,0,0,0,0,0,0,0,0,0,0,0,0,0,0,0,0,0,0,0,0,0,0,0,0,1,0,0,0,4,0,0,161,12,0,0,0,0,0,0,0,0,0,0,0,0,0,0,4,0,18,90,2,0,0,0,0,0,0,0,255,47,0,0,0,0,0,0,0,0,0,0,0,0,0,0,4,0,119,246,205,127,0,0,0,37,132,153,208,33,0,0,0,0,0,0,0,0,0,0,0,0,0,1,0,0,183,213,219,243,187,43,88,255,238,235,225,16,0,0,0,0,0,0,0,0,0,0,0,0,0,1,0,30,243,228,237,224,255,255,255,228,214,215,203,0,0,0,0,0,0,0,0,0,0,0,0,0,0,0,0,109,255,226,237,227,217,216,222,225,214,224,228,0,0,0,0,0,0,0,0,0,0,0,0,0,0,0,0,198,237,231,231,223,222,234,232,223,210,233,217,0,0,0,0,0,0,0,0,0,0,1,1,0,1,0,40,255,221,241,229,223,226,225,233,219,207,218,249,0,0,0,0,0,0,0,0,0,0,0,1,0,0,0,197,235,221,233,227,221,225,229,229,212,221,218,255,102,0,0,0,0,0,0,0,0,0,0,0,1,0,85,244,208,223,230,225,222,225,226,228,230,224,200,240,206,0,0,0,0,0,0,0,0,0,0,3,0,9,213,201,215,231,223,222,223,224,224,232,217,174,161,225,251,0,0,0,0,0,0,0,0,0,0,0,0,192,220,191,228,231,225,220,226,226,224,223,178,152,191,222,253,76,0,2,5,8,3,3,8,0,0,7,199,227,220,234,215,211,222,224,221,222,221,212,222,234,237,221,251,119,0,0,0,0,0,0,0,0,84,229,204,188,207,217,226,215,211,224,221,226,234,232,228,225,221,205,247,84,0,0,34,42,43,40,100,209,209,139,163,194,206,215,224,237,243,233,207,192,193,193,197,199,205,204,250,34,0,181,196,176,204,204,184,113,64,148,190,203,226,232,243,231,192,190,221,227,225,226,219,218,219,209,255,36,44,217,207,195,186,138,108,155,209,204,215,232,239,235,200,196,242,255,239,189,231,210,208,209,209,210,249,8,82,216,238,238,234,229,228,222,210,215,220,222,210,216,255,255,197,68,0,8,252,190,204,205,200,203,229,0,0,0,83,168,235,255,255,255,255,255,255,255,255,255,173,29,0,0,0,59,255,230,248,248,247,255,255,0,0,0,0,0,0,0,34,63,92,123,137,113,76,0,0,0,0,3,0,30,172,120,116,109,91,83,73,0,0,0,0,0,0,0,0,0,0,0,0,0,0,0,0,0,0,0,0,0,0,0,0,0,0,0,0,0,0,0,0,0,0,0,0,0,0,0,0,0,0,0,0,0,0,0,0,0,0,0,0,0,0,0,0,0,0,0,0,0,0,0,0,0,0,0,0,0,0,0,0,0,0,0,0,0,0,0,0,0,0,0,0,0,0,0,0,0,0,0,0,0,0,0,0,0,0,0,0,0,0,0,0,0,0,0,0,0,0,0,0,0,6
0,0,0,0,0,0,0,0,0,0,0,0,0,0,0,0,0,0,0,0,0,0,0,0,0,0,0,0,0,0,0,0,0,0,0,0,0,0,0,0,0,0,0,0,0,0,0,0,0,0,0,0,0,0,0,0,0,0,0,0,0,0,0,0,0,0,0,0,0,0,0,0,0,0,0,0,0,0,0,0,0,0,0,0,0,0,0,0,0,0,0,0,0,0,0,0,0,0,0,0,0,0,0,0,0,0,0,0,0,0,0,0,0,0,0,0,0,0,0,0,0,0,0,0,0,0,0,0,0,0,0,0,0,0,0,0,0,0,0,0,0,0,0,0,0,0,0,0,0,0,0,0,0,0,0,0,0,0,0,0,0,0,0,0,0,0,0,0,0,0,0,0,0,0,0,0,0,0,0,0,0,4,1,0,0,0,177,101,15,18,0,0,0,0,0,0,0,0,0,0,0,0,0,0,0,0,0,0,0,1,4,0,0,255,230,215,250,254,255,236,195,157,139,10,0,0,0,0,0,0,0,0,0,0,0,0,0,1,0,0,172,226,204,218,212,210,212,221,229,228,227,31,0,0,0,0,0,0,0,0,0,0,0,0,0,0,0,111,228,214,193,189,211,218,211,202,208,219,163,0,0,0,0,0,0,0,0,0,0,0,0,0,0,0,75,255,214,188,204,209,224,220,215,219,207,227,129,0,0,1,0,0,2,0,0,1,4,0,0,0,0,160,255,207,201,214,213,222,220,220,212,215,204,227,109,0,0,0,2,2,2,0,1,0,0,0,4,130,254,231,183,205,177,216,218,218,219,217,214,218,199,226,119,0,0,2,5,0,1,0,0,0,90,177,213,231,202,195,179,165,194,218,224,221,219,215,215,218,205,219,178,0,0,0,0,0,0,0,52,229,239,221,213,196,183,150,193,235,230,226,224,220,217,216,215,209,211,210,240,0,0,0,46,79,117,151,225,221,194,196,192,172,172,204,231,225,230,228,222,220,215,213,210,202,203,209,237,3,17,199,194,187,212,204,179,205,172,179,177,178,200,226,220,217,216,212,210,216,216,214,205,202,211,214,232,0,116,207,175,188,188,154,156,159,156,142,157,183,211,220,219,220,219,219,221,223,224,223,223,220,214,208,231,60,123,230,193,196,199,185,182,173,167,168,179,193,196,199,201,205,207,206,202,201,198,195,193,194,196,187,189,102,24,202,223,223,216,211,201,197,198,200,196,191,189,191,194,198,201,201,201,201,201,202,202,199,202,206,209,42,0,0,29,136,205,239,254,254,255,252,253,253,255,251,248,245,240,238,236,235,233,232,231,217,220,188,111,0,0,0,0,0,0,0,19,49,75,86,79,63,52,43,30,13,0,0,0,0,0,0,0,0,0,0,0,0,0,0,0,0,0,0,0,0,0,0,0,0,0,0,0,0,0,0,0,0,0,0,0,0,0,0,0,0,0,0,0,0,0,0,0,0,0,0,0,0,0,0,0,0,0,0,0,0,0,0,0,0,0,0,0,0,0,0,0,0,0,0,0,0,0,0,0,0,0,0,0,0,0,0,0,0,0,0,0,0,0,0,0,0,0,0,0,0,0,0,0,0,0,0,0,0,0,0,0,0,0,0,0,0,0,0,0,0,0,0,0,0,0,0,0,0,0,0,0,0,0,0,0,0,0,0,0,0,0,0,0,0,0,0,0,0,0,0,0,0,0,0,0,0,0,0,0,0,0,0,0,0,0,0,0,0,0,0,0,0,0,0,0,0,0,0,0,0,6
0,0,0,0,0,0,0,0,0,0,0,0,0,0,0,0,0,0,0,0,0,0,0,0,0,0,0,0,0,0,0,0,0,0,0,0,0,0,0,0,0,0,0,0,0,0,0,0,0,0,0,0,0,0,0,0,0,0,0,0,0,0,0,0,0,0,0,0,0,0,0,0,0,0,0,0,0,0,0,0,0,0,0,0,0,0,0,0,0,0,0,0,0,0,0,0,0,0,0,0,0,0,0,0,0,0,0,0,0,0,0,0,0,0,0,0,0,0,0,0,0,0,0,0,0,0,0,0,0,0,0,0,0,0,0,0,0,0,0,0,0,0,0,0,0,0,0,0,0,0,0,0,0,0,0,0,0,0,0,0,0,0,0,0,0,0,0,0,0,0,0,0,0,0,0,0,0,0,0,0,0,1,0,0,0,0,0,0,0,0,0,0,0,13,102,0,0,0,0,0,0,0,0,0,0,0,0,0,0,4,0,0,202,215,66,0,0,0,0,69,86,94,11,0,0,0,0,0,0,0,0,0,0,0,0,0,0,8,0,42,243,235,216,214,232,228,229,214,220,220,0,0,0,0,0,0,0,0,0,0,0,0,0,0,0,0,0,191,236,218,217,228,224,225,221,195,194,180,0,0,0,0,0,0,0,0,0,0,0,0,0,0,1,0,53,255,221,235,219,213,207,214,215,196,201,202,0,0,0,0,0,0,0,0,0,0,0,0,0,0,0,0,224,244,221,224,217,211,214,217,218,198,200,215,0,0,0,0,0,0,0,0,0,0,0,2,0,0,0,140,255,209,214,222,219,212,217,220,213,196,195,233,23,0,0,0,0,0,0,0,0,0,0,1,0,0,120,255,217,208,218,220,215,214,208,212,210,199,193,242,75,0,0,0,3,3,4,5,2,0,0,0,0,142,255,218,212,204,214,213,211,210,208,221,216,193,199,227,151,0,0,0,0,0,0,0,0,0,0,30,150,218,203,214,207,212,219,225,217,221,225,213,199,200,204,210,192,0,0,0,0,21,47,60,52,61,108,158,194,197,201,197,199,201,202,195,181,192,164,181,201,208,214,203,216,15,0,129,226,155,73,63,97,151,185,198,209,200,172,163,156,174,196,204,192,209,210,209,204,203,207,198,218,18,33,225,243,228,225,148,124,189,205,202,187,156,177,199,218,230,218,210,209,211,192,192,194,191,194,201,209,0,179,230,209,218,227,245,244,215,210,198,198,200,223,229,214,193,186,188,190,202,206,204,203,203,205,206,234,68,7,192,216,229,221,212,213,213,218,210,200,208,213,197,183,197,219,227,237,229,197,191,196,192,193,193,220,85,0,0,5,84,179,217,250,251,244,240,233,222,217,227,233,214,182,158,82,132,255,250,248,246,237,226,237,108,0,0,0,0,0,0,15,47,80,107,111,104,90,55,30,0,0,0,0,0,74,56,45,36,24,10,6,0,0,0,0,0,0,0,0,0,0,0,0,0,0,0,0,0,0,0,0,0,0,0,0,0,0,0,0,0,0,0,0,0,0,0,0,0,0,0,0,0,0,0,0,0,0,0,0,0,0,0,0,0,0,0,0,0,0,0,0,0,0,0,0,0,0,0,0,0,0,0,0,0,0,0,0,0,0,0,0,0,0,0,0,0,0,0,0,0,0,0,0,0,0,0,0,0,0,0,0,0,0,0,0,0,0,0,0,0,0,0,0,0,0,0,0,0,0,0,0,0,0,0,0,0,0,0,0,0,0,0,0,0,0,0,0,0,0,0,0,0,6
0,0,0,0,0,0,0,0,0,0,0,0,0,0,0,0,0,0,0,0,0,0,0,0,0,0,0,0,0,0,0,0,0,0,0,0,0,0,0,0,0,0,0,0,0,0,0,0,0,0,0,0,0,0,0,0,0,0,0,0,0,0,0,0,0,0,0,0,0,0,0,0,0,0,0,0,0,0,0,0,0,0,0,0,0,0,0,0,0,0,0,0,0,0,0,0,0,0,0,0,0,0,0,0,0,0,0,0,0,0,0,0,0,0,0,0,0,0,0,0,0,0,0,0,0,0,0,0,0,0,0,0,0,0,0,0,0,0,0,0,0,0,0,0,0,0,0,0,0,0,0,0,0,0,0,0,0,0,0,0,0,0,0,0,0,0,0,0,0,0,0,0,0,0,0,0,0,0,0,0,0,0,0,0,101,54,0,0,0,0,0,0,0,0,0,0,0,0,0,0,0,0,0,0,0,0,0,0,0,0,0,0,200,209,204,34,0,0,1,0,0,0,36,0,0,0,0,0,0,0,0,0,0,0,0,0,0,0,0,138,219,216,203,255,52,0,0,0,0,0,178,0,0,0,0,0,0,0,0,0,0,0,0,0,1,0,44,216,229,214,201,193,207,130,0,0,0,164,125,0,0,0,0,0,0,0,0,0,0,0,0,0,0,0,199,214,198,210,212,198,227,231,214,143,189,219,53,0,0,0,0,0,0,0,0,0,0,0,0,0,0,106,224,209,139,195,234,204,206,211,210,213,194,187,8,0,0,0,0,0,1,0,0,0,0,2,0,0,45,233,209,198,255,212,130,227,190,201,190,180,187,194,1,0,0,0,0,0,0,1,0,1,1,0,0,93,179,175,217,161,199,156,240,236,192,219,218,204,206,210,9,0,0,0,0,1,3,2,0,0,0,51,143,240,198,161,217,226,200,170,226,205,205,214,205,208,196,217,113,0,1,3,0,0,0,0,0,31,85,250,227,199,174,222,227,165,209,239,206,212,199,200,190,197,198,198,176,0,0,0,0,0,7,31,179,198,193,182,144,192,210,197,201,210,235,205,188,225,215,208,204,202,204,203,173,0,0,61,126,150,165,255,176,180,146,156,178,205,201,181,210,252,149,201,233,204,208,212,207,207,201,196,173,0,104,166,130,85,116,78,204,180,221,225,237,216,228,182,220,185,236,199,252,222,235,235,232,228,218,210,180,8,162,179,179,168,177,123,199,99,147,162,180,167,192,192,221,114,234,206,100,131,130,126,114,98,74,54,39,0,143,199,194,197,195,198,175,192,191,187,193,189,188,197,195,201,247,15,0,0,0,0,0,0,0,0,0,11,0,45,123,177,210,223,240,240,246,245,251,249,251,254,243,223,191,0,46,43,44,46,53,58,62,70,77,2,0,0,0,0,0,0,29,49,52,48,47,44,44,40,38,50,51,58,73,71,73,72,57,54,46,51,40,0,0,0,0,0,0,0,0,0,0,0,0,0,0,0,0,0,0,0,0,0,0,0,0,0,0,0,0,0,0,0,0,0,0,0,0,0,0,0,0,0,0,0,0,0,0,0,0,0,0,0,0,0,0,0,0,0,0,0,0,0,0,0,0,0,0,0,0,0,0,0,0,0,0,0,0,0,0,0,0,0,0,0,0,0,0,0,0,0,0,0,0,0,0,0,0,0,0,0,0,0,0,0,0,0,0,0,0,0,0,0,0,0,0,0,0,0,0,0,0,0,0,0,0,0,0,0,0,0,0,0,0,0,0,0,0,0,0,0,0,0,6
0,0,0,0,0,0,0,0,0,0,0,0,0,0,0,0,0,0,0,0,0,0,0,0,0,0,0,0,0,0,0,0,0,0,0,0,0,0,0,0,0,0,0,0,0,0,0,0,0,0,0,0,0,0,0,0,0,0,0,0,0,0,0,0,0,0,0,0,0,0,0,0,0,0,0,0,0,0,0,0,0,0,0,0,0,0,0,0,0,0,0,0,0,1,0,0,0,0,0,0,0,0,0,0,0,42,6,0,0,2,0,0,0,0,0,0,0,0,0,0,0,0,0,0,0,0,0,0,0,3,0,0,69,139,77,0,0,0,0,0,0,0,0,0,0,0,0,0,0,1,0,0,0,0,1,6,2,0,0,98,169,116,3,0,0,0,0,0,0,0,0,0,0,0,0,0,0,0,0,0,0,1,0,0,0,0,68,149,168,18,0,5,0,0,0,0,0,0,0,0,0,0,0,0,1,0,0,1,3,0,0,78,92,17,180,160,216,34,0,5,0,0,0,0,0,0,0,0,0,0,0,0,1,1,0,0,0,13,193,169,249,180,187,184,181,0,0,1,6,6,0,0,0,0,0,0,0,0,0,0,0,0,0,5,47,134,170,126,247,189,189,67,0,0,0,0,0,0,0,0,0,0,0,0,0,0,0,0,0,0,0,68,136,169,187,174,205,216,243,103,0,0,0,0,15,86,162,76,0,0,0,0,0,0,0,0,0,6,0,56,135,19,7,99,5,212,152,99,0,6,80,156,186,190,201,56,0,0,0,0,1,0,0,0,1,0,0,0,0,0,0,0,0,151,210,116,99,178,235,190,177,182,176,0,0,0,0,0,0,0,1,0,0,1,0,1,0,1,0,0,0,15,130,95,176,174,184,127,162,194,203,0,0,1,0,0,0,0,0,5,0,0,0,0,1,0,0,0,0,197,182,178,185,189,176,143,170,189,164,0,0,0,0,0,0,5,19,153,203,156,57,0,0,0,0,40,227,198,165,159,159,155,149,147,170,193,122,0,1,0,0,2,53,89,107,48,107,170,215,235,78,0,69,255,169,145,170,180,130,126,157,172,168,205,86,0,0,9,0,46,144,85,111,116,85,36,49,139,191,144,248,160,130,203,194,0,28,195,147,153,181,210,27,0,26,38,0,77,143,140,135,127,155,124,95,147,208,208,151,156,195,145,0,0,38,166,147,160,201,205,6,0,94,110,107,88,73,98,143,120,118,155,155,149,155,161,160,193,153,0,0,0,43,189,151,170,197,199,0,0,49,99,95,116,123,109,110,111,110,131,131,130,159,191,202,180,0,0,7,0,43,177,143,169,201,187,0,0,18,95,88,114,155,120,110,113,115,120,143,155,190,201,190,0,0,2,0,0,59,180,148,162,216,161,0,0,6,132,84,124,127,127,148,109,136,139,191,187,193,223,0,0,0,0,5,0,61,210,148,159,212,116,0,0,0,47,148,126,115,113,139,110,124,140,152,170,203,31,0,2,0,0,5,0,65,168,148,144,195,70,0,0,0,0,10,107,157,166,149,114,135,140,170,245,74,0,0,0,1,1,6,0,95,228,147,148,237,23,0,1,0,2,0,0,0,52,80,109,135,143,120,64,0,0,0,0,0,0,2,0,35,131,127,145,120,0,0,1,0,0,0,0,0,0,0,0,0,0,0,0,0,0,0,0,0,0,0,0,0,0,0,0,0,0,0,0,0,0,0,0,0,0,0,0,0,0,0,0,0,0,0,0,0,0,0,0,0,0,0,0,0,0,0,0,6
0,0,0,0,0,0,0,0,0,0,0,0,0,0,0,0,0,0,0,0,0,0,0,0,0,0,0,0,0,0,0,0,0,0,0,0,0,0,0,0,0,0,0,0,0,0,0,0,0,0,0,0,0,0,0,0,0,0,0,0,0,0,0,0,0,0,0,0,0,0,0,0,0,0,0,0,0,0,0,0,0,0,0,0,0,0,0,0,0,0,0,0,0,0,0,0,0,0,0,0,0,0,0,0,0,0,0,0,0,0,0,0,0,0,0,0,0,0,0,0,0,0,0,1,1,0,1,0,15,141,154,149,130,107,111,92,70,58,0,0,0,0,0,0,0,0,0,0,0,0,0,0,0,1,0,0,124,187,181,212,237,248,228,195,193,188,37,0,0,0,0,0,0,0,0,0,0,0,0,0,0,3,0,40,177,162,176,198,204,195,179,187,177,165,7,0,0,0,0,0,0,0,0,0,0,0,0,0,0,0,0,129,163,171,181,195,204,207,196,190,193,165,0,0,0,0,0,0,0,0,0,0,0,0,0,0,4,0,48,158,157,182,177,203,207,209,206,185,198,204,0,0,0,0,0,0,0,0,0,0,1,1,0,3,0,0,125,154,165,182,192,199,196,215,212,182,187,182,6,0,0,0,0,0,0,0,0,0,1,1,1,3,0,69,182,158,173,174,199,196,196,209,206,190,181,204,25,0,0,0,0,0,0,0,0,0,0,0,0,0,0,127,152,158,170,184,198,192,204,199,192,181,162,193,56,0,0,0,0,0,0,0,0,0,0,0,4,0,44,147,141,166,179,184,198,192,206,193,190,181,155,185,135,0,0,0,0,0,0,0,0,0,0,1,0,0,135,154,157,171,171,181,203,185,193,174,174,179,163,162,185,12,0,0,0,0,0,0,0,0,0,6,0,91,147,141,154,158,171,187,192,182,195,177,176,170,151,144,184,61,0,0,0,0,0,0,0,0,1,0,33,149,133,160,171,182,187,193,179,173,187,171,181,181,166,162,192,77,0,0,0,0,0,0,1,1,0,12,149,146,166,181,170,168,181,193,174,174,188,168,176,190,187,182,192,70,0,0,0,1,1,4,0,0,12,147,144,155,140,158,168,170,173,181,182,196,207,190,192,196,201,209,242,17,1,1,0,0,0,0,0,45,141,152,149,160,130,125,151,174,193,198,190,199,223,204,221,237,215,206,196,0,0,0,0,7,12,42,100,133,108,119,107,118,152,173,182,196,193,185,204,240,157,255,225,199,187,185,174,0,0,91,114,107,108,108,94,85,86,105,130,179,196,193,196,182,198,226,204,0,0,220,185,176,187,196,171,0,77,168,132,130,122,97,110,140,163,181,195,196,193,190,179,218,195,51,0,0,0,225,188,190,187,195,160,0,26,165,192,185,163,141,149,170,181,181,190,188,181,192,236,168,0,0,1,0,0,193,190,187,184,198,149,0,0,0,70,132,173,193,199,198,193,181,184,193,210,234,53,0,0,1,0,0,0,206,199,195,195,210,140,0,0,0,0,0,0,12,83,133,181,184,212,193,99,0,0,0,0,0,1,0,0,165,141,129,121,141,67,0,0,0,0,0,0,0,0,0,0,0,0,0,0,0,0,0,0,0,0,0,0,0,0,0,0,0,0,0,0,0,0,0,0,0,0,0,0,0,0,0,0,0,0,0,0,0,0,0,0,0,0,0,0,0,0,0,0,0,0,0,0,0,0,0,0,0,0,0,0,0,0,0,0,0,0,0,0,0,0,0,0,0,0,0,6
0,0,0,0,0,0,0,0,0,0,0,0,0,0,0,0,0,0,0,0,0,0,0,0,0,0,0,0,0,0,0,0,0,0,0,0,0,0,0,0,0,0,0,0,0,0,0,0,0,0,0,0,0,0,0,0,0,0,0,0,0,0,0,0,0,0,0,0,0,0,0,0,0,0,0,0,0,0,0,0,0,0,0,0,0,0,0,0,0,0,0,0,0,0,0,0,0,0,0,0,0,0,0,0,0,0,0,0,0,0,0,0,0,0,0,0,0,0,0,0,0,0,0,0,0,0,0,0,0,0,0,0,0,0,0,0,0,0,0,0,0,0,0,0,0,0,0,0,0,0,0,0,0,0,0,0,0,0,0,0,0,0,0,0,0,0,0,0,0,0,0,0,0,0,0,0,0,0,0,0,0,0,0,0,0,0,0,0,0,0,0,0,130,9,0,0,0,0,0,0,0,0,0,0,0,0,0,0,1,0,0,0,7,35,40,36,12,0,0,0,133,110,0,0,0,0,0,0,0,0,0,0,0,0,0,0,0,0,88,201,216,239,230,229,244,244,211,198,163,242,0,0,0,0,0,0,0,0,0,0,0,0,0,0,0,38,232,210,199,198,191,195,208,210,222,213,218,198,0,0,0,0,0,0,0,0,0,0,0,0,1,0,0,135,207,194,200,210,204,210,202,210,205,203,201,238,2,0,0,0,0,0,0,0,0,0,0,0,0,0,31,224,180,199,208,211,202,208,204,210,212,209,200,222,52,0,0,0,0,0,0,1,0,0,3,2,0,36,255,184,173,191,189,192,202,211,214,219,218,222,216,224,163,0,0,0,0,0,0,0,0,3,0,0,29,255,192,160,176,171,191,203,198,195,204,208,206,208,203,183,155,0,0,0,0,0,0,0,8,0,28,177,235,173,150,191,189,193,213,216,203,207,213,186,168,189,108,150,240,18,0,2,3,5,0,0,0,0,154,252,131,142,199,203,208,207,210,214,220,221,206,179,194,130,133,211,251,61,0,0,0,0,0,0,49,220,150,102,92,146,195,208,205,208,215,215,211,207,211,229,194,178,241,207,236,92,0,9,19,27,59,93,187,104,32,38,81,132,152,172,189,210,216,213,213,222,224,233,167,208,222,195,239,49,0,174,192,182,206,110,186,171,125,130,127,135,166,190,214,223,213,204,192,185,211,183,158,211,198,200,222,0,97,238,210,205,215,174,203,235,226,224,217,233,244,229,206,185,182,200,232,216,218,185,203,214,213,215,221,0,0,102,189,215,207,204,219,219,216,217,212,206,200,200,214,255,255,252,169,173,227,208,209,196,206,205,199,0,0,0,0,59,166,223,253,255,255,255,255,255,253,238,182,89,19,0,0,114,255,248,254,254,250,220,255,0,0,0,0,0,0,0,23,53,66,82,75,49,27,0,0,0,0,0,0,31,94,72,79,78,77,82,73,0,0,0,0,0,0,0,0,0,0,0,0,0,0,0,0,0,0,0,0,0,0,0,0,0,0,0,0,0,0,0,0,0,0,0,0,0,0,0,0,0,0,0,0,0,0,0,0,0,0,0,0,0,0,0,0,0,0,0,0,0,0,0,0,0,0,0,0,0,0,0,0,0,0,0,0,0,0,0,0,0,0,0,0,0,0,0,0,0,0,0,0,0,0,0,0,0,0,0,0,0,0,0,0,0,0,0,0,0,0,0,0,0,0,0,0,0,0,0,0,0,0,0,0,0,0,0,0,0,0,0,0,0,0,0,0,0,0,0,0,0,6
0,0,0,0,0,0,0,0,0,0,0,0,0,0,0,0,0,0,0,0,0,0,0,0,0,0,0,0,0,0,0,0,0,0,0,0,0,0,0,0,0,0,0,0,0,0,0,0,0,0,0,0,0,0,0,0,0,0,0,0,0,0,0,0,0,0,0,0,0,0,0,0,0,0,0,0,0,0,0,0,0,0,0,0,0,0,0,0,0,0,0,0,0,0,0,0,0,2,5,10,0,3,2,1,0,0,0,0,0,0,0,0,0,0,0,0,0,0,0,0,0,0,0,0,0,0,0,0,0,0,4,0,0,0,26,42,121,16,0,3,0,0,0,0,0,0,0,0,0,0,0,4,0,64,204,153,39,0,0,0,0,63,99,118,221,140,0,6,0,0,0,0,0,0,0,0,0,0,0,3,0,100,157,187,245,186,111,17,22,59,132,227,184,5,0,1,0,0,0,0,0,0,0,0,0,0,0,0,0,0,0,12,80,164,227,243,121,144,242,206,0,0,0,1,0,0,0,0,0,0,0,0,0,0,0,0,0,0,0,7,0,0,100,172,208,242,192,0,0,0,0,0,0,0,0,0,0,0,0,0,0,0,0,0,0,0,1,0,0,0,0,69,236,222,231,106,0,0,0,0,0,0,0,0,0,0,0,0,0,0,0,0,0,0,1,0,1,0,0,179,240,228,248,226,0,0,137,121,0,0,0,0,0,0,0,0,0,0,0,0,0,0,0,0,1,0,0,215,247,12,220,255,189,244,243,92,0,0,0,0,0,1,0,1,0,0,0,0,0,0,0,0,4,0,57,222,187,77,231,229,227,212,208,55,0,0,0,0,0,0,0,4,2,0,1,0,0,0,0,0,3,0,18,216,209,253,237,223,189,177,253,65,0,1,0,0,0,5,0,0,0,0,3,2,1,0,0,0,0,0,146,223,134,0,171,239,209,199,246,54,0,1,0,0,0,0,0,102,37,0,0,0,0,0,1,0,0,192,227,51,0,0,200,229,210,193,241,48,0,0,2,0,0,0,174,206,86,62,24,3,0,0,0,0,206,186,0,0,0,0,175,221,202,195,241,45,1,6,0,0,31,253,230,205,176,148,108,53,11,0,0,202,168,0,0,1,0,0,175,215,192,199,239,43,0,0,0,120,216,187,212,232,228,232,220,196,129,11,224,178,0,0,1,2,0,0,166,217,193,204,240,42,5,80,120,206,179,185,173,236,255,230,229,241,239,238,201,0,0,6,0,1,3,0,134,218,202,199,240,46,141,246,206,204,214,185,230,155,92,250,241,225,225,229,8,0,0,2,0,0,2,0,129,220,195,194,241,42,80,246,233,206,215,210,219,137,0,66,228,227,239,174,0,0,0,0,0,0,1,0,132,233,197,192,241,33,0,103,202,245,249,245,225,224,255,252,228,231,235,22,0,0,0,0,0,0,3,0,108,223,194,196,215,36,0,0,0,43,129,206,255,237,239,244,244,241,107,0,0,0,0,0,0,0,7,0,117,217,186,193,221,22,0,3,0,0,0,0,0,23,56,78,74,30,0,0,0,0,0,0,0,0,3,0,13,34,5,0,0,0,0,0,0,0,0,0,0,0,0,0,0,0,0,0,0,0,0,0,0,0,0,0,0,0,0,0,0,0,0,0,0,0,0,0,0,0,0,0,0,0,0,0,0,0,0,0,0,0,0,0,0,0,0,0,0,0,0,0,0,0,0,0,0,0,0,0,0,0,0,0,0,0,0,0,0,0,0,0,0,0,0,0,0,0,6
0,0,0,0,0,0,0,0,0,0,0,0,0,0,0,0,0,0,0,0,0,0,0,0,0,0,0,0,0,0,0,0,0,0,0,0,0,0,0,0,0,0,0,0,0,0,0,0,0,0,0,0,0,0,0,0,0,0,0,0,0,0,0,0,0,0,0,0,0,0,0,0,0,0,0,0,0,0,0,0,0,0,0,0,0,0,0,0,0,0,0,0,0,0,0,0,0,0,0,0,0,0,52,165,10,0,0,0,1,1,3,1,0,0,0,0,0,0,0,0,0,0,0,0,0,0,0,1,0,0,106,185,197,0,0,0,0,0,0,0,0,0,0,0,0,0,0,0,0,0,0,0,0,0,0,4,0,134,178,168,199,232,207,165,115,48,0,0,0,0,0,0,0,0,0,0,0,0,0,0,0,0,1,0,0,146,175,187,188,193,192,193,195,183,191,0,0,0,0,0,0,0,0,0,0,0,0,0,0,0,7,0,62,218,166,186,192,178,175,177,160,158,148,0,0,0,0,0,0,0,0,0,0,0,0,0,0,0,0,0,135,188,183,202,208,186,184,198,153,187,78,0,0,0,0,0,0,0,0,0,0,0,0,0,0,0,0,0,181,166,189,199,200,186,181,179,144,192,35,0,0,0,0,0,0,0,0,0,0,0,0,0,0,0,0,132,185,165,207,209,195,195,179,160,154,176,10,0,0,0,0,0,0,0,0,0,2,1,0,0,1,0,15,190,172,192,192,192,187,191,181,157,155,161,0,0,0,0,0,0,0,0,0,0,0,0,0,8,0,0,148,186,174,194,191,194,193,195,193,163,146,145,0,0,0,0,0,0,0,0,0,0,0,0,3,0,6,146,180,143,197,190,202,199,196,193,172,155,155,162,0,0,0,0,0,0,0,0,0,0,2,7,0,53,116,143,112,209,194,198,191,188,190,179,160,155,146,186,5,0,0,0,0,2,2,3,4,0,0,0,0,156,80,134,184,168,172,174,186,189,193,183,190,171,131,196,31,0,0,2,0,0,0,0,0,0,0,71,96,41,154,178,163,166,180,185,194,189,179,180,176,162,149,198,91,0,0,0,0,3,33,36,74,153,107,28,31,155,194,204,214,207,207,207,207,186,186,192,185,181,161,164,114,0,0,0,77,97,73,90,131,72,36,80,160,147,142,155,169,172,172,190,198,190,188,177,173,169,147,146,77,0,0,50,198,154,99,76,108,98,118,168,162,169,167,137,137,174,183,164,153,170,161,137,144,153,158,176,143,0,14,188,205,198,221,218,197,192,174,158,155,166,192,203,179,194,192,184,200,218,221,222,229,225,228,221,255,48,67,242,213,210,207,202,197,194,203,208,206,201,201,207,212,215,226,246,226,223,224,234,222,223,225,217,224,38,38,188,223,239,239,234,230,227,224,225,230,230,227,238,242,255,235,146,251,237,233,228,233,231,234,226,241,67,0,0,4,88,170,210,235,245,255,255,255,255,255,190,30,0,0,0,39,255,232,247,235,232,217,192,229,55,0,0,0,0,0,0,0,0,9,17,22,28,13,0,0,0,0,0,0,5,0,0,0,0,0,0,0,0,0,0,0,0,0,0,0,0,0,0,0,0,0,0,0,0,0,0,0,0,0,0,0,0,0,0,0,0,0,0,0,0,0,0,0,0,0,0,0,0,0,0,0,0,0,0,0,0,0,0,0,0,0,0,0,0,0,0,0,0,0,0,0,0,0,0,0,0,0,0,0,0,0,0,0,0,0,0,0,0,0,0,0,0,6
0,0,0,0,0,0,0,0,0,0,0,0,0,0,0,0,0,0,0,0,0,0,0,0,0,0,0,0,0,0,0,0,0,0,0,0,0,0,0,0,0,0,0,0,0,0,0,0,0,0,0,0,0,0,0,0,0,0,0,0,0,0,0,0,0,0,0,0,0,0,0,0,0,0,0,0,0,0,0,0,0,0,0,0,0,0,0,0,0,0,0,0,0,0,0,0,0,0,0,0,0,0,0,0,0,0,0,0,0,0,0,0,0,0,0,0,0,0,0,0,0,0,0,0,0,0,0,0,0,0,0,0,0,0,0,0,0,0,0,0,0,0,0,0,0,0,0,0,0,0,0,0,0,0,0,0,0,0,0,0,0,0,0,0,0,0,0,0,0,0,0,0,0,0,0,0,0,0,0,0,0,2,0,11,197,188,39,0,0,0,0,0,0,0,0,0,0,0,0,0,0,0,0,0,0,0,0,0,0,0,0,99,154,197,248,57,0,2,0,16,155,153,66,0,0,0,0,0,0,0,0,0,0,0,0,0,1,0,33,158,114,124,177,218,230,255,212,193,195,217,145,0,0,0,0,0,0,0,0,0,0,1,0,1,0,0,115,144,158,166,149,176,172,172,194,181,186,206,157,0,0,0,0,0,0,0,0,0,0,0,0,3,0,43,140,123,145,155,171,176,176,181,208,182,182,197,142,0,0,0,0,0,0,0,0,0,0,1,1,0,0,117,128,133,151,136,140,168,182,171,197,175,177,200,135,0,0,0,0,0,1,0,0,0,0,2,5,0,77,149,127,155,136,140,153,141,190,168,179,180,182,198,157,0,0,0,0,0,0,0,0,0,2,3,0,25,127,128,118,163,139,140,158,159,184,175,180,179,179,191,182,0,1,0,0,0,3,2,2,2,0,0,38,135,103,105,126,131,160,154,144,173,186,184,175,176,175,184,215,5,1,1,0,0,0,0,0,0,3,56,119,106,112,130,135,119,145,158,149,164,177,195,175,175,173,180,212,46,0,0,0,0,20,33,46,66,105,121,96,101,136,130,136,144,142,186,160,130,166,195,175,179,175,184,208,83,0,39,85,96,104,106,105,100,117,141,146,142,141,144,126,132,135,157,157,149,175,190,173,180,172,180,212,68,12,123,101,72,69,105,118,112,131,137,126,150,157,140,139,173,158,142,157,146,153,173,173,181,180,188,213,34,99,163,146,127,97,106,112,115,127,132,115,119,131,158,166,149,133,145,189,179,163,204,209,208,195,181,231,78,1,136,167,189,170,151,132,106,97,122,135,127,131,166,184,194,200,209,230,190,175,175,160,158,145,150,175,65,0,0,0,68,146,191,216,216,224,209,197,203,222,226,200,166,94,42,0,148,207,173,193,190,197,200,208,83,1,0,0,0,0,0,6,45,88,136,150,128,83,32,0,0,0,0,0,61,90,68,66,57,45,37,11,0,0,0,0,0,0,0,0,0,0,0,0,0,0,0,0,0,0,0,0,0,0,0,0,0,0,0,0,0,0,0,0,0,0,0,0,0,0,0,0,0,0,0,0,0,0,0,0,0,0,0,0,0,0,0,0,0,0,0,0,0,0,0,0,0,0,0,0,0,0,0,0,0,0,0,0,0,0,0,0,0,0,0,0,0,0,0,0,0,0,0,0,0,0,0,0,0,0,0,0,0,0,0,0,0,0,0,0,0,0,0,0,0,0,0,0,0,0,0,0,0,0,0,0,0,0,0,0,0,0,0,0,0,0,0,0,0,0,0,0,0,6
0,0,0,0,0,0,0,0,0,0,0,0,0,0,0,0,0,0,0,0,0,0,0,0,0,0,0,0,0,0,0,0,0,0,0,0,0,0,0,0,0,0,0,0,0,0,0,0,0,0,0,0,0,0,0,0,0,0,0,0,0,0,0,0,0,0,0,0,0,0,0,0,0,0,0,0,0,0,0,0,0,0,0,0,0,0,0,0,0,0,0,0,0,0,0,0,0,0,0,0,0,0,0,0,0,0,0,0,0,0,0,0,0,0,0,0,0,0,0,0,0,0,0,0,0,3,0,0,21,125,185,82,111,125,137,121,96,112,89,0,0,0,0,0,0,0,0,0,0,0,1,0,0,6,0,87,238,178,191,237,233,219,218,193,199,161,228,61,0,0,0,0,0,0,0,0,0,0,1,0,0,6,0,156,175,165,197,200,155,136,178,162,146,166,180,1,0,0,0,0,0,0,0,0,0,0,0,0,0,11,0,142,193,172,227,188,170,183,158,183,173,165,172,0,0,0,0,0,0,0,0,0,0,0,0,0,1,0,0,177,175,152,203,185,167,185,172,178,192,175,173,0,0,0,0,0,0,0,0,0,0,0,0,0,2,0,2,244,162,197,216,173,173,173,189,166,164,174,107,0,0,0,0,0,0,0,0,0,0,0,0,0,3,0,20,184,170,210,196,157,192,192,183,191,173,177,91,0,0,0,0,0,0,0,0,0,0,1,0,0,5,0,171,197,178,227,181,154,171,173,161,156,150,171,63,0,0,0,0,0,0,0,0,0,1,6,0,0,0,0,181,171,184,219,171,160,156,146,139,151,145,175,118,0,0,0,0,0,0,0,0,0,3,0,0,8,0,136,201,162,206,205,154,159,158,170,175,174,155,165,159,0,0,0,0,0,0,0,0,0,0,0,7,0,10,215,162,174,220,173,148,175,176,184,170,160,159,153,179,0,0,0,0,0,0,0,0,0,0,4,0,0,178,190,157,219,211,153,176,181,165,143,152,164,151,101,159,18,0,0,0,0,0,0,1,3,1,0,0,187,184,150,184,229,174,159,168,153,148,161,165,153,132,101,162,61,0,4,5,7,7,2,0,0,0,0,181,195,176,177,189,182,153,165,164,155,153,160,147,159,159,124,166,117,0,0,0,0,0,0,0,0,41,195,205,175,166,174,172,161,165,167,161,158,163,154,156,162,142,88,154,151,0,8,77,110,138,161,194,185,196,202,176,159,159,164,162,157,159,157,152,156,165,157,166,167,142,106,193,116,11,210,210,215,224,209,192,180,174,171,167,153,173,167,173,176,165,165,159,178,188,191,193,194,207,175,219,117,82,225,173,135,127,110,139,155,161,157,159,158,156,155,150,168,179,204,216,255,215,190,192,188,175,118,154,172,168,234,199,192,175,156,138,126,123,153,163,155,168,180,191,210,213,231,153,54,162,195,176,173,185,163,172,129,46,175,192,215,223,217,212,206,206,211,209,219,216,216,210,129,40,0,0,0,218,225,203,219,206,178,213,176,0,0,0,24,59,83,129,159,167,177,190,170,161,148,30,0,0,0,0,0,105,200,157,176,178,151,159,82,0,0,0,0,0,0,0,0,0,0,0,0,0,0,0,0,0,0,0,0,0,0,0,0,0,0,0,0,0,0,0,0,0,0,0,0,0,0,0,0,0,0,0,0,0,0,0,0,0,0,0,0,0,0,0,0,0,0,0,0,0,0,0,0,0,0,0,0,0,0,0,0,0,0,0,0,0,0,0,0,0,0,0,0,6
0,0,0,0,0,0,0,0,0,0,0,0,0,0,0,0,0,0,0,0,0,0,0,0,0,0,0,0,0,0,0,0,0,0,0,0,0,0,0,0,0,0,0,0,0,0,0,0,0,0,0,0,0,0,0,0,0,0,0,0,0,0,0,0,0,0,0,0,0,0,0,0,0,0,0,0,0,0,0,0,0,0,0,0,0,0,0,0,0,0,0,0,0,0,0,0,0,0,0,0,0,0,0,0,0,0,0,0,0,0,0,0,0,0,0,0,0,0,0,0,0,0,0,0,0,0,0,0,0,0,0,0,0,0,0,0,0,0,0,0,0,0,0,0,0,0,0,0,0,0,0,0,0,0,0,0,1,0,139,232,53,52,32,0,0,3,0,0,0,0,0,0,0,0,0,0,0,0,0,0,0,0,0,0,0,35,220,168,197,214,220,104,10,0,0,0,0,0,0,0,0,0,0,0,0,0,0,0,0,0,0,0,81,226,159,137,162,173,183,188,181,138,45,0,0,0,0,0,0,0,0,0,0,0,0,0,0,2,0,57,255,185,167,145,164,162,149,177,169,162,224,25,0,0,0,0,0,0,0,0,0,0,0,0,0,2,0,123,208,169,141,182,162,162,175,140,141,157,180,0,0,0,0,0,0,0,0,0,0,0,0,0,0,0,0,212,209,193,148,209,203,138,165,184,171,177,183,0,0,0,0,0,0,0,0,0,0,0,0,0,0,0,126,246,195,157,174,198,195,194,145,158,159,184,156,0,0,0,0,0,0,0,0,0,0,6,0,0,0,8,239,205,180,165,206,179,199,193,187,142,136,187,105,0,0,0,0,0,0,0,0,0,0,5,2,0,0,217,234,177,173,199,191,191,206,209,201,189,158,138,118,0,0,0,0,0,0,0,0,0,0,0,0,0,178,244,184,164,199,207,210,205,195,203,152,166,170,141,167,0,0,0,0,0,0,0,0,0,0,6,0,154,255,203,153,199,213,213,195,181,174,145,187,178,171,130,153,72,0,0,1,0,0,0,0,0,0,0,0,232,215,151,180,214,182,177,172,179,171,164,182,166,178,138,155,127,0,6,5,4,2,6,0,0,0,127,245,236,167,172,201,190,198,180,192,177,159,161,174,171,174,148,133,145,0,0,0,0,0,0,0,98,241,250,200,180,163,177,176,182,198,188,209,158,170,170,179,158,134,75,145,154,0,70,92,81,73,100,209,255,203,171,164,157,155,183,180,186,200,181,199,162,188,188,181,179,149,119,198,78,36,209,214,217,255,255,232,189,183,172,152,152,156,189,184,187,183,188,205,169,187,185,202,187,195,185,232,1,12,215,186,169,152,151,200,215,211,193,187,198,182,191,186,175,196,250,255,212,225,217,214,216,211,198,216,0,0,159,231,237,220,198,153,126,152,182,181,170,177,194,211,255,228,136,27,0,144,226,201,207,194,202,169,0,0,0,6,97,210,255,255,255,220,230,230,240,255,255,217,83,0,0,0,0,77,255,225,255,247,255,79,0,0,0,0,0,0,0,35,85,129,155,150,116,66,16,0,0,0,0,3,0,0,82,58,56,46,54,0,0,0,0,0,0,0,0,0,0,0,0,0,0,0,0,0,0,0,0,0,0,0,0,0,0,0,0,0,0,0,0,0,0,0,0,0,0,0,0,0,0,0,0,0,0,0,0,0,0,0,0,0,0,0,0,0,0,0,0,0,0,0,0,0,0,0,0,0,0,0,0,0,0,0,0,0,0,0,0,0,0,0,0,0,0,6
0,0,0,0,0,0,0,0,0,0,0,0,0,0,0,0,0,0,0,0,0,0,0,0,0,0,0,0,0,0,0,0,0,0,0,0,0,0,0,0,0,0,0,0,0,0,0,0,0,0,0,0,0,0,0,0,0,0,0,0,0,0,0,0,0,0,0,0,0,0,0,0,0,0,0,0,0,0,0,0,0,0,0,0,0,0,0,0,0,0,0,0,0,0,0,0,0,0,0,0,0,0,0,0,0,0,0,0,0,0,0,0,0,0,0,0,0,0,0,0,0,0,0,0,0,0,2,4,2,0,1,2,2,3,5,4,7,0,0,0,0,0,0,0,0,0,0,0,0,0,0,0,0,2,0,0,0,0,0,0,0,0,0,0,0,39,164,0,0,0,0,0,0,0,0,0,0,0,0,0,2,0,24,140,127,127,114,107,92,75,38,69,10,193,58,0,0,0,0,0,0,0,0,0,0,0,0,0,6,0,110,244,240,251,251,253,251,250,250,252,252,215,0,0,0,0,0,0,0,0,0,0,0,0,0,0,1,0,88,200,212,233,229,230,232,233,233,214,205,206,0,0,0,0,0,0,0,0,0,0,0,0,0,0,0,0,113,231,222,243,238,239,240,236,247,221,198,246,0,0,0,0,0,0,0,0,0,0,0,0,0,0,0,0,161,219,222,235,237,236,237,234,246,215,193,255,0,0,0,0,0,0,0,0,0,0,0,3,0,1,0,0,217,197,235,240,236,236,236,235,243,213,190,255,17,0,0,0,0,0,0,0,0,0,0,2,0,0,0,119,227,186,241,235,233,234,235,235,246,213,178,253,89,0,0,0,0,0,0,0,0,0,0,0,1,0,23,231,190,197,239,229,234,234,236,236,240,205,195,219,191,0,0,0,0,0,0,0,0,0,0,0,0,0,214,208,180,199,246,232,236,235,235,233,244,202,200,197,250,32,0,0,0,0,0,0,0,0,0,0,0,196,222,186,194,199,247,235,233,230,225,238,227,191,203,200,232,96,0,0,4,3,2,0,0,0,0,48,202,214,180,193,192,194,193,221,240,238,240,223,202,200,209,199,228,116,0,0,0,0,0,0,0,43,149,228,194,184,190,192,194,194,191,194,198,198,207,187,193,205,201,193,234,95,0,0,27,60,125,172,206,225,224,182,194,190,204,202,201,200,205,193,183,208,215,195,198,212,206,210,235,8,5,154,201,198,203,201,197,192,187,198,198,207,193,202,195,201,203,239,255,226,209,216,200,207,198,207,200,0,113,227,225,213,203,200,194,193,194,186,185,187,186,194,207,223,249,173,71,0,94,211,191,196,195,208,168,0,0,13,115,195,195,209,218,216,212,211,209,214,218,226,254,127,0,0,0,0,142,228,212,219,218,232,149,0,0,0,0,0,6,33,75,130,167,193,207,202,187,123,0,0,0,0,2,0,60,122,87,86,68,70,17,0,0,2,0,0,0,0,0,0,0,0,0,0,0,0,0,3,8,0,0,0,0,0,0,0,0,0,0,0,0,0,0,0,0,0,0,0,0,0,0,0,0,0,0,0,0,0,0,0,0,0,0,0,0,0,0,0,0,0,0,0,0,0,0,0,0,0,0,0,0,0,0,0,0,0,0,0,0,0,0,0,0,0,0,0,0,0,0,0,0,0,0,0,0,0,0,0,0,0,0,0,0,0,0,0,0,0,0,0,0,0,0,0,0,0,0,0,0,0,0,0,0,0,0,0,0,0,0,0,0,0,0,0,0,0,0,0,0,0,0,0,6
0,0,0,0,0,0,0,0,0,0,0,0,0,0,0,0,0,0,0,0,0,0,0,0,0,0,0,0,0,0,0,0,0,0,0,0,0,0,0,0,0,0,0,0,0,0,0,0,0,0,0,0,0,0,0,0,0,0,0,0,0,0,0,0,0,0,0,0,0,0,0,0,0,0,0,0,0,0,0,0,0,0,0,0,0,0,0,0,0,0,0,0,0,0,0,0,0,0,0,0,0,0,0,0,0,0,0,0,0,0,0,0,0,0,0,0,0,0,0,0,77,159,145,172,178,141,110,61,27,34,39,36,40,48,70,77,85,92,121,56,0,0,0,0,0,0,0,0,210,218,194,200,195,208,226,240,242,242,240,237,235,238,211,211,210,210,228,163,0,0,0,0,0,1,0,0,163,214,201,206,193,183,187,191,183,183,185,186,192,190,194,198,196,182,161,130,0,0,0,0,0,1,0,0,162,210,210,237,233,230,228,217,212,209,196,197,193,182,174,159,169,159,175,184,0,0,1,0,0,2,0,0,184,100,80,128,160,167,179,186,184,184,194,198,189,183,175,143,83,69,104,191,0,0,0,0,0,2,0,0,182,149,136,152,185,178,186,182,182,183,184,183,181,182,161,139,115,54,105,207,0,0,0,0,1,2,0,0,162,139,161,154,193,186,190,191,187,187,193,187,191,191,161,151,121,76,163,196,0,0,1,1,1,1,0,0,183,157,59,181,159,150,145,150,153,149,157,163,162,146,150,158,148,156,188,158,0,0,0,0,0,3,0,0,190,109,122,165,214,196,186,189,192,188,184,183,176,162,162,156,102,78,187,159,0,0,0,0,0,1,0,0,177,163,176,174,166,215,203,204,204,202,199,197,194,190,170,157,65,161,207,136,0,0,0,0,0,0,0,0,186,154,142,198,171,183,199,190,188,193,193,191,189,187,190,175,157,129,91,145,0,0,1,0,4,0,0,155,195,144,151,189,195,197,191,191,187,191,191,184,185,186,189,172,106,44,203,125,0,0,0,4,0,0,166,237,184,152,174,189,195,192,190,192,190,189,186,181,187,189,189,187,139,126,237,102,0,0,8,0,0,153,232,211,189,147,162,184,197,191,193,192,192,191,184,182,189,191,187,185,168,141,225,104,0,0,0,0,123,217,197,212,214,163,161,188,192,190,193,192,192,189,183,183,190,189,186,181,175,152,229,100,0,0,18,175,211,194,192,218,224,190,167,193,182,190,191,191,189,189,185,186,191,189,183,181,178,155,230,99,0,107,225,245,164,193,207,228,209,170,183,182,191,194,189,187,185,183,181,181,183,188,186,186,173,159,223,85,112,220,200,16,0,204,219,221,207,169,167,182,184,185,183,180,178,177,178,178,179,182,184,185,175,162,184,89,207,202,166,9,255,230,211,227,219,191,190,201,204,205,205,204,202,201,201,201,202,204,205,206,203,195,197,73,166,218,213,240,238,219,216,117,26,117,139,137,141,148,147,148,148,150,155,154,154,156,154,150,150,153,130,0,0,65,72,100,125,54,0,0,0,0,0,0,0,0,0,0,0,0,0,0,0,0,0,0,0,0,0,0,0,0,0,0,0,0,0,0,0,0,0,0,0,0,0,0,0,0,0,0,0,0,0,0,0,0,0,0,0,0,0,0,0,0,0,0,0,0,0,0,0,0,0,0,0,0,0,0,0,0,0,0,0,0,0,0,0,0,0,0,0,0,0,0,0,0,0,0,0,0,0,0,0,0,0,0,0,0,0,0,0,0,0,0,6
0,0,0,0,0,0,0,0,0,0,0,0,0,0,0,0,0,0,0,0,0,0,0,0,0,0,0,0,0,0,0,0,0,0,0,0,0,0,0,0,0,0,0,0,0,0,0,0,0,0,0,0,0,0,0,0,0,0,0,0,0,0,0,0,0,0,0,0,0,0,0,0,0,0,0,0,0,0,0,0,0,0,0,0,0,0,0,0,0,0,0,0,0,0,0,0,0,0,0,0,0,0,0,0,0,0,0,0,0,0,0,0,0,0,0,0,0,0,0,0,0,0,0,0,0,0,2,0,19,74,42,54,107,71,48,22,26,0,0,0,0,0,0,0,0,0,0,0,0,0,0,0,0,0,4,0,101,202,217,255,255,216,255,247,244,211,147,6,0,0,0,0,0,0,0,0,0,0,0,0,0,0,0,0,123,202,207,215,203,173,244,227,205,230,226,131,0,0,0,0,0,0,0,0,0,0,0,0,0,0,0,0,149,211,210,195,173,210,200,189,210,223,193,0,0,0,0,0,0,0,0,0,0,0,0,0,0,1,0,0,171,213,218,185,141,240,220,235,238,234,152,0,0,0,0,0,0,0,0,0,0,0,0,0,0,4,0,24,196,219,211,241,188,181,185,189,219,239,66,0,0,0,0,0,0,0,0,0,0,0,0,0,0,5,0,81,208,218,214,233,176,214,255,212,210,232,83,0,0,0,0,0,0,0,0,0,0,0,0,0,0,0,0,150,181,142,224,247,209,182,198,190,219,230,97,0,0,0,0,0,0,0,0,1,0,0,0,0,3,0,0,137,151,147,174,170,197,206,204,220,211,216,118,0,0,0,0,0,0,0,0,0,0,0,0,2,0,0,103,154,138,176,172,170,169,168,176,172,168,195,149,0,0,0,0,0,0,0,0,0,0,0,3,0,0,114,181,140,173,170,182,182,178,174,182,186,186,184,156,0,0,0,0,0,1,0,0,0,0,4,0,0,150,166,135,161,175,173,171,165,178,193,196,169,157,173,178,0,0,0,0,0,1,1,4,2,0,0,29,167,156,141,165,175,175,174,173,197,202,174,147,157,169,174,187,0,0,1,3,1,0,0,0,0,0,64,153,165,170,180,164,172,183,183,181,183,165,142,149,161,155,159,193,2,0,0,0,0,0,0,14,49,103,175,115,153,157,148,155,166,171,163,164,159,152,161,161,168,167,166,181,18,0,0,53,115,133,143,156,154,158,152,138,153,148,155,154,140,143,159,164,153,152,161,164,160,152,158,177,0,0,41,148,144,152,149,162,165,166,166,171,163,158,156,151,141,140,138,150,157,173,172,166,158,161,173,201,0,61,176,148,145,127,141,145,139,138,134,129,137,136,131,140,183,206,221,255,218,218,220,217,223,225,219,255,60,74,229,245,213,200,191,175,154,160,160,182,181,204,223,225,213,215,167,106,214,227,224,218,222,225,218,212,37,0,32,165,187,211,224,232,234,238,236,231,241,231,102,43,0,0,0,0,235,233,224,255,255,236,230,255,77,0,0,0,0,0,10,40,61,63,58,36,46,0,0,0,0,0,0,0,12,45,28,50,58,54,55,70,0,0,0,0,0,0,0,0,0,0,0,0,0,0,0,0,0,0,0,0,0,0,0,0,0,0,0,0,0,0,0,0,0,0,0,0,0,0,0,0,0,0,0,0,0,0,0,0,0,0,0,0,0,0,0,0,0,0,0,0,0,0,0,0,0,0,0,0,0,0,0,0,0,0,0,0,0,0,0,0,0,0,0,0,0,6
0,0,0,0,0,0,0,0,0,0,0,0,0,0,0,0,0,0,0,0,0,0,0,0,0,0,0,0,0,0,0,0,0,0,0,0,0,0,0,0,0,0,0,0,0,0,0,0,0,0,0,0,0,0,0,0,0,0,0,0,0,0,0,0,0,0,0,0,0,0,0,0,0,0,0,0,0,0,0,0,0,0,0,0,0,0,0,0,0,0,0,0,0,0,0,0,0,0,0,0,0,0,0,0,0,0,0,0,0,0,0,0,0,0,0,0,0,0,0,0,0,0,0,0,0,0,0,0,0,0,0,0,0,0,0,0,0,0,0,0,0,0,0,0,0,0,0,0,0,0,0,0,0,0,0,0,0,0,0,0,0,0,0,0,0,0,0,0,0,0,0,0,0,0,0,0,0,0,0,0,0,0,0,0,0,0,0,0,0,0,0,0,0,44,0,1,0,0,0,0,0,0,0,0,0,0,0,0,0,0,1,0,0,44,21,6,0,0,0,0,49,91,0,0,0,0,0,0,0,0,0,0,0,0,0,0,0,1,5,0,74,184,196,209,202,222,202,166,199,183,0,0,0,0,0,0,0,0,0,0,0,0,0,0,0,1,0,0,160,191,206,206,201,203,216,208,187,185,10,0,0,0,0,0,0,0,0,0,0,0,0,1,0,6,0,48,172,191,213,205,196,197,211,201,186,182,11,0,0,0,0,0,0,0,0,0,0,0,0,0,0,0,0,145,181,196,226,198,198,202,220,205,185,189,24,0,0,0,0,0,0,1,0,0,0,1,0,1,5,0,50,201,177,203,217,192,207,208,217,207,187,197,45,0,1,0,0,0,0,0,0,0,0,1,4,0,0,43,167,183,181,215,207,194,205,203,218,207,188,200,107,0,0,0,1,2,2,2,3,3,4,5,0,0,81,185,113,151,189,225,197,198,204,201,217,213,186,196,180,0,1,4,0,0,0,0,0,0,0,0,3,129,168,28,18,93,197,225,195,204,207,210,220,211,206,191,215,31,0,0,0,26,15,2,1,13,45,110,174,147,15,0,76,173,191,199,206,210,211,211,187,199,197,187,213,46,0,35,140,120,143,178,177,173,171,140,64,0,0,115,197,196,182,185,195,197,196,197,205,221,217,193,209,40,58,177,164,110,74,63,76,83,44,8,1,54,168,205,200,203,210,206,201,194,195,204,204,197,193,170,183,23,34,160,204,205,187,161,148,151,142,162,199,197,202,199,192,183,176,176,181,174,177,185,193,196,198,197,228,38,0,0,41,133,186,213,218,208,205,199,197,189,188,189,192,205,213,252,216,230,198,196,199,194,194,190,195,52,4,0,0,0,0,45,125,160,184,197,203,204,197,228,202,137,57,16,0,113,255,205,230,232,232,193,248,98,0,1,1,0,0,0,0,0,0,16,26,26,17,0,0,0,0,0,0,0,87,81,57,61,50,40,22,0,0,0,0,0,0,0,0,0,0,0,0,0,0,0,0,0,0,0,0,0,0,0,0,0,0,0,0,0,0,0,0,0,0,0,0,0,0,0,0,0,0,0,0,0,0,0,0,0,0,0,0,0,0,0,0,0,0,0,0,0,0,0,0,0,0,0,0,0,0,0,0,0,0,0,0,0,0,0,0,0,0,0,0,0,0,0,0,0,0,0,0,0,0,0,0,0,0,0,0,0,0,0,0,0,0,0,0,0,0,0,0,0,0,0,0,0,0,0,0,0,0,0,0,0,0,0,0,0,0,0,0,0,0,0,0,0,0,0,0,0,6
0,0,0,0,0,0,0,0,0,0,0,0,0,0,0,0,0,0,0,0,0,0,0,0,0,0,0,0,0,0,0,0,0,0,0,0,0,0,0,0,0,0,0,0,0,0,0,0,0,0,0,0,0,0,0,0,0,0,0,0,0,0,0,0,0,0,0,0,0,0,0,0,0,0,0,0,0,0,0,0,0,0,0,0,0,0,0,0,0,0,0,0,0,0,0,0,0,0,0,1,2,4,2,2,1,2,3,1,5,0,42,29,0,0,0,0,0,0,0,0,0,0,0,0,0,0,0,0,0,0,0,0,0,0,0,0,0,0,159,37,0,0,0,0,0,0,0,0,0,0,0,0,0,0,0,0,9,54,54,72,95,110,102,93,80,41,72,0,0,0,0,0,0,0,0,0,0,0,0,0,0,0,3,0,157,194,206,214,222,224,230,235,201,216,185,0,0,0,0,0,0,0,0,0,0,0,0,0,0,1,0,0,188,161,191,203,207,202,213,210,171,215,111,0,0,0,0,0,0,0,0,0,0,0,0,0,0,2,0,0,190,149,207,214,200,198,233,192,173,219,54,0,0,0,0,0,0,0,0,0,0,0,0,0,0,6,0,73,223,139,227,192,110,189,227,217,193,222,27,0,0,0,0,0,0,0,0,0,0,1,0,1,0,0,0,118,198,116,200,204,203,244,213,235,187,220,35,0,0,0,0,0,0,0,0,0,0,0,0,0,2,0,0,191,167,119,198,226,216,222,234,183,199,212,48,0,0,0,0,0,0,1,0,0,0,1,0,0,0,0,83,229,116,43,204,222,209,219,231,181,190,225,159,0,0,0,0,0,0,0,0,0,0,0,1,4,0,5,208,160,150,142,234,217,213,221,233,165,147,207,214,0,0,0,0,0,1,0,0,0,1,0,0,0,0,151,193,116,184,121,212,216,215,226,236,160,182,198,219,0,1,1,0,0,0,0,0,1,1,0,9,0,41,201,124,161,189,104,200,222,213,225,161,95,155,172,250,29,0,2,2,1,0,0,0,0,0,7,0,0,191,161,156,169,121,178,187,196,210,196,188,173,161,162,240,81,7,8,0,3,5,8,6,1,0,0,0,136,206,145,158,182,149,153,206,213,243,227,218,245,248,194,232,81,0,0,0,0,0,0,0,0,0,42,165,172,196,70,123,232,191,224,190,140,193,188,188,199,141,98,204,62,49,112,116,123,110,94,94,80,154,200,110,33,101,158,207,206,200,137,86,123,197,202,205,193,181,189,255,65,153,212,155,129,133,167,179,176,133,40,34,88,194,206,215,196,90,153,229,181,115,213,196,193,199,185,205,30,10,100,156,179,184,180,166,155,123,110,121,159,208,209,172,184,206,214,56,0,0,214,191,188,186,191,201,12,0,0,0,32,115,158,162,161,182,128,124,198,200,189,163,166,90,0,0,0,0,241,208,196,194,195,236,0,4,0,0,0,0,0,5,21,78,106,139,139,109,68,24,0,0,0,2,0,0,29,28,19,12,5,6,0,0,0,1,3,0,0,0,0,0,0,0,0,0,0,0,0,1,3,0,0,1,0,0,0,0,0,0,0,0,0,0,0,0,0,0,0,0,0,0,0,0,0,0,0,0,0,0,0,0,0,0,0,0,0,0,0,0,0,0,0,0,0,0,0,0,0,0,0,0,0,0,0,0,0,0,0,0,0,0,0,0,0,0,0,0,0,0,0,0,0,0,0,0,0,0,0,0,0,0,0,0,0,0,0,0,0,0,0,0,0,0,0,6
0,0,0,0,0,0,0,0,0,0,0,0,0,0,0,0,0,0,0,0,0,0,0,0,0,0,0,0,0,0,0,0,0,0,0,0,0,0,0,0,0,0,0,0,0,0,0,0,0,0,0,0,0,0,0,0,0,0,0,0,0,0,0,0,0,0,0,0,0,0,0,0,0,0,0,0,0,0,0,0,0,0,0,0,0,0,0,0,0,0,0,0,0,0,0,0,0,0,0,0,0,0,0,0,0,0,0,0,0,0,0,0,0,0,0,0,0,0,0,0,0,0,0,0,0,0,0,0,0,0,0,0,0,0,0,0,0,0,0,0,0,0,0,0,0,0,0,0,0,0,0,0,0,0,0,0,0,0,0,0,1,2,3,2,0,0,0,0,0,0,0,0,0,0,0,0,0,0,0,0,0,0,0,0,1,4,6,0,0,0,0,0,0,161,8,0,0,0,0,0,0,0,0,0,0,0,0,0,0,0,0,1,0,0,0,0,0,0,0,0,30,72,0,3,0,0,0,0,0,0,0,0,0,0,0,0,0,0,2,0,0,18,88,144,180,212,201,200,207,146,0,0,0,0,0,0,0,0,0,0,0,0,0,0,0,5,0,0,204,194,204,216,219,211,209,204,215,169,0,0,0,0,0,0,0,0,0,0,0,0,0,0,3,0,0,168,202,193,193,188,154,184,199,199,207,184,0,0,0,0,0,0,0,0,0,0,0,0,0,3,0,0,139,190,169,168,179,186,205,214,204,203,202,210,20,0,0,0,0,0,0,0,0,0,0,0,4,0,0,137,202,188,194,182,190,216,211,200,201,209,201,218,46,0,0,0,0,0,0,0,0,0,0,3,0,0,160,220,202,200,195,191,211,213,199,205,199,198,202,228,120,0,0,0,0,0,0,0,0,0,4,0,0,152,208,141,155,179,185,201,216,198,203,205,207,210,202,221,179,0,0,0,0,0,0,0,0,4,0,0,138,187,49,91,159,186,186,210,207,202,209,212,202,206,198,208,220,8,1,1,0,0,3,4,3,0,0,182,192,166,203,225,206,188,200,213,200,212,213,200,210,204,194,206,231,47,0,4,7,5,0,0,0,57,181,84,158,216,177,194,205,206,208,203,213,212,208,211,222,206,195,204,238,52,3,0,0,0,0,108,139,162,114,0,28,136,170,156,201,221,218,211,214,223,229,229,213,191,184,196,227,27,0,0,48,112,136,183,168,154,113,158,185,191,221,221,196,185,195,173,158,160,160,159,164,179,184,192,194,0,18,165,208,195,190,194,191,190,204,226,225,229,207,186,187,193,206,208,252,241,206,209,216,214,198,199,188,0,58,138,156,176,188,201,207,212,225,230,225,215,207,241,226,189,158,119,60,14,247,246,233,231,206,207,255,21,0,0,0,0,16,29,37,49,60,66,57,46,46,0,0,0,0,0,0,0,59,72,48,55,46,52,57,0,0,0,0,0,0,0,0,0,0,0,0,0,0,0,0,0,0,0,0,0,0,0,0,0,0,0,0,0,0,0,0,0,0,0,0,0,0,0,0,0,0,0,0,0,0,0,0,0,0,0,0,0,0,0,0,0,0,0,0,0,0,0,0,0,0,0,0,0,0,0,0,0,0,0,0,0,0,0,0,0,0,0,0,0,0,0,0,0,0,0,0,0,0,0,0,0,0,0,0,0,0,0,0,0,0,0,0,0,0,0,0,0,0,0,0,0,0,0,0,0,0,0,0,0,0,0,0,0,0,0,0,0,0,0,0,0,0,0,0,0,6
0,0,0,0,0,0,0,0,0,0,0,0,0,0,0,0,0,0,0,0,0,0,0,0,0,0,0,0,0,0,0,0,0,0,0,0,0,0,0,0,0,0,0,0,0,0,0,0,0,0,0,0,0,0,0,0,0,0,0,0,0,0,0,0,0,0,0,0,0,0,0,0,0,0,0,0,0,0,0,0,0,0,0,0,0,0,0,0,0,0,0,0,0,2,0,0,0,1,1,1,0,4,0,0,0,0,0,0,0,176,8,0,0,0,0,0,0,0,0,0,0,1,0,0,2,1,4,0,0,0,0,11,33,70,99,91,111,187,17,0,0,0,0,0,0,0,0,0,0,0,0,3,0,0,0,0,53,201,202,227,236,217,204,230,242,168,0,0,0,0,0,0,0,0,0,0,0,0,4,0,26,0,0,191,217,171,193,232,189,68,98,198,211,162,0,0,0,0,0,0,0,0,0,0,0,1,0,0,108,67,157,216,192,100,183,229,213,136,101,199,212,188,0,0,0,0,0,0,0,0,0,0,4,0,3,52,144,180,229,222,218,142,243,234,221,60,107,226,216,206,14,0,0,0,0,0,0,0,0,0,0,8,110,26,117,124,193,244,133,82,250,254,156,73,171,239,192,221,93,0,0,0,0,0,0,0,0,2,0,87,39,0,150,153,215,200,62,206,248,252,109,96,94,128,157,232,164,0,0,0,0,0,0,0,0,0,0,0,0,69,162,185,254,123,108,255,206,255,137,59,162,142,123,224,215,0,0,0,0,0,1,0,0,0,5,0,0,183,149,226,160,105,221,241,221,245,200,197,255,150,95,218,211,53,0,0,0,0,1,1,1,0,3,0,107,165,189,214,76,244,245,223,235,224,247,231,242,203,78,221,216,82,0,0,0,0,0,0,4,0,0,27,211,160,220,99,127,254,220,229,231,231,227,214,255,96,85,213,231,98,0,0,5,7,3,1,0,0,64,242,188,218,240,100,159,255,223,235,229,231,250,212,150,90,224,236,238,57,0,0,0,0,0,0,0,135,240,125,71,238,223,137,157,248,228,223,233,244,194,155,196,255,253,209,239,0,0,0,39,45,33,108,255,203,198,213,177,170,237,148,109,237,241,233,224,224,234,250,227,152,134,178,202,0,0,219,227,239,236,243,229,207,210,207,237,212,178,115,225,236,214,216,255,255,134,201,164,147,166,195,186,0,143,145,135,210,206,212,200,192,194,209,194,147,199,250,246,224,203,255,168,0,0,224,184,159,152,195,154,0,165,164,214,212,173,180,224,222,224,222,173,222,237,230,223,223,255,44,0,0,0,220,180,152,163,202,103,0,157,175,185,202,149,65,89,154,227,234,238,240,233,222,219,239,9,0,0,0,0,178,175,152,158,199,54,0,0,76,169,180,211,214,176,160,206,217,219,215,208,203,203,15,0,0,0,0,0,175,202,176,187,212,44,0,0,0,0,30,68,152,165,208,184,203,190,193,170,129,6,0,0,0,0,2,0,25,177,148,149,138,3,0,1,1,0,0,0,0,0,0,0,16,4,5,0,0,0,0,0,0,0,0,0,0,0,0,0,0,0,1,0,0,0,0,0,0,0,0,0,0,0,0,0,0,0,0,0,0,0,0,0,0,0,0,0,0,0,0,0,0,0,0,0,0,0,0,0,0,0,0,0,0,0,0,0,0,0,0,0,0,0,0,0,0,0,0,0,0,0,0,0,0,0,0,0,0,0,0,0,0,0,0,0,0,0,0,0,0,0,0,0,0,0,0,6
0,0,0,0,0,0,0,0,0,0,0,0,0,6,10,13,24,29,88,49,129,121,138,114,144,81,0,0,0,0,0,0,0,0,0,0,0,0,0,1,0,79,112,128,135,136,119,111,242,241,240,241,255,158,0,0,0,0,0,0,0,0,0,0,0,0,0,4,0,60,113,106,106,107,103,85,230,229,229,224,241,84,0,2,0,0,0,0,0,0,0,0,0,0,0,3,0,48,109,103,101,107,114,94,236,233,235,225,247,59,0,2,0,0,0,0,0,0,0,0,0,0,0,5,0,44,123,102,107,114,105,101,240,232,232,230,238,33,0,3,0,0,0,0,0,0,0,0,0,0,0,5,0,40,125,103,106,112,90,108,241,229,229,228,234,21,0,2,0,0,0,0,0,0,0,0,0,0,0,3,0,39,124,100,97,99,82,116,244,228,230,225,247,35,0,2,0,0,0,0,0,0,0,0,0,0,0,2,0,44,118,104,90,98,83,122,244,229,235,226,249,117,0,0,0,0,0,0,0,0,0,0,0,0,0,2,0,50,117,100,91,98,79,124,244,229,234,228,239,216,0,0,0,0,0,0,0,0,0,0,0,0,0,2,0,62,119,95,94,101,76,128,244,229,234,230,227,239,26,0,0,0,0,0,0,0,0,0,0,0,0,1,0,74,113,92,87,108,79,135,246,228,232,229,227,242,171,0,0,0,0,0,0,0,0,0,0,1,1,0,0,86,115,100,96,118,79,145,246,228,232,233,231,230,255,0,0,0,0,0,0,0,0,0,0,1,1,0,0,103,96,89,89,107,76,155,242,223,230,233,232,225,241,96,0,0,0,0,0,0,0,0,0,0,7,0,32,143,140,149,127,130,99,179,244,228,234,229,233,227,233,159,0,0,0,0,0,0,0,0,0,0,3,0,83,156,142,160,146,134,100,194,241,224,236,231,225,225,232,192,0,0,0,0,0,0,0,0,0,2,2,0,134,145,136,142,137,128,83,190,240,227,228,227,229,221,237,158,0,0,0,0,0,0,0,0,0,2,0,29,160,130,136,139,126,136,88,181,246,228,231,215,225,224,228,15,0,0,0,0,0,0,0,0,0,2,0,102,132,127,137,136,132,133,86,192,238,228,229,252,238,237,201,0,0,0,0,0,0,0,0,0,2,0,5,154,129,128,135,138,142,137,84,199,240,229,255,158,61,252,114,0,0,0,0,0,0,0,0,0,5,0,74,159,107,121,131,139,144,142,92,202,236,252,124,0,0,240,48,0,0,0,0,0,0,2,4,4,0,0,148,137,118,126,130,137,141,136,102,206,255,135,0,0,16,225,19,0,0,1,1,3,4,0,0,0,0,123,145,139,124,127,132,142,142,130,132,235,172,0,0,0,13,218,2,0,0,3,0,0,0,0,32,80,148,143,135,131,121,142,145,140,140,130,165,215,0,0,5,0,24,209,0,0,0,0,0,58,128,128,137,134,131,132,139,124,136,144,153,151,146,138,179,124,0,4,0,0,53,203,0,0,0,47,122,145,140,138,133,135,139,143,138,142,133,137,137,134,128,140,173,0,0,5,4,0,58,199,0,0,0,97,141,139,132,131,122,115,108,104,108,119,125,125,113,117,125,170,68,0,6,0,6,0,63,194,0,0,0,0,9,43,91,139,167,187,185,174,166,157,149,144,139,148,176,146,0,0,2,0,7,0,70,197,0,2,0,0,0,0,0,0,0,0,29,64,75,106,134,152,166,148,84,0,0,2,0,0,4,0,16,82,0,1,6
0,0,0,0,0,0,0,0,0,0,0,0,0,0,0,0,0,0,0,0,0,0,0,0,0,0,0,0,0,0,0,0,0,0,0,0,0,0,0,0,0,0,0,0,0,0,0,0,0,0,0,0,0,0,0,0,0,0,0,0,0,0,0,0,0,0,0,0,0,0,0,0,0,0,0,0,0,0,0,0,0,0,0,0,0,0,0,0,0,0,0,0,0,0,0,0,0,0,0,0,0,0,0,0,0,0,0,0,0,0,0,0,0,0,0,0,0,0,0,0,0,0,0,0,0,0,0,0,0,0,0,0,0,0,0,0,0,0,0,0,0,0,0,0,0,0,0,0,0,0,0,0,0,1,1,0,5,0,53,96,0,0,0,0,0,0,1,116,0,0,0,0,0,0,0,0,0,0,0,0,0,0,0,3,0,0,142,202,152,99,45,51,74,0,122,99,0,0,0,0,0,0,0,0,0,0,0,0,0,0,0,3,0,101,181,187,210,215,223,210,215,220,179,0,0,0,0,0,0,0,0,0,0,0,0,0,0,0,2,0,0,176,185,192,190,188,209,190,199,204,1,0,0,0,0,0,0,0,0,0,0,0,0,0,0,0,8,0,70,200,190,211,203,213,197,188,214,173,0,0,0,0,0,0,0,0,0,0,0,0,0,0,0,3,0,0,182,186,189,185,188,223,213,176,214,138,0,0,0,0,0,0,0,0,0,0,0,0,0,0,0,8,0,60,217,175,183,189,199,215,191,185,212,87,0,0,0,0,0,0,0,0,0,1,0,0,0,0,5,0,27,186,179,182,181,199,219,210,174,197,211,29,0,1,1,0,0,0,0,0,0,0,0,0,7,0,0,1,183,190,189,190,184,184,228,195,177,199,210,63,0,0,1,0,0,0,0,0,0,0,2,2,0,0,64,195,133,173,197,191,184,203,218,171,178,191,227,139,0,0,0,1,3,3,4,5,4,0,0,0,89,178,136,98,204,195,190,178,185,219,197,180,177,186,218,214,0,0,4,0,0,0,0,0,0,0,0,65,155,34,130,188,186,184,177,174,207,206,189,194,189,176,197,220,37,0,0,2,100,145,129,118,148,161,161,151,147,196,216,182,179,174,175,204,216,185,199,196,193,188,193,225,99,0,0,146,171,147,151,162,139,55,32,149,209,188,193,205,205,203,202,216,208,201,210,209,216,195,190,229,134,0,68,218,193,174,129,100,81,83,138,181,186,182,195,197,209,220,208,196,186,200,187,197,200,177,176,217,111,0,62,196,224,221,211,208,180,154,163,173,175,177,190,195,196,185,174,183,167,172,185,195,177,180,188,208,73,0,0,1,123,180,205,213,206,191,194,197,195,191,197,202,202,205,241,255,249,222,207,215,207,201,199,222,127,0,0,0,0,0,64,129,192,222,203,206,244,245,238,221,184,136,80,37,25,213,230,207,216,210,199,230,137,0,1,2,4,0,0,0,0,4,41,59,51,44,43,0,0,0,0,0,0,119,152,143,146,148,148,162,37,0,0,0,0,0,0,0,0,0,0,0,0,0,0,0,0,0,0,0,0,0,0,0,0,0,0,0,0,0,0,0,0,0,0,0,0,0,0,0,0,0,0,0,0,0,0,0,0,0,0,0,0,0,0,0,0,0,0,0,0,0,0,0,0,0,0,0,0,0,0,0,0,0,0,0,0,0,0,0,0,0,0,0,0,0,0,0,0,0,0,0,0,0,0,0,0,0,0,0,0,0,0,0,0,0,0,0,0,0,0,0,0,0,6
0,0,0,0,0,0,0,0,0,0,0,0,0,0,0,0,0,0,0,0,0,0,0,0,0,0,0,0,0,0,0,0,0,0,0,0,0,0,0,0,0,0,0,0,0,0,0,0,0,0,0,0,0,0,0,0,0,0,0,0,0,0,0,0,0,0,0,0,0,0,0,0,0,0,0,0,0,0,0,0,0,0,0,0,0,0,0,0,0,0,0,0,0,0,0,0,0,0,0,0,0,0,0,0,0,0,0,0,0,0,0,0,0,0,0,0,0,0,0,0,0,0,0,0,0,0,0,0,0,0,0,0,0,0,0,0,0,0,0,0,0,0,0,0,0,0,0,0,0,0,0,0,0,0,0,0,0,0,0,0,0,0,0,0,0,0,0,0,0,0,0,0,0,0,0,0,0,0,0,0,0,0,0,0,0,0,0,0,0,0,0,0,0,0,0,0,0,0,0,0,0,0,0,0,0,0,0,0,0,1,2,0,29,135,24,0,0,0,0,0,0,10,175,0,0,0,0,0,0,0,0,0,0,0,0,0,0,0,5,0,133,220,215,132,99,91,40,126,161,158,32,0,0,0,0,0,0,0,0,0,0,0,0,0,0,5,0,9,197,216,230,242,244,249,244,225,214,196,0,0,0,0,0,0,0,0,0,0,0,0,0,0,1,0,0,146,224,215,223,220,223,223,222,210,203,176,0,0,0,0,0,0,0,1,1,0,0,1,0,1,3,0,80,255,199,210,234,225,227,234,238,215,205,227,0,0,0,0,0,0,2,0,1,0,0,0,5,3,0,56,185,117,138,224,226,225,230,231,230,219,196,235,14,0,0,0,0,0,0,1,0,1,3,5,0,0,80,182,3,13,157,237,219,223,226,226,229,227,193,208,75,0,0,1,3,5,6,5,5,0,0,0,0,124,193,57,84,175,215,229,231,223,236,230,251,221,199,209,152,0,1,0,0,0,0,0,0,0,28,102,167,157,0,54,214,149,150,125,211,215,211,220,174,160,217,211,185,0,0,0,5,54,82,97,110,164,179,139,190,70,92,224,175,106,190,206,202,217,207,209,204,231,224,200,213,10,0,119,134,112,104,136,128,90,6,78,191,186,213,217,221,237,255,255,249,230,214,219,226,225,208,197,185,0,98,204,180,144,121,115,76,61,103,215,163,173,201,206,225,222,203,193,175,184,214,209,216,209,208,211,204,0,134,182,192,210,226,233,234,233,234,231,225,214,213,213,208,201,210,219,250,205,189,175,164,160,179,175,180,62,0,16,68,128,161,174,194,207,211,212,218,235,231,241,242,227,199,133,82,208,239,226,226,237,241,204,211,106,0,0,0,0,0,3,37,72,108,119,122,123,123,66,26,0,0,0,0,1,103,111,82,66,72,76,72,22,0,0,0,0,0,0,0,0,0,0,0,0,0,0,0,0,0,0,0,0,0,0,0,0,0,0,0,0,0,0,0,0,0,0,0,0,0,0,0,0,0,0,0,0,0,0,0,0,0,0,0,0,0,0,0,0,0,0,0,0,0,0,0,0,0,0,0,0,0,0,0,0,0,0,0,0,0,0,0,0,0,0,0,0,0,0,0,0,0,0,0,0,0,0,0,0,0,0,0,0,0,0,0,0,0,0,0,0,0,0,0,0,0,0,0,0,0,0,0,0,0,0,0,0,0,0,0,0,0,0,0,0,0,0,0,0,0,0,0,0,0,0,0,0,0,0,0,0,0,0,0,0,0,0,0,0,0,0,0,0,0,0,0,0,0,0,0,0,6
0,0,0,0,0,0,0,0,0,0,0,0,0,0,0,0,0,0,0,0,0,0,0,0,0,0,0,0,0,0,0,0,0,0,0,0,0,0,0,0,0,0,0,0,0,0,0,0,0,0,0,0,0,0,0,0,0,0,0,0,0,0,0,0,0,0,0,0,0,0,0,0,0,0,0,0,0,0,0,0,0,0,0,0,0,0,0,0,0,0,0,0,0,0,0,0,0,0,0,0,0,0,0,0,0,0,0,0,0,0,0,0,0,0,0,0,0,0,0,0,0,0,0,0,0,0,0,0,0,0,0,0,0,0,0,0,0,0,0,0,0,0,0,0,0,0,0,0,0,0,0,0,0,0,0,77,36,0,0,0,0,0,0,0,0,0,0,0,0,0,0,0,0,0,0,0,0,0,0,0,2,0,18,167,131,162,151,145,115,58,65,53,30,0,197,117,0,0,0,0,0,0,0,0,0,0,0,0,3,0,108,113,87,131,128,133,138,130,150,166,132,72,202,130,0,0,0,0,0,0,0,0,0,0,0,0,3,0,123,150,111,133,145,145,127,97,112,111,97,71,158,0,0,0,0,0,0,0,0,0,0,0,0,0,5,0,51,143,111,143,136,141,121,95,132,98,105,98,215,20,0,0,0,0,0,0,0,0,0,0,0,0,2,0,77,160,121,136,122,137,142,141,137,146,118,98,147,0,0,0,0,0,0,0,0,0,0,0,0,0,1,0,197,173,112,160,160,153,140,145,136,146,151,148,122,0,0,0,0,0,0,0,0,0,0,3,0,1,0,0,163,96,112,162,143,147,121,106,131,130,130,135,132,0,0,0,0,0,0,0,0,0,0,2,0,7,0,117,188,87,117,138,126,138,143,128,118,125,135,111,142,0,0,0,0,0,0,0,0,0,0,0,10,0,83,186,83,106,163,152,127,131,155,145,122,151,133,107,156,0,0,0,0,1,2,0,0,0,3,0,0,25,201,111,107,136,133,132,130,118,116,118,136,148,135,70,146,26,0,2,0,0,0,0,0,0,0,0,40,251,136,88,121,142,152,163,157,138,126,138,147,137,91,52,128,86,3,0,0,0,0,0,0,0,0,141,215,188,121,121,122,138,135,141,132,141,153,147,151,107,90,77,112,137,0,23,152,170,177,187,163,178,200,205,176,153,153,148,111,116,138,128,140,147,118,148,131,85,127,93,117,156,0,150,166,115,152,185,191,197,196,185,175,146,162,177,151,141,142,128,136,127,103,113,115,116,130,75,118,147,37,226,190,127,18,33,53,82,108,146,150,156,127,122,121,135,113,126,141,157,171,197,192,192,183,163,190,125,0,78,176,206,188,165,110,88,88,85,100,102,76,67,82,160,202,218,225,232,211,187,176,172,168,157,167,126,0,0,0,63,156,213,246,255,247,216,186,177,180,216,228,247,195,117,8,101,221,171,195,186,178,161,172,85,0,2,0,0,0,0,6,60,118,160,181,192,185,152,96,37,0,0,0,0,32,101,32,27,6,0,0,0,0,0,0,0,0,0,0,0,0,0,0,0,0,0,0,0,0,0,0,0,0,0,0,0,0,0,0,0,0,0,0,0,0,0,0,0,0,0,0,0,0,0,0,0,0,0,0,0,0,0,0,0,0,0,0,0,0,0,0,0,0,0,0,0,0,0,0,0,0,0,0,0,0,0,0,0,0,0,0,0,0,0,0,0,0,0,0,0,0,0,0,0,0,0,0,0,0,0,0,0,0,0,0,0,0,0,0,0,0,0,0,0,6
0,0,0,0,0,0,0,0,0,0,0,0,0,0,0,0,0,0,0,0,0,0,0,0,0,0,0,0,0,0,0,0,0,0,0,0,0,0,0,0,0,0,0,0,0,0,0,0,0,0,0,0,0,0,0,0,0,0,0,0,0,0,0,0,0,0,0,0,0,0,0,0,0,0,0,0,0,0,0,0,0,0,0,0,0,0,0,0,0,0,0,0,0,0,0,0,0,0,0,0,0,0,0,0,0,0,0,0,0,0,0,0,0,0,0,0,0,0,0,0,0,0,0,0,0,3,0,0,147,176,134,124,105,75,49,22,14,0,94,57,0,0,0,0,0,0,0,0,0,1,1,0,0,6,0,87,238,189,246,239,241,243,240,217,240,212,207,40,0,0,0,0,0,0,0,0,0,1,0,0,0,6,0,128,216,185,196,188,192,197,191,177,198,221,192,0,0,0,0,0,0,0,0,0,0,0,0,0,0,0,0,144,204,174,208,210,213,209,212,194,199,213,167,0,0,0,0,0,0,0,0,0,0,0,0,0,0,1,0,164,223,173,211,207,213,210,211,204,195,210,132,0,0,0,0,0,0,0,0,0,0,0,0,0,0,0,0,169,205,188,213,209,218,214,216,217,204,213,105,0,0,0,0,0,0,0,0,0,0,0,0,0,0,0,0,179,184,191,208,213,209,197,195,191,192,235,79,0,0,0,0,0,0,0,0,0,0,0,0,0,3,0,9,225,187,215,218,214,204,188,197,214,206,241,73,0,0,0,0,0,0,0,0,0,0,1,0,0,0,0,134,252,179,208,204,211,215,200,197,206,195,244,85,0,0,0,0,0,0,0,0,0,0,0,0,6,0,0,205,180,199,215,188,188,195,207,215,211,201,221,95,0,0,0,0,0,0,0,0,0,0,0,3,0,0,150,141,171,210,201,207,210,203,209,212,213,210,226,133,0,0,0,0,0,0,0,0,0,2,7,0,0,150,189,141,216,207,214,209,216,209,207,205,208,208,226,184,0,1,5,5,3,6,6,11,3,0,0,0,175,163,150,208,200,202,208,207,211,215,216,211,198,185,212,226,0,0,0,0,0,0,0,0,0,0,57,132,146,106,152,157,177,198,203,214,214,211,206,200,173,157,202,252,47,0,43,134,150,127,100,121,162,186,170,140,157,173,176,175,189,207,207,206,213,222,230,236,245,228,235,252,77,0,160,188,133,115,154,170,72,92,18,48,111,152,193,203,218,225,224,213,214,213,216,214,214,220,218,236,43,50,224,222,205,169,145,105,48,117,141,171,211,222,231,227,204,190,194,210,209,209,203,209,199,200,205,242,42,0,109,186,218,234,237,227,221,204,212,220,220,216,213,214,222,255,255,244,231,209,212,205,203,196,201,225,51,0,0,0,25,86,160,208,224,214,224,228,255,255,255,240,181,112,28,0,233,255,249,254,252,251,246,255,80,0,2,0,0,0,0,0,0,36,56,73,76,66,36,0,0,0,0,0,105,92,70,71,66,61,50,66,4,0,0,0,0,0,0,0,0,0,0,0,0,0,0,0,0,0,0,0,0,0,0,0,0,0,0,0,0,0,0,0,0,0,0,0,0,0,0,0,0,0,0,0,0,0,0,0,0,0,0,0,0,0,0,0,0,0,0,0,0,0,0,0,0,0,0,0,0,0,0,0,0,0,0,0,0,0,0,0,0,0,0,0,0,0,0,0,0,0,0,0,0,0,0,0,0,0,0,0,0,0,0,0,0,0,0,0,0,0,0,0,0,6
0,0,0,0,0,0,0,0,0,0,0,0,0,0,0,0,0,0,0,0,0,0,0,0,0,0,0,0,0,0,0,0,0,0,0,0,0,0,0,0,0,0,0,0,0,0,0,0,0,0,0,0,0,0,0,0,0,0,0,0,0,0,0,0,0,0,0,0,0,0,0,0,0,0,0,0,0,0,0,0,0,0,0,0,0,0,0,0,0,0,0,0,0,0,0,0,0,0,0,0,0,0,0,0,0,0,0,0,0,0,0,0,0,0,0,0,0,0,0,0,0,0,0,4,0,9,179,129,133,148,130,97,58,48,9,0,0,0,0,0,0,0,0,0,0,0,0,0,0,0,0,3,0,24,255,207,213,255,255,255,255,255,255,255,217,213,51,0,0,0,0,0,0,0,0,0,0,0,0,3,0,25,225,178,190,216,231,224,226,229,232,233,234,253,41,0,0,0,0,0,0,0,0,0,0,0,0,1,0,84,246,193,207,210,232,240,242,239,235,237,227,223,33,0,0,0,0,0,0,0,0,0,0,0,0,0,0,150,220,191,207,219,226,241,234,234,242,233,197,244,69,0,0,0,0,0,0,0,0,0,0,0,1,0,0,196,190,197,218,220,215,224,247,238,233,229,204,252,131,0,0,0,0,0,0,0,0,0,0,0,3,0,71,226,182,202,223,223,216,206,238,238,219,226,214,221,203,0,0,0,0,0,0,0,0,0,0,1,0,0,178,212,200,226,218,218,214,208,212,233,248,245,228,220,249,8,0,0,0,0,0,0,0,0,0,3,0,84,233,192,208,218,219,221,220,215,227,229,202,178,176,212,254,44,0,0,0,0,0,0,0,0,1,0,0,211,207,193,202,219,228,221,215,196,173,147,72,23,95,236,243,63,0,0,0,0,0,0,0,1,0,0,159,221,189,196,216,220,217,199,189,152,113,87,85,103,207,214,227,66,0,2,3,4,4,0,0,0,0,122,217,174,189,196,210,193,187,189,209,214,245,255,255,255,255,198,226,47,0,0,0,0,0,0,0,0,135,213,178,182,183,208,210,207,200,244,255,255,239,206,196,186,188,192,188,0,0,6,48,79,99,100,124,191,207,177,176,183,198,212,218,208,229,240,196,175,195,224,205,194,181,204,167,0,43,212,155,140,123,109,95,117,170,181,194,208,219,218,218,218,225,180,203,245,212,34,90,228,179,213,133,0,64,205,175,162,128,86,102,150,175,189,204,214,216,217,228,199,178,251,197,44,0,0,83,237,184,195,98,0,79,200,197,200,204,231,220,211,201,206,210,209,215,219,201,200,253,86,0,0,0,0,107,206,178,199,57,0,22,198,190,195,189,189,200,212,215,214,210,221,212,197,207,233,37,0,0,1,1,0,103,203,188,191,31,0,0,0,98,162,223,195,200,202,204,204,205,194,200,214,237,19,0,3,0,0,2,0,114,204,181,185,17,0,0,0,0,0,18,56,140,166,193,225,170,247,218,165,45,0,1,0,0,0,6,0,140,216,195,241,10,0,3,1,4,0,0,0,0,0,0,2,0,29,4,0,0,0,0,0,0,0,2,0,14,26,11,11,0,0,0,0,0,0,0,0,0,0,0,0,0,0,0,0,0,0,0,0,0,0,0,0,0,0,0,0,0,0,0,0,0,0,0,0,0,0,0,0,0,0,0,0,0,0,0,0,0,0,0,0,0,0,0,0,0,0,0,0,0,0,0,0,0,0,0,0,0,0,0,0,0,0,0,0,0,0,0,0,0,0,0,0,0,0,6
0,0,0,0,0,0,0,0,0,0,0,0,0,0,0,0,0,0,0,0,0,0,0,0,0,0,0,0,0,0,0,0,0,0,0,0,0,0,0,0,0,0,0,0,0,0,0,0,0,0,0,0,0,0,0,0,0,0,0,0,0,0,0,0,0,0,0,0,0,0,0,0,0,0,0,0,0,0,0,0,0,0,0,0,0,0,0,0,0,0,0,0,0,0,0,0,0,0,0,0,0,0,0,0,0,0,0,0,0,0,0,0,0,0,0,0,0,0,0,0,0,0,0,0,0,0,0,0,0,91,35,0,0,0,0,0,0,0,5,10,0,0,0,0,0,0,0,0,0,0,0,0,0,3,0,0,236,226,208,233,195,138,104,40,15,0,102,110,0,0,0,0,0,0,0,0,0,0,0,0,0,4,0,39,233,190,205,209,210,209,230,218,201,185,210,55,0,0,0,0,0,0,0,0,0,0,0,0,0,0,0,121,211,199,204,186,198,188,204,199,190,194,186,0,0,0,0,0,0,0,0,0,0,0,0,0,4,0,69,255,201,195,198,197,203,184,220,197,185,195,173,0,0,0,0,0,0,0,0,0,0,0,0,0,0,0,0,200,211,197,195,194,206,190,212,190,175,206,128,0,0,0,0,0,0,0,0,0,0,0,0,0,0,0,48,255,205,203,202,191,211,207,184,200,170,210,78,0,0,0,0,0,0,0,0,0,0,0,0,1,0,0,225,212,194,201,198,193,215,198,165,214,165,243,38,0,0,0,0,0,0,0,0,0,0,0,0,0,0,77,227,203,202,191,193,196,203,221,213,188,178,234,10,0,0,0,0,0,0,0,0,0,0,0,1,0,0,252,210,202,197,190,197,199,195,231,212,179,181,239,20,0,0,0,0,0,0,0,0,0,0,1,0,0,163,222,201,200,198,194,200,198,202,222,205,185,183,213,81,0,0,0,0,0,0,0,0,0,0,0,0,148,228,202,198,190,190,199,200,202,199,211,200,186,166,153,195,0,0,0,2,5,5,3,0,0,0,0,171,231,206,196,196,195,200,196,194,208,188,196,189,180,173,123,240,4,1,0,0,0,0,0,0,0,81,246,222,196,197,205,199,191,194,198,192,207,187,192,190,178,179,131,248,73,2,0,0,0,13,56,136,219,227,206,196,206,194,205,199,193,191,198,198,205,192,187,182,176,163,80,228,117,0,25,210,215,226,228,224,210,201,196,195,201,205,208,209,208,203,198,197,210,212,200,184,185,175,91,231,106,0,133,238,200,180,178,190,202,203,206,198,198,194,199,200,213,231,226,224,226,228,212,194,201,205,173,211,77,39,223,172,166,169,157,176,187,186,185,197,185,191,195,186,175,173,177,184,164,153,158,156,157,159,144,177,132,4,193,195,190,187,187,170,150,143,158,147,161,153,135,166,204,218,232,194,204,217,186,206,207,193,194,196,162,0,0,0,43,130,220,169,250,249,197,253,207,219,255,219,120,41,26,0,30,255,209,206,230,233,205,229,152,0,0,0,0,0,0,0,13,33,0,42,10,21,46,0,0,0,0,0,0,89,75,14,1,23,3,0,0,0,0,0,0,0,0,0,0,0,0,0,0,0,0,0,0,0,0,0,0,0,0,0,0,0,0,0,0,0,0,0,0,0,0,0,0,0,0,0,0,0,0,0,0,0,0,0,0,0,0,0,0,0,0,0,0,0,0,0,0,0,0,0,0,0,0,0,0,0,0,0,0,0,0,0,0,0,0,0,0,0,0,0,0,6
0,0,0,0,0,0,0,0,0,0,0,0,0,0,0,0,0,0,0,0,0,0,0,0,0,0,0,0,0,0,0,0,0,0,0,0,0,0,0,0,0,0,0,0,0,0,0,0,0,0,0,0,0,0,0,0,0,0,0,0,0,0,0,0,0,0,0,0,0,0,0,0,0,0,0,0,0,0,0,0,0,0,0,0,0,0,0,0,0,0,0,0,0,0,0,0,0,0,0,0,0,0,0,0,0,0,0,0,0,0,0,0,0,0,0,0,0,0,0,0,0,0,0,0,0,0,0,0,0,0,0,0,0,0,0,0,0,0,0,0,0,0,0,0,0,0,0,0,0,0,0,0,0,0,0,0,0,0,0,0,0,0,0,0,0,0,0,0,0,0,0,0,0,0,0,0,0,0,0,0,0,1,2,0,0,120,0,0,0,0,0,0,0,0,0,69,0,0,0,0,0,0,0,0,0,0,0,0,0,4,0,16,241,196,208,187,172,164,155,148,144,161,184,154,0,0,0,0,0,0,0,0,0,0,0,0,0,1,0,153,202,156,182,205,210,219,222,218,208,225,106,0,0,0,0,0,0,0,0,0,0,0,0,0,0,0,15,174,171,174,179,175,184,183,196,201,192,210,62,0,0,0,0,0,0,0,0,0,0,0,0,1,0,0,148,214,165,216,209,213,201,211,249,210,193,211,72,0,0,0,0,0,0,0,0,0,3,4,1,0,0,8,148,121,165,200,193,201,195,209,244,194,165,226,46,0,0,0,0,0,0,0,1,0,2,8,0,0,61,144,149,183,200,190,212,215,199,202,194,187,171,205,117,0,0,0,4,5,5,5,3,2,1,0,0,116,175,157,169,150,179,198,209,216,198,192,189,188,211,216,199,0,0,0,0,0,0,0,0,0,0,32,77,83,121,196,190,186,204,212,209,213,213,195,193,212,219,208,213,0,0,0,22,62,77,67,79,111,129,100,116,169,184,198,204,197,194,199,204,200,208,183,200,218,194,207,230,10,0,112,160,106,108,116,62,7,1,0,114,167,126,162,176,185,187,191,189,197,199,191,231,226,227,212,236,22,75,199,193,150,69,36,46,61,79,98,157,167,180,198,207,206,185,172,166,174,164,194,215,208,220,213,218,0,90,170,185,199,210,216,216,195,176,186,197,201,205,209,204,188,185,194,214,225,219,230,230,225,220,207,240,41,0,29,141,170,181,188,195,208,204,210,209,208,205,209,212,220,220,255,228,222,208,199,191,194,192,185,195,57,0,0,0,10,74,119,149,175,167,183,191,196,197,218,157,112,29,0,0,44,224,214,217,219,213,210,215,84,0,0,0,0,0,0,0,0,6,18,15,15,19,0,0,0,0,0,0,0,107,59,82,60,45,60,51,0,1,0,0,3,1,0,0,0,0,0,0,0,0,0,0,5,3,1,0,0,0,0,0,0,0,0,0,0,0,0,0,0,0,0,0,0,0,0,0,0,0,0,0,0,0,0,0,0,0,0,0,0,0,0,0,0,0,0,0,0,0,0,0,0,0,0,0,0,0,0,0,0,0,0,0,0,0,0,0,0,0,0,0,0,0,0,0,0,0,0,0,0,0,0,0,0,0,0,0,0,0,0,0,0,0,0,0,0,0,0,0,0,0,0,0,0,0,0,0,0,0,0,0,0,0,0,0,0,0,0,0,0,0,0,0,0,0,0,0,0,0,0,0,0,0,0,0,0,0,0,0,0,0,0,0,0,0,0,0,0,0,0,0,0,0,0,0,0,6
0,0,0,0,0,0,0,0,0,0,0,0,0,0,0,0,0,0,0,0,0,0,0,0,0,0,0,0,0,0,0,0,0,0,0,0,0,0,0,0,0,0,0,0,0,0,0,0,0,0,0,0,0,0,0,0,0,0,0,0,0,0,0,0,0,0,0,0,0,0,0,0,0,0,0,0,0,0,0,0,0,0,0,0,0,0,0,0,0,0,0,0,0,0,0,0,0,0,0,0,0,0,0,0,0,0,0,0,0,0,0,0,0,0,0,0,0,0,0,0,0,0,0,0,0,0,0,0,0,0,0,0,0,0,0,0,0,0,0,0,0,0,0,0,0,0,0,0,0,0,0,0,0,2,0,0,70,129,0,0,0,0,0,0,0,0,0,0,0,0,0,0,0,0,0,0,0,0,0,0,0,3,0,58,173,179,183,159,187,168,127,103,55,8,0,0,0,0,0,0,0,0,0,0,0,0,0,0,0,10,0,0,216,231,233,235,242,248,250,250,242,234,227,0,0,0,0,0,0,0,0,0,0,0,0,0,0,3,0,11,223,219,219,216,223,223,227,226,220,237,189,0,0,0,0,0,0,0,0,0,0,0,0,0,0,0,0,127,232,224,231,228,232,233,238,238,225,245,157,0,0,0,0,0,0,0,0,0,0,0,0,0,1,0,0,250,227,225,230,226,230,237,237,232,224,253,97,0,0,0,0,0,0,0,0,0,0,0,0,0,0,0,108,236,225,228,228,233,235,235,233,233,229,249,62,0,0,0,0,0,0,0,0,0,0,1,0,3,0,0,254,227,232,226,231,231,230,233,241,234,230,245,42,0,0,0,0,0,0,0,0,0,0,1,3,0,0,189,252,224,224,226,226,229,229,233,235,230,213,253,98,0,0,0,0,0,1,2,3,2,0,0,0,0,180,254,217,226,229,226,227,229,231,234,234,239,226,246,205,0,0,0,5,0,0,0,0,0,0,0,56,220,250,211,225,230,227,229,227,232,233,238,243,242,235,230,255,0,1,0,0,0,0,0,0,6,101,201,255,232,209,227,231,234,225,223,232,233,236,239,232,232,231,225,255,33,0,0,69,149,175,204,243,254,236,231,218,214,222,226,228,227,225,225,236,231,229,229,229,225,223,227,255,41,0,102,234,230,228,221,212,217,215,212,223,230,227,232,229,227,228,229,236,231,228,228,228,228,228,229,255,19,21,195,223,221,218,225,222,218,225,227,224,219,231,230,227,227,222,220,234,236,242,242,242,243,238,229,250,15,129,210,217,220,222,223,219,215,226,221,224,228,228,227,232,233,236,255,255,241,207,213,210,202,197,201,214,91,0,47,138,194,225,230,240,246,243,249,248,247,247,246,239,218,189,148,97,181,255,230,235,236,238,237,254,115,0,0,0,0,0,17,33,51,57,60,57,55,57,45,15,0,0,0,0,0,152,141,141,112,69,37,20,0,0,0,0,0,0,0,0,0,0,0,0,0,0,0,0,0,0,0,0,0,0,0,0,0,0,0,0,0,0,0,0,0,0,0,0,0,0,0,0,0,0,0,0,0,0,0,0,0,0,0,0,0,0,0,0,0,0,0,0,0,0,0,0,0,0,0,0,0,0,0,0,0,0,0,0,0,0,0,0,0,0,0,0,0,0,0,0,0,0,0,0,0,0,0,0,0,0,0,0,0,0,0,0,0,0,0,0,0,0,0,0,0,0,0,0,0,0,0,0,0,0,0,0,0,0,0,0,0,0,0,0,0,0,0,0,0,0,0,0,0,6
0,0,0,0,0,0,0,0,0,0,0,0,0,0,0,0,0,0,0,0,0,0,0,0,0,0,0,0,0,0,0,0,0,0,0,0,0,0,0,0,0,0,0,0,0,0,0,0,0,0,0,0,0,0,0,0,0,0,0,0,0,0,0,0,0,0,0,0,0,0,0,0,0,0,0,0,0,0,0,0,0,0,0,0,0,0,0,0,0,0,0,0,0,0,0,0,0,0,0,0,0,0,0,0,0,0,0,0,0,0,0,0,0,0,0,0,0,0,0,0,0,0,0,0,0,0,0,0,0,0,0,0,0,0,0,0,0,0,0,0,0,0,0,0,0,0,0,0,0,0,0,0,0,0,0,0,0,96,71,0,0,0,0,0,0,0,0,0,0,0,0,0,0,0,0,0,0,1,0,0,4,0,24,204,50,214,170,99,55,49,44,44,49,62,75,0,0,0,0,0,0,0,0,0,0,2,0,2,0,0,198,228,193,179,197,199,193,189,186,184,182,192,162,0,0,0,0,0,0,0,0,0,0,0,0,4,0,79,211,209,210,186,159,184,180,174,173,173,169,175,149,0,0,0,0,0,0,0,0,0,0,0,2,0,0,0,96,201,191,223,190,159,182,181,165,169,174,171,181,0,0,0,0,0,0,0,0,0,0,1,0,0,94,10,191,220,166,170,200,204,166,195,178,174,174,177,233,0,0,0,0,0,0,0,0,0,1,0,0,158,227,189,226,197,216,193,162,164,175,190,169,167,162,178,181,0,0,0,0,0,0,0,0,0,9,0,90,232,212,186,161,193,192,201,206,208,208,192,187,185,180,190,174,0,0,1,4,7,1,1,4,0,0,0,101,191,187,212,147,165,186,195,192,193,198,205,206,207,193,186,198,0,0,0,0,0,0,0,0,0,0,191,213,200,177,143,155,190,217,195,202,202,181,174,160,159,145,163,204,7,0,0,25,54,59,76,119,186,254,192,163,210,211,198,198,200,188,168,160,146,151,149,154,162,186,181,205,23,0,84,220,204,209,208,218,216,189,146,149,154,157,164,158,155,159,173,184,200,199,192,181,145,171,175,206,46,0,169,208,177,174,174,184,191,192,191,181,178,193,189,191,207,209,210,205,198,182,183,175,166,169,158,205,44,77,203,194,190,191,184,181,180,180,186,186,182,188,188,185,190,187,193,203,202,197,197,205,185,192,171,216,10,187,240,164,155,169,178,190,191,188,190,197,206,207,216,214,217,216,220,219,216,201,198,200,191,186,145,197,77,0,182,226,195,167,164,158,163,170,172,174,179,181,177,171,179,180,179,177,177,174,163,169,158,155,143,183,179,0,0,53,182,187,212,224,226,218,207,210,208,206,204,209,213,205,212,220,223,220,213,213,211,197,195,210,139,0,0,0,0,0,7,70,122,158,168,167,172,171,149,89,30,15,32,91,166,203,206,201,203,198,158,84,0,0,1,1,3,0,0,0,0,0,0,0,0,0,0,0,0,0,0,0,0,0,0,0,0,0,0,0,0,0,0,0,0,0,0,0,0,0,0,0,0,0,0,0,0,0,0,0,0,0,0,0,0,0,0,0,0,0,0,0,0,0,0,0,0,0,0,0,0,0,0,0,0,0,0,0,0,0,0,0,0,0,0,0,0,0,0,0,0,0,0,0,0,0,0,0,0,0,0,0,0,0,0,0,0,0,0,0,0,0,0,0,0,0,0,0,0,0,0,0,0,0,0,0,0,0,0,0,0,0,0,0,0,0,0,0,0,0,0,0,0,6
0,0,0,0,0,0,0,0,0,0,0,0,0,0,2,3,4,4,4,4,5,2,3,4,0,0,0,0,0,0,0,0,0,0,0,0,0,0,0,0,0,0,0,0,0,0,0,0,0,0,0,40,249,0,0,0,0,0,0,0,0,0,0,0,0,0,0,0,1,0,13,57,72,90,94,93,94,93,77,93,174,0,0,0,0,0,0,0,0,0,0,0,0,0,0,0,1,0,136,241,231,237,238,239,241,240,239,240,190,0,0,0,0,0,0,0,0,0,0,0,0,0,0,0,2,0,99,226,206,215,214,217,218,216,216,225,178,0,0,0,0,0,0,0,0,0,0,0,0,0,0,0,2,0,93,228,211,221,219,225,225,223,219,228,162,0,0,0,0,0,0,0,0,0,0,0,0,0,0,0,2,0,81,227,211,220,219,223,225,224,219,229,142,0,0,0,0,0,0,0,0,0,0,0,0,0,0,0,3,0,75,227,212,219,220,225,225,223,218,231,132,0,2,0,0,0,0,0,0,0,0,0,0,0,0,0,3,0,47,226,209,220,220,223,224,226,218,234,97,0,2,0,0,0,0,0,0,0,0,0,0,0,0,0,3,0,26,220,210,219,220,223,223,224,217,222,59,0,2,0,0,0,0,0,0,0,0,0,0,0,0,0,3,0,11,253,212,218,220,222,221,222,214,235,37,0,2,0,0,0,0,0,0,0,0,0,0,0,0,0,2,0,0,253,213,219,220,222,218,225,212,224,32,0,1,0,0,0,0,0,0,0,0,0,0,0,1,1,2,0,65,244,215,219,218,221,217,227,212,222,21,0,1,0,0,0,0,0,0,0,0,0,0,1,0,1,0,0,152,213,217,217,219,219,218,228,207,229,47,0,2,0,0,0,0,0,0,0,0,0,0,2,0,1,0,0,208,208,220,219,219,218,220,224,202,233,119,0,0,0,0,0,0,0,0,0,0,0,0,0,0,0,0,133,224,202,227,218,219,216,220,223,207,201,196,0,0,0,0,0,0,0,0,0,1,0,0,0,0,0,73,178,128,199,222,218,219,216,223,221,219,194,237,66,0,0,0,0,0,0,0,0,0,0,0,0,0,45,192,150,136,200,215,217,217,218,227,221,226,192,213,159,0,0,0,0,0,1,2,3,4,0,0,0,92,202,159,166,210,203,215,227,222,223,225,217,226,211,216,213,0,0,0,0,0,0,0,0,0,0,6,137,203,142,160,216,227,228,223,221,222,230,230,226,226,226,222,221,4,0,0,0,0,0,1,21,43,108,190,184,51,100,204,238,224,220,221,213,210,216,222,216,220,230,213,226,25,0,0,0,60,119,133,129,142,129,81,64,128,219,231,218,224,218,203,190,194,197,202,197,190,191,200,242,29,0,0,46,199,193,163,103,91,105,154,236,255,238,231,230,207,191,194,205,214,215,214,209,211,214,207,239,16,0,0,15,192,201,211,235,243,253,246,231,220,213,201,193,197,204,210,210,210,207,208,206,206,208,206,233,7,0,0,0,196,208,205,206,202,198,197,201,202,207,212,213,219,220,219,218,219,219,223,223,223,225,213,242,0,0,0,83,200,200,199,194,209,217,221,225,223,218,216,214,209,204,199,197,195,192,189,187,177,172,193,196,21,0,0,93,255,225,249,203,202,198,190,192,193,189,191,174,172,182,190,196,202,210,217,215,215,230,245,255,198,0,0,0,0,49,97,161,182,207,220,224,221,218,217,216,209,197,190,185,179,169,158,161,164,143,122,115,35,0,6
0,0,0,0,0,0,0,0,0,0,0,0,0,0,0,0,0,0,0,0,0,0,0,0,0,0,0,0,0,0,0,0,0,0,0,0,0,0,0,0,0,0,0,0,0,0,0,0,0,0,0,0,0,0,0,0,0,0,0,0,0,0,0,0,0,0,0,0,0,0,0,0,0,0,0,0,0,0,0,0,0,0,0,0,0,0,0,0,0,0,0,0,0,0,0,0,0,0,0,0,0,0,0,0,0,0,0,0,0,0,0,0,0,0,0,0,0,0,0,0,0,0,0,0,0,5,4,0,11,72,0,0,1,0,2,0,0,3,0,0,0,0,0,0,0,0,0,0,0,0,0,0,0,0,1,0,57,219,27,0,0,0,0,1,0,0,9,0,0,0,0,0,0,0,0,0,0,0,0,0,0,5,0,1,153,209,163,74,17,0,0,0,0,102,87,26,0,0,0,0,0,0,0,0,0,0,0,0,2,0,0,194,218,202,213,215,203,196,178,110,99,177,0,0,0,0,0,0,0,0,0,0,0,5,0,0,2,0,33,219,201,208,215,194,121,192,212,201,195,58,0,2,0,0,0,0,0,0,0,0,0,3,1,0,0,0,76,198,202,198,240,208,127,207,189,183,178,33,0,2,0,0,0,0,0,0,0,0,0,0,2,3,0,0,194,209,194,226,255,211,161,218,180,167,178,26,0,2,0,0,0,0,0,0,0,0,0,0,0,2,0,71,227,193,197,255,220,214,175,122,81,68,169,41,0,1,0,0,0,0,0,0,0,0,0,1,1,0,0,204,206,200,220,248,222,231,215,147,110,80,170,70,0,1,0,0,1,0,0,0,0,0,0,0,0,0,95,234,203,201,246,232,209,200,197,136,114,93,165,116,0,1,0,0,0,0,0,0,0,0,0,0,0,24,203,181,208,234,236,202,183,180,171,132,122,111,159,192,0,0,0,0,0,0,0,0,0,0,5,0,54,224,196,157,213,232,207,204,188,172,197,163,145,150,164,190,0,0,0,0,0,1,2,3,4,0,0,0,173,209,182,236,248,212,205,205,191,191,158,185,167,124,158,204,35,0,2,1,0,0,0,0,0,0,41,131,149,206,222,238,232,221,217,208,198,154,157,176,178,152,161,204,78,0,1,0,0,19,17,24,75,164,178,123,228,218,229,237,217,207,148,170,115,174,205,199,223,184,158,199,131,0,0,14,62,60,137,185,138,122,61,107,217,186,215,200,206,229,184,124,109,178,147,173,191,186,132,185,158,0,0,96,119,0,0,0,57,98,170,198,168,186,204,210,196,172,193,140,110,177,115,110,107,107,120,190,160,0,0,148,178,151,166,171,216,210,163,145,166,186,226,166,123,126,141,193,172,187,182,182,165,162,194,181,183,19,67,168,163,142,148,174,182,195,205,226,200,194,197,174,179,197,180,183,186,173,175,177,176,179,184,184,182,60,2,87,144,162,168,170,187,178,181,180,177,178,174,181,201,183,147,99,123,180,161,161,158,158,179,164,193,49,0,0,0,0,22,45,83,100,129,124,130,125,111,92,37,0,0,0,0,89,132,105,111,107,115,108,108,14,0,0,0,0,0,0,0,0,0,0,0,0,0,0,0,0,0,0,0,0,0,0,0,0,0,0,0,0,0,0,0,0,0,0,0,0,0,0,0,0,0,0,0,0,0,0,0,0,0,0,0,0,0,0,0,0,0,0,0,0,0,0,0,0,0,0,0,0,0,0,0,0,0,0,0,0,0,0,0,0,0,0,0,0,6
0,0,0,0,0,0,0,0,0,0,0,0,0,0,0,0,0,0,0,107,83,67,62,54,0,0,1,0,0,0,0,0,0,0,0,0,0,0,0,0,0,3,6,2,3,0,34,255,235,236,242,255,21,0,5,0,0,0,0,0,0,0,0,0,0,0,0,2,5,0,0,0,0,0,144,253,209,222,217,241,52,0,6,0,0,0,0,0,0,0,0,0,0,0,0,0,0,0,57,145,179,230,245,226,224,230,222,239,59,0,2,0,0,0,0,0,0,0,0,0,0,1,0,0,168,231,253,255,255,255,213,230,235,229,212,255,111,0,1,0,0,0,0,0,0,0,0,0,0,5,0,38,235,252,242,242,247,219,232,228,231,227,220,244,193,0,0,0,0,0,0,0,0,0,0,0,0,8,0,80,214,216,255,253,240,218,233,236,229,234,232,224,255,38,0,1,0,0,0,0,0,0,0,0,0,8,0,116,225,203,200,239,228,219,228,228,232,229,232,221,237,204,0,0,0,0,0,0,0,0,0,0,0,7,0,93,221,219,200,200,223,238,226,228,231,232,229,221,215,255,56,0,0,0,0,0,0,0,0,0,0,3,0,77,244,225,222,208,216,226,232,230,223,225,221,215,203,229,200,0,0,0,0,0,0,0,0,0,0,2,0,85,244,206,212,225,220,218,234,233,222,223,215,206,216,217,255,7,0,0,0,0,0,0,0,0,0,0,0,167,218,208,218,220,222,223,213,219,217,216,214,214,223,220,255,68,0,0,0,0,0,0,0,0,0,0,0,240,225,213,215,214,218,220,211,215,209,223,231,223,226,221,254,112,0,0,0,0,0,0,0,0,1,0,0,247,233,231,228,222,214,211,217,219,206,216,233,232,232,223,255,85,0,0,0,0,0,0,0,0,5,0,42,255,227,234,237,237,230,219,208,214,223,214,227,235,230,227,238,0,0,0,0,0,0,0,0,0,2,0,100,241,216,236,231,227,232,237,222,213,215,218,216,232,217,255,79,0,0,0,0,0,0,0,0,0,0,0,159,240,214,234,229,228,233,227,233,236,224,202,205,207,224,240,0,0,0,0,0,0,0,0,0,0,0,0,216,236,219,227,229,235,236,235,237,238,247,255,227,219,238,110,0,0,0,0,0,0,0,0,0,1,0,5,255,218,225,231,231,232,229,227,239,238,255,43,12,232,223,0,0,1,0,0,0,0,0,0,0,0,0,160,255,212,229,231,228,229,231,234,222,255,111,0,15,246,182,0,0,0,0,0,0,1,9,2,0,0,35,255,215,225,232,233,232,233,234,230,244,229,0,0,4,251,142,0,1,0,2,5,0,0,0,0,0,97,252,225,217,225,229,231,232,232,232,227,255,87,0,0,0,249,129,0,2,0,0,0,0,0,62,158,234,255,223,216,230,228,234,229,227,230,224,239,226,0,0,0,0,241,120,0,2,0,0,38,142,196,223,227,221,223,225,225,225,226,229,228,228,230,226,247,115,0,11,0,0,240,113,0,7,0,127,255,246,233,218,218,224,225,218,222,225,231,230,224,227,226,239,224,0,0,4,0,0,241,110,0,7,0,16,132,183,227,242,249,248,239,232,228,228,218,213,215,223,228,250,67,0,1,0,0,0,243,110,0,7,0,0,0,0,2,50,103,168,216,252,255,255,255,255,255,255,255,133,0,0,0,3,0,0,231,109,0,9,0,4,1,0,0,0,0,0,0,0,0,17,56,84,97,81,17,0,0,0,2,1,0,0,77,4,0,2,0,6
0,0,0,0,0,0,0,0,0,0,0,0,0,0,0,0,0,0,0,0,0,0,0,0,0,0,0,0,0,0,0,0,0,0,0,0,0,0,0,0,0,0,0,0,0,0,0,0,0,0,0,0,0,0,0,0,0,0,0,0,0,0,0,0,0,0,0,0,0,0,0,0,0,0,0,0,0,0,0,0,0,0,0,0,0,0,0,0,0,0,0,0,0,0,0,0,0,0,0,0,0,0,0,0,0,0,0,0,0,0,0,0,0,0,0,0,0,0,0,0,0,0,1,0,0,4,0,0,0,0,0,2,1,1,0,4,2,0,76,39,0,0,0,0,0,0,0,0,0,0,1,0,0,0,0,27,13,0,0,0,0,0,0,0,0,34,255,80,0,0,0,0,0,0,0,0,0,0,0,0,2,0,47,177,208,117,0,0,0,0,0,1,1,65,96,0,0,0,0,0,0,0,0,0,0,0,0,0,2,0,88,185,153,186,230,219,212,196,141,155,177,170,18,0,0,0,0,0,0,0,0,0,0,0,0,0,1,0,124,193,134,177,216,201,201,212,227,130,130,160,24,0,0,0,0,0,0,0,0,0,0,0,0,0,0,0,163,168,121,199,201,194,191,205,180,122,139,157,7,0,0,0,0,0,0,0,0,0,0,0,0,1,0,0,176,156,148,217,197,198,196,217,176,121,145,146,0,0,0,0,0,0,0,0,0,0,0,1,0,0,0,0,188,144,169,215,198,198,195,215,168,117,148,131,0,0,0,0,0,0,0,0,0,0,0,1,0,1,0,78,201,133,196,208,204,204,194,212,166,117,144,123,0,0,0,1,1,0,1,1,0,1,0,0,1,0,5,177,160,140,208,201,200,198,191,214,156,115,140,137,0,0,1,0,0,0,0,1,2,2,0,1,0,0,142,175,135,158,212,197,198,195,191,214,156,118,133,149,0,0,0,0,0,2,1,3,3,0,0,0,0,132,171,149,150,167,230,207,212,201,208,227,131,135,128,167,35,0,1,2,0,0,0,0,0,0,0,34,140,172,150,161,163,107,145,180,200,209,194,143,94,137,134,163,83,0,0,0,0,0,0,0,12,56,98,157,142,120,143,147,165,150,97,88,104,94,101,87,99,136,140,144,117,0,0,31,124,122,123,101,114,105,45,67,105,121,142,162,146,155,169,158,147,121,132,132,136,145,144,142,137,0,0,201,183,150,128,102,112,109,71,60,99,116,105,123,151,153,146,150,154,151,151,138,137,137,138,135,125,0,78,199,178,174,164,134,111,112,105,50,61,117,121,128,152,143,125,128,124,113,115,121,130,140,145,159,123,0,1,179,197,190,178,169,142,136,156,146,135,150,144,131,118,126,142,160,186,171,169,175,174,172,162,172,173,0,0,0,56,158,208,217,208,181,165,159,158,160,168,192,208,218,202,181,144,175,166,168,176,175,174,169,190,18,0,0,0,0,8,58,114,150,166,167,180,161,129,88,59,23,0,0,0,138,170,140,146,135,122,112,112,0,0,0,0,0,0,0,0,0,0,0,0,0,0,0,0,0,0,0,0,0,0,0,0,0,0,0,0,0,0,0,0,0,0,0,0,0,0,0,0,0,0,0,0,0,0,0,0,0,0,0,0,0,0,0,0,0,0,0,0,0,0,0,0,0,0,0,0,0,0,0,0,0,0,0,0,0,0,0,0,0,0,0,0,0,0,0,0,0,0,0,0,0,0,0,0,0,0,0,0,0,0,0,0,0,0,0,0,0,0,0,0,0,6
0,0,0,0,0,0,0,0,0,0,0,0,0,0,0,0,0,0,0,0,0,0,0,0,0,0,0,0,0,0,0,0,0,0,0,0,0,0,0,0,0,0,0,0,0,0,0,0,0,0,0,0,0,0,0,0,0,0,0,0,0,0,0,0,0,0,0,0,0,0,0,0,0,0,0,0,0,0,0,0,0,0,0,0,0,0,0,0,0,0,0,0,0,0,0,0,0,0,0,0,0,67,22,0,0,0,0,0,0,0,1,6,0,0,0,0,0,0,0,0,0,0,0,0,0,0,5,0,114,185,162,131,101,51,29,8,0,0,0,0,0,0,0,0,0,0,0,0,0,0,0,0,0,0,3,0,158,201,189,214,219,216,216,200,180,208,66,0,0,0,0,0,0,0,0,0,0,0,0,0,0,1,0,0,183,199,192,192,195,204,193,200,205,199,229,163,0,0,0,0,0,0,0,0,0,0,0,0,0,3,0,0,236,189,201,218,218,211,197,199,193,205,224,24,0,0,0,0,0,0,0,0,0,0,0,0,0,8,0,80,214,180,207,211,212,206,202,199,191,215,20,0,0,0,0,0,0,0,0,0,0,0,0,0,0,1,0,149,207,177,213,206,209,207,204,200,221,157,0,2,0,0,0,0,0,0,0,0,0,0,0,0,2,0,0,242,199,192,213,198,206,212,205,193,246,39,0,0,0,0,0,0,0,0,0,0,0,0,0,0,6,0,47,218,191,205,202,189,196,198,204,187,232,9,0,1,0,0,0,0,0,0,0,0,0,0,0,2,0,0,201,200,185,204,193,190,191,203,202,183,236,17,0,2,0,0,0,0,0,0,0,0,0,0,0,6,0,90,237,173,184,193,184,181,181,201,187,186,216,75,0,1,0,0,0,0,0,0,0,0,0,0,7,0,5,237,185,167,197,192,197,193,194,186,192,202,220,135,0,0,0,0,0,0,0,0,0,0,0,6,0,0,215,191,174,205,195,189,194,192,193,200,215,200,204,167,0,0,4,1,6,6,3,1,1,4,8,0,38,183,193,184,202,197,194,206,209,206,207,222,200,182,196,209,0,0,0,2,0,0,0,0,0,0,0,4,179,205,137,190,208,203,203,197,194,191,191,199,177,194,198,198,27,0,0,0,35,64,11,0,0,59,111,158,154,169,194,201,204,208,206,199,192,191,208,201,191,205,204,206,45,0,0,81,163,138,185,187,169,148,85,100,196,189,201,198,202,202,207,207,219,220,213,222,206,190,180,197,46,0,0,167,175,100,39,44,4,39,111,172,202,189,186,207,220,219,220,213,204,198,202,197,179,193,200,213,221,0,110,216,207,200,177,134,128,161,147,126,112,148,205,231,219,190,178,175,195,203,213,219,223,226,212,215,188,0,0,87,185,219,224,221,216,204,189,164,167,219,217,206,204,214,232,255,245,217,213,213,200,196,203,200,189,0,0,0,0,84,180,191,213,223,228,255,252,244,250,255,255,228,157,44,60,255,233,245,243,248,220,223,225,0,1,3,0,0,0,0,36,66,108,124,155,145,120,73,15,0,0,0,0,158,137,128,124,105,78,61,0,0,0,0,0,0,0,0,0,0,0,0,0,0,0,0,0,0,0,0,0,0,0,0,0,0,0,0,0,0,0,0,0,0,0,0,0,0,0,0,0,0,0,0,0,0,0,0,0,0,0,0,0,0,0,0,0,0,0,0,0,0,0,0,0,0,0,0,0,0,0,0,0,0,0,0,0,0,0,0,0,0,0,0,0,0,6
0,0,0,0,0,0,0,0,0,0,0,0,0,0,0,0,0,0,0,0,0,0,0,0,0,0,0,0,0,0,0,0,0,0,0,0,1,0,2,0,0,63,92,117,161,142,73,143,139,131,142,139,160,2,0,2,0,0,0,0,0,0,0,0,0,0,2,0,0,254,232,240,255,254,255,255,255,255,249,236,240,25,0,4,0,0,0,0,0,0,0,0,0,0,2,0,1,206,219,226,223,225,226,228,228,228,225,227,186,22,0,3,0,0,0,0,0,0,0,0,0,0,4,0,21,216,220,226,229,226,227,236,233,234,224,241,172,28,0,0,0,0,0,0,0,0,0,0,0,0,6,0,41,229,224,231,236,231,234,246,239,239,229,245,124,185,48,0,0,0,0,0,0,0,0,0,0,0,6,0,44,232,224,228,233,227,233,245,238,240,220,255,98,136,83,0,0,0,0,0,0,0,0,0,0,0,6,0,42,225,216,221,228,232,232,241,241,237,220,255,92,55,70,0,0,0,0,0,0,0,0,0,0,0,9,0,81,230,212,216,219,227,223,237,237,227,224,254,185,38,190,0,0,0,0,0,0,0,0,0,0,0,0,0,155,231,198,214,221,222,228,240,241,233,238,230,254,132,198,0,0,0,0,0,0,0,0,0,0,0,0,0,205,220,210,216,221,229,230,238,240,239,229,230,226,224,238,26,0,0,0,0,0,0,0,0,0,9,0,32,208,211,222,212,219,228,228,238,234,236,229,226,234,222,238,84,0,0,0,0,0,0,0,0,0,9,0,118,221,209,227,218,224,227,233,240,235,239,243,241,236,209,238,174,0,0,0,0,0,0,0,0,1,0,0,191,214,202,229,231,230,227,234,240,238,234,233,230,229,214,226,185,0,0,0,0,0,0,0,0,2,0,31,233,205,207,227,232,232,224,232,242,228,219,221,224,228,229,182,0,0,0,0,0,0,0,0,0,8,0,138,227,212,222,226,229,231,227,238,241,210,208,229,225,223,234,136,0,0,0,0,0,0,0,0,1,0,7,234,217,219,230,231,236,233,230,239,222,212,229,240,235,224,235,27,0,0,0,0,0,0,0,0,0,0,121,217,208,225,221,225,232,231,229,230,216,218,238,235,238,229,230,16,0,0,0,0,0,0,0,7,0,0,224,212,215,216,215,222,223,219,216,220,253,232,240,230,230,232,225,7,0,0,0,1,4,5,1,0,0,148,224,209,217,213,221,229,228,223,215,255,153,198,254,223,226,231,218,0,0,0,4,0,0,0,0,0,111,247,208,220,214,215,221,220,231,217,255,149,0,210,252,227,229,231,212,0,0,0,0,0,7,48,113,189,246,204,206,203,217,223,216,231,215,241,162,0,0,201,239,228,230,232,212,0,0,0,121,183,196,232,228,208,205,218,205,209,219,223,222,213,233,234,0,0,0,189,243,226,230,232,209,0,0,107,222,211,200,195,190,199,210,212,215,215,224,226,213,213,232,12,0,0,0,196,241,226,230,233,205,0,0,197,230,216,222,214,211,194,198,212,218,214,216,214,208,244,100,0,1,0,0,182,240,226,228,232,204,0,0,85,228,217,232,241,255,253,236,235,240,233,233,224,238,166,0,0,0,0,0,170,254,232,236,249,250,0,0,0,0,0,34,81,108,146,169,182,189,187,171,168,79,0,0,0,0,1,0,44,191,146,150,153,79,0,0,0,0,0,0,0,0,0,0,0,0,0,0,0,0,0,0,0,0,0,0,0,0,0,0,0,0,0,0,6
0,0,0,0,0,0,0,0,0,0,0,1,0,0,76,92,117,140,137,137,137,126,99,55,0,0,0,0,0,0,0,0,0,0,0,0,0,0,0,2,0,3,227,184,193,197,186,184,189,207,187,255,105,0,0,0,0,0,0,0,0,0,0,0,0,0,0,2,0,0,175,170,172,173,164,159,170,180,172,184,47,0,0,0,0,0,0,0,0,0,0,0,0,0,0,1,0,0,172,174,170,166,160,164,178,186,174,210,19,0,0,0,0,0,0,0,0,0,0,0,0,0,0,0,0,0,166,185,180,172,165,178,187,191,181,209,9,0,0,0,0,0,0,0,0,0,0,0,0,0,0,0,0,0,147,178,170,172,167,185,190,186,187,207,0,0,0,0,0,0,0,0,0,0,0,0,0,0,0,0,0,0,128,191,173,174,164,181,202,183,183,201,0,0,0,0,0,0,0,0,0,0,0,0,0,0,0,0,0,0,117,193,177,175,165,187,208,186,180,173,0,0,0,0,0,0,0,0,0,0,0,0,0,0,0,0,0,0,93,193,174,171,170,191,191,177,191,141,0,0,0,0,0,0,0,0,0,0,0,0,0,0,0,0,1,0,77,196,170,170,190,198,183,175,209,114,0,0,0,0,0,0,0,0,0,0,0,0,0,0,0,0,2,0,64,196,155,161,185,191,183,172,203,86,0,0,0,0,0,0,0,0,0,0,0,0,0,0,0,0,2,0,57,201,146,161,184,184,167,162,213,68,0,1,0,0,0,0,0,0,0,0,0,0,0,0,0,1,1,0,79,208,156,166,180,172,173,172,219,79,0,1,0,0,0,0,0,0,0,0,0,0,0,0,0,0,0,0,106,191,152,177,174,170,173,154,185,104,0,0,0,0,0,0,0,0,0,0,0,0,0,0,0,1,0,0,134,171,160,175,165,167,175,171,190,184,0,0,0,0,0,0,0,0,0,0,0,0,0,0,0,1,0,7,185,165,179,189,172,174,183,185,172,229,55,0,0,0,0,0,0,0,0,0,0,0,0,0,0,0,0,146,195,162,185,190,197,203,205,196,189,189,171,0,0,0,0,0,0,0,0,0,0,0,0,0,0,0,92,198,171,185,186,185,190,191,179,185,185,183,211,9,0,0,0,0,0,0,0,0,0,0,0,0,0,31,203,165,174,178,185,192,210,209,185,183,175,164,208,49,0,0,0,0,0,1,0,0,0,0,1,0,0,181,185,170,178,179,192,198,197,196,186,199,192,179,207,44,0,0,0,0,0,0,1,3,1,2,0,0,132,192,155,162,180,185,193,192,204,204,195,191,186,197,237,0,0,0,0,0,0,1,0,0,0,0,1,126,186,159,171,171,168,171,187,195,195,211,221,226,220,217,227,0,0,0,0,0,0,0,0,17,44,94,164,171,153,165,172,166,170,191,195,211,222,226,222,207,199,210,221,0,0,0,0,0,0,0,146,167,162,167,155,142,152,158,161,178,193,208,210,221,207,219,210,202,203,213,231,0,0,0,0,0,0,75,179,162,160,159,156,153,156,161,181,205,205,209,199,191,208,213,205,203,203,213,227,0,0,0,0,0,0,77,172,179,190,189,190,193,180,186,210,214,213,223,221,223,214,213,233,228,189,201,205,67,0,0,0,0,0,0,51,90,118,142,168,174,178,210,229,214,199,205,197,191,177,159,140,146,170,168,178,80,0,0,0,0,0,0,0,0,0,1,4,13,31,51,65,70,52,25,15,7,0,0,0,0,17,4,0,0,0,0,6
0,0,0,0,0,0,0,0,0,0,0,0,0,0,0,0,0,0,0,0,0,0,0,0,0,0,0,0,0,0,0,0,0,0,0,0,0,0,0,0,0,0,0,0,0,0,0,0,0,0,0,0,0,0,0,0,0,0,0,0,0,0,0,0,0,0,0,0,0,0,0,0,0,0,0,0,0,0,0,0,0,0,0,0,0,0,0,0,0,0,0,0,0,0,0,0,0,0,0,0,0,0,0,0,0,0,0,0,0,0,0,0,0,0,0,0,0,0,0,0,0,0,0,0,0,0,0,0,0,0,0,0,0,0,0,0,0,0,0,0,0,0,0,0,0,0,0,0,0,0,0,2,0,0,48,52,65,72,52,22,43,117,143,87,62,82,13,0,0,0,0,0,0,0,0,0,0,0,0,5,0,73,225,234,228,220,249,215,230,255,225,209,195,229,120,0,0,0,0,0,0,0,0,0,0,1,0,4,0,50,212,205,206,201,203,201,168,218,225,221,209,211,156,0,0,0,0,0,0,0,0,0,0,1,0,1,0,33,206,209,211,213,215,190,196,242,223,226,225,219,104,0,0,0,0,0,0,0,0,0,0,0,0,0,0,109,212,215,212,205,209,172,232,229,213,225,212,222,71,0,0,0,0,0,0,0,0,0,0,0,2,0,0,181,202,197,189,189,175,163,190,227,225,227,217,223,68,0,0,0,0,0,0,0,0,0,0,0,2,0,0,195,190,172,174,167,191,184,174,237,226,233,222,223,31,0,1,0,0,0,1,0,0,0,0,8,0,39,190,180,189,202,206,203,212,167,213,237,212,230,220,230,42,0,0,0,1,0,0,0,0,2,4,0,0,150,173,158,168,192,198,198,195,178,246,213,215,220,215,227,64,0,0,0,1,3,4,5,5,0,0,21,140,156,126,144,143,141,159,183,198,172,222,209,218,229,214,228,168,0,0,1,0,0,0,0,0,0,29,157,153,132,101,136,156,178,189,186,203,166,190,222,211,223,217,221,215,0,2,0,0,35,52,64,89,127,164,141,109,102,132,148,144,144,164,187,201,161,211,218,217,221,214,219,202,0,0,17,118,119,124,129,144,152,128,107,125,126,159,166,175,163,159,187,167,181,228,191,205,209,209,213,212,31,0,109,168,150,143,130,129,135,117,109,124,137,167,179,191,198,210,197,186,235,223,227,228,226,222,223,226,51,35,101,85,116,134,155,172,178,181,194,218,215,194,199,204,204,225,196,233,226,209,203,181,167,165,163,187,53,33,151,125,116,107,81,73,74,71,75,85,81,82,81,83,88,83,81,80,81,80,75,85,93,93,81,102,88,0,3,45,94,122,134,142,140,138,137,135,134,133,141,147,145,147,149,164,167,168,173,168,166,167,152,144,73,1,0,0,0,0,0,14,28,42,51,52,57,62,59,56,57,57,55,45,44,41,41,36,27,21,20,18,0,0,0,0,0,0,0,0,0,0,0,0,0,0,0,0,0,0,0,0,0,0,0,0,0,0,0,0,0,0,0,0,0,0,0,0,0,0,0,0,0,0,0,0,0,0,0,0,0,0,0,0,0,0,0,0,0,0,0,0,0,0,0,0,0,0,0,0,0,0,0,0,0,0,0,0,0,0,0,0,0,0,0,0,0,0,0,0,0,0,0,0,0,0,0,0,0,0,0,0,0,0,0,0,0,0,0,0,0,0,0,0,0,0,0,0,0,0,0,0,0,0,0,0,0,0,0,0,0,0,0,0,0,0,0,0,0,0,0,0,0,6
0,0,0,0,0,0,0,0,0,0,0,0,0,0,0,0,0,0,0,0,0,0,0,0,0,0,0,0,0,0,0,0,0,0,0,0,0,0,0,0,0,0,0,0,0,0,0,0,0,0,0,0,0,0,0,0,0,0,0,0,0,0,0,0,0,0,0,0,0,0,0,0,0,0,0,0,0,0,0,0,0,0,0,0,0,0,0,0,0,0,0,0,0,0,0,0,1,1,0,0,0,0,0,0,0,0,0,0,0,0,0,0,0,0,0,0,0,0,0,0,0,0,0,0,3,0,44,138,129,117,81,20,0,15,90,39,15,0,0,0,0,0,0,0,0,0,0,0,0,0,0,0,5,0,75,215,190,192,197,254,0,129,195,172,167,161,177,4,0,0,0,0,0,0,0,0,0,0,0,0,2,0,73,197,169,179,164,188,143,159,163,154,146,161,146,0,0,0,0,0,0,0,0,0,0,0,0,0,1,0,101,201,173,179,169,137,151,142,174,151,148,161,128,0,0,0,0,0,0,0,0,0,0,0,1,0,1,0,139,200,176,181,158,146,137,148,170,150,144,173,106,0,0,0,0,0,0,0,0,0,0,0,0,0,0,0,156,195,173,188,172,147,135,161,176,157,151,182,67,0,0,0,0,0,0,0,0,0,0,0,0,2,0,0,175,173,185,171,172,148,130,166,170,153,139,173,57,0,0,0,0,0,0,0,0,0,0,0,0,1,0,52,229,162,182,167,174,158,133,168,152,149,146,171,83,0,0,0,0,0,0,0,0,0,0,0,1,0,0,164,174,172,183,176,179,159,138,169,157,169,159,171,139,0,1,0,0,0,0,0,0,0,0,2,4,0,83,211,159,159,166,181,164,155,145,167,165,159,161,161,183,0,0,0,0,0,0,0,0,0,0,3,0,19,191,158,160,162,166,172,162,162,167,171,169,163,160,145,197,53,0,0,0,0,0,0,0,0,0,0,3,187,157,153,166,160,175,180,154,156,171,162,161,165,160,157,194,96,0,0,0,0,0,0,3,0,0,9,183,169,157,161,173,155,156,173,155,153,165,156,152,155,161,153,175,119,1,3,5,7,0,6,0,0,32,193,155,154,170,167,164,158,153,162,160,170,171,151,142,165,168,152,175,108,0,0,0,0,0,0,0,101,192,151,163,161,157,156,149,162,168,177,178,162,157,156,155,138,141,148,193,87,0,8,64,85,100,133,182,185,142,140,146,140,154,159,157,167,167,168,179,138,136,163,165,164,182,163,213,126,9,185,180,161,162,151,140,137,139,143,143,151,152,149,153,158,142,137,175,221,227,215,209,208,209,173,233,102,29,155,132,148,152,142,141,155,162,156,130,164,149,131,141,139,159,198,255,167,78,222,206,204,200,169,247,67,177,207,162,156,155,145,140,129,139,147,139,143,130,131,151,195,208,153,22,0,0,242,207,203,198,186,216,51,132,210,215,204,201,196,194,182,180,179,176,174,179,192,222,176,34,0,0,0,37,212,204,206,198,189,213,36,0,11,13,91,166,175,217,189,201,208,217,218,212,202,157,0,0,0,0,0,2,190,214,208,200,195,255,6,0,0,0,0,0,0,0,0,15,24,31,29,33,1,0,0,6,2,0,0,0,22,13,5,7,5,12,0,0,0,0,0,0,0,0,0,0,0,0,0,0,0,0,0,0,0,0,0,0,0,0,0,0,0,0,0,0,0,0,0,0,0,0,0,0,0,0,0,0,0,0,0,0,0,0,0,0,0,0,0,0,0,0,0,6
0,0,0,0,0,0,0,0,0,0,0,0,0,0,0,0,0,0,0,0,0,0,0,0,0,0,0,0,0,0,0,0,0,0,0,0,0,0,0,0,0,0,0,0,0,0,0,0,0,0,0,0,0,0,0,0,0,0,0,0,0,0,0,0,0,0,0,0,0,0,0,0,0,0,0,0,0,0,0,0,0,0,0,0,0,0,0,0,0,0,0,0,0,0,0,0,0,0,0,0,0,0,0,0,0,0,0,0,0,0,0,0,0,0,0,0,0,0,0,0,0,0,0,0,0,0,0,0,0,0,0,0,0,0,0,0,0,0,0,0,0,0,0,0,0,0,0,0,0,0,0,0,0,0,0,0,0,0,0,0,0,0,0,0,0,0,0,0,0,0,0,0,0,0,0,0,0,0,0,0,0,0,0,0,0,0,0,0,1,0,1,0,42,177,0,0,0,0,0,0,0,0,0,0,0,0,0,0,0,0,1,0,17,12,0,0,0,0,0,0,121,216,0,0,0,0,0,0,0,0,0,0,0,0,0,0,0,3,1,0,155,166,98,110,120,137,124,150,176,103,0,0,0,0,0,0,0,0,0,0,0,0,0,0,0,2,0,10,143,141,218,234,228,241,210,141,162,122,0,0,0,0,0,0,0,0,0,0,0,0,0,0,0,2,0,82,141,118,205,208,205,219,197,115,145,130,0,0,0,0,0,0,0,0,0,0,0,0,1,0,1,0,22,132,132,135,227,211,213,230,204,122,144,136,0,0,0,0,0,0,1,1,0,0,0,1,0,2,0,32,90,105,126,148,230,210,211,229,201,122,152,163,0,0,1,0,0,0,2,2,1,1,0,4,2,0,27,88,28,97,122,173,234,202,213,220,207,122,138,181,47,0,0,0,0,0,1,2,3,4,0,0,0,61,99,24,73,157,106,186,220,213,204,223,215,140,117,169,110,0,0,0,0,0,0,0,0,0,0,26,92,54,24,99,159,169,122,216,246,227,246,255,183,116,107,185,156,0,0,0,0,0,8,8,3,54,87,113,46,30,97,126,139,140,114,129,181,175,131,63,26,39,114,188,185,0,0,2,82,92,86,101,132,153,95,8,18,111,112,112,120,118,139,140,142,146,126,102,130,173,154,161,176,1,0,123,176,135,76,24,30,72,47,26,31,85,67,83,133,154,140,144,136,157,157,152,183,175,165,182,161,0,63,174,180,187,183,191,139,132,84,96,112,99,100,132,156,167,148,150,161,190,187,191,185,173,189,191,193,26,47,148,169,174,169,173,181,177,176,196,185,182,185,174,165,176,190,201,199,181,165,162,160,157,157,159,168,83,0,0,51,122,169,186,202,214,215,207,201,198,191,200,207,200,181,154,145,183,206,191,198,202,200,198,207,69,0,0,0,0,0,1,28,71,93,99,110,117,116,93,62,20,1,0,0,12,79,76,66,57,39,35,22,0,0,0,0,0,0,0,0,0,0,0,0,0,0,0,0,0,0,0,0,0,0,0,0,0,0,0,0,0,0,0,0,0,0,0,0,0,0,0,0,0,0,0,0,0,0,0,0,0,0,0,0,0,0,0,0,0,0,0,0,0,0,0,0,0,0,0,0,0,0,0,0,0,0,0,0,0,0,0,0,0,0,0,0,0,0,0,0,0,0,0,0,0,0,0,0,0,0,0,0,0,0,0,0,0,0,0,0,0,0,0,0,0,0,0,0,0,0,0,0,0,0,0,0,0,0,0,0,0,0,0,0,0,0,0,0,0,0,0,0,0,6
0,0,0,0,0,0,0,0,0,0,0,0,0,0,0,0,0,0,0,0,0,0,0,0,0,0,0,0,0,0,0,0,0,0,0,0,0,0,0,0,0,0,0,0,0,0,0,0,0,0,0,0,0,0,0,0,0,0,0,0,0,0,0,0,0,0,0,0,0,0,0,0,0,0,0,0,0,0,0,0,0,0,0,0,0,0,0,0,0,0,0,0,0,0,0,0,0,0,0,0,0,0,0,0,0,0,0,0,0,0,0,0,0,0,0,0,0,0,0,0,0,1,1,3,0,0,160,146,146,96,0,0,0,1,1,3,6,0,0,0,0,0,0,0,0,0,0,0,0,0,0,3,0,13,219,166,150,185,57,0,0,0,0,0,0,0,1,0,0,0,0,0,0,0,0,0,0,0,0,5,0,14,192,173,184,222,243,187,153,121,84,43,18,0,0,0,0,0,0,0,0,0,0,0,0,0,0,3,0,16,180,169,145,207,235,231,232,230,234,227,227,195,0,0,0,0,0,0,0,0,0,0,0,1,0,3,0,28,189,222,194,196,231,223,225,225,225,223,219,215,108,0,0,0,0,0,0,0,0,0,0,1,0,0,0,0,203,146,162,163,166,184,194,210,225,218,218,232,96,0,0,0,0,0,0,0,0,0,0,0,1,0,0,160,254,195,182,181,179,173,159,154,169,164,195,167,0,0,0,0,0,0,0,0,0,0,0,1,5,0,87,219,183,160,187,175,186,174,179,193,177,151,181,136,0,0,1,0,0,0,1,1,0,0,1,5,0,29,232,209,158,177,175,162,188,181,167,185,181,177,203,174,0,0,0,1,1,0,1,0,0,1,4,0,0,189,198,146,174,185,180,181,174,175,195,173,166,160,184,187,0,0,0,0,0,0,1,2,6,1,0,0,174,205,187,167,189,171,174,169,176,181,180,185,174,164,171,201,29,0,0,1,1,2,2,0,0,0,0,68,201,192,132,184,164,166,166,166,167,171,166,168,166,167,182,195,60,0,2,0,0,0,0,1,20,78,132,143,118,170,190,168,184,186,170,157,154,167,161,135,137,146,169,186,105,0,2,0,41,83,118,134,148,142,129,87,190,202,162,170,159,154,157,168,162,135,128,137,154,169,163,169,132,0,0,61,150,121,126,122,118,105,112,128,154,172,162,174,176,177,172,166,167,166,167,175,175,174,170,169,157,0,0,109,160,117,107,98,109,119,145,159,146,169,169,183,177,171,172,166,167,166,158,168,169,167,163,172,149,0,41,159,156,154,163,154,154,150,162,161,168,166,161,158,163,162,161,163,179,189,188,203,207,212,210,199,218,21,80,186,184,184,181,176,174,181,172,169,172,166,169,183,190,205,212,247,225,210,206,202,186,179,174,160,170,56,17,147,161,175,186,196,198,200,206,217,217,219,197,197,228,221,162,99,117,122,111,119,115,121,124,120,142,53,0,5,55,107,137,148,163,157,176,161,177,149,176,168,46,0,0,0,93,202,151,169,169,166,182,163,183,73,1,0,0,0,0,21,26,40,75,19,94,3,46,36,0,0,0,0,26,97,33,65,59,36,52,30,20,0,0,0,0,0,0,0,0,0,0,0,0,0,0,0,0,0,0,0,0,0,0,0,0,0,0,0,0,0,0,0,0,0,0,0,0,0,0,0,0,0,0,0,0,0,0,0,0,0,0,0,0,0,0,0,0,0,0,0,0,0,0,0,0,0,0,0,0,0,0,0,0,0,0,0,0,0,0,0,0,0,0,0,0,0,6
0,0,0,0,0,0,0,0,0,0,0,0,0,0,0,0,0,0,0,0,0,0,0,0,0,0,0,0,0,0,0,0,0,0,0,0,0,0,0,0,0,0,0,0,0,0,0,0,0,0,0,0,0,0,0,0,0,0,0,0,0,0,0,0,0,0,0,0,0,0,0,0,0,0,0,0,0,0,0,0,0,0,0,0,0,0,0,0,0,0,0,0,0,1,0,2,0,16,135,79,89,92,102,102,103,87,63,45,17,0,0,0,0,0,0,0,0,0,0,0,0,0,0,5,0,93,176,167,201,184,193,204,242,236,243,210,203,185,34,0,0,0,0,0,0,0,0,0,0,0,0,5,0,116,169,161,165,162,157,185,215,208,200,200,204,219,47,0,0,0,0,0,0,0,0,0,0,0,1,0,0,160,161,169,174,170,167,191,227,232,224,207,201,222,42,0,0,0,0,0,0,0,0,0,0,0,3,0,26,179,159,176,170,172,184,203,214,217,217,203,199,196,16,0,0,0,0,0,0,0,0,0,0,0,5,0,69,166,165,175,167,169,176,205,222,213,210,213,203,204,44,0,0,0,0,0,0,0,0,0,0,0,10,0,123,165,169,180,180,181,179,198,213,209,220,215,195,218,137,0,0,0,0,0,0,0,0,0,0,1,0,0,175,161,172,179,185,189,184,199,217,218,203,191,184,195,198,0,0,0,0,0,0,0,0,0,0,5,0,66,165,167,175,177,186,193,188,201,208,201,194,203,212,191,220,35,0,0,0,0,0,0,0,0,0,1,0,138,160,171,181,184,188,196,198,199,212,199,196,209,225,200,227,99,0,0,0,0,0,0,0,0,5,0,36,181,154,162,170,181,186,193,200,199,209,191,201,214,208,198,219,98,0,0,0,0,0,0,0,0,1,0,112,167,151,169,171,179,186,183,194,196,203,191,217,212,207,196,223,87,0,0,0,0,0,0,0,2,0,17,154,146,157,164,166,170,176,184,198,195,205,203,201,203,193,195,233,47,0,0,0,0,0,0,5,0,0,130,160,150,162,159,169,174,181,199,214,201,196,203,208,210,214,208,232,11,0,0,2,2,6,7,0,0,84,161,141,162,170,180,194,195,198,210,203,207,252,236,180,255,205,199,223,0,0,1,0,0,0,0,0,68,162,135,150,156,172,185,195,207,208,203,209,229,191,0,37,247,196,205,220,0,0,0,0,15,44,61,116,156,133,130,151,159,169,188,205,208,200,218,218,84,0,0,84,223,199,204,219,0,0,108,136,152,146,146,152,117,138,145,169,188,180,191,210,196,219,237,8,0,0,0,79,223,205,201,212,0,93,155,140,141,128,128,131,142,154,164,167,172,184,207,203,217,253,0,0,1,1,0,74,225,204,203,213,0,80,180,174,170,164,157,156,156,155,157,165,176,203,203,200,241,34,0,2,0,2,0,71,223,200,205,212,0,27,212,213,214,203,194,185,183,184,193,196,196,205,210,243,109,0,0,0,0,3,0,69,214,198,205,199,0,0,56,166,188,210,224,228,220,237,234,236,217,220,231,133,0,0,1,0,0,7,0,87,237,209,219,246,0,0,0,0,0,34,63,102,124,138,152,166,161,160,69,0,0,0,2,0,0,6,0,45,196,185,186,130,0,0,0,0,0,0,0,0,0,0,0,0,0,0,0,0,0,0,0,0,0,0,0,0,0,0,0,0,0,0,0,0,0,0,0,0,0,0,0,0,0,0,0,0,0,0,0,0,0,0,0,0,0,0,0,0,0,6
0,0,0,0,0,0,0,0,0,0,0,0,0,0,0,0,0,0,0,0,0,0,0,0,0,0,0,0,0,0,0,0,0,0,0,0,0,0,0,0,0,0,0,0,0,0,0,0,0,0,0,0,0,0,0,0,0,0,0,0,0,0,0,0,0,0,0,0,0,0,0,0,0,0,0,0,0,0,0,0,0,0,0,0,0,0,0,0,0,0,0,0,0,0,0,0,0,0,0,0,0,0,0,0,0,0,0,0,0,0,0,0,0,0,0,0,0,0,0,0,0,0,0,0,0,0,0,0,0,0,0,0,0,0,0,0,0,0,0,0,0,0,0,0,0,0,0,0,0,0,0,0,0,0,0,0,0,0,0,0,0,0,0,0,0,0,0,0,0,0,0,0,0,0,0,0,0,0,0,0,0,0,0,0,84,233,159,145,106,83,39,4,0,0,45,2,0,0,0,0,0,0,0,0,0,0,0,0,0,0,0,0,240,255,230,224,255,255,255,255,255,254,255,106,0,0,0,0,0,0,0,0,0,0,0,0,0,6,0,125,252,238,176,153,250,153,165,249,233,222,237,67,0,0,0,0,0,0,0,0,0,0,0,0,1,0,0,255,234,236,255,240,240,227,242,242,224,223,255,27,0,0,0,0,0,0,0,0,0,0,0,0,0,0,183,255,223,235,237,223,245,233,246,236,233,215,253,0,0,0,0,0,0,0,1,0,4,8,0,0,0,170,255,223,231,244,222,231,247,217,235,241,230,213,254,0,0,0,0,0,0,0,0,0,0,4,0,0,179,255,219,233,235,239,217,229,245,216,236,239,230,218,255,7,0,0,0,0,0,0,0,1,1,0,0,188,255,218,236,233,236,230,215,230,243,220,228,231,226,215,255,45,0,0,0,2,2,2,0,0,0,0,201,255,219,234,237,238,225,229,219,228,238,223,226,228,225,214,255,89,0,5,0,0,0,0,0,0,34,228,255,221,238,236,231,234,235,233,223,229,235,223,227,227,224,210,248,125,0,0,0,0,49,118,177,231,255,255,221,234,232,235,237,237,232,225,220,226,233,221,226,225,222,204,237,149,0,92,182,216,236,241,240,228,226,224,226,233,235,232,232,224,227,240,236,234,245,249,239,236,247,243,255,140,107,255,240,237,227,221,219,221,221,219,224,231,236,244,255,255,255,255,255,255,255,255,249,237,226,207,210,31,101,171,194,207,219,227,251,255,255,255,255,255,255,240,218,189,166,157,147,115,97,95,82,74,77,65,81,33,16,45,74,95,102,114,131,134,132,130,119,106,103,91,85,71,61,59,19,84,152,138,146,148,150,149,165,90,0,0,0,0,6,13,20,20,27,38,44,37,27,18,5,0,0,0,0,15,88,70,70,65,54,44,45,2,0,0,0,0,0,0,0,0,0,0,0,0,0,0,0,0,0,0,0,0,0,0,0,0,0,0,0,0,0,0,0,0,0,0,0,0,0,0,0,0,0,0,0,0,0,0,0,0,0,0,0,0,0,0,0,0,0,0,0,0,0,0,0,0,0,0,0,0,0,0,0,0,0,0,0,0,0,0,0,0,0,0,0,0,0,0,0,0,0,0,0,0,0,0,0,0,0,0,0,0,0,0,0,0,0,0,0,0,0,0,0,0,0,0,0,0,0,0,0,0,0,0,0,0,0,0,0,0,0,0,0,0,0,0,0,0,0,0,0,0,0,0,0,0,0,0,0,0,0,0,0,0,0,0,0,0,0,0,0,0,0,0,0,0,0,0,0,0,6
0,0,0,0,0,0,0,0,0,0,0,0,0,0,0,0,0,0,0,28,43,55,105,181,39,0,5,0,0,0,0,0,0,0,0,0,0,0,3,0,18,182,192,206,225,244,255,255,255,255,243,255,94,0,9,0,0,0,0,0,0,0,0,0,0,0,9,0,52,240,221,221,223,226,234,231,230,234,227,244,73,0,3,0,0,0,0,0,0,0,0,0,0,0,8,0,60,225,210,216,219,226,230,230,233,234,231,246,47,0,4,0,0,0,0,0,0,0,0,0,0,0,2,0,89,230,213,229,230,231,237,238,239,238,237,255,7,0,2,0,0,0,0,0,0,0,0,0,0,0,0,0,114,226,214,233,233,232,243,242,237,234,225,250,110,0,0,0,0,0,0,0,0,0,0,0,0,0,0,0,146,232,223,235,233,233,237,229,225,231,229,243,242,0,0,0,0,0,0,0,0,0,0,0,0,0,0,0,186,234,221,228,227,232,238,231,232,236,238,230,244,73,0,1,0,0,0,0,0,0,0,0,0,0,0,0,203,228,209,216,216,223,236,231,232,230,231,228,238,249,0,0,0,0,0,0,0,0,0,0,0,0,0,0,218,226,220,226,225,227,232,228,229,229,233,232,227,252,106,0,0,0,0,0,0,0,0,0,0,2,0,0,238,223,223,228,227,226,231,227,230,231,232,229,232,239,229,0,0,0,0,0,0,0,0,0,0,2,0,0,247,221,221,224,222,223,231,229,230,230,233,234,231,229,255,26,0,0,0,0,0,0,0,0,0,3,0,6,249,218,221,223,222,224,229,229,228,228,228,227,230,225,255,78,0,0,0,0,0,0,0,0,0,3,0,23,255,218,221,223,223,225,230,229,229,228,230,232,231,218,255,106,0,0,0,0,0,0,0,0,0,2,0,65,255,213,220,222,223,227,230,229,229,228,231,234,223,219,255,66,0,0,0,0,0,0,0,0,0,1,0,130,231,208,221,222,224,226,230,229,230,227,230,224,229,234,255,49,0,0,0,0,0,0,0,0,0,0,0,214,220,217,221,222,224,228,230,228,228,229,222,236,245,255,255,53,0,0,0,0,0,0,0,0,0,0,37,255,216,218,218,220,224,226,232,227,242,236,249,255,255,149,207,83,0,0,0,0,0,0,0,1,0,0,175,243,214,211,219,221,227,228,224,255,193,101,255,196,42,0,181,99,0,0,0,0,0,0,0,2,0,55,255,211,210,216,217,222,228,236,223,255,34,90,241,0,0,0,210,95,0,3,1,6,1,0,0,0,10,234,224,205,212,217,219,227,230,224,255,224,0,149,234,0,5,0,215,98,0,0,0,0,0,0,0,64,222,229,206,212,216,221,224,228,226,229,255,29,0,127,237,0,0,0,212,92,0,0,0,20,114,193,230,233,215,207,214,218,221,225,227,229,224,246,196,0,0,107,218,0,0,0,209,88,0,0,152,201,211,205,202,194,197,209,220,223,224,226,230,228,227,241,37,0,0,103,226,0,0,0,209,90,0,120,238,201,205,212,215,218,217,219,224,224,225,227,229,220,251,166,0,0,0,83,226,0,0,0,202,91,0,41,215,239,238,233,230,225,222,219,219,221,225,223,226,248,243,0,0,3,0,67,189,81,123,83,227,70,0,0,16,89,160,222,240,255,255,255,255,255,255,255,255,229,5,0,0,2,0,85,223,212,218,213,224,78,0,0,0,0,0,0,0,10,50,87,121,135,130,122,66,0,0,2,0,2,0,40,143,103,103,98,122,37,6
0,0,0,0,0,0,0,0,0,0,0,0,0,0,0,0,0,0,0,0,0,0,0,0,0,0,0,0,0,0,0,0,0,0,0,0,0,0,0,0,0,0,0,0,0,0,0,0,0,0,0,0,0,0,0,0,0,0,0,0,0,0,0,0,0,0,0,0,0,0,0,0,0,0,0,0,0,0,0,0,0,0,0,0,0,0,0,0,0,0,0,0,0,1,0,0,1,1,0,2,92,57,0,0,1,0,0,1,1,1,0,0,0,0,0,0,0,0,0,0,0,2,0,2,0,4,0,30,135,168,124,0,4,1,0,0,2,1,0,0,0,0,0,0,0,0,0,0,0,1,1,0,0,6,0,106,122,112,177,3,0,1,3,0,1,3,1,0,0,0,0,0,0,0,0,0,0,1,1,1,1,0,0,62,12,32,31,13,0,0,0,0,0,2,1,0,0,0,0,0,0,0,0,0,0,1,0,0,0,2,0,69,137,163,156,129,83,75,35,11,0,0,1,0,0,0,0,0,0,0,0,0,0,0,0,1,0,168,90,153,194,183,165,173,172,170,158,130,107,22,0,0,0,0,0,0,0,0,0,0,0,0,1,0,17,126,132,161,179,220,162,173,187,181,168,158,166,137,0,0,0,0,0,0,0,0,0,0,0,0,0,3,96,127,84,122,149,107,124,155,161,181,171,164,168,120,39,69,0,0,0,0,0,0,0,0,1,5,0,34,146,97,121,136,141,144,177,186,165,162,158,157,161,142,38,84,0,0,0,0,0,1,0,0,2,0,17,63,112,187,113,102,155,136,155,181,170,159,150,146,143,161,84,3,0,0,1,1,0,0,0,0,0,23,114,120,132,173,214,204,93,134,173,171,165,170,165,163,151,157,4,0,1,0,0,0,0,0,1,0,0,100,121,31,81,128,96,223,255,216,197,170,171,161,149,156,154,157,0,0,0,1,1,1,2,3,0,0,0,143,110,81,113,159,127,74,163,205,173,173,164,155,153,162,158,186,27,0,1,2,1,1,0,0,0,24,191,112,128,129,117,127,172,163,95,147,179,185,164,155,158,166,159,148,17,0,3,0,0,0,18,68,108,155,112,51,137,212,122,133,214,178,154,158,163,173,176,175,158,158,156,163,63,0,0,42,91,121,132,125,99,63,55,119,134,142,221,215,175,168,177,165,165,170,185,184,168,162,154,161,106,0,0,111,126,90,47,45,86,89,127,126,104,135,144,168,186,177,177,175,173,175,180,179,163,159,156,158,156,13,31,74,113,130,126,134,136,144,155,132,129,156,156,165,177,173,168,172,172,175,177,177,170,169,156,156,158,42,42,98,78,108,135,147,148,147,150,148,147,148,166,172,172,172,168,169,170,172,175,170,165,164,161,150,139,20,3,74,105,88,93,108,134,153,154,161,163,161,154,158,166,171,163,164,165,171,164,158,158,149,143,120,102,16,0,0,2,41,84,81,86,93,92,105,106,125,130,130,134,121,119,130,132,140,146,141,142,134,117,113,98,0,1,0,0,0,0,0,9,25,38,38,37,47,34,40,61,46,35,45,45,48,53,52,37,47,42,37,5,0,0,0,0,0,0,0,0,0,0,0,0,0,0,0,0,0,0,0,0,0,0,0,0,0,0,0,0,0,0,0,0,0,0,0,0,0,0,0,0,0,0,0,0,0,0,0,0,0,0,0,0,0,0,0,0,0,0,0,0,0,0,0,0,0,0,0,0,0,0,0,0,0,0,0,0,0,0,0,0,0,0,0,0,0,6
0,0,0,0,0,0,0,0,0,0,0,0,0,0,0,0,0,0,0,0,0,0,0,0,0,0,0,0,0,0,0,0,0,0,0,0,0,0,0,0,0,0,0,0,0,0,0,0,0,0,0,0,0,0,0,0,0,0,0,0,0,0,0,0,0,0,0,0,0,0,0,0,0,0,0,0,0,0,0,0,0,0,0,0,0,0,0,0,0,0,0,0,0,0,0,0,0,0,0,0,0,0,0,0,0,0,0,0,0,0,0,0,0,0,0,0,0,0,0,0,0,0,0,0,0,0,0,0,0,0,0,0,0,0,0,0,0,0,0,0,0,0,0,0,0,0,0,0,0,0,0,0,0,2,0,0,157,179,104,0,0,0,0,0,0,91,7,0,0,0,0,0,0,0,0,0,0,0,0,0,0,4,0,25,169,167,203,255,222,197,160,56,146,161,0,2,0,0,0,0,0,0,0,0,0,0,0,0,0,7,0,86,170,165,210,237,236,246,251,253,236,128,0,0,0,0,0,0,0,0,0,0,0,0,0,0,0,7,0,118,192,178,218,228,227,224,225,222,215,76,0,0,0,0,0,0,0,0,0,0,0,0,0,0,1,0,0,168,181,185,242,229,237,230,234,224,210,11,0,1,0,0,0,0,0,0,0,0,0,0,0,0,4,0,53,206,182,204,242,230,232,231,233,228,211,32,0,2,0,0,0,0,0,0,0,0,0,0,0,0,0,0,147,183,180,228,235,232,228,232,227,226,208,69,0,1,0,0,0,0,0,0,0,0,0,1,0,5,0,62,199,164,194,240,224,231,227,229,236,217,206,126,0,0,0,0,0,0,0,0,0,0,0,0,7,0,0,188,161,150,217,237,228,230,224,233,236,203,199,188,0,0,0,0,1,0,0,0,0,0,1,4,0,0,166,125,112,163,220,229,225,229,236,244,203,198,198,199,35,0,0,0,0,2,0,0,1,5,0,0,0,142,112,41,162,144,183,245,229,240,241,201,180,204,200,203,119,0,1,2,1,0,0,0,0,0,0,54,209,160,69,180,200,189,177,219,211,230,216,162,188,197,203,205,169,0,0,0,0,0,0,0,0,51,169,198,97,109,206,195,183,190,185,179,184,193,190,197,210,199,208,209,196,0,0,40,107,145,178,171,168,168,136,107,126,180,172,167,172,176,196,205,204,204,212,215,217,216,217,216,205,0,21,158,165,116,120,146,102,40,112,158,170,168,180,190,204,202,201,202,198,205,204,197,192,192,188,184,195,37,55,139,166,186,178,170,160,181,185,171,164,189,206,203,199,196,189,183,199,187,158,153,152,146,168,168,170,54,0,0,71,121,169,165,197,180,177,183,183,197,194,188,199,187,151,119,59,51,205,202,198,209,227,186,230,83,0,0,0,0,0,26,59,98,129,146,151,149,133,103,53,1,0,0,0,0,104,132,99,94,82,61,49,5,0,0,0,0,0,0,0,0,0,0,0,0,0,0,0,0,0,0,0,0,0,0,0,0,0,0,0,0,0,0,0,0,0,0,0,0,0,0,0,0,0,0,0,0,0,0,0,0,0,0,0,0,0,0,0,0,0,0,0,0,0,0,0,0,0,0,0,0,0,0,0,0,0,0,0,0,0,0,0,0,0,0,0,0,0,0,0,0,0,0,0,0,0,0,0,0,0,0,0,0,0,0,0,0,0,0,0,0,0,0,0,0,0,0,0,0,0,0,0,0,0,0,0,0,0,0,0,0,0,0,0,0,0,0,0,0,0,0,0,0,6
0,0,0,0,0,0,0,0,0,0,0,0,0,0,0,0,0,0,0,0,0,0,0,0,0,0,0,0,0,0,0,0,0,0,0,0,0,0,0,0,0,0,0,0,0,0,0,74,33,0,0,0,0,2,2,1,0,0,0,0,0,0,0,0,0,0,0,0,0,0,0,1,0,0,0,217,246,52,0,0,0,0,0,0,0,0,0,0,0,0,0,0,0,0,0,0,0,1,1,0,0,145,176,153,176,204,138,154,133,67,19,0,0,0,0,0,0,0,0,0,0,0,0,0,0,0,7,0,44,190,192,199,192,201,219,228,228,220,181,16,0,0,0,0,0,0,0,0,0,0,0,0,0,0,0,0,130,181,185,199,197,214,211,212,202,204,163,0,0,0,0,0,0,0,0,0,0,0,0,0,0,3,0,13,255,207,200,197,209,209,209,214,199,201,156,0,0,0,0,0,0,0,0,0,0,0,0,0,0,4,0,0,74,181,202,199,202,204,198,208,200,203,84,0,0,0,0,0,0,0,0,0,0,0,0,0,0,5,0,4,255,205,198,177,178,213,195,191,186,196,46,0,0,0,0,0,0,0,0,0,0,0,0,0,0,2,0,0,158,170,172,164,209,222,197,198,195,224,5,0,0,0,0,0,0,0,0,0,0,0,0,0,0,0,0,186,215,176,184,213,225,206,204,181,203,224,0,0,0,0,0,0,0,0,0,0,0,0,0,0,0,0,0,173,188,175,201,212,212,205,214,183,195,178,0,0,0,0,0,0,0,0,0,0,0,0,1,1,0,0,73,167,135,193,209,216,215,213,209,199,192,119,0,0,0,0,0,0,0,0,0,0,0,0,1,3,0,14,234,199,195,186,198,202,208,211,209,194,192,139,0,0,0,0,0,0,0,0,0,0,0,0,0,4,0,63,204,161,177,199,216,211,211,212,210,188,191,159,0,0,0,0,0,0,0,0,0,0,0,0,0,0,0,153,175,151,200,219,216,215,213,210,199,192,197,178,0,0,0,0,0,0,2,0,0,0,3,0,0,16,239,149,152,198,210,217,213,212,207,202,194,195,202,207,0,0,0,0,0,0,0,0,2,0,0,0,114,147,149,152,215,218,205,204,206,208,208,207,201,204,203,229,3,0,0,0,0,1,1,1,0,0,36,110,237,146,158,203,218,208,209,206,209,208,209,209,211,207,200,213,65,0,0,3,0,0,0,0,0,65,242,159,134,168,221,222,211,214,208,205,207,203,203,205,212,205,200,212,152,0,0,0,0,0,0,0,52,194,162,152,193,211,196,198,195,197,191,194,194,196,203,210,204,206,204,205,206,0,0,54,158,139,158,183,174,156,169,198,199,187,181,186,194,208,215,211,211,211,212,212,209,211,206,201,219,6,32,181,191,167,134,153,155,175,197,209,215,230,226,221,212,206,202,201,206,209,209,206,213,213,208,201,222,20,93,181,170,180,194,178,180,175,187,195,198,203,189,190,190,191,194,192,190,191,191,189,193,195,195,193,231,69,77,195,179,179,178,173,172,175,171,193,193,198,202,198,196,198,196,192,188,186,187,190,193,192,192,188,216,87,25,196,185,232,231,231,222,206,199,205,199,197,196,194,193,193,193,196,198,198,198,198,196,194,205,208,255,92,0,0,3,39,78,98,125,149,167,185,190,196,197,199,199,199,199,198,196,195,193,193,192,182,169,161,132,0,0,0,0,0,0,0,0,0,0,0,0,0,0,0,0,0,0,0,0,0,0,0,0,0,0,0,0,0,6
0,0,0,0,0,0,0,0,0,0,0,0,0,0,0,0,0,0,0,0,0,0,0,0,0,0,0,0,0,0,0,0,0,0,0,0,0,0,0,0,0,0,0,0,0,0,0,0,0,0,0,0,0,0,0,0,0,0,0,0,0,0,0,0,0,0,0,0,0,1,0,0,0,0,0,0,0,0,0,0,65,139,12,0,0,0,0,0,0,0,0,0,0,0,0,0,0,0,0,80,152,57,0,0,0,4,144,197,201,197,76,0,0,0,0,0,0,0,0,0,0,0,0,0,0,0,69,146,157,163,143,22,138,211,215,250,167,92,50,0,0,0,0,0,0,0,0,0,0,0,0,0,2,0,46,159,135,204,237,207,238,174,175,154,147,80,14,0,0,0,0,0,0,0,0,0,0,0,0,0,0,1,0,60,160,236,202,222,164,125,204,169,26,0,0,0,0,0,0,0,0,0,0,0,0,0,0,0,0,0,0,0,0,162,211,213,193,190,220,70,0,0,0,0,0,0,0,0,0,0,0,0,0,0,0,1,1,0,0,2,0,14,248,188,197,255,86,0,0,62,104,63,0,0,0,0,0,0,0,0,0,0,0,0,1,0,0,1,0,52,247,201,187,208,99,56,224,202,202,98,0,0,0,0,0,0,1,3,6,2,0,0,0,0,0,2,0,66,222,188,207,179,202,221,153,116,131,49,0,0,0,0,2,3,0,0,0,0,7,0,0,0,1,0,0,42,155,168,233,177,255,140,121,162,215,44,1,0,1,0,0,0,4,49,121,0,0,5,0,2,0,0,33,255,124,165,150,122,225,170,230,164,248,67,1,1,1,6,26,35,82,109,221,216,44,0,0,0,0,106,199,201,121,127,250,208,236,209,231,117,70,20,1,0,0,5,42,79,115,117,89,178,249,101,0,0,70,255,180,174,233,221,193,216,234,171,53,90,91,0,0,0,0,130,210,144,133,255,169,83,93,254,63,65,230,216,215,222,222,232,197,223,255,132,93,112,103,0,116,114,86,221,149,145,201,217,166,215,115,136,143,219,220,213,215,218,217,232,135,123,151,94,116,97,77,0,99,158,181,162,231,254,222,229,174,255,255,229,22,177,221,211,216,218,230,242,182,176,213,63,93,91,96,6,50,179,193,131,120,151,172,142,146,116,68,121,120,191,223,215,223,255,113,113,239,136,226,177,66,73,88,0,25,207,211,212,140,123,181,114,129,103,185,205,251,228,209,189,224,71,0,0,173,105,104,181,75,55,125,8,0,228,198,89,133,124,207,211,237,252,234,244,179,175,151,118,133,0,0,0,157,147,151,120,87,82,140,0,0,196,192,176,220,242,230,218,169,216,217,201,172,180,95,195,21,0,0,0,107,193,195,218,205,163,231,0,0,162,211,215,145,111,244,158,193,190,238,183,182,144,159,128,0,2,1,0,91,208,184,185,193,181,180,0,0,54,218,154,107,49,76,98,201,170,211,174,208,152,205,18,0,3,2,0,116,182,130,26,146,213,164,0,2,0,0,82,130,145,95,111,249,214,232,220,199,222,101,0,5,0,5,0,96,169,131,99,206,236,213,0,0,1,0,0,0,39,53,60,112,108,102,91,82,65,0,0,2,0,7,0,62,182,154,146,145,153,81,0,0,0,0,0,0,0,0,0,0,0,0,0,0,0,0,0,0,0,0,0,0,0,0,0,0,0,0,0,0,0,0,0,0,0,0,0,0,0,0,0,0,0,0,0,0,0,0,0,0,0,0,0,0,0,0,0,6
0,0,0,0,0,0,0,0,0,0,0,0,0,0,0,0,0,0,0,0,0,0,0,0,0,0,0,0,0,0,0,0,0,0,0,0,0,0,0,0,0,0,0,0,0,0,0,0,0,0,0,0,0,0,0,0,0,0,0,0,0,0,0,0,0,0,0,0,0,0,0,0,0,0,0,0,0,0,0,0,0,0,0,0,0,0,0,0,0,0,0,0,0,0,0,0,0,0,0,0,0,0,0,0,0,0,0,0,0,0,0,0,0,0,0,0,0,0,0,0,0,0,0,0,0,0,0,0,0,0,0,0,0,0,0,0,0,0,0,0,0,0,0,0,0,0,0,0,0,0,0,0,0,0,0,0,0,0,0,0,0,0,0,0,0,0,0,0,0,0,0,0,0,0,0,0,0,0,0,0,0,0,0,0,0,0,0,0,0,0,0,0,0,83,129,0,0,0,0,0,0,0,0,0,0,0,0,0,0,4,0,5,134,118,0,0,0,0,0,34,104,161,37,0,0,0,0,0,0,0,0,0,0,0,0,0,0,7,0,78,228,185,182,224,245,242,198,206,244,90,0,1,0,0,0,0,0,0,0,0,0,0,0,0,0,10,0,134,205,170,216,214,208,203,213,202,210,94,0,1,0,0,0,0,0,0,0,0,0,0,0,0,0,0,0,198,192,186,212,200,209,198,209,200,216,100,0,1,0,0,0,0,0,0,0,0,0,0,0,0,4,0,21,227,172,209,219,209,205,205,216,201,213,102,0,0,0,0,0,0,0,0,0,0,0,0,0,0,0,0,107,213,187,211,205,200,204,212,227,200,210,141,0,1,0,0,0,0,0,0,0,0,0,0,0,6,0,16,195,177,208,208,202,203,209,213,224,210,199,217,0,0,0,0,0,0,0,0,0,0,0,3,5,0,0,180,189,168,190,210,202,205,209,207,227,183,172,211,64,0,0,0,2,2,1,1,1,4,0,0,0,44,197,146,144,196,187,213,201,209,207,200,232,120,184,204,149,0,2,0,0,0,0,0,0,0,0,22,128,198,56,0,129,196,189,204,208,196,200,217,164,116,229,197,208,0,0,0,7,16,5,0,0,33,127,175,113,11,0,14,123,181,218,203,205,210,211,218,198,215,211,195,228,15,0,134,145,155,138,127,172,210,181,100,0,14,144,169,188,188,217,226,203,207,202,204,212,212,213,193,235,10,49,195,186,184,173,128,77,48,0,110,173,125,172,196,213,213,210,194,175,182,189,176,176,179,191,198,215,0,150,202,205,210,208,202,195,216,181,180,191,180,181,189,198,204,203,230,240,218,190,197,201,200,193,197,205,0,0,37,123,172,203,190,196,199,221,201,205,205,226,225,215,185,144,88,26,177,243,213,219,225,225,204,255,41,0,0,0,0,0,24,56,90,126,139,138,121,103,49,4,0,0,0,0,93,199,145,156,154,135,111,114,10,0,0,0,0,0,0,0,0,0,0,0,0,0,0,0,0,0,0,0,0,0,0,0,0,0,0,0,0,0,0,0,0,0,0,0,0,0,0,0,0,0,0,0,0,0,0,0,0,0,0,0,0,0,0,0,0,0,0,0,0,0,0,0,0,0,0,0,0,0,0,0,0,0,0,0,0,0,0,0,0,0,0,0,0,0,0,0,0,0,0,0,0,0,0,0,0,0,0,0,0,0,0,0,0,0,0,0,0,0,0,0,0,0,0,0,0,0,0,0,0,0,0,0,0,0,0,0,0,0,0,0,0,0,0,0,0,0,0,0,0,6
0,0,0,0,0,0,0,0,0,0,0,0,0,0,0,0,0,0,0,0,0,0,0,0,0,0,0,0,0,0,0,0,0,0,0,0,0,0,0,0,0,0,0,0,0,0,0,0,0,0,0,0,0,0,0,0,0,0,0,0,0,0,0,0,0,0,0,0,0,0,0,0,0,0,0,0,0,0,0,0,0,0,0,0,0,0,0,0,0,0,0,0,0,0,0,0,0,0,0,0,0,0,0,0,0,0,0,0,0,0,0,0,0,0,0,0,0,0,0,0,0,0,0,0,0,0,0,0,0,0,0,0,0,0,0,0,0,0,0,0,0,0,0,0,0,0,0,0,0,0,0,0,0,0,0,0,0,0,0,0,0,0,0,0,0,0,0,0,0,0,0,0,0,0,0,0,0,0,0,0,0,0,0,63,55,40,50,68,48,0,0,0,0,49,119,0,0,0,0,0,0,0,0,0,0,1,0,0,0,0,145,230,221,227,233,255,244,254,247,252,187,240,227,0,0,0,0,0,0,0,0,0,0,4,0,2,0,55,219,193,200,201,228,84,0,49,0,189,240,220,188,0,0,0,0,0,0,0,0,0,0,0,0,2,0,105,228,216,222,200,255,82,0,5,0,167,232,212,253,0,0,0,0,0,0,0,0,0,0,0,1,0,0,156,204,211,227,226,238,216,211,219,161,222,227,218,247,0,0,0,0,0,0,0,0,0,0,0,3,0,82,228,198,205,203,209,208,214,242,255,255,233,225,223,255,15,0,0,0,0,0,0,0,0,0,2,0,18,205,212,210,211,214,212,215,200,211,221,216,222,224,218,255,105,0,0,0,0,0,0,0,1,0,0,1,179,212,205,212,215,211,211,213,206,222,226,226,230,225,220,240,187,0,0,0,0,0,0,4,0,0,11,183,200,207,213,213,214,211,212,210,204,222,223,221,222,222,224,224,211,0,0,3,5,0,0,0,0,61,198,207,200,212,217,213,211,208,211,211,207,226,224,226,225,224,222,226,203,2,0,0,0,0,0,27,147,216,198,194,205,214,212,213,213,211,209,216,211,230,222,220,225,228,226,245,185,0,0,12,69,118,192,204,152,150,197,205,212,211,209,212,211,214,210,202,211,230,229,232,230,220,209,230,137,0,103,175,177,173,117,48,99,180,200,206,212,213,213,211,207,191,183,194,230,230,207,197,186,180,172,209,69,30,202,191,186,181,159,170,198,198,197,209,213,210,203,189,197,219,255,232,176,188,176,181,180,182,182,228,35,88,215,206,203,203,211,220,200,212,206,204,200,197,203,217,255,222,108,0,54,210,174,183,179,178,178,213,16,0,111,188,228,242,232,229,221,216,219,225,238,249,247,172,54,0,0,0,119,246,185,195,195,193,211,211,0,0,0,0,0,60,98,142,167,169,169,161,118,66,5,0,0,0,0,0,79,190,151,156,147,143,141,118,0,0,0,0,0,0,0,0,0,0,0,0,0,0,0,0,0,0,0,0,0,0,0,0,0,0,0,0,0,0,0,0,0,0,0,0,0,0,0,0,0,0,0,0,0,0,0,0,0,0,0,0,0,0,0,0,0,0,0,0,0,0,0,0,0,0,0,0,0,0,0,0,0,0,0,0,0,0,0,0,0,0,0,0,0,0,0,0,0,0,0,0,0,0,0,0,0,0,0,0,0,0,0,0,0,0,0,0,0,0,0,0,0,0,0,0,0,0,0,0,0,0,0,0,0,0,0,0,0,0,0,0,0,0,0,0,0,0,0,0,0,6
0,0,0,0,0,0,0,0,0,0,0,0,0,0,0,0,0,0,0,0,0,0,0,0,0,0,0,0,0,0,0,0,0,0,0,0,0,0,0,0,0,0,0,0,0,0,0,0,0,0,0,0,0,0,0,0,0,0,0,0,0,0,0,0,0,0,0,0,0,0,0,0,0,0,0,0,0,0,0,0,0,0,0,0,0,0,0,0,0,0,0,0,0,0,0,0,0,0,0,0,0,0,0,0,0,0,0,0,0,0,0,0,0,0,0,0,0,0,0,0,0,0,0,0,0,0,0,0,0,0,0,0,0,0,0,0,0,0,0,0,0,0,0,0,0,0,0,0,0,0,0,0,0,0,0,86,136,118,135,133,137,138,133,111,64,89,4,0,0,0,0,0,0,0,0,0,0,0,0,0,1,0,0,203,228,225,231,240,250,254,253,255,235,255,27,0,0,0,0,0,0,0,0,0,0,0,0,0,2,0,0,217,203,202,195,201,207,212,209,209,223,198,0,0,0,0,0,0,0,0,0,0,0,0,0,0,2,0,37,247,204,219,215,219,223,229,229,216,235,165,0,0,0,0,0,0,0,0,0,0,0,0,0,0,0,0,113,232,203,213,217,220,215,226,223,215,236,167,0,0,0,0,0,0,0,0,0,0,0,0,0,1,0,0,179,210,214,222,222,223,218,224,226,214,231,210,0,0,0,0,0,0,0,0,0,0,0,0,0,1,0,2,247,219,221,221,216,216,216,217,214,216,216,255,9,0,0,0,0,0,0,0,0,0,0,0,0,0,0,111,255,204,212,214,217,213,214,225,221,223,202,235,102,0,0,0,0,0,0,0,0,0,0,0,2,0,0,246,209,200,215,222,220,211,207,215,216,219,205,219,210,0,0,0,0,0,0,0,0,0,0,0,0,0,152,246,206,217,213,213,213,206,203,212,211,217,212,205,255,23,0,0,0,0,0,0,0,0,0,0,0,104,254,213,218,203,208,209,211,202,201,210,206,210,208,197,250,93,1,0,0,0,0,0,0,1,0,0,133,254,207,208,200,202,204,206,211,201,200,213,210,214,221,210,237,118,1,0,3,4,4,6,0,0,0,171,249,207,208,205,201,198,207,210,208,201,217,217,213,226,225,217,254,81,2,0,0,0,0,0,0,58,205,220,188,197,200,206,210,210,214,217,214,201,215,236,231,212,214,217,250,17,0,0,0,10,40,101,166,223,202,177,196,207,210,206,221,218,205,217,230,255,255,212,182,237,206,210,247,20,0,94,155,177,187,194,192,185,188,194,206,202,200,209,209,218,232,251,189,106,13,0,67,255,202,211,255,36,114,230,215,207,196,194,192,195,203,200,198,198,211,220,234,255,139,4,0,0,0,0,140,231,208,209,249,52,14,76,142,169,238,253,255,253,253,245,251,255,255,245,152,9,0,0,0,2,0,0,200,241,223,225,255,93,0,0,0,0,0,0,33,53,61,82,109,105,77,0,0,0,0,0,0,0,0,0,147,166,139,140,126,18,0,0,0,0,0,0,0,0,0,0,0,0,0,0,0,0,0,0,0,0,0,0,0,0,0,0,0,0,0,0,0,0,0,0,0,0,0,0,0,0,0,0,0,0,0,0,0,0,0,0,0,0,0,0,0,0,0,0,0,0,0,0,0,0,0,0,0,0,0,0,0,0,0,0,0,0,0,0,0,0,0,0,0,0,0,0,0,0,0,0,0,0,0,0,0,0,0,0,0,0,0,0,0,0,0,0,0,0,0,0,0,0,6
0,0,0,0,0,0,0,0,0,0,0,0,0,0,0,0,0,0,0,0,0,0,0,0,0,0,0,0,0,0,0,0,0,0,0,0,0,0,0,0,0,0,0,0,0,0,0,0,0,0,0,0,0,0,0,0,0,0,0,0,0,0,0,0,0,0,0,0,0,0,0,0,0,0,0,0,0,0,0,0,0,0,0,0,0,0,0,0,0,0,0,0,0,0,0,0,0,0,0,0,0,0,0,0,0,0,0,0,0,0,0,0,0,0,0,0,0,0,0,0,0,0,0,0,0,3,0,1,10,35,45,45,75,84,91,67,23,0,0,0,0,0,0,0,0,0,0,0,0,0,0,0,1,0,48,189,163,182,163,153,167,179,179,167,179,207,0,0,0,0,0,0,0,0,0,0,0,0,0,0,1,0,16,109,50,25,54,52,40,62,81,60,141,160,0,0,0,0,0,0,0,0,0,0,0,0,0,0,3,0,32,103,77,72,81,96,62,89,109,72,136,116,0,0,0,0,0,0,0,0,0,0,0,1,0,0,3,0,47,96,75,106,74,77,55,106,114,75,143,77,0,0,0,0,0,0,0,0,0,0,0,0,0,0,3,0,60,126,96,81,67,77,82,101,94,79,150,52,0,0,0,0,0,0,0,0,0,0,0,0,0,1,1,0,72,114,72,60,38,96,114,97,77,87,179,116,0,0,0,0,0,0,0,0,0,0,0,0,0,1,0,0,131,103,48,72,43,103,113,96,81,89,104,155,0,0,0,0,0,0,0,0,0,0,0,0,1,3,0,27,111,43,91,99,82,121,114,106,124,143,138,177,6,0,0,0,0,0,0,0,0,0,0,0,0,0,0,92,69,104,108,111,118,101,121,113,89,140,160,177,70,0,0,0,0,0,0,0,0,1,0,0,0,0,32,135,106,124,97,124,99,77,108,92,99,140,138,157,168,0,0,0,0,0,0,0,0,0,0,0,0,27,92,97,118,89,75,96,67,84,79,106,146,168,148,131,167,79,0,0,0,0,0,0,0,0,0,0,3,74,101,119,133,92,87,101,91,77,104,158,153,151,160,160,179,91,0,0,0,0,1,0,1,0,0,8,54,84,92,123,111,74,103,121,91,114,145,133,130,148,128,126,189,99,0,0,3,5,0,0,0,0,43,64,91,87,92,104,103,96,94,101,114,103,146,175,146,133,121,148,199,40,1,0,0,0,0,0,8,50,70,55,87,82,75,84,111,157,135,86,104,163,185,182,195,192,206,190,199,0,0,0,0,11,18,40,172,131,92,84,86,99,114,146,135,158,135,155,255,177,155,202,177,190,167,173,111,0,0,21,72,67,87,89,111,179,128,135,148,145,141,131,116,123,189,185,38,0,33,227,172,160,157,222,40,0,130,200,163,130,119,97,64,92,99,84,114,126,146,146,150,195,79,0,0,0,47,212,160,157,165,189,0,0,52,116,151,189,207,211,204,221,189,189,206,207,233,238,192,5,0,0,3,0,48,249,189,182,199,157,0,0,0,0,0,0,0,47,92,135,151,168,175,119,91,28,0,0,1,0,1,0,6,126,101,101,109,37,0,0,0,0,0,0,0,0,0,0,0,0,0,0,0,0,0,0,0,0,0,0,0,0,0,0,0,0,0,0,0,0,0,0,0,0,0,0,0,0,0,0,0,0,0,0,0,0,0,0,0,0,0,0,0,0,0,0,0,0,0,0,0,0,0,0,0,0,0,0,0,0,0,0,0,0,0,0,0,0,0,0,0,0,0,0,6
0,0,0,0,0,0,0,0,0,0,0,4,0,35,102,108,114,100,84,48,14,0,0,0,0,2,0,0,0,0,0,0,0,0,0,0,0,0,0,7,0,166,255,246,255,255,255,255,255,229,212,173,0,0,1,0,0,0,0,0,0,0,0,0,0,0,0,7,0,130,233,233,241,237,237,240,242,238,255,187,0,1,0,0,0,0,0,0,0,0,0,0,0,0,0,7,0,95,226,234,252,252,248,249,246,240,255,95,0,9,0,0,0,0,0,0,0,0,0,0,0,0,0,7,0,75,254,224,243,242,244,248,245,239,240,17,0,5,0,0,0,0,0,0,0,0,0,0,0,0,0,2,0,71,253,221,238,242,245,247,239,239,255,0,0,3,0,0,0,0,0,0,0,0,0,0,0,0,0,1,0,87,250,212,235,243,242,245,237,239,242,0,0,1,0,0,0,0,0,0,0,0,0,0,0,0,0,0,0,136,248,215,237,239,242,246,240,240,255,0,0,0,0,0,0,0,0,0,0,0,0,0,0,0,0,0,0,177,227,227,239,246,242,242,248,240,255,109,0,3,0,0,0,0,0,0,0,0,0,0,0,0,4,0,19,249,221,232,240,244,242,240,240,237,247,255,0,0,0,0,0,0,0,0,0,0,0,0,0,0,6,0,98,236,215,240,240,242,246,243,238,243,241,255,136,0,0,0,0,0,0,0,0,0,0,0,0,0,0,0,114,228,215,233,240,244,245,245,242,241,247,246,255,0,0,0,0,0,0,0,0,0,0,0,0,0,0,0,179,228,225,231,245,246,242,240,246,249,249,242,255,134,0,0,0,0,0,0,0,0,0,0,0,5,0,29,226,232,234,226,235,235,239,245,248,247,245,243,250,255,0,0,0,0,0,0,0,0,0,0,0,0,0,117,226,238,241,237,244,245,247,249,245,245,248,246,237,255,30,0,0,0,0,0,0,0,0,0,0,0,0,182,227,245,246,248,246,245,244,245,245,247,249,242,233,255,115,0,0,0,0,0,0,0,0,0,4,0,14,222,226,247,243,246,244,246,247,246,247,247,233,235,223,255,97,0,0,0,0,0,0,0,0,0,0,0,89,231,235,250,245,242,246,246,247,244,235,234,240,231,229,255,59,0,0,0,0,0,0,0,0,1,0,0,190,211,223,243,246,248,246,244,245,239,246,255,222,252,225,255,58,0,0,0,0,0,0,0,0,1,0,46,241,203,216,231,235,242,246,247,235,255,255,15,26,255,220,255,48,0,0,0,0,0,0,3,3,0,0,188,220,217,235,235,221,229,242,232,247,242,0,0,65,255,217,255,28,0,0,1,6,9,0,0,0,0,124,254,211,239,242,241,236,231,227,250,233,0,0,0,85,238,216,255,14,0,0,0,0,0,0,0,0,97,250,228,240,240,239,242,238,236,247,231,0,0,4,0,97,235,214,255,0,0,0,0,55,160,187,211,240,255,222,233,241,243,240,241,239,244,251,0,0,1,7,0,106,235,215,255,0,0,0,73,213,229,238,240,242,235,234,241,241,242,242,238,242,255,32,0,0,0,2,0,116,236,221,255,0,0,0,139,235,220,226,227,222,221,227,226,222,220,225,238,249,76,0,0,0,0,3,0,122,234,222,250,0,0,0,0,96,175,217,246,255,255,255,254,247,254,255,255,90,0,0,0,0,0,3,0,130,240,229,249,0,0,0,0,0,0,0,0,9,59,95,137,164,155,115,16,0,0,0,0,0,0,3,0,122,233,227,179,0,0,6
0,0,0,0,0,0,0,0,0,0,0,0,0,0,0,0,0,0,0,0,0,0,0,0,0,0,0,0,0,0,0,0,0,0,0,0,0,0,0,0,0,0,0,0,0,0,0,0,0,0,0,0,0,0,0,0,0,0,0,0,0,0,0,0,0,0,0,0,0,0,0,0,0,0,0,0,0,0,0,0,0,0,0,0,0,0,0,0,0,0,0,0,0,1,0,0,0,3,3,0,0,8,146,0,0,0,0,0,0,0,1,1,0,0,0,0,0,0,0,0,0,0,0,0,0,0,0,0,28,155,214,195,131,10,0,0,0,0,0,0,0,0,0,0,0,0,0,0,0,0,0,0,0,2,0,0,188,202,177,185,200,197,181,183,174,150,178,71,0,0,0,0,0,0,0,0,0,0,0,0,0,6,0,26,211,179,187,186,175,180,184,181,179,187,221,138,0,0,0,0,0,0,0,0,0,0,0,0,0,7,0,131,225,194,182,184,192,186,187,186,180,168,186,58,0,0,0,0,0,0,0,0,0,0,0,1,0,0,0,178,219,177,189,186,185,185,187,185,185,163,222,91,0,0,0,0,0,0,0,0,0,0,0,0,2,0,0,177,209,196,184,185,186,187,187,182,168,200,79,139,0,0,0,0,0,0,0,0,0,0,0,1,0,0,165,207,167,177,187,186,188,189,187,170,178,205,10,155,0,0,0,0,0,0,0,0,0,0,0,1,0,0,223,181,178,186,188,188,190,192,197,190,187,181,51,152,0,0,0,0,0,0,0,0,0,0,0,0,0,144,201,171,181,197,195,196,198,199,197,197,197,204,0,0,0,0,0,0,0,0,0,0,0,0,8,0,27,202,183,204,193,196,197,195,195,194,196,176,197,209,0,0,1,0,0,0,0,0,0,0,0,0,0,0,223,205,179,174,198,189,194,188,183,178,182,189,196,187,0,0,0,0,0,0,0,0,0,0,1,0,0,168,202,165,196,184,181,184,186,186,187,192,187,186,193,194,0,0,0,0,0,0,0,0,0,2,0,0,184,214,171,180,183,186,184,190,184,190,198,197,189,183,178,179,4,0,0,0,1,3,8,3,1,0,0,0,210,179,163,194,187,180,179,181,179,185,189,174,184,182,161,186,52,0,2,6,0,0,0,0,0,0,62,219,181,150,180,178,175,177,179,177,175,186,184,180,177,181,146,185,122,0,0,0,0,0,0,41,124,220,211,201,185,175,185,183,184,184,185,181,186,189,173,177,171,167,103,183,143,0,0,126,211,218,218,218,210,193,177,167,175,193,188,179,189,193,188,183,193,195,181,200,205,204,178,215,56,0,13,234,195,166,164,159,165,177,181,186,192,192,196,192,189,190,198,185,200,217,207,209,214,215,198,217,151,0,122,226,192,172,146,146,162,183,172,176,183,179,182,182,192,197,211,229,229,211,213,213,210,201,177,189,146,0,190,237,219,219,213,202,204,193,192,196,175,189,192,199,221,230,243,146,108,232,202,205,201,200,153,176,143,0,15,104,170,208,202,217,217,227,229,220,231,229,225,228,204,34,0,0,0,255,230,217,224,218,183,199,157,0,0,0,0,0,0,38,35,49,95,57,104,95,58,49,0,0,0,0,0,14,32,26,33,44,25,32,0,0,0,0,0,0,0,0,0,0,0,0,0,0,0,0,0,0,0,0,0,0,0,0,0,0,0,0,0,0,0,0,0,0,0,0,0,0,0,0,0,0,0,0,0,0,0,0,0,0,0,0,0,0,0,0,0,0,6
0,0,0,0,0,0,0,0,0,0,0,0,0,0,0,0,0,0,0,0,0,0,0,0,0,0,0,0,0,0,0,0,0,0,0,0,0,0,0,0,0,0,0,0,0,0,0,0,0,0,0,0,0,0,0,0,0,0,0,0,0,0,0,0,0,0,0,0,0,1,0,0,0,0,0,0,0,0,0,0,0,37,192,0,0,0,0,0,0,0,0,0,0,0,0,0,0,0,0,27,30,43,72,76,9,44,17,10,0,120,95,0,0,0,0,0,0,0,0,0,0,0,0,0,4,0,35,186,199,213,199,226,61,249,183,195,206,183,6,0,0,0,0,0,0,0,0,0,0,0,0,0,5,0,38,181,189,157,130,145,133,178,175,196,198,194,57,0,0,0,0,0,0,0,0,0,0,0,0,0,5,0,46,181,191,104,234,211,227,226,143,123,197,208,94,0,0,0,0,0,0,0,0,0,0,0,0,0,5,0,34,180,187,95,177,209,192,218,152,144,200,187,90,0,0,0,0,0,0,0,0,0,0,0,0,0,4,0,28,174,207,87,175,222,192,223,153,147,200,185,93,0,0,0,0,0,0,0,0,0,0,0,0,0,4,0,27,208,190,111,234,200,210,216,123,144,193,185,56,0,0,0,0,0,0,0,0,0,0,0,0,0,3,0,11,193,193,168,132,181,170,197,176,175,187,203,0,0,0,0,0,0,0,0,0,0,0,0,0,0,0,0,50,197,179,207,240,184,214,241,210,201,182,217,4,0,0,0,0,0,0,0,0,0,0,0,0,1,0,0,164,185,202,182,238,155,209,199,181,187,185,218,14,0,0,0,0,0,0,0,0,0,0,0,0,0,0,94,178,177,148,111,180,131,221,203,195,204,197,218,6,0,0,0,0,0,0,0,0,0,0,0,5,0,2,199,174,199,101,218,201,206,191,216,218,206,188,212,51,0,0,1,0,0,0,0,0,0,0,3,0,0,151,179,180,170,71,198,201,222,211,142,209,200,179,196,135,0,0,0,0,0,2,0,0,1,5,0,0,143,181,182,204,105,162,214,204,217,176,135,214,198,188,192,180,0,0,2,4,1,6,3,2,0,0,2,143,180,159,183,228,107,223,194,204,228,129,193,197,201,204,188,212,20,0,0,0,0,0,0,0,0,40,122,168,147,161,156,177,187,124,177,217,176,127,216,194,203,208,188,218,51,0,6,76,119,152,121,104,96,120,132,136,162,157,153,128,147,221,195,168,192,183,219,201,217,211,183,216,75,0,185,152,15,50,84,59,46,84,137,119,99,117,150,181,212,242,141,204,237,223,180,172,179,180,172,194,46,0,158,193,175,133,117,111,107,113,112,130,114,133,220,241,193,198,81,170,165,196,164,186,190,200,205,228,120,67,189,186,194,199,204,193,203,202,215,240,249,215,197,181,186,209,255,250,218,225,215,222,217,209,195,201,153,84,182,203,201,193,199,205,205,210,211,204,201,196,214,232,231,250,187,103,189,191,191,178,191,196,197,199,171,0,11,97,173,215,229,207,213,216,219,219,217,255,220,137,45,0,0,0,246,216,233,245,246,245,238,237,165,0,0,0,0,0,20,44,59,73,80,71,54,36,0,0,0,0,0,0,88,73,40,59,57,45,34,28,0,0,0,0,0,0,0,0,0,0,0,0,0,0,0,0,0,0,0,0,0,0,0,0,0,0,0,0,0,0,0,0,0,0,0,0,0,0,0,0,0,0,0,0,0,0,0,0,0,0,0,0,0,0,0,0,0,6
0,0,0,0,17,17,17,17,17,17,17,17,17,17,17,17,17,17,17,17,17,17,17,17,0,0,0,0,0,0,0,0,17,17,17,17,17,17,17,17,17,17,17,17,17,17,17,17,17,17,17,17,0,0,0,0,0,0,0,0,17,17,17,17,17,17,17,17,17,17,17,16,16,17,17,17,17,17,17,17,0,0,0,0,0,0,0,0,17,17,17,17,17,17,17,17,17,17,19,21,19,19,18,16,20,20,18,17,0,0,0,0,0,0,0,0,17,17,17,17,17,17,17,17,16,18,3,0,0,0,7,8,1,8,17,17,0,0,0,0,0,0,0,0,17,17,17,17,17,17,17,17,19,1,0,124,213,58,0,0,3,23,7,17,0,0,0,0,0,0,0,0,17,17,17,17,17,17,16,17,16,0,125,209,228,208,196,210,201,170,0,17,0,0,0,0,0,0,0,0,17,17,17,17,17,17,16,19,3,7,206,200,200,195,214,214,217,129,0,19,0,0,0,0,0,0,0,0,17,17,17,17,17,17,16,19,0,8,198,199,168,202,210,207,207,160,0,16,0,0,0,0,0,0,0,0,17,17,17,17,17,17,16,20,0,9,208,201,179,197,245,216,197,124,0,16,0,0,0,0,0,0,0,0,17,17,17,17,17,17,16,19,0,16,206,182,185,204,236,197,184,146,0,14,0,0,0,0,0,0,0,0,17,17,17,17,17,17,16,19,0,13,224,201,182,186,206,175,184,161,0,11,0,0,0,0,0,0,0,0,17,17,17,17,17,17,14,17,0,6,205,220,214,204,200,211,215,175,0,9,0,0,0,0,0,0,0,0,17,17,17,17,17,16,16,16,0,67,182,192,200,218,219,219,196,219,20,0,0,0,0,0,0,0,0,0,17,17,17,17,17,16,18,0,0,172,174,192,210,204,206,184,189,224,134,0,0,0,0,0,0,0,0,0,17,17,17,16,16,16,8,0,137,180,158,165,194,208,197,206,206,205,209,20,0,0,0,0,0,0,0,0,17,16,17,17,19,6,0,107,199,161,181,190,194,193,200,226,208,185,215,88,0,0,0,0,0,0,0,0,19,19,14,1,0,0,91,190,161,162,168,181,198,190,175,180,169,166,207,79,0,0,0,0,0,0,0,0,4,0,0,7,61,147,176,158,171,180,181,183,187,205,194,176,202,207,241,45,0,0,0,0,0,0,0,0,0,66,129,171,189,174,161,164,182,183,173,201,247,187,150,255,222,212,236,28,0,0,0,0,0,0,0,0,122,172,155,154,153,162,167,169,168,172,223,212,84,0,51,228,210,206,223,12,0,0,0,0,0,0,0,0,44,164,167,177,176,175,179,179,182,237,137,0,0,0,113,241,220,219,202,11,0,0,0,0,0,0,0,0,0,0,9,45,89,131,158,177,165,63,0,0,21,0,74,205,156,181,161,2,0,0,0,0,0,0,0,0,21,17,0,0,0,0,0,0,0,0,14,18,16,16,0,0,0,0,0,6,0,0,0,0,0,0,0,0,15,17,18,21,22,19,17,15,17,18,17,17,16,18,20,18,17,19,17,16,0,0,0,0,0,0,0,0,17,16,16,16,16,16,17,17,17,17,17,17,17,17,17,17,17,16,17,17,0,0,0,0,0,0,0,0,17,17,17,17,17,17,17,17,17,17,17,17,17,17,17,17,17,17,17,17,0,0,0,0,0,0,0,0,17,17,17,17,17,17,17,17,17,17,17,17,17,17,17,17,17,17,17,17,0,0,0,0,6
0,0,0,0,0,0,0,0,0,0,0,0,0,0,0,0,0,0,0,0,0,0,0,0,0,0,0,0,0,0,0,0,0,0,0,0,0,0,0,0,0,0,0,0,0,0,0,0,0,0,0,0,0,0,0,0,0,0,0,0,0,0,0,0,0,0,0,0,0,0,0,0,0,0,0,0,0,0,0,0,0,0,0,0,0,0,0,0,0,0,0,0,0,0,0,0,0,0,0,0,0,0,0,0,0,0,0,0,0,0,0,0,0,0,0,0,0,0,0,0,0,1,0,0,0,1,0,57,101,47,25,10,0,0,0,0,0,0,0,0,0,0,0,0,0,0,0,0,0,0,0,0,0,5,0,184,251,230,255,238,218,205,215,222,223,198,197,75,0,0,0,0,0,0,0,0,0,0,0,0,0,0,0,190,218,211,211,212,216,216,197,192,199,196,198,62,0,0,0,0,0,0,0,0,0,0,0,0,1,0,48,207,202,196,189,199,198,199,217,198,194,184,205,36,0,0,0,0,0,0,0,0,0,1,0,0,1,0,111,235,214,221,216,205,207,199,188,180,191,177,221,37,0,0,0,0,0,0,0,0,0,1,0,0,0,0,125,225,199,208,191,197,210,201,224,223,213,181,224,38,0,0,0,0,0,0,0,0,0,0,0,0,0,0,6,215,207,201,186,177,178,184,176,181,179,175,214,32,0,0,0,0,0,0,0,0,0,0,0,0,1,0,21,249,212,202,204,209,207,185,197,209,190,182,171,13,0,0,0,0,0,0,0,0,0,1,0,0,0,0,123,222,195,165,180,201,199,200,196,195,178,181,132,0,0,0,0,0,0,0,0,0,0,0,0,0,0,96,194,151,181,195,202,192,194,191,184,176,171,207,149,0,0,0,0,0,0,0,0,0,0,0,0,0,71,227,180,198,214,194,204,200,192,179,183,189,182,218,133,0,0,0,0,0,0,0,0,2,0,0,0,73,219,191,206,194,176,182,203,198,193,190,198,187,179,206,158,0,0,3,5,1,3,0,0,0,0,11,113,177,192,180,188,209,207,192,205,197,198,184,183,188,194,204,195,0,0,0,0,0,0,0,0,10,80,115,152,163,171,173,178,200,204,195,190,180,189,171,184,202,205,193,214,2,0,7,71,52,63,55,88,115,104,98,135,153,136,155,159,157,168,185,201,190,192,201,203,209,211,205,232,13,0,212,198,25,26,92,166,178,186,206,186,164,186,197,201,202,211,220,212,197,220,220,219,213,201,198,195,0,44,223,233,208,180,171,180,195,207,207,209,215,221,213,209,201,187,178,184,177,195,191,197,198,203,222,203,0,116,202,198,220,225,214,205,207,213,216,217,212,199,190,179,183,205,222,241,227,211,214,210,218,218,197,204,16,0,89,183,180,198,211,216,217,233,223,203,196,197,208,235,253,240,211,171,155,176,136,147,148,157,162,186,19,0,0,0,42,128,170,209,221,221,223,228,235,238,215,161,79,4,0,0,0,239,196,202,212,221,201,165,16,1,0,0,0,0,0,11,48,72,96,91,62,38,0,0,0,0,0,0,0,34,22,10,8,2,0,0,0,0,0,0,0,0,0,0,0,0,0,0,0,0,0,0,0,0,0,0,0,0,0,0,0,0,0,0,0,0,0,0,0,0,0,0,0,0,0,0,0,0,0,0,0,0,0,0,0,0,0,0,0,0,0,0,0,0,0,0,0,0,0,0,0,0,0,0,0,0,0,0,0,0,0,0,0,0,0,0,0,0,0,0,0,6
0,0,0,0,0,0,0,0,0,0,0,0,0,0,2,0,2,0,95,160,0,0,0,0,0,33,53,0,0,0,0,0,0,0,0,0,0,0,0,0,0,0,0,1,0,0,139,230,201,9,0,0,0,63,154,0,0,0,0,0,0,0,0,0,0,0,0,0,0,1,2,0,0,125,197,199,226,211,213,217,164,182,109,0,0,0,0,0,0,0,0,0,0,0,0,0,0,0,2,1,0,153,213,210,224,232,238,233,222,224,47,0,0,0,0,0,0,0,0,0,0,0,0,0,0,0,2,0,19,212,204,209,221,222,221,221,210,204,27,0,0,0,0,0,0,0,0,0,0,0,0,0,0,0,1,1,0,157,207,211,229,225,215,216,211,202,6,0,0,0,0,0,0,0,0,0,0,0,0,0,0,0,4,0,53,214,200,222,234,213,211,218,213,190,0,0,0,0,0,0,0,0,0,0,0,0,0,0,0,0,2,0,0,190,207,228,211,200,198,213,216,197,0,0,0,0,0,0,0,0,0,0,0,0,0,0,0,0,6,0,65,207,207,199,165,176,203,209,216,175,0,0,0,0,0,0,0,0,0,0,0,0,0,0,0,0,7,0,74,212,208,219,222,220,209,207,218,166,0,0,0,0,0,0,0,0,0,0,0,0,0,0,0,0,1,0,0,205,209,225,211,218,223,193,222,153,0,0,0,0,0,0,0,0,0,0,0,0,0,0,0,0,2,0,178,215,204,206,202,201,177,185,227,145,0,0,0,0,0,0,0,0,0,0,0,0,0,0,0,9,0,15,202,182,183,198,206,229,226,204,217,154,0,0,0,0,0,0,0,0,0,0,0,0,0,0,1,0,0,167,200,191,200,218,224,232,225,201,218,169,0,0,0,0,0,0,0,0,0,0,0,0,0,0,4,0,99,207,224,223,241,224,233,232,220,209,226,171,0,0,0,0,0,0,0,0,0,0,0,0,1,5,0,13,219,196,117,162,219,214,217,218,202,196,215,215,0,0,0,0,0,0,0,0,0,0,0,1,0,0,23,172,198,117,111,192,188,244,216,220,211,206,210,196,0,0,0,0,0,0,0,1,0,0,5,0,0,83,173,176,190,170,200,255,167,181,226,206,206,210,204,215,47,0,0,1,6,4,2,0,4,0,0,0,110,169,165,201,224,237,206,145,122,239,194,198,205,221,207,224,125,0,1,0,0,0,0,0,0,0,13,104,159,182,210,209,200,183,210,202,226,102,168,193,160,180,214,216,177,0,0,0,78,121,121,145,136,129,121,126,194,193,184,164,158,163,168,239,205,150,233,218,211,224,213,208,193,0,0,41,206,179,120,61,44,8,56,128,176,120,148,187,212,229,233,218,237,249,218,216,228,222,198,201,203,0,0,141,210,199,200,205,198,183,200,188,184,122,164,219,211,203,197,198,199,203,203,201,192,202,206,213,191,0,29,201,195,208,196,204,212,221,214,210,244,238,225,213,212,217,222,222,227,223,206,211,206,224,227,215,248,42,94,209,193,188,195,191,198,222,226,218,213,215,211,204,205,207,207,209,211,195,204,194,195,210,210,208,215,66,24,158,195,216,207,204,204,206,205,188,185,188,196,212,222,226,215,233,215,210,203,204,207,209,217,205,215,84,0,0,0,69,158,208,248,250,240,224,221,222,235,191,140,70,29,0,1,249,210,224,212,213,216,207,254,111,2,2,0,0,0,0,20,63,117,155,153,145,164,0,0,0,0,0,0,203,154,143,133,170,171,170,176,51,6
0,0,0,0,0,0,0,0,0,0,0,0,0,0,0,0,0,0,0,0,0,0,0,0,0,0,0,0,0,0,0,0,0,0,0,0,0,0,0,0,0,0,0,0,0,0,0,0,0,0,0,0,0,0,0,0,0,0,0,0,0,0,0,0,0,0,0,0,1,0,91,156,143,79,29,0,0,0,0,0,0,0,0,0,0,0,0,0,0,0,0,0,0,0,0,0,5,0,98,172,179,184,204,192,194,196,192,178,148,101,28,0,0,0,0,0,0,0,0,0,0,0,0,0,5,0,91,178,174,187,188,186,187,193,194,192,198,201,194,101,0,0,0,0,0,0,0,0,0,0,0,0,4,0,71,170,161,180,193,192,192,192,190,186,186,177,182,87,0,0,0,0,0,0,0,0,0,0,0,0,5,0,90,182,169,176,164,169,184,188,189,182,194,190,194,32,0,0,0,0,0,0,0,0,0,0,0,0,4,0,87,149,133,171,186,188,188,191,201,193,198,203,195,0,0,0,0,0,0,0,0,0,0,0,0,0,4,0,75,163,157,169,176,191,188,176,181,177,180,211,99,0,0,0,0,0,0,0,0,0,0,0,0,0,4,0,47,177,196,223,222,223,215,213,215,213,200,202,45,0,0,0,0,0,0,0,0,0,0,0,0,0,4,0,74,158,154,160,169,168,174,184,199,200,209,181,0,0,0,0,0,0,0,0,0,0,0,0,0,0,0,0,97,177,180,176,176,166,158,166,171,175,190,188,0,0,0,0,0,0,0,0,0,0,0,1,0,1,0,0,138,165,155,192,202,212,218,207,196,195,195,216,0,0,0,0,0,0,0,0,0,0,0,0,1,0,0,141,166,163,159,172,170,171,184,189,184,186,194,170,0,0,0,0,0,0,0,0,0,0,0,0,4,0,35,180,157,131,149,138,133,136,145,168,183,201,182,186,40,0,0,0,0,0,1,0,0,0,0,4,0,0,88,177,167,172,212,210,212,199,182,181,187,172,179,194,62,0,0,0,0,0,0,0,2,3,0,0,0,91,163,178,179,151,176,198,203,254,237,222,212,205,198,206,50,0,0,1,2,2,5,2,0,0,0,37,143,188,132,121,175,212,172,190,168,163,218,191,165,168,168,192,118,0,1,0,0,0,0,0,0,67,125,157,152,145,167,172,141,152,198,199,175,172,183,191,166,156,178,196,176,0,0,0,15,43,80,90,136,167,140,122,141,155,153,164,182,175,170,213,230,230,211,199,165,187,194,194,168,0,0,149,137,123,149,146,141,135,138,148,170,169,169,178,164,169,174,169,198,188,182,196,180,186,193,195,200,0,18,176,165,138,121,88,113,125,141,148,157,167,180,179,170,172,171,182,178,161,165,179,180,189,192,191,160,0,58,142,170,199,204,188,186,161,151,148,160,179,183,184,181,186,187,183,187,190,192,192,198,198,189,184,165,0,71,157,152,149,159,172,189,201,203,205,201,191,184,183,184,184,186,205,180,159,154,159,158,154,168,168,193,8,0,25,107,175,192,181,165,160,159,164,172,177,186,178,166,128,97,33,129,219,183,203,203,204,194,191,228,22,0,0,0,0,8,55,99,119,141,137,119,117,88,0,0,0,0,0,10,193,147,134,164,145,148,161,121,0,0,0,0,0,0,0,0,0,0,0,0,0,0,0,0,0,0,0,0,0,0,0,0,0,0,0,0,0,0,0,0,0,0,0,0,0,0,0,0,0,0,0,0,0,0,0,0,0,0,0,0,0,0,0,0,0,6
0,0,0,0,0,0,0,0,0,0,0,0,0,0,0,0,0,0,0,0,0,0,0,0,0,0,0,0,0,0,0,0,0,0,0,0,0,0,0,0,0,0,0,0,0,0,0,0,0,0,0,0,0,0,0,0,0,0,0,0,0,0,0,0,0,0,0,0,0,0,0,0,0,0,0,0,0,0,0,0,0,0,0,0,0,0,0,0,0,0,0,0,0,0,0,0,0,0,0,0,0,0,0,0,0,0,0,0,0,0,0,0,0,0,0,0,0,0,0,0,0,0,0,0,0,0,0,0,0,0,0,0,0,0,0,0,0,0,0,0,0,0,0,0,0,0,0,0,0,0,0,0,0,0,0,0,132,34,0,0,0,0,3,1,0,0,0,1,0,0,0,0,0,0,0,0,0,0,0,0,0,4,0,31,204,166,135,75,11,0,0,0,0,55,0,0,0,0,0,0,0,0,0,0,0,0,0,0,0,0,0,149,184,146,170,173,214,85,0,0,6,162,187,0,0,0,0,0,0,0,0,0,0,0,0,0,3,0,11,182,163,144,144,143,215,184,152,113,22,67,204,0,0,0,0,0,0,0,0,0,0,0,1,0,0,0,116,187,146,162,121,182,204,118,151,165,158,132,136,0,0,0,0,0,0,0,0,0,0,1,1,3,0,0,231,170,147,141,160,201,160,138,141,147,125,136,125,0,0,0,0,0,0,0,0,0,0,0,0,0,0,125,190,149,151,157,190,144,184,147,144,141,171,151,111,0,0,0,0,0,0,0,0,0,0,0,3,0,34,237,143,146,143,185,176,133,182,127,141,135,154,168,141,0,0,0,0,0,0,0,0,0,0,6,0,0,223,179,151,149,182,220,140,144,171,146,143,138,125,132,152,0,0,0,0,0,0,1,4,0,0,0,3,204,171,158,160,155,196,255,158,187,192,140,143,143,136,121,168,22,0,3,4,3,0,0,0,0,0,48,198,188,151,165,151,125,225,239,162,176,185,154,132,138,162,124,171,66,3,0,0,0,0,0,25,72,171,210,179,147,160,158,149,170,218,124,136,143,154,151,141,140,157,136,146,100,0,0,111,174,184,176,206,193,170,160,152,154,149,173,129,184,176,127,149,144,149,140,136,127,130,113,138,100,0,198,190,168,168,168,163,143,151,162,158,158,160,152,144,129,127,136,136,133,140,130,130,124,121,105,151,73,124,182,140,154,155,155,160,166,162,160,160,152,140,138,140,138,147,136,140,130,138,151,149,146,147,135,182,55,149,192,184,174,158,160,141,125,119,116,118,124,133,140,147,177,176,187,207,193,201,171,171,173,160,146,177,55,0,23,102,155,190,198,206,203,192,182,182,182,182,203,196,160,129,107,25,107,236,198,198,247,198,185,209,78,0,0,0,0,0,3,28,50,75,99,118,111,91,56,18,0,0,0,0,0,0,28,6,17,23,18,23,0,0,0,0,0,0,0,0,0,0,0,0,0,0,0,0,0,0,0,0,0,0,0,0,0,0,0,0,0,0,0,0,0,0,0,0,0,0,0,0,0,0,0,0,0,0,0,0,0,0,0,0,0,0,0,0,0,0,0,0,0,0,0,0,0,0,0,0,0,0,0,0,0,0,0,0,0,0,0,0,0,0,0,0,0,0,0,0,0,0,0,0,0,0,0,0,0,0,0,0,0,0,0,0,0,0,0,0,0,0,0,0,0,0,0,0,0,0,0,0,0,0,0,0,0,0,0,0,0,0,0,0,0,0,0,0,0,0,0,0,0,6
0,0,0,0,0,0,0,0,0,0,0,0,0,0,0,0,0,0,0,0,0,0,0,0,0,0,0,0,0,0,0,0,0,0,0,0,0,0,0,0,0,0,0,0,0,0,0,0,0,0,0,0,0,0,0,0,0,0,0,0,0,0,0,0,0,0,0,0,0,0,0,0,0,0,0,0,0,0,0,0,0,0,0,0,0,0,0,0,0,0,0,0,0,0,0,0,0,0,0,0,115,168,191,204,174,137,139,140,122,113,36,0,0,0,0,0,0,0,0,0,0,0,0,0,0,1,0,11,222,201,181,174,171,162,226,227,150,226,130,0,0,0,0,0,0,0,0,0,0,0,0,0,0,2,0,29,181,153,170,175,188,176,190,234,177,213,56,0,0,0,0,0,0,0,0,0,0,0,0,0,0,3,0,38,189,177,189,189,189,162,198,230,173,237,27,0,0,0,0,0,0,0,0,0,0,0,0,0,0,4,0,60,210,187,186,167,183,173,189,198,167,203,40,0,0,0,0,0,0,0,0,0,0,0,0,0,0,0,0,113,207,169,167,176,184,181,168,230,186,184,66,0,0,0,0,0,0,0,0,0,0,0,0,0,1,0,0,172,170,163,171,180,190,170,205,227,131,187,147,0,0,0,0,0,0,0,0,0,0,0,0,0,1,0,8,185,143,162,178,182,188,155,214,213,113,198,58,0,0,0,0,0,0,0,0,0,0,0,0,0,1,0,54,208,155,166,179,182,187,153,228,182,103,196,142,0,0,0,0,0,0,0,0,0,0,0,1,0,0,0,123,188,151,169,181,168,161,143,235,164,143,216,218,0,0,0,0,0,0,0,0,0,0,0,0,5,0,30,200,152,157,166,188,164,168,170,243,179,188,199,242,32,0,0,0,0,0,0,0,0,0,0,0,0,0,175,171,156,154,156,190,181,189,199,248,185,166,206,243,94,0,0,0,0,0,0,0,0,0,0,0,0,120,201,156,169,159,151,173,201,188,174,252,186,168,196,218,109,2,0,0,0,0,0,0,0,0,0,0,77,206,162,157,143,141,154,158,178,162,111,226,213,163,167,216,101,0,0,0,0,3,2,6,0,0,0,77,207,173,148,147,146,146,143,138,145,160,157,171,157,142,151,252,79,0,0,3,2,0,0,0,0,14,127,189,152,137,142,129,132,138,135,150,151,163,171,138,134,198,230,255,44,0,0,0,0,0,23,61,102,165,168,142,131,141,133,119,122,141,147,167,187,167,142,177,241,235,236,231,0,0,0,31,151,198,203,203,185,159,130,136,138,129,134,136,141,152,169,188,159,161,196,227,226,231,255,255,0,0,107,223,211,199,190,176,178,183,160,148,147,139,140,145,157,173,180,162,221,202,255,245,240,223,189,39,0,30,211,201,201,200,198,191,187,193,178,178,176,154,166,156,155,153,177,255,145,0,32,169,84,0,0,0,0,80,228,227,230,222,209,199,192,185,171,165,166,150,154,143,170,209,255,94,0,0,0,0,0,0,2,4,0,0,14,113,191,239,255,255,255,255,253,247,243,240,238,253,255,247,39,0,0,0,3,8,4,2,0,2,0,0,0,0,0,0,14,52,82,124,152,162,171,176,165,124,58,0,0,2,0,0,0,0,0,0,0,0,0,0,0,0,0,0,0,0,0,0,0,0,0,0,0,0,0,0,0,0,0,0,0,0,0,0,0,0,0,0,0,0,0,0,0,0,0,0,0,0,0,0,0,0,0,0,0,0,0,0,0,0,0,0,0,0,0,6
0,0,0,0,0,0,0,0,0,0,0,0,0,0,0,0,0,0,0,0,0,0,0,0,0,0,0,0,0,0,0,0,0,0,0,0,0,0,0,0,0,0,0,0,0,0,0,0,0,0,0,0,0,0,0,0,0,0,0,0,0,0,0,0,0,0,0,0,0,0,0,0,0,0,0,0,0,0,0,0,0,0,0,0,0,0,0,0,0,0,0,0,0,0,0,0,0,0,0,0,0,0,0,0,0,0,0,0,0,0,0,0,0,0,0,0,0,0,0,0,0,0,0,0,0,0,0,0,0,0,0,0,0,0,0,0,0,0,0,0,0,0,0,0,0,0,0,0,0,0,0,0,0,0,0,0,0,2,1,0,1,1,3,0,15,14,0,2,0,0,0,0,0,0,0,0,0,0,0,0,0,0,0,0,0,0,0,0,0,0,0,0,129,125,0,5,0,0,0,0,0,0,0,0,0,0,0,0,0,0,0,0,0,0,0,0,0,0,0,0,67,89,0,5,0,0,0,0,0,0,0,0,0,0,0,0,0,0,0,6,0,177,168,64,115,126,186,166,166,47,0,1,0,0,0,0,0,0,0,0,0,0,0,0,0,0,1,0,0,126,142,143,175,153,190,192,203,41,0,1,0,0,0,0,0,0,0,0,0,0,0,0,0,0,6,0,103,15,112,124,119,197,188,181,187,59,0,1,0,0,0,0,0,0,0,0,0,0,0,0,0,0,0,0,102,0,137,227,140,193,182,198,255,65,0,0,0,0,0,0,0,0,0,0,0,0,0,0,0,5,0,45,31,14,111,112,250,180,207,150,6,0,0,0,0,0,0,0,0,0,0,0,1,3,0,0,2,0,0,44,72,85,72,0,192,214,195,73,53,117,0,0,0,0,0,0,0,0,0,0,0,0,3,10,0,0,55,185,154,86,105,0,128,201,179,193,196,193,32,0,0,0,0,0,0,0,0,0,0,0,0,0,0,130,74,106,88,119,141,168,194,170,175,192,198,178,41,0,1,0,0,0,0,0,4,3,1,0,60,160,131,18,14,160,134,124,162,196,180,202,217,146,52,3,0,0,1,1,1,0,0,2,0,0,0,0,220,150,100,31,3,191,121,178,202,185,233,193,0,0,0,0,0,0,1,2,3,1,0,0,30,141,18,13,147,41,118,113,119,184,193,203,190,208,181,0,0,0,10,37,47,0,0,0,0,0,0,107,162,150,143,133,92,100,111,163,206,205,200,186,182,206,143,107,164,167,181,159,183,10,0,10,5,0,8,144,125,105,100,119,118,159,200,190,186,172,166,176,175,178,161,168,161,161,161,164,157,0,35,139,115,138,137,184,186,183,185,184,195,198,188,186,189,202,211,216,220,201,185,168,168,171,165,165,165,33,21,79,88,96,103,130,143,147,163,158,157,160,168,176,168,154,141,134,119,113,113,110,106,103,97,90,111,52,0,0,4,6,14,21,19,17,31,33,33,39,48,49,46,39,35,30,22,20,16,14,6,5,2,2,1,0,0,0,0,0,0,0,0,0,0,0,0,0,0,0,0,0,0,0,0,0,0,0,0,0,0,0,0,0,0,0,0,0,0,0,0,0,0,0,0,0,0,0,0,0,0,0,0,0,0,0,0,0,0,0,0,0,0,0,0,0,0,0,0,0,0,0,0,0,0,0,0,0,0,0,0,0,0,0,0,0,0,0,0,0,0,0,0,0,0,0,0,0,0,0,0,0,0,0,0,0,0,0,0,0,0,0,0,0,0,0,0,0,6
0,0,0,0,0,0,0,0,0,0,0,0,0,0,0,0,0,0,0,0,0,0,0,0,0,0,0,0,0,0,0,0,0,0,0,0,0,0,0,1,0,0,25,87,121,131,146,158,178,181,221,195,0,0,2,0,0,0,0,0,0,0,0,0,0,0,0,3,0,97,255,255,255,255,255,254,249,244,230,255,4,0,4,0,0,0,0,0,0,0,0,0,0,0,3,0,21,255,223,213,225,219,213,217,220,231,218,241,78,0,2,0,0,0,0,0,0,0,0,0,0,0,0,0,36,39,238,233,228,227,227,228,229,228,228,243,170,0,5,0,0,0,0,0,0,0,0,0,0,1,0,7,175,66,243,223,232,227,229,229,228,230,226,232,255,16,0,2,0,0,0,0,0,0,0,0,0,8,0,60,255,255,234,232,226,235,229,228,228,220,234,255,61,0,4,0,0,0,0,0,0,0,0,0,0,6,0,192,254,210,224,228,231,230,231,230,223,240,252,15,0,0,0,0,0,0,0,0,0,0,0,0,3,0,35,47,45,255,213,227,228,230,232,228,216,255,80,0,1,0,0,0,0,0,0,0,0,0,0,0,4,0,44,193,170,250,213,225,227,226,229,219,233,238,0,0,0,1,6,3,0,0,0,0,0,0,0,0,8,0,80,255,231,217,218,224,227,222,225,216,254,190,0,0,0,0,0,0,0,0,0,0,0,0,0,0,0,0,127,230,217,216,220,224,226,229,224,219,255,178,0,0,0,0,107,114,0,0,0,0,1,1,0,2,0,34,5,73,254,213,224,225,224,226,227,215,255,181,0,0,67,184,255,127,0,0,0,0,0,0,0,4,0,20,233,229,234,216,223,225,225,223,230,218,253,187,5,222,242,232,224,25,0,0,0,0,0,0,0,7,0,94,232,222,224,219,223,225,225,224,223,227,222,225,255,255,224,222,212,0,0,0,0,0,0,0,2,0,18,218,221,219,211,219,223,225,225,225,222,216,231,255,82,0,100,248,208,0,0,0,0,0,1,3,6,0,57,16,145,235,214,225,224,226,225,226,216,250,253,29,0,0,0,247,156,0,0,0,0,0,0,0,4,0,39,216,232,217,223,219,224,227,227,221,241,252,9,0,2,0,0,247,96,0,0,0,0,0,1,2,3,0,160,255,220,220,210,221,223,226,225,223,255,50,0,5,0,0,0,245,52,0,0,0,0,0,1,0,0,29,189,221,217,214,219,225,224,225,214,255,138,0,1,0,1,0,5,238,40,0,2,1,1,0,0,0,66,189,40,228,208,214,221,225,228,223,230,242,0,0,1,4,3,0,9,229,23,0,0,0,0,0,46,86,255,234,244,224,209,223,227,229,227,217,255,66,0,0,0,0,5,0,12,225,13,0,3,6,0,64,188,73,234,194,217,209,213,220,224,225,218,238,206,0,0,2,3,0,6,0,18,224,4,0,0,0,0,214,219,228,217,203,216,217,220,222,224,223,224,255,34,0,1,0,2,1,5,0,25,222,0,0,39,94,107,211,195,197,203,207,206,216,218,212,215,221,252,143,0,0,0,0,1,4,5,0,28,220,0,0,84,255,204,219,228,234,236,233,234,235,233,236,241,235,154,0,0,1,0,0,0,0,6,0,37,218,0,0,0,0,0,29,61,86,129,172,197,208,217,194,126,26,0,0,3,0,0,0,0,0,8,0,64,216,0,0,0,0,0,0,0,0,0,0,0,0,0,0,0,0,0,0,0,0,0,0,0,0,4,0,2,76,0,0,6
0,0,0,0,0,0,0,0,0,0,0,0,0,0,0,0,0,0,0,0,0,0,0,0,0,0,0,0,0,0,0,0,0,0,0,0,0,0,0,0,0,0,0,0,0,0,0,0,0,0,0,0,0,0,0,0,0,0,0,0,0,0,0,0,0,0,0,0,0,0,0,0,0,0,0,0,0,0,0,0,0,0,0,0,0,0,0,0,0,0,0,0,0,0,0,0,0,0,0,0,0,0,0,0,0,0,0,0,0,0,0,0,0,0,0,0,0,0,0,0,0,0,0,0,0,0,0,0,0,0,0,0,0,0,0,0,0,0,0,0,0,0,0,0,0,0,0,0,0,0,0,0,0,0,1,0,0,0,0,0,0,0,0,1,1,0,107,53,0,0,0,0,0,0,0,0,0,0,0,0,0,1,0,5,88,14,0,0,0,0,0,0,0,0,150,41,0,0,0,0,0,0,0,0,0,0,0,0,0,6,0,62,239,223,164,0,0,0,0,0,122,210,170,0,0,0,0,0,0,0,0,0,0,0,0,0,0,0,0,130,217,199,221,241,135,141,167,224,205,218,136,0,0,0,0,0,0,0,0,0,0,0,0,0,0,0,0,201,226,196,188,222,246,222,228,191,163,198,121,0,0,0,0,0,0,0,0,0,0,0,0,0,0,0,11,236,210,214,218,230,202,196,223,189,179,222,83,0,0,0,0,0,0,0,0,0,0,1,1,0,1,0,110,255,197,236,226,220,201,222,221,211,210,227,133,0,0,0,0,0,0,0,1,0,0,1,0,1,0,0,194,233,208,220,219,215,184,200,206,208,200,187,210,0,0,0,0,0,0,0,0,0,0,1,4,0,0,144,240,217,219,214,234,188,207,194,181,228,176,151,212,0,0,0,1,3,4,4,4,5,4,0,0,0,167,239,217,216,226,216,212,167,204,208,166,85,78,179,205,31,0,3,0,0,0,0,0,0,0,0,33,195,211,196,192,228,222,218,204,208,199,225,220,5,127,208,222,59,0,0,0,31,42,26,29,47,70,170,235,125,193,198,176,205,191,190,205,213,242,229,216,207,214,213,228,87,0,10,176,186,169,184,196,170,180,141,0,0,161,206,189,200,193,199,238,228,237,234,241,210,213,212,240,63,0,146,255,240,197,104,78,169,180,121,144,221,214,181,193,217,214,230,225,218,253,216,251,231,201,218,219,64,30,201,185,212,242,244,214,209,215,224,215,198,213,219,206,224,215,206,229,222,226,213,224,240,165,149,168,106,0,11,121,189,177,193,221,232,232,235,233,233,229,219,217,216,216,232,195,217,179,192,211,210,175,165,189,102,1,0,0,23,114,165,186,196,210,202,210,201,204,202,179,117,60,16,0,181,247,218,243,234,217,202,225,109,0,4,0,0,0,0,28,70,81,94,95,64,70,44,0,0,0,0,0,47,84,73,66,65,56,52,55,0,0,0,0,0,0,0,0,0,0,0,0,0,0,0,0,0,0,0,0,0,0,0,0,0,0,0,0,0,0,0,0,0,0,0,0,0,0,0,0,0,0,0,0,0,0,0,0,0,0,0,0,0,0,0,0,0,0,0,0,0,0,0,0,0,0,0,0,0,0,0,0,0,0,0,0,0,0,0,0,0,0,0,0,0,0,0,0,0,0,0,0,0,0,0,0,0,0,0,0,0,0,0,0,0,0,0,0,0,0,0,0,0,0,0,0,0,0,0,0,0,0,0,0,0,0,0,0,0,0,0,0,0,0,0,0,0,0,0,0,0,6
0,0,0,0,0,0,0,0,0,0,0,0,0,0,0,0,0,0,0,0,0,0,0,0,0,0,0,0,0,0,0,0,0,0,0,0,0,0,0,0,0,0,0,0,0,0,0,0,0,0,0,0,0,0,0,0,0,0,0,0,0,0,0,0,0,0,0,0,0,0,0,0,0,0,0,0,0,0,0,0,0,0,0,0,0,0,0,0,0,0,0,0,0,0,0,0,0,0,0,0,0,0,0,0,0,0,0,0,0,0,0,0,0,0,0,0,0,0,0,0,0,0,0,0,0,0,0,0,0,0,0,0,0,0,0,0,0,0,0,0,0,0,0,0,0,0,0,0,0,0,0,0,0,0,0,0,0,0,0,0,1,2,2,0,14,207,0,0,0,0,0,0,0,0,0,0,0,0,0,0,0,0,0,0,0,0,0,0,0,0,0,0,0,57,142,0,0,0,0,0,0,0,0,0,0,0,0,0,0,0,1,3,0,153,144,0,0,1,0,23,131,133,150,0,0,0,0,0,0,0,0,0,0,0,0,0,0,0,4,0,0,177,197,198,255,255,255,251,210,225,158,0,0,0,0,0,0,0,0,0,0,0,0,0,0,0,1,0,75,193,184,213,221,222,224,217,186,195,119,0,0,0,0,0,0,0,0,0,0,0,0,0,0,0,0,0,186,199,181,235,221,223,231,224,186,219,109,0,0,0,0,0,0,0,0,0,1,0,0,0,0,10,0,46,221,170,215,230,221,229,235,221,189,213,130,0,0,0,0,0,0,0,0,0,1,1,0,0,2,0,0,158,198,175,235,224,226,228,229,231,185,214,128,0,0,0,0,0,0,0,0,0,0,1,0,1,0,0,81,200,187,212,237,226,230,228,236,222,185,210,140,0,0,0,0,0,0,0,0,0,0,0,5,0,0,67,193,186,190,233,220,229,234,228,232,223,191,188,201,0,0,0,0,0,1,0,2,3,4,0,0,0,110,188,141,156,203,230,214,223,223,231,240,227,189,190,242,21,0,6,10,2,0,0,0,0,0,0,64,147,55,52,141,164,210,243,233,242,237,236,226,195,195,202,220,92,0,0,0,0,0,7,27,70,93,139,129,1,0,120,206,169,161,207,191,188,207,205,201,199,205,201,223,120,0,31,79,81,95,107,96,102,77,63,19,69,164,188,183,175,174,179,174,168,218,234,218,220,215,194,216,105,56,226,242,214,193,148,81,69,45,67,123,184,212,217,220,221,186,168,158,143,175,168,183,198,200,200,235,77,173,227,222,222,228,241,243,240,255,250,243,230,224,216,211,220,212,224,252,254,244,218,223,217,215,203,229,72,0,41,138,212,237,219,231,232,232,235,254,251,247,255,255,247,221,175,101,74,204,254,230,239,240,233,255,104,0,0,0,0,15,41,84,122,147,158,159,153,151,106,28,0,0,0,0,0,91,173,124,128,111,83,71,0,0,0,0,0,0,0,0,0,0,0,0,0,0,0,0,0,0,0,0,0,0,0,0,0,0,0,0,0,0,0,0,0,0,0,0,0,0,0,0,0,0,0,0,0,0,0,0,0,0,0,0,0,0,0,0,0,0,0,0,0,0,0,0,0,0,0,0,0,0,0,0,0,0,0,0,0,0,0,0,0,0,0,0,0,0,0,0,0,0,0,0,0,0,0,0,0,0,0,0,0,0,0,0,0,0,0,0,0,0,0,0,0,0,0,0,0,0,0,0,0,0,0,0,0,0,0,0,0,0,0,0,0,0,0,0,0,0,0,0,0,6
0,0,0,0,0,0,0,0,0,0,0,0,0,0,0,0,0,0,0,0,0,0,0,0,0,0,0,0,0,0,0,0,0,0,0,0,0,0,0,0,0,0,0,0,0,0,0,0,0,0,0,0,0,0,0,0,0,0,0,0,0,0,0,0,0,0,0,0,0,0,0,0,0,0,0,0,0,0,0,0,0,0,0,0,0,0,0,0,0,0,0,0,0,0,0,0,0,0,0,0,0,0,0,0,0,0,0,0,0,0,0,0,0,0,0,0,0,0,0,0,0,0,0,0,0,0,0,1,1,0,0,0,0,0,0,0,0,0,0,1,0,0,0,0,0,0,0,0,0,0,0,0,0,0,4,4,4,4,0,0,0,0,0,0,111,166,0,0,0,0,0,0,0,0,0,0,0,0,0,0,0,0,0,0,0,0,0,0,0,0,0,151,254,255,44,0,0,0,0,0,0,0,0,0,0,0,0,0,4,0,64,180,177,40,0,0,0,0,165,254,224,54,0,2,0,0,0,0,0,0,0,0,0,0,0,0,4,0,72,192,254,242,131,0,0,181,252,230,33,0,0,0,0,0,0,0,0,0,0,0,0,0,0,0,0,0,0,0,63,155,255,255,186,236,250,110,0,1,0,0,0,0,0,0,0,0,0,0,0,0,0,0,0,0,2,0,0,0,0,105,249,237,249,0,0,0,26,53,0,0,0,0,0,0,0,0,0,0,0,0,0,0,1,3,4,0,0,123,248,253,119,0,15,135,244,155,0,0,0,0,0,1,0,0,0,0,0,0,0,0,0,0,0,0,0,236,241,243,122,160,255,250,252,55,0,0,0,0,1,1,0,3,6,5,3,1,0,1,1,0,1,0,0,252,236,236,253,255,237,233,241,32,0,0,0,0,0,4,2,0,0,0,0,0,6,2,0,0,1,0,0,225,252,232,238,233,240,242,255,0,0,0,0,2,0,0,0,0,7,27,0,0,0,0,0,0,0,0,201,255,107,110,255,233,227,251,232,0,2,2,5,0,0,1,132,209,240,247,248,225,110,0,0,0,0,227,255,43,0,70,255,231,236,252,188,0,2,0,0,0,165,255,239,225,214,213,213,211,245,230,81,0,204,225,0,0,0,79,255,236,232,253,135,0,0,0,0,221,251,219,220,217,226,213,181,170,151,145,137,166,232,3,0,4,0,75,255,235,232,255,77,0,0,0,0,224,225,227,234,231,236,239,240,238,244,214,199,246,70,0,0,2,0,63,247,234,235,252,40,0,0,1,0,193,243,232,235,230,236,237,240,245,238,232,255,162,0,0,0,1,0,54,243,234,234,237,17,0,126,238,193,219,237,234,235,232,232,233,223,233,232,249,230,0,0,3,0,5,0,47,250,234,244,227,0,0,79,185,209,221,255,255,255,255,255,255,255,255,255,205,0,0,0,0,0,3,0,18,255,221,230,234,0,0,0,0,0,0,20,31,35,59,72,80,68,43,29,0,0,0,2,1,0,0,0,0,18,11,12,15,0,0,0,0,0,0,0,0,0,0,0,0,0,0,0,0,0,0,0,0,0,0,0,0,0,0,0,0,0,0,0,0,0,0,0,0,0,0,0,0,0,0,0,0,0,0,0,0,0,0,0,0,0,0,0,0,0,0,0,0,0,0,0,0,0,0,0,0,0,0,0,0,0,0,0,0,0,0,0,0,0,0,0,0,0,0,0,0,0,0,0,0,0,0,0,0,0,0,0,0,0,0,0,0,0,0,0,0,0,0,0,0,0,0,6
0,0,0,0,0,0,0,0,0,0,0,0,0,0,0,0,0,0,0,0,0,0,0,0,0,0,0,0,0,0,0,0,0,0,0,0,0,0,0,0,0,0,0,0,0,0,0,0,0,0,0,0,0,0,0,0,0,0,0,0,0,0,0,0,0,0,0,0,0,0,0,0,0,0,0,0,0,0,0,0,0,0,0,0,0,0,0,0,0,0,0,0,0,0,0,0,0,0,0,0,0,0,0,0,0,0,0,0,0,0,0,0,0,0,0,0,0,0,0,0,0,0,1,0,0,0,0,0,0,0,4,5,3,2,1,0,1,0,33,43,0,0,0,0,0,0,0,0,0,0,0,0,0,0,1,0,0,1,0,0,0,0,0,0,4,0,88,139,0,0,0,0,0,0,0,0,0,0,0,0,0,0,1,1,0,0,21,22,8,0,0,0,0,0,169,147,0,0,0,0,0,0,0,0,0,0,0,0,0,3,5,0,0,85,185,176,208,198,175,156,134,102,170,0,0,0,0,0,0,0,0,0,0,0,0,0,0,0,4,0,49,200,144,150,160,169,176,189,201,210,135,0,0,0,0,0,0,0,0,0,0,0,0,0,0,0,12,0,110,207,160,177,183,183,185,186,183,207,116,0,0,0,0,0,0,0,0,0,0,0,0,0,0,0,0,0,193,181,144,148,165,160,162,176,167,192,78,0,0,0,0,0,0,0,0,0,0,0,0,0,0,0,0,18,220,165,159,157,174,158,168,185,162,203,34,0,0,0,0,0,0,0,0,0,0,0,1,0,4,0,0,166,197,144,170,157,165,174,177,172,158,204,27,0,0,0,0,0,0,0,0,0,0,0,0,3,0,0,148,222,155,181,159,171,185,184,181,172,153,215,36,0,1,1,1,0,0,0,0,0,0,0,2,0,0,163,206,145,177,165,170,179,180,171,170,168,152,201,42,0,0,0,0,0,0,0,0,0,0,2,0,0,176,202,138,174,163,178,180,182,180,174,175,181,169,186,107,0,3,0,1,3,3,3,4,3,4,0,0,66,195,110,160,152,159,159,169,168,171,192,203,206,193,194,119,0,1,0,0,0,0,0,0,0,0,3,81,143,90,164,186,172,178,159,155,174,194,192,186,179,169,170,92,0,3,0,0,25,18,13,18,65,95,111,97,56,132,147,169,167,170,197,195,198,184,173,168,167,158,184,144,0,0,25,172,124,101,108,133,161,124,77,53,102,166,118,86,101,130,181,213,177,166,192,183,184,166,180,124,0,0,116,194,141,123,81,63,69,101,124,150,156,136,175,186,184,189,174,186,191,156,163,157,152,140,170,95,0,79,194,162,159,157,172,177,162,160,152,143,148,163,157,174,185,158,144,154,171,180,172,178,184,187,198,195,0,76,207,228,216,202,182,169,166,147,149,154,156,154,157,178,201,217,227,237,233,221,217,228,223,211,208,194,0,0,0,24,98,189,230,254,224,255,254,250,250,255,255,255,240,185,108,100,211,255,233,250,250,223,228,246,0,1,0,0,0,0,0,0,36,64,104,141,131,92,48,3,0,0,0,0,0,108,154,121,118,97,75,65,0,0,0,0,0,0,0,0,0,0,0,0,0,0,0,0,0,0,0,0,0,0,0,0,0,0,0,0,0,0,0,0,0,0,0,0,0,0,0,0,0,0,0,0,0,0,0,0,0,0,0,0,0,0,0,0,0,0,0,0,0,0,0,0,0,0,0,0,0,0,0,0,0,0,0,0,0,0,0,0,0,0,0,0,0,6
0,0,0,0,0,0,0,0,0,0,0,0,0,0,0,0,0,0,0,0,0,0,0,0,0,0,0,0,0,0,0,0,0,0,0,0,0,0,0,0,0,0,0,0,0,0,0,0,0,0,0,0,0,0,0,0,0,0,0,0,0,0,0,0,0,0,0,0,0,0,0,0,0,0,0,0,0,0,0,0,0,0,0,0,0,0,0,0,0,0,0,0,0,0,0,0,0,0,0,0,0,0,0,0,0,0,0,0,0,0,0,0,0,0,0,0,0,0,0,0,0,0,0,0,0,0,0,0,0,0,0,0,0,0,0,0,0,0,0,0,0,0,0,0,0,0,0,0,0,0,0,0,0,0,1,0,48,210,92,0,0,0,0,0,0,0,0,0,0,0,0,0,0,0,0,0,0,0,0,0,0,0,0,0,137,145,176,145,0,0,1,0,0,0,0,0,0,0,0,0,0,0,0,0,1,1,0,1,0,0,176,161,142,55,64,234,112,0,0,0,3,1,0,0,0,0,0,0,0,0,0,0,1,0,0,4,0,11,205,213,174,169,138,83,124,118,36,0,0,0,3,0,0,0,0,0,0,0,0,0,0,0,0,0,0,59,130,33,141,181,180,199,150,94,113,101,41,0,0,0,0,0,0,0,0,0,0,0,0,0,0,0,0,255,173,0,118,146,106,119,172,182,117,77,123,123,92,15,0,0,0,0,0,0,0,0,0,0,0,0,0,144,205,198,194,168,160,154,170,203,168,85,61,89,149,11,0,0,0,0,1,0,0,0,0,0,6,0,0,51,155,172,150,177,188,189,203,171,70,145,183,120,118,6,0,0,0,0,0,0,1,0,5,0,0,0,122,194,124,178,178,184,190,179,159,186,181,162,116,153,203,0,0,0,1,1,0,1,1,0,0,0,71,179,155,158,180,165,177,166,192,204,174,178,193,172,125,123,222,19,0,0,0,0,0,0,0,0,9,151,169,156,170,170,151,150,168,181,167,158,192,194,162,141,151,155,218,18,0,0,0,0,0,0,69,235,170,162,183,165,162,166,164,172,163,165,194,172,142,159,201,187,119,129,224,23,0,77,182,189,179,190,205,197,186,178,170,171,169,168,179,177,185,170,138,191,189,131,140,181,144,125,228,54,22,222,205,190,189,179,173,174,174,175,170,168,169,157,158,174,138,181,150,142,174,146,144,163,147,126,236,96,125,155,140,134,139,141,146,151,159,158,162,165,162,174,166,191,187,207,214,202,207,197,177,199,157,114,173,66,178,199,116,78,94,120,126,138,173,181,183,192,188,195,187,158,152,146,134,120,116,109,99,96,91,76,135,92,33,216,224,192,143,118,101,100,104,100,93,98,104,95,87,89,92,91,63,130,215,212,215,235,230,187,222,160,0,0,168,207,221,220,220,241,232,230,133,85,109,119,131,136,135,121,132,227,227,223,225,215,212,204,222,175,0,0,0,0,50,106,168,195,203,210,191,165,162,149,147,145,145,142,160,189,170,182,181,140,113,88,53,0,0,0,0,0,0,0,0,0,0,0,0,0,0,0,0,0,0,0,0,0,0,0,0,0,0,0,0,0,0,0,0,0,0,0,0,0,0,0,0,0,0,0,0,0,0,0,0,0,0,0,0,0,0,0,0,0,0,0,0,0,0,0,0,0,0,0,0,0,0,0,0,0,0,0,0,0,0,0,0,0,0,0,0,0,0,0,0,0,0,0,0,0,0,0,0,0,0,0,0,0,0,0,0,0,0,0,0,0,0,0,0,0,6
0,0,0,0,0,0,0,0,0,0,0,0,0,0,0,0,0,0,0,0,0,0,0,0,0,0,0,0,0,0,0,0,0,0,0,0,0,0,0,0,0,0,0,0,0,0,0,0,0,0,0,0,0,0,0,0,0,0,0,0,0,0,0,0,0,0,0,0,0,0,0,0,0,0,0,0,0,0,0,0,0,0,0,0,0,0,0,0,0,0,0,0,0,0,0,0,0,0,0,0,0,0,0,0,0,0,0,0,0,0,0,0,0,0,0,0,0,0,0,0,0,0,0,0,0,0,0,0,0,0,0,0,0,0,0,0,0,0,0,0,0,0,0,0,0,0,0,0,0,0,0,0,0,0,0,0,0,0,0,132,72,0,0,0,0,1,1,0,0,0,0,0,0,0,0,0,0,0,0,0,0,0,0,0,0,0,93,187,182,202,69,21,0,0,0,0,0,0,0,0,0,0,0,0,0,0,0,0,0,5,4,0,0,81,233,201,204,226,235,228,179,26,8,0,0,0,0,0,0,0,0,0,0,0,0,0,0,3,0,0,45,162,199,209,218,223,219,213,219,255,193,0,0,0,0,0,0,0,0,0,0,0,0,0,0,2,0,47,239,209,205,198,213,237,234,214,198,239,187,0,0,0,0,0,0,0,0,0,0,0,0,0,0,0,0,33,205,209,237,254,236,208,219,202,192,204,145,0,0,0,0,0,0,0,0,0,0,0,0,0,0,0,0,58,208,232,200,198,226,238,192,205,182,219,108,0,0,0,0,0,2,0,0,1,3,4,2,0,0,0,255,228,203,239,252,249,217,211,217,213,181,222,82,0,0,0,0,0,1,0,1,0,0,0,0,0,69,123,206,234,199,206,222,250,255,255,233,197,202,224,115,0,0,0,0,0,0,1,0,0,0,10,89,134,119,225,218,203,243,179,255,229,231,247,214,200,193,203,196,0,1,4,4,0,2,0,0,46,132,153,255,116,0,160,255,210,205,184,205,239,232,235,207,210,201,198,227,0,0,0,0,0,0,0,144,255,136,186,167,92,141,171,241,254,229,235,233,237,240,240,214,201,205,197,232,65,0,26,75,118,120,147,162,132,191,233,137,140,255,229,237,241,243,245,235,237,234,231,221,212,207,197,203,98,35,163,139,120,141,155,150,166,209,206,212,225,231,233,243,244,242,246,240,218,206,207,223,224,217,211,218,152,0,0,2,47,77,158,202,242,216,213,218,224,223,224,228,255,255,255,253,229,214,220,221,213,201,181,175,89,43,51,29,6,0,0,0,0,0,0,9,18,10,7,7,0,0,0,0,1,2,0,0,0,0,0,0,0,5,21,45,55,61,63,50,42,31,19,12,3,5,12,16,20,24,27,30,34,35,31,35,38,39,40,43,38,0,0,0,0,6,8,22,37,44,47,47,47,45,44,43,41,40,39,41,39,39,40,39,39,35,29,26,11,0,0,0,0,0,0,0,0,0,0,0,0,0,0,0,0,0,0,0,0,0,0,0,0,0,0,0,0,0,0,0,0,0,0,0,0,0,0,0,0,0,0,0,0,0,0,0,0,0,0,0,0,0,0,0,0,0,0,0,0,0,0,0,0,0,0,0,0,0,0,0,0,0,0,0,0,0,0,0,0,0,0,0,0,0,0,0,0,0,0,0,0,0,0,0,0,0,0,0,0,0,0,0,0,0,0,0,0,0,0,0,0,0,0,0,0,0,0,0,0,0,0,0,0,0,0,0,0,0,0,0,0,0,0,0,0,0,0,0,0,6
0,0,0,0,0,0,0,0,0,0,0,0,0,0,0,0,0,0,0,0,0,0,0,0,0,0,0,0,0,0,0,0,0,0,0,0,0,0,0,0,0,0,0,0,0,0,0,0,0,0,3,38,126,83,53,15,0,0,0,0,0,0,0,0,0,1,0,2,0,0,0,28,71,128,117,156,235,255,255,230,235,233,129,39,0,0,0,0,0,0,0,0,0,0,0,5,0,121,226,232,248,248,251,253,246,244,246,19,82,63,124,0,0,0,0,0,0,0,0,0,0,0,0,2,0,179,247,223,230,228,224,231,235,237,240,122,255,211,179,44,0,0,0,0,0,0,0,0,0,3,0,0,0,192,238,225,237,236,231,239,241,238,255,235,233,113,180,42,0,0,0,0,0,0,0,0,0,2,1,0,0,232,235,231,235,233,234,237,235,246,238,36,69,131,167,39,0,0,0,0,0,0,0,0,0,0,3,0,16,255,233,234,233,234,237,240,233,240,247,148,224,132,155,4,0,0,0,0,0,0,0,0,0,0,4,0,43,244,232,235,234,232,234,236,230,245,250,224,230,127,138,0,0,0,0,0,0,0,0,0,0,0,3,0,109,247,217,231,232,235,236,238,233,255,172,103,31,123,116,0,0,0,0,0,0,0,0,0,0,0,0,0,168,240,219,238,235,235,239,238,235,255,130,170,179,140,87,0,0,0,0,0,0,0,0,0,0,2,0,0,217,239,229,236,234,235,237,237,237,241,255,255,255,146,42,0,0,0,0,0,0,0,0,0,0,8,0,6,255,231,232,233,233,234,237,242,241,239,227,241,239,120,0,0,0,0,0,0,0,0,0,0,0,6,0,92,255,219,236,236,233,236,241,242,238,232,233,242,241,112,0,0,0,0,0,0,0,0,0,0,0,0,0,205,233,223,236,238,232,235,239,235,232,230,231,253,192,127,142,0,0,0,0,0,1,2,0,0,3,0,41,255,217,223,228,232,229,232,235,232,234,237,229,251,209,175,240,0,0,0,0,0,1,1,0,0,0,0,213,232,223,224,225,227,228,231,233,233,234,232,238,237,233,240,254,0,0,0,0,0,0,0,0,0,0,118,255,218,223,229,228,229,227,230,234,233,234,234,235,238,229,245,235,0,0,0,0,0,1,0,0,0,38,255,224,225,226,227,229,229,229,231,234,234,236,233,235,234,222,243,184,0,1,5,0,0,0,0,0,46,248,244,221,225,221,226,229,227,231,235,228,222,226,235,236,233,225,250,158,0,0,0,0,0,0,0,105,255,232,217,225,226,224,224,225,234,227,223,254,255,255,236,239,237,221,248,144,0,0,33,158,213,232,247,251,219,221,223,223,226,223,228,236,222,235,255,223,97,185,255,230,237,221,249,135,0,58,219,228,222,225,224,220,222,224,224,224,226,227,234,226,241,255,108,0,0,35,255,229,237,228,249,121,0,142,248,226,225,218,218,219,215,224,227,224,224,229,227,250,245,34,0,0,0,55,255,233,237,229,249,110,0,0,101,210,217,241,244,241,239,234,233,232,236,242,251,185,0,0,1,0,0,58,247,232,235,230,253,105,0,0,0,0,0,55,127,194,228,249,253,255,255,238,97,0,0,0,0,3,0,73,247,229,234,230,233,77,0,0,1,1,0,0,0,0,0,0,0,0,0,0,0,0,0,0,0,2,0,6,62,26,29,21,16,0,0,0,0,0,0,0,0,0,0,0,0,0,0,0,0,0,0,0,0,0,0,0,0,0,0,0,0,0,0,6
0,0,0,0,0,0,0,0,0,0,0,0,0,0,0,0,0,0,0,0,0,0,0,0,0,0,0,0,0,0,0,0,0,0,0,0,0,0,0,0,0,0,0,0,0,0,0,0,0,0,0,0,0,0,0,0,0,0,0,0,0,0,0,0,0,0,0,0,0,0,0,0,0,0,0,0,0,0,0,0,0,0,0,0,0,0,0,0,0,0,0,0,0,0,0,0,0,0,0,0,0,0,0,0,0,0,0,0,0,0,0,0,0,0,0,0,0,0,0,0,0,0,1,0,0,0,3,0,15,0,0,0,1,0,1,0,1,0,0,0,0,0,0,0,0,0,0,0,0,0,1,0,0,0,0,0,113,178,109,17,0,1,0,10,10,2,0,0,0,0,0,0,0,0,0,0,0,0,0,0,0,0,64,42,133,184,182,166,0,0,0,0,0,3,0,0,0,0,0,0,0,0,0,0,0,0,0,4,0,35,206,184,171,169,166,162,126,121,138,132,133,103,9,0,0,0,0,0,0,0,0,0,0,0,0,4,0,105,139,183,203,203,221,221,223,223,221,216,219,113,33,0,0,0,0,0,0,0,0,0,0,0,0,4,0,76,58,205,210,196,190,191,183,200,196,193,206,112,0,0,0,0,0,0,0,0,0,0,0,0,0,5,0,62,20,86,193,200,165,166,188,178,178,179,189,10,0,0,0,0,0,0,0,0,0,0,0,0,0,3,0,92,47,157,253,186,194,180,194,208,203,196,204,14,0,1,0,0,0,0,0,0,0,0,1,2,3,0,50,44,95,213,200,176,182,202,170,177,182,190,210,45,0,2,0,0,0,0,0,0,0,0,0,2,0,9,56,0,167,212,197,190,205,199,199,183,168,179,200,77,0,1,0,0,0,0,0,0,0,0,0,6,0,0,81,209,180,197,212,156,170,203,203,198,185,173,197,109,0,0,1,0,0,3,5,4,3,2,0,0,0,163,183,189,206,183,207,195,151,164,190,192,192,172,185,158,0,0,0,0,0,0,0,0,0,0,0,1,63,198,167,178,233,222,165,204,192,158,173,196,203,189,175,204,7,0,4,0,0,4,27,28,41,70,119,153,177,190,200,172,166,167,162,168,185,180,172,184,194,176,178,185,73,0,0,0,136,154,156,177,160,157,160,159,184,197,191,184,172,170,172,200,186,182,190,192,180,180,181,186,142,0,0,83,184,151,146,151,155,159,156,181,194,202,205,204,202,209,186,197,200,208,206,191,194,197,188,186,156,0,37,143,175,185,180,190,188,189,186,184,188,194,198,209,205,209,225,222,204,206,190,181,191,193,193,186,165,0,68,179,158,168,182,192,197,209,195,195,203,208,200,209,209,209,215,225,233,219,212,222,216,218,205,193,188,44,0,82,168,185,186,186,184,190,192,188,193,200,198,199,197,203,206,205,210,209,192,190,190,191,183,179,181,45,0,0,0,87,167,200,223,222,226,213,199,210,219,233,213,173,124,55,51,155,255,209,234,237,209,189,226,73,0,7,0,0,0,0,25,52,95,119,130,132,96,51,0,0,0,0,0,0,70,76,47,52,77,32,12,0,0,0,0,0,0,0,0,0,0,0,0,0,0,0,0,0,0,0,0,0,0,0,0,0,0,0,0,0,0,0,0,0,0,0,0,0,0,0,0,0,0,0,0,0,0,0,0,0,0,0,0,0,0,0,0,0,0,0,0,0,0,0,0,0,0,0,0,0,0,0,0,0,0,0,0,0,0,0,0,0,0,0,0,0,6
0,0,0,0,0,0,0,0,0,0,0,0,0,0,0,0,0,0,0,0,0,0,0,0,0,0,0,0,0,0,0,0,0,0,0,0,0,0,0,0,0,0,0,0,0,0,0,0,0,0,0,0,0,0,0,0,0,0,0,0,0,0,0,0,0,0,0,0,0,0,0,0,0,0,0,0,0,0,0,0,0,0,0,0,0,0,0,0,0,0,0,0,0,0,0,0,0,0,0,0,0,0,0,0,0,0,0,0,0,0,0,0,0,0,0,0,0,0,0,0,0,0,0,0,0,0,0,0,0,0,0,0,0,0,0,0,0,0,0,0,0,0,0,0,0,0,0,0,0,0,0,0,0,0,0,0,0,126,124,3,0,0,0,0,0,0,4,0,0,0,0,0,0,0,0,0,0,0,0,0,0,0,2,0,0,185,231,240,62,24,6,0,0,0,0,0,0,0,0,0,0,0,0,0,0,0,0,0,0,1,13,0,128,225,206,223,228,251,239,179,162,156,78,0,0,0,0,0,0,0,0,0,0,0,0,0,0,2,0,0,196,228,217,219,209,201,210,208,214,238,168,0,0,0,0,0,0,0,0,0,0,0,0,0,0,4,0,0,241,211,204,229,231,225,221,217,203,217,124,0,0,0,0,0,0,0,0,0,0,0,0,0,0,0,0,115,230,188,221,226,220,213,221,229,208,221,88,0,0,0,0,0,0,0,0,0,1,1,0,1,3,0,45,229,182,208,219,217,209,203,206,207,205,220,45,0,0,0,0,0,0,0,0,0,0,1,0,4,0,34,229,200,219,226,226,222,220,219,213,214,205,215,33,0,0,0,0,0,0,0,0,0,0,2,4,0,68,208,187,211,226,229,227,223,226,232,227,213,206,222,99,0,0,0,3,4,4,4,5,5,5,0,0,84,200,179,207,229,222,226,227,229,225,222,213,210,207,217,172,0,1,0,0,0,0,0,0,0,0,0,145,205,173,198,216,203,205,203,208,225,227,218,206,204,200,204,217,0,2,0,15,45,30,14,38,47,115,214,144,119,179,208,204,212,217,216,202,198,208,209,202,193,200,202,235,32,0,97,159,133,173,219,214,202,166,68,20,149,209,200,207,211,208,206,213,218,217,232,232,225,223,207,240,44,0,151,216,159,117,109,100,83,106,118,166,210,207,210,220,227,229,230,226,224,224,218,219,225,222,208,217,0,92,193,200,218,227,209,205,170,171,175,185,193,211,225,222,217,211,211,204,215,225,218,220,213,208,213,224,19,70,188,200,194,188,197,206,211,214,214,215,217,216,214,220,227,236,255,255,220,209,202,196,191,197,197,214,138,0,1,84,152,211,225,224,229,234,236,233,232,241,255,239,176,125,67,29,202,255,235,248,249,250,215,255,109,0,0,0,0,0,18,44,95,112,101,146,131,99,63,4,0,0,0,0,88,137,84,102,84,58,59,28,0,0,0,0,0,0,0,0,0,0,0,0,0,0,0,0,0,0,0,0,0,0,0,0,0,0,0,0,0,0,0,0,0,0,0,0,0,0,0,0,0,0,0,0,0,0,0,0,0,0,0,0,0,0,0,0,0,0,0,0,0,0,0,0,0,0,0,0,0,0,0,0,0,0,0,0,0,0,0,0,0,0,0,0,0,0,0,0,0,0,0,0,0,0,0,0,0,0,0,0,0,0,0,0,0,0,0,0,0,0,0,0,0,0,0,0,0,0,0,0,0,0,0,0,0,0,0,0,0,0,0,0,0,0,0,0,0,0,0,0,0,6
0,0,0,0,0,0,0,0,0,0,0,0,0,0,0,0,0,0,0,0,0,0,0,0,0,0,0,0,0,0,0,0,0,0,0,0,0,0,0,0,0,0,0,0,0,0,0,0,0,0,0,0,0,0,0,0,0,0,0,0,0,0,0,0,0,0,0,0,0,0,0,0,0,0,0,0,0,0,0,0,0,0,0,0,0,0,0,0,0,0,0,0,0,0,0,0,0,0,0,0,0,0,0,0,0,0,0,0,0,0,0,0,0,0,0,0,0,0,0,0,0,0,0,0,0,0,0,1,0,0,89,32,0,0,3,2,3,2,1,1,0,0,0,0,0,0,0,0,0,0,0,0,0,0,0,0,0,26,196,189,44,0,0,0,0,0,0,1,0,0,0,0,0,0,0,0,0,0,0,0,0,0,0,0,0,163,214,189,189,102,45,21,2,0,0,0,0,0,0,0,0,0,0,0,0,0,0,0,0,6,0,59,208,196,181,183,201,207,208,202,192,183,159,67,0,0,0,0,0,0,0,0,0,0,0,0,0,2,0,67,169,166,121,163,167,183,192,198,202,197,200,43,0,0,0,0,0,0,0,0,0,0,0,0,0,0,0,127,204,149,139,210,185,194,184,196,203,198,168,0,0,0,0,0,0,0,0,0,0,0,0,0,0,0,33,225,198,218,194,198,191,194,174,193,204,197,105,0,0,0,0,0,0,0,0,0,0,0,0,5,0,0,207,153,158,207,229,243,248,217,202,216,193,192,82,0,0,0,0,0,0,0,0,0,0,0,1,0,0,133,199,96,154,165,206,201,189,206,211,192,179,194,97,0,0,0,0,0,0,0,0,0,0,7,0,0,103,231,166,139,170,178,187,191,196,188,187,178,181,199,151,0,0,0,0,0,0,0,0,0,0,0,0,126,146,171,194,213,205,175,160,155,190,200,193,192,194,194,196,0,1,0,0,0,0,0,4,0,0,6,161,134,142,154,206,204,231,227,182,190,217,195,178,187,196,175,201,30,0,3,5,1,0,0,0,0,43,185,184,159,164,196,199,205,184,216,237,227,205,190,180,177,194,167,191,49,1,0,0,0,0,0,14,121,202,170,174,191,202,180,163,190,189,193,199,205,195,188,185,171,172,171,187,25,0,28,140,137,143,169,190,186,173,179,199,171,202,190,162,199,196,193,183,165,163,174,167,164,166,162,197,22,0,135,154,164,173,169,163,178,183,172,194,192,188,199,215,205,180,171,180,185,196,207,205,206,218,202,224,60,57,173,148,159,159,166,177,176,177,176,174,192,185,174,182,185,200,215,255,231,195,187,188,190,198,190,205,73,57,174,191,187,189,189,187,176,166,179,180,188,190,194,201,219,234,172,59,65,194,214,211,212,215,212,223,51,0,31,98,144,179,195,217,230,233,233,230,233,235,228,177,84,0,0,0,0,255,223,216,250,222,218,222,52,0,0,0,0,0,1,20,44,67,80,80,64,35,23,0,0,0,0,0,0,54,85,73,81,84,85,67,0,0,0,0,0,0,0,0,0,0,0,0,0,0,0,0,0,0,0,0,0,0,0,0,0,0,0,0,0,0,0,0,0,0,0,0,0,0,0,0,0,0,0,0,0,0,0,0,0,0,0,0,0,0,0,0,0,0,0,0,0,0,0,0,0,0,0,0,0,0,0,0,0,0,0,0,0,0,0,0,0,0,0,0,0,0,0,0,0,0,0,0,0,0,0,0,0,0,0,0,0,0,0,0,0,0,0,0,0,0,0,0,0,6
0,0,0,0,0,0,0,0,0,0,0,0,0,0,0,0,0,0,0,0,0,0,0,0,0,0,0,0,0,0,0,0,0,0,0,0,0,0,0,0,0,0,0,0,0,0,0,0,0,0,0,0,0,0,0,0,0,0,0,0,0,0,0,0,0,0,0,0,0,0,0,0,0,0,0,0,0,0,0,0,0,0,0,0,0,0,0,0,0,0,0,0,0,0,0,0,0,0,0,0,0,0,0,0,0,0,0,0,0,0,0,0,0,0,0,0,0,0,0,0,0,0,0,0,0,0,0,0,0,0,0,0,0,0,0,0,0,0,0,0,0,0,0,0,0,0,0,0,0,0,0,0,0,0,0,0,0,0,0,0,0,0,3,0,53,12,0,2,0,0,0,0,0,0,0,0,0,0,0,0,0,1,0,3,4,3,2,1,2,0,0,0,51,108,0,2,0,0,0,0,0,0,0,0,0,0,1,0,0,3,0,0,0,0,0,0,0,0,0,0,0,128,0,0,0,0,0,0,0,0,0,0,0,0,0,0,0,1,0,93,111,66,0,0,2,0,98,174,177,144,0,0,0,0,0,0,0,0,0,0,0,0,0,0,1,0,5,160,186,171,170,177,196,202,178,179,192,158,0,0,0,0,0,0,0,0,0,0,0,0,0,0,4,0,48,168,165,172,164,170,166,163,170,173,182,157,0,0,0,0,0,0,0,0,0,0,0,2,0,0,1,0,108,174,157,179,156,156,167,166,182,173,179,188,0,0,0,0,0,0,0,1,0,0,1,1,0,5,0,0,144,124,159,173,163,166,165,170,186,175,166,186,42,0,0,0,0,0,0,0,0,0,0,0,4,0,0,81,99,105,158,174,161,166,168,171,171,164,154,186,109,0,0,1,1,1,1,1,1,2,4,0,0,0,85,144,136,143,175,166,163,166,166,165,180,179,162,164,154,0,1,0,2,0,0,0,0,0,0,0,26,124,89,68,141,167,177,164,168,172,172,166,155,152,159,160,185,0,1,0,0,0,0,0,0,1,51,112,117,62,60,140,161,182,164,165,166,163,168,151,167,160,160,166,192,40,0,4,66,120,135,131,120,122,113,34,30,97,168,168,162,175,173,170,172,172,180,182,205,205,200,178,205,39,0,133,190,137,83,88,115,97,77,82,142,177,157,154,173,191,197,199,205,201,190,183,189,200,194,158,148,13,63,127,125,156,168,173,175,155,119,148,140,136,150,189,201,190,161,133,115,111,116,114,106,105,115,115,143,41,39,162,147,142,132,134,150,153,157,168,125,99,100,115,124,132,159,195,202,197,180,181,192,202,193,183,187,81,0,0,10,78,153,184,182,168,168,162,172,182,192,207,200,170,111,59,14,116,255,197,226,223,185,175,215,70,0,0,0,0,0,0,22,63,83,107,113,94,77,48,0,0,0,0,0,0,67,57,38,35,23,18,0,0,0,0,0,0,0,0,0,0,0,0,0,0,0,0,0,0,0,0,0,0,0,0,0,0,0,0,0,0,0,0,0,0,0,0,0,0,0,0,0,0,0,0,0,0,0,0,0,0,0,0,0,0,0,0,0,0,0,0,0,0,0,0,0,0,0,0,0,0,0,0,0,0,0,0,0,0,0,0,0,0,0,0,0,0,0,0,0,0,0,0,0,0,0,0,0,0,0,0,0,0,0,0,0,0,0,0,0,0,0,0,0,0,0,0,0,0,0,0,0,0,0,0,0,0,0,0,0,0,0,0,0,0,0,0,0,0,0,0,0,0,6
0,0,0,0,0,0,0,0,0,0,0,0,0,0,0,0,0,0,0,0,0,0,0,0,0,0,0,0,0,0,0,0,0,0,0,0,0,0,0,0,0,0,0,0,0,0,0,0,0,0,0,0,0,0,0,0,0,0,0,0,0,0,0,0,0,0,0,0,0,0,0,0,0,0,0,0,0,0,0,0,0,0,0,0,0,0,0,0,0,0,0,0,0,0,0,0,0,0,0,0,0,0,0,0,0,0,0,0,0,0,0,0,0,0,0,0,0,0,0,0,0,0,0,0,0,0,0,0,0,0,0,0,0,0,0,0,0,0,0,0,0,0,0,0,0,0,0,0,0,0,0,0,0,0,0,0,0,0,0,0,0,0,0,0,0,0,0,0,0,0,0,0,0,0,0,0,0,0,0,0,0,0,0,0,0,0,0,0,0,0,0,0,0,0,0,0,0,0,0,0,0,0,0,0,0,0,0,0,0,0,0,0,0,0,0,0,0,0,0,13,21,0,3,0,0,0,0,0,0,0,0,0,0,0,0,0,0,1,0,9,0,89,213,199,236,242,203,202,31,0,2,0,0,0,0,0,0,0,0,0,0,0,0,0,0,0,0,1,0,99,255,233,234,237,243,230,26,0,0,0,0,0,0,0,0,0,0,0,0,0,0,0,0,0,0,0,0,68,244,216,227,234,227,245,95,0,3,0,0,0,0,0,0,0,0,0,0,0,0,0,0,0,0,233,135,212,255,236,234,237,236,247,196,0,0,0,0,0,0,0,0,0,0,0,0,2,1,0,0,67,232,233,233,222,225,239,239,239,241,221,237,138,0,0,0,0,0,0,0,0,2,0,0,0,0,0,64,255,225,225,225,205,200,198,212,217,213,215,223,255,16,0,0,0,0,1,1,0,0,0,0,30,133,234,255,205,218,255,228,249,254,244,247,254,254,255,241,241,154,0,0,0,0,0,0,0,19,113,232,227,244,234,214,224,212,252,233,230,239,240,228,221,209,193,176,205,242,0,0,0,0,0,72,168,255,237,233,232,230,241,213,207,209,212,192,190,188,184,186,186,199,214,224,231,255,36,0,20,168,196,232,231,220,224,231,242,218,173,186,200,228,205,211,227,234,240,244,250,251,249,247,234,252,62,0,191,234,224,222,228,232,239,247,230,178,197,208,215,231,246,255,254,254,254,248,245,242,241,237,226,255,47,118,200,182,186,195,188,194,203,204,174,175,187,191,189,205,213,208,207,204,201,201,208,199,196,191,194,221,72,84,253,211,254,252,237,221,214,216,228,241,239,237,240,242,235,235,244,245,249,249,251,254,254,251,242,255,116,0,0,36,55,93,117,142,164,171,166,164,161,163,158,152,150,147,142,139,138,135,134,128,117,106,90,71,0,0,0,0,0,0,0,0,0,0,0,0,0,0,0,0,0,0,0,0,0,0,0,0,0,0,0,0,0,0,0,0,0,0,0,0,0,0,0,0,0,0,0,0,0,0,0,0,0,0,0,0,0,0,0,0,0,0,0,0,0,0,0,0,0,0,0,0,0,0,0,0,0,0,0,0,0,0,0,0,0,0,0,0,0,0,0,0,0,0,0,0,0,0,0,0,0,0,0,0,0,0,0,0,0,0,0,0,0,0,0,0,0,0,0,0,0,0,0,0,0,0,0,0,0,0,0,0,0,0,0,0,0,0,0,0,0,0,0,0,0,0,0,0,0,0,0,0,0,0,0,0,0,0,0,0,0,0,0,0,0,0,0,0,0,0,0,0,0,6
0,0,0,0,0,0,0,0,0,0,0,0,0,0,0,0,0,0,0,0,0,0,0,0,0,0,0,0,0,0,0,0,0,0,0,0,0,0,0,0,0,0,0,0,0,0,0,0,0,0,0,0,0,0,0,0,0,0,0,0,0,0,0,0,0,0,0,0,0,0,0,0,0,0,0,0,0,0,0,0,0,0,0,0,0,0,0,0,0,0,0,0,0,0,1,0,3,20,3,0,0,4,0,0,0,0,12,116,4,0,3,0,0,0,0,0,0,0,0,0,0,1,1,0,77,171,145,125,188,201,69,0,0,72,193,167,93,0,0,0,0,0,0,0,0,0,0,0,0,0,3,0,114,140,137,166,232,106,129,166,96,138,138,156,129,0,3,0,0,0,0,0,0,0,0,0,0,0,0,0,25,59,83,108,190,188,177,174,133,133,151,158,0,0,4,0,0,0,0,0,0,0,0,0,0,0,0,1,0,0,0,0,0,43,114,224,172,137,213,41,0,4,0,1,0,0,0,0,0,0,0,0,0,0,0,1,1,3,1,0,0,0,88,203,182,222,91,0,3,0,0,0,0,0,0,0,0,0,0,0,0,0,0,0,1,1,1,1,0,0,196,151,161,133,16,0,0,0,12,0,0,0,0,0,0,0,0,0,0,0,0,1,0,0,0,4,0,58,216,172,216,91,0,0,51,121,174,51,0,0,0,0,0,0,0,0,0,0,0,0,0,0,0,6,0,121,198,179,201,45,64,171,153,146,177,45,0,0,0,0,0,0,0,1,0,0,0,1,0,4,1,8,0,140,183,166,171,185,190,158,145,159,167,6,0,0,0,0,0,0,0,0,0,0,0,0,0,1,3,3,0,116,224,156,133,217,145,150,153,153,161,6,0,0,0,0,0,1,3,6,3,0,1,1,0,1,4,0,0,171,167,130,151,164,148,167,154,151,169,1,0,0,0,0,0,0,0,0,0,0,0,1,1,4,0,1,172,154,117,153,133,145,156,153,143,156,158,0,0,0,1,0,0,8,11,45,32,0,4,1,4,0,12,179,143,121,167,214,169,130,148,137,143,132,140,0,1,4,3,0,0,98,112,93,69,0,1,0,0,20,190,146,114,206,174,24,190,148,148,135,137,145,124,0,0,0,0,0,0,53,50,45,72,0,0,0,29,196,150,142,213,164,0,0,209,167,142,137,146,161,95,0,43,40,16,6,0,41,182,172,204,17,0,58,180,127,137,177,185,0,0,0,211,175,148,167,138,193,116,0,127,138,150,148,111,103,171,156,179,167,112,153,150,142,158,206,0,0,0,0,209,153,175,167,142,182,90,0,69,98,101,125,156,174,154,138,143,171,174,167,203,163,255,25,0,1,0,0,209,169,172,158,119,179,66,0,12,101,83,101,116,119,124,125,138,150,137,145,93,183,142,0,0,1,0,0,203,171,161,148,133,163,54,0,17,145,119,132,112,100,104,117,117,119,124,100,175,216,0,0,0,1,0,0,169,119,132,111,140,153,41,0,0,37,100,143,145,146,142,156,151,159,169,182,248,20,0,4,1,0,3,0,214,161,172,150,179,195,19,0,0,0,0,0,40,56,80,104,114,119,91,87,0,0,0,1,4,0,0,0,133,171,175,169,171,169,8,0,0,0,0,0,0,0,0,0,0,0,0,0,0,0,0,0,0,0,0,0,0,0,0,0,0,0,0,0,0,0,0,0,0,0,0,0,0,0,0,0,0,0,0,0,0,0,0,0,0,0,0,0,0,0,0,0,6
0,0,0,0,0,0,0,0,0,0,0,0,0,0,0,0,0,0,0,0,0,0,0,0,0,0,0,0,0,0,0,0,0,0,0,0,0,0,0,0,1,0,2,63,65,95,106,130,68,57,15,0,0,0,0,0,0,0,0,0,0,0,0,0,0,0,0,0,4,0,9,197,209,233,239,255,209,239,239,188,165,0,0,1,0,0,0,0,0,0,0,0,0,1,0,0,1,0,74,195,194,95,121,98,192,205,197,207,192,0,0,3,0,0,0,0,0,0,0,0,0,0,0,3,0,0,204,190,159,101,183,193,208,199,199,182,190,17,0,0,0,0,0,0,0,0,0,0,0,0,0,5,0,42,216,137,121,184,211,212,211,217,199,175,198,119,0,0,0,0,0,0,0,0,0,0,0,0,0,4,0,99,196,114,145,190,203,196,222,200,177,173,193,194,0,0,0,0,0,0,0,0,0,0,0,0,0,0,0,142,169,142,165,198,207,215,216,173,178,198,189,209,5,0,0,0,0,0,0,0,0,0,0,0,2,0,0,172,158,155,170,206,215,212,191,173,215,188,184,197,60,0,0,0,0,0,0,0,0,0,0,0,4,0,41,181,148,158,179,218,207,207,185,205,225,197,199,199,144,0,0,0,0,0,0,0,0,0,0,0,2,0,94,170,153,164,196,219,208,212,208,218,227,223,205,197,196,6,0,0,0,0,0,0,0,0,0,0,0,0,136,165,157,176,207,209,203,213,216,204,175,88,153,199,205,52,0,0,0,0,0,0,0,0,0,3,0,8,154,158,160,188,207,217,211,216,199,138,24,35,178,196,197,78,0,0,0,0,0,0,0,0,0,5,0,56,170,158,175,199,212,215,209,208,186,157,175,231,224,178,205,57,0,0,0,0,0,0,0,0,0,0,0,114,179,166,185,205,210,212,210,200,200,226,229,219,181,181,225,6,0,0,0,0,0,0,0,0,0,0,2,162,176,171,191,203,205,211,202,217,216,203,176,157,177,190,135,0,0,0,0,0,1,3,0,0,2,0,57,192,165,173,195,202,203,207,213,216,181,160,196,218,178,173,50,0,0,0,0,0,0,2,1,0,0,0,140,190,166,183,195,199,206,216,207,175,162,233,144,114,173,173,8,0,0,0,0,0,0,1,3,0,0,35,186,173,170,182,194,202,215,206,175,172,243,81,0,0,177,154,0,0,0,0,0,0,3,3,0,0,5,168,181,173,177,181,202,210,209,181,167,246,72,0,0,0,170,129,0,0,2,5,6,0,0,0,0,15,165,177,172,175,171,190,210,211,203,157,238,89,0,3,0,0,172,98,0,1,1,0,0,0,20,59,137,168,159,193,177,178,176,193,211,213,171,216,167,0,0,0,0,0,176,68,0,1,0,4,75,135,133,165,114,0,0,108,164,165,186,208,212,203,184,233,0,0,1,0,0,0,178,33,0,4,76,179,171,164,166,162,103,65,108,124,164,179,197,210,211,195,196,83,0,0,0,2,0,0,180,15,0,3,60,138,151,165,173,178,193,200,204,193,185,192,200,210,204,206,165,0,0,1,0,3,0,3,177,3,0,2,0,0,0,23,58,108,149,175,178,193,235,238,235,207,206,192,6,0,3,0,0,4,0,46,181,0,0,0,0,0,0,0,0,0,0,0,1,36,44,64,84,87,52,0,0,0,0,0,0,5,0,35,130,0,0,0,0,0,0,0,0,0,0,0,0,0,0,0,0,0,0,0,0,0,0,0,0,0,0,0,0,0,0,0,6
0,0,0,0,0,0,0,0,0,0,0,0,0,0,0,0,0,0,0,0,0,0,0,0,0,0,0,0,0,0,0,0,0,0,0,0,0,0,0,0,0,0,0,0,0,0,0,0,0,0,0,0,0,0,0,0,0,0,0,0,0,0,0,0,0,0,0,0,0,0,0,0,0,0,0,0,0,0,0,0,0,0,0,0,0,0,0,0,0,0,0,0,0,0,0,0,0,0,0,0,0,0,0,0,0,0,0,0,0,0,0,0,0,0,0,0,0,0,0,0,0,0,0,0,0,0,0,0,0,0,0,0,0,0,0,0,0,0,0,0,0,0,0,0,0,0,0,0,0,0,0,0,0,0,0,0,0,0,0,0,0,0,0,0,0,0,0,0,0,0,0,0,0,0,0,0,0,0,0,0,0,0,0,0,0,63,68,56,79,17,0,0,0,0,0,0,0,0,0,0,0,0,0,0,0,2,3,0,0,5,0,0,189,206,200,196,213,228,226,228,224,190,176,0,0,0,0,0,0,0,0,0,0,2,0,1,0,0,0,115,208,199,206,224,217,217,218,220,221,227,190,0,0,0,0,0,0,0,0,0,1,2,0,0,0,0,94,203,182,200,207,216,204,208,206,224,218,221,188,0,0,0,0,0,0,0,0,0,0,0,0,0,0,112,211,190,211,215,216,202,205,217,199,194,182,222,226,0,0,0,0,0,0,0,0,0,1,1,0,0,96,184,147,185,165,164,199,248,242,229,226,228,234,226,197,0,0,0,0,0,0,0,0,0,0,7,0,65,188,162,219,204,182,215,186,158,196,241,239,243,227,227,185,0,0,0,2,5,4,3,0,2,0,0,30,184,212,172,97,183,249,216,180,149,182,204,190,179,190,219,186,0,1,0,0,0,0,0,0,0,0,58,166,166,181,0,86,214,151,194,242,242,220,186,195,218,221,215,203,0,0,0,18,49,23,1,0,13,118,176,157,169,156,155,157,207,190,185,192,202,208,209,200,202,209,211,227,0,1,102,142,181,205,201,180,186,184,125,110,131,190,204,168,199,180,181,196,207,199,176,171,175,201,207,232,23,103,201,162,122,65,100,157,141,83,98,183,163,172,183,242,236,231,219,224,214,216,222,224,218,219,207,217,0,0,164,200,181,165,131,143,122,116,158,130,217,217,216,234,199,203,217,213,210,213,222,220,221,218,208,225,38,0,35,163,207,207,207,200,198,203,202,207,214,215,212,213,211,202,194,185,187,185,191,194,203,206,214,214,60,0,0,0,55,168,206,205,222,230,233,255,255,255,255,255,255,255,255,255,255,255,255,255,255,238,224,125,0,0,0,0,0,0,0,6,47,64,74,74,73,65,53,53,53,50,56,66,72,78,84,75,64,53,16,0,0,0,0,0,0,0,0,0,0,0,0,0,0,0,0,0,0,0,0,0,0,0,0,0,0,0,0,0,0,0,0,0,0,0,0,0,0,0,0,0,0,0,0,0,0,0,0,0,0,0,0,0,0,0,0,0,0,0,0,0,0,0,0,0,0,0,0,0,0,0,0,0,0,0,0,0,0,0,0,0,0,0,0,0,0,0,0,0,0,0,0,0,0,0,0,0,0,0,0,0,0,0,0,0,0,0,0,0,0,0,0,0,0,0,0,0,0,0,0,0,0,0,0,0,0,0,0,0,0,0,0,0,0,0,0,0,0,0,0,0,0,0,0,0,0,0,0,0,0,0,0,0,0,0,0,0,0,0,0,0,0,0,0,0,0,0,0,0,0,6
0,0,0,0,0,0,0,0,0,0,0,0,0,0,0,0,0,0,0,0,0,0,0,0,0,0,0,0,0,0,0,0,0,0,0,0,0,0,0,0,0,0,0,0,0,0,0,0,0,0,0,0,0,0,0,0,0,0,0,0,0,0,0,0,0,0,0,0,0,0,0,0,0,0,0,0,0,0,0,0,0,0,0,0,0,0,0,0,0,0,0,0,0,0,1,1,2,0,0,36,51,33,0,0,0,0,0,0,0,1,0,0,0,0,0,0,0,0,0,0,0,0,0,2,0,0,147,220,161,183,120,89,45,3,0,0,0,0,0,0,0,0,0,0,0,0,0,0,0,0,0,3,0,153,208,198,162,161,189,200,202,187,154,149,146,128,0,2,0,0,0,0,0,0,0,0,0,0,0,0,0,177,159,220,193,201,193,191,200,193,204,211,218,186,0,0,0,0,0,0,0,0,0,0,0,0,1,0,0,181,186,183,166,185,25,29,193,253,202,196,190,211,51,0,0,0,0,0,0,0,0,0,0,0,4,0,45,198,188,146,160,158,0,0,0,50,233,214,192,216,130,0,0,0,0,0,0,0,0,0,0,0,0,0,140,176,211,212,183,202,232,182,42,0,25,213,190,201,208,0,0,0,0,0,0,0,0,0,2,0,18,233,170,178,148,94,209,226,192,234,255,237,191,203,191,195,232,2,0,0,0,0,0,0,0,0,0,0,0,157,147,189,112,0,0,188,219,196,200,199,200,201,205,199,229,33,0,1,1,1,3,0,0,0,0,60,102,235,181,191,225,234,65,170,227,207,216,215,211,216,217,211,248,63,0,0,0,0,2,4,11,0,54,255,153,188,23,200,202,209,252,232,209,211,212,209,209,212,213,209,253,85,2,3,1,1,0,0,0,0,63,174,120,197,0,151,224,203,199,199,208,213,213,210,208,208,209,208,249,68,0,0,0,0,1,55,86,118,122,167,203,210,234,221,212,206,208,213,210,209,205,211,207,204,205,206,250,60,0,2,0,0,143,218,187,156,117,213,202,212,208,209,203,213,206,205,209,211,209,209,208,209,208,208,249,54,93,177,176,176,179,168,175,185,197,204,208,214,206,203,208,207,207,203,204,214,215,210,210,213,210,208,249,52,65,176,171,189,195,197,204,197,202,197,196,202,204,202,202,203,203,200,200,207,212,213,210,210,206,203,247,54,54,205,170,183,199,189,197,198,195,195,194,202,208,204,202,202,203,204,203,202,204,206,210,210,205,202,247,54,47,208,165,186,208,208,209,203,205,201,200,203,205,203,200,199,200,202,201,200,204,210,210,209,206,203,247,53,28,198,171,180,183,191,197,199,197,193,201,199,198,198,197,200,205,203,202,201,202,209,209,206,212,206,249,50,31,179,171,176,180,178,187,198,189,194,201,202,197,198,197,198,201,203,207,202,198,202,207,208,211,207,211,46,8,192,198,192,186,178,171,183,189,194,187,190,191,190,193,197,201,202,203,201,200,205,212,210,215,216,234,64,0,0,53,151,197,226,234,229,240,235,238,249,246,245,244,245,248,241,234,232,230,235,233,229,188,181,195,27,0,0,0,0,0,18,56,81,105,106,96,81,64,49,41,28,17,5,0,0,0,0,0,0,0,0,0,0,0,0,0,0,0,0,0,0,0,0,0,0,0,0,0,0,0,0,0,0,0,0,0,0,0,0,0,0,0,0,0,0,0,0,0,0,0,0,0,0,0,0,0,0,0,0,0,0,0,0,0,0,0,0,0,0,6
0,0,0,0,0,0,0,0,0,0,0,0,0,0,0,0,0,0,0,0,0,0,0,0,0,0,0,0,0,0,0,0,0,0,0,0,0,0,0,0,0,0,0,0,0,0,0,0,0,0,0,0,0,0,0,0,0,0,0,0,0,0,0,0,0,0,0,0,0,0,0,0,0,0,0,0,0,0,0,0,0,0,0,0,0,0,0,0,0,0,0,0,0,0,0,0,0,0,0,0,7,7,16,37,12,0,0,0,0,0,0,0,0,0,0,0,0,0,0,0,0,0,0,0,0,0,0,164,216,219,255,255,255,237,174,245,216,151,106,16,0,0,0,0,0,0,0,0,0,0,0,0,1,0,0,216,238,225,231,229,226,222,227,239,242,245,255,160,0,0,0,0,0,0,0,0,0,0,0,0,2,0,0,214,219,227,221,225,246,201,188,230,239,175,166,98,0,0,0,0,0,0,0,0,0,0,0,0,1,0,0,250,234,226,233,213,214,185,217,218,216,174,202,46,0,0,0,0,0,0,0,0,0,0,0,0,1,0,0,253,227,231,233,219,219,170,243,233,178,204,255,10,0,0,0,0,0,0,0,0,0,0,0,0,1,0,15,255,227,230,233,231,248,195,209,205,184,214,254,0,0,0,0,0,0,0,0,0,0,0,0,0,1,0,23,255,227,226,232,225,247,246,248,252,247,231,241,0,0,0,0,0,0,0,0,0,0,0,0,0,0,0,78,233,231,230,229,231,238,224,242,227,219,236,234,0,0,0,0,0,0,0,0,0,1,3,0,0,0,0,215,207,228,218,220,241,231,230,230,225,223,234,223,0,0,0,0,0,0,0,0,0,0,3,0,6,0,100,225,180,188,199,196,227,235,240,240,234,240,235,215,0,0,0,0,0,0,0,0,0,0,3,5,0,0,202,210,186,204,199,212,211,215,235,227,237,208,205,196,0,0,0,2,6,7,6,7,1,0,0,0,28,195,188,199,250,212,229,229,215,219,211,217,219,189,199,214,0,0,7,0,0,0,0,0,0,0,0,136,203,137,160,194,248,207,211,213,212,215,203,214,207,210,204,225,21,2,0,0,54,66,42,50,94,170,214,109,0,105,205,205,224,244,249,247,252,236,209,225,224,213,199,231,53,0,11,217,169,222,253,220,155,68,0,0,103,205,200,213,226,230,239,243,248,250,216,208,210,215,203,228,58,0,132,219,117,0,14,96,103,104,155,200,233,221,227,235,231,201,178,174,185,202,180,187,196,206,207,222,18,69,211,198,221,242,215,215,221,227,219,216,218,217,228,225,206,196,208,222,233,236,228,229,220,216,210,248,135,11,175,214,202,210,228,232,233,228,225,223,225,218,221,213,221,232,255,255,235,217,204,206,199,200,198,217,140,0,0,122,195,219,221,218,217,217,219,214,210,220,215,217,241,180,130,0,55,232,207,195,200,198,195,207,126,0,0,0,0,79,161,205,239,241,250,243,253,223,221,72,0,0,0,0,10,255,228,255,235,253,241,255,179,0,1,0,0,0,0,0,0,11,40,27,25,0,0,0,0,0,0,0,0,147,72,116,59,133,82,81,30,0,0,0,0,0,0,0,0,0,0,0,0,0,0,0,0,0,0,0,0,0,0,0,0,0,0,0,0,0,0,0,0,0,0,0,0,0,0,0,0,0,0,0,0,0,0,0,0,0,0,0,0,0,0,0,0,0,0,0,0,0,0,0,0,0,0,0,0,0,0,0,0,0,0,0,0,0,0,0,0,0,0,0,0,6
0,0,0,0,0,0,0,0,0,0,0,0,0,0,0,0,0,0,0,0,0,0,0,0,0,0,0,0,0,0,0,0,0,0,0,0,0,0,0,0,0,0,0,2,0,0,0,0,0,0,0,16,93,0,0,2,0,0,0,0,0,0,0,0,1,1,0,0,2,0,0,0,0,0,0,26,110,166,224,213,234,66,0,3,0,0,0,0,0,0,0,0,0,0,0,0,0,0,0,73,143,211,255,255,255,236,233,208,220,69,0,0,0,0,0,0,0,0,0,0,0,0,5,0,58,228,232,242,245,253,249,4,87,235,212,206,232,140,0,0,0,0,0,0,0,0,0,0,0,0,0,0,212,255,215,222,255,113,226,142,255,251,227,194,243,202,0,0,0,0,0,0,0,0,0,0,0,0,0,0,226,226,0,255,192,0,201,255,182,152,254,201,233,249,0,0,0,0,0,0,0,0,0,0,0,2,0,0,255,180,141,255,180,133,255,255,0,162,254,212,216,255,78,0,0,0,0,0,0,0,0,0,0,9,0,171,125,218,255,38,247,255,191,205,216,250,232,222,217,243,219,0,0,0,0,0,0,0,0,0,0,0,0,190,39,255,164,134,255,216,0,196,255,227,230,231,227,217,255,56,0,0,0,0,0,0,0,0,0,0,0,199,255,143,247,255,191,201,229,255,243,227,230,231,219,212,253,155,0,0,0,0,0,0,0,0,4,0,11,255,216,169,255,134,14,255,255,115,147,255,226,226,231,216,251,166,0,0,0,0,0,0,0,0,0,0,172,90,235,255,195,217,255,255,184,0,173,255,224,238,231,217,253,163,0,0,0,0,0,0,0,0,0,0,179,234,255,122,118,255,254,36,211,201,255,243,233,231,235,224,255,78,0,0,0,0,0,0,0,2,0,0,252,214,144,255,255,255,39,20,255,254,177,198,243,229,239,242,255,0,0,0,0,0,0,0,0,2,0,99,244,183,217,255,112,222,236,181,210,241,202,255,255,255,238,255,171,0,0,0,0,0,2,1,0,0,0,107,171,255,245,232,65,255,210,161,230,242,255,202,107,241,244,254,54,0,0,0,0,0,1,0,1,0,0,254,255,205,106,255,142,220,254,230,255,252,48,0,0,76,254,222,0,0,0,0,0,0,0,1,6,0,136,255,189,224,166,255,182,218,230,252,204,0,0,0,0,71,255,177,0,0,0,0,0,0,0,0,0,0,255,195,248,193,156,255,43,159,255,196,0,0,1,1,0,78,255,145,0,0,0,0,0,0,0,0,93,255,255,209,242,255,255,241,127,255,250,0,0,0,0,3,0,87,255,93,0,2,0,0,0,0,3,255,255,235,213,233,227,95,205,248,241,255,0,0,3,0,0,3,0,98,255,22,0,2,0,0,0,0,116,255,215,197,237,232,231,215,224,243,255,65,0,8,0,0,0,3,0,117,255,0,0,4,55,227,204,248,234,237,234,252,218,235,250,188,221,254,125,0,0,0,0,0,0,3,0,132,241,0,0,3,82,255,251,246,241,237,230,238,178,217,237,225,255,206,0,0,0,0,0,0,0,10,0,148,220,0,0,1,0,181,217,243,255,255,255,255,255,254,254,255,228,0,0,0,2,0,0,0,0,10,0,158,212,0,4,0,0,0,0,7,34,73,132,186,215,234,223,130,0,0,0,0,0,0,0,0,0,3,0,31,44,0,1,0,0,0,0,0,0,0,0,0,0,0,0,0,0,0,0,0,0,0,0,0,0,0,0,0,0,0,0,0,6
0,0,0,0,0,0,0,0,0,0,0,0,0,0,0,0,0,0,0,0,0,0,0,0,0,0,0,0,0,0,0,0,0,0,0,0,0,0,0,0,0,0,0,0,0,0,0,0,0,0,0,0,0,0,0,0,0,0,0,0,0,0,0,0,0,0,0,0,0,0,0,49,65,70,93,89,89,85,72,48,3,0,0,0,0,0,0,0,0,0,0,0,0,0,0,4,0,14,254,228,255,255,255,255,255,255,255,238,233,167,0,1,0,0,0,0,0,0,0,0,0,0,0,6,0,30,227,211,218,206,217,227,229,230,226,227,249,180,0,0,0,0,0,0,0,0,0,0,0,0,0,7,0,52,226,209,231,233,171,175,233,235,238,206,220,164,0,0,0,0,0,0,0,0,0,0,0,0,0,3,0,70,228,210,228,215,173,168,193,165,220,211,211,148,0,1,0,0,0,0,0,0,0,0,0,1,0,2,0,80,226,212,232,225,248,207,162,200,224,207,231,127,0,1,0,0,0,0,0,0,0,0,0,0,0,1,0,104,228,217,230,199,213,249,215,233,204,194,244,104,0,0,0,0,0,0,0,0,0,0,0,0,0,0,0,145,226,215,234,205,138,217,251,182,210,201,227,147,0,0,0,0,0,0,0,0,0,0,0,0,1,0,0,191,222,221,222,225,193,231,207,184,218,203,236,228,0,0,0,0,0,0,0,0,0,0,0,0,3,0,0,241,216,229,207,159,216,254,207,237,246,238,231,238,32,0,0,0,0,0,0,0,0,0,0,0,4,0,68,254,213,233,214,198,221,177,223,243,245,211,200,250,155,0,0,0,0,0,0,0,0,0,0,0,1,0,162,225,213,221,203,210,160,178,205,198,222,206,183,228,255,0,0,0,0,0,0,0,0,0,0,2,0,0,230,216,221,220,218,235,147,176,215,178,137,193,215,229,255,69,0,0,0,0,0,0,0,0,0,0,0,81,250,209,224,218,242,189,206,225,221,181,159,186,215,228,255,114,0,0,0,0,0,1,0,0,1,0,0,202,233,216,215,224,229,189,233,211,160,213,197,240,226,225,255,114,0,0,0,0,1,3,0,0,0,0,103,255,205,227,214,234,180,177,181,237,189,223,192,244,233,229,255,57,0,0,0,0,0,0,4,0,0,38,251,206,218,219,226,228,140,192,175,160,240,210,227,245,224,229,255,12,0,2,5,7,2,2,0,0,20,237,217,210,216,214,209,208,183,166,153,186,252,237,239,227,233,226,255,0,0,0,0,0,0,0,0,67,241,220,203,213,226,195,176,202,208,218,227,255,244,243,225,228,225,229,245,0,0,0,49,90,103,130,190,230,205,199,211,213,222,231,245,220,204,240,255,97,30,255,221,227,222,233,230,0,38,182,201,203,207,227,212,201,206,208,212,215,218,223,230,221,245,202,10,0,5,255,220,227,221,236,205,0,139,238,202,202,203,205,210,218,212,214,218,219,223,221,224,248,159,0,0,0,35,255,223,228,224,239,179,0,57,207,235,233,234,228,219,217,215,213,216,220,222,234,242,118,0,0,3,0,37,238,220,225,221,240,165,0,0,0,57,140,197,233,255,255,255,255,255,255,255,245,56,0,0,1,2,0,71,246,232,235,230,249,131,0,0,0,0,0,0,0,10,44,66,80,89,67,51,0,0,0,0,0,4,0,10,77,49,52,48,77,8,0,0,0,0,0,0,0,0,0,0,0,0,0,0,0,0,0,0,0,0,0,0,0,0,0,0,0,0,0,6
0,0,0,0,0,0,0,0,0,0,0,0,0,0,1,0,0,0,0,0,0,0,0,76,31,0,0,0,0,0,0,0,0,0,0,0,0,0,0,0,0,0,1,1,0,128,141,132,186,178,145,188,183,93,0,0,0,0,0,0,0,0,0,0,0,0,0,0,0,0,0,2,0,168,255,240,225,214,205,240,164,98,8,0,0,0,0,0,0,0,0,0,0,0,0,0,0,0,5,0,48,176,91,136,163,188,201,230,89,78,48,0,0,0,0,0,0,0,0,0,0,0,0,0,0,0,8,0,191,80,36,140,190,190,187,219,120,32,116,0,0,0,0,0,0,0,0,0,0,0,0,0,1,0,2,2,174,161,182,228,168,179,160,174,183,0,125,0,0,0,0,0,0,0,0,0,0,0,1,0,0,2,0,1,175,121,82,68,59,136,48,71,159,0,138,0,0,0,0,0,0,0,0,0,0,0,1,0,0,0,2,0,182,36,0,0,0,0,0,95,134,0,94,0,0,0,0,0,0,0,0,0,0,0,0,0,1,0,9,0,184,106,0,0,0,0,82,205,120,0,0,0,0,0,0,0,0,0,0,0,0,0,0,0,1,1,2,0,116,111,1,0,45,172,190,178,78,0,5,0,0,0,0,0,0,0,0,0,0,0,0,0,0,5,0,33,156,176,206,199,203,190,171,129,0,2,5,0,0,0,0,0,0,0,0,0,0,0,0,0,1,1,0,167,105,183,194,194,195,198,151,0,0,0,0,0,0,0,1,1,0,0,0,0,0,1,1,2,1,0,129,174,0,233,192,191,205,194,0,0,0,44,79,0,0,0,0,0,0,0,0,0,1,1,1,1,0,67,170,0,136,229,191,195,233,14,0,85,184,170,116,0,0,0,0,0,0,0,0,0,0,2,0,0,39,152,148,157,237,191,194,207,164,76,187,192,124,93,51,0,0,0,0,0,1,1,2,5,0,0,0,103,187,141,190,203,194,195,194,205,214,182,94,76,85,121,68,0,0,0,1,2,4,1,0,0,0,128,234,120,0,161,186,186,195,194,209,209,114,64,89,102,90,105,44,0,0,0,4,0,0,0,0,56,209,113,0,0,0,195,196,192,195,234,180,78,76,98,95,95,98,101,31,0,0,0,1,1,0,0,80,174,143,89,97,67,106,236,199,199,222,161,60,94,95,87,95,90,91,111,25,0,0,0,1,0,0,76,129,124,129,155,191,218,201,198,201,221,144,67,97,91,98,94,91,95,85,102,21,0,0,0,0,0,12,148,152,164,171,175,183,194,199,203,221,151,63,95,95,91,98,93,90,95,91,103,12,0,0,0,56,156,133,184,184,182,187,191,198,203,205,207,138,59,93,86,87,101,90,90,98,98,90,103,12,0,0,0,31,105,110,144,149,168,183,198,196,190,167,97,62,90,93,87,93,99,89,97,95,95,91,102,6,0,0,0,10,72,62,62,53,58,64,62,63,58,64,86,99,87,90,90,90,85,82,89,87,93,93,101,5,0,0,0,8,79,90,93,101,98,98,97,90,105,99,95,97,94,90,86,97,93,90,97,97,87,94,103,9,0,0,0,1,76,83,68,71,75,79,82,90,87,86,89,90,85,82,89,86,87,83,79,66,72,64,85,13,0,0,0,0,39,86,107,118,107,106,105,105,98,102,98,110,122,121,137,118,128,132,132,141,147,125,163,16,0,0,0,0,0,0,0,18,47,56,68,82,90,94,76,72,68,44,33,12,6,2,6,83,74,71,59,0,0,6
0,0,0,0,0,0,0,0,0,0,0,0,0,0,0,0,0,0,0,0,0,0,0,0,0,0,0,0,0,0,0,0,0,0,0,0,0,0,0,0,0,0,0,0,0,0,0,0,0,0,0,0,0,0,0,0,0,0,0,0,0,0,0,0,0,0,0,0,0,0,0,0,0,0,0,0,0,0,0,0,0,0,0,0,0,0,0,0,0,0,0,0,0,0,0,0,0,0,0,0,0,0,0,0,0,0,0,0,0,0,0,0,0,0,0,0,0,0,0,0,0,0,0,0,0,2,0,0,58,2,0,0,0,0,0,1,6,0,0,0,0,0,0,0,0,0,0,0,0,0,0,0,0,7,0,53,178,163,153,70,0,0,0,0,0,0,52,0,0,0,0,0,0,0,0,0,0,0,0,0,1,0,0,153,164,154,156,229,78,0,0,116,97,106,213,0,0,0,0,0,0,0,0,0,0,1,0,0,3,0,21,169,160,155,167,189,170,117,181,216,198,218,158,0,0,0,0,0,0,0,0,0,0,0,0,1,4,0,127,173,163,178,177,198,199,222,204,182,185,194,130,45,0,0,0,0,0,0,0,0,0,0,2,7,0,10,197,165,163,187,165,209,197,209,192,194,190,193,16,97,0,0,0,0,0,0,0,0,0,0,1,2,0,122,172,156,172,171,150,209,204,207,206,192,192,226,5,0,0,0,0,0,0,0,0,0,0,0,5,0,20,187,160,162,183,163,167,209,199,206,216,181,184,237,89,0,0,0,0,0,0,0,0,0,3,3,0,0,146,165,157,176,184,159,172,210,209,205,203,188,185,199,188,0,0,0,0,0,0,0,0,0,0,7,0,97,198,155,163,177,163,158,183,217,213,203,207,188,193,191,232,15,0,0,0,0,0,0,0,1,0,0,47,200,151,168,159,164,158,169,191,217,211,200,198,190,193,193,232,73,0,0,1,2,2,5,5,0,0,35,185,157,154,160,162,162,166,185,193,200,215,190,180,190,199,193,233,110,0,4,0,0,0,0,0,0,64,177,152,150,168,156,161,174,183,183,183,190,191,178,181,201,200,196,233,108,0,0,0,6,15,32,79,132,175,152,140,156,157,170,168,171,173,176,185,196,202,199,194,201,190,187,229,93,0,51,143,152,159,154,147,135,134,143,153,151,158,165,172,184,192,198,196,190,189,186,191,196,193,195,243,96,17,160,155,145,143,133,137,143,150,158,159,166,173,178,185,186,184,191,219,221,212,219,220,226,225,204,243,108,122,189,158,168,165,164,158,168,172,164,171,167,182,192,202,219,225,255,190,201,234,222,228,221,213,206,243,111,136,232,236,222,206,200,191,186,182,184,198,211,221,221,188,155,72,4,0,95,234,210,217,213,209,203,215,111,0,11,99,185,198,214,227,226,231,234,216,188,205,83,0,0,0,0,0,141,250,226,255,255,255,218,255,134,0,0,0,0,0,0,3,12,25,30,2,0,0,0,0,1,3,5,0,28,89,69,66,64,57,54,68,5,0,0,0,0,0,0,0,0,0,0,0,0,0,0,0,0,0,0,0,0,0,0,0,0,0,0,0,0,0,0,0,0,0,0,0,0,0,0,0,0,0,0,0,0,0,0,0,0,0,0,0,0,0,0,0,0,0,0,0,0,0,0,0,0,0,0,0,0,0,0,0,0,0,0,0,0,0,0,0,0,0,0,0,0,0,0,0,0,0,0,0,0,0,0,0,0,0,0,0,0,0,0,0,0,0,0,0,0,0,0,0,0,6
0,0,0,0,0,0,0,0,0,0,0,0,0,0,0,0,0,0,0,0,0,0,0,0,0,0,0,0,0,0,0,0,0,0,0,0,0,0,0,0,0,0,0,0,0,0,0,0,0,0,0,0,0,0,0,0,0,0,0,0,0,0,0,0,0,0,0,0,0,0,0,0,0,0,0,0,0,0,0,0,0,0,0,0,0,0,0,0,0,0,0,0,0,0,0,0,0,0,0,0,0,0,0,0,0,0,0,0,0,0,0,0,0,0,0,0,0,0,0,0,0,0,0,0,0,0,0,0,0,0,0,0,0,0,0,0,0,0,0,0,0,0,0,0,0,0,0,0,0,0,0,0,0,0,0,0,0,0,0,0,0,0,0,0,0,0,0,0,0,0,0,0,0,0,0,0,0,0,0,0,0,0,0,0,0,0,0,0,0,0,0,0,7,99,0,0,0,0,0,0,0,0,0,0,0,0,0,0,0,4,0,0,10,2,0,0,0,0,2,0,4,181,103,0,0,0,0,0,0,0,0,0,0,0,0,0,0,5,0,0,175,155,173,122,0,0,0,0,0,0,162,0,0,0,0,0,0,0,0,0,0,0,0,0,0,3,0,47,162,159,153,190,203,153,92,86,199,158,131,0,0,0,0,0,0,0,0,0,0,0,0,0,2,0,0,127,161,157,158,202,219,224,233,200,186,200,151,0,0,0,0,0,0,0,0,0,0,0,0,1,0,0,80,189,161,163,155,220,213,221,216,177,185,192,138,0,0,0,0,0,3,1,0,0,0,1,6,0,0,54,160,157,157,153,166,231,214,234,211,178,189,194,113,0,0,0,0,0,0,0,0,0,3,0,0,0,93,145,142,163,144,145,188,237,218,240,199,178,186,189,129,0,0,0,1,2,4,5,0,0,0,0,31,128,142,130,158,158,157,145,202,242,228,241,183,182,183,181,172,0,0,3,0,0,0,0,0,0,15,103,154,132,138,157,155,160,170,139,213,219,213,227,164,182,186,182,210,16,0,0,0,1,14,28,65,118,157,154,128,130,147,157,161,167,164,158,224,197,205,208,152,180,179,178,214,61,0,75,136,158,164,171,174,161,131,139,150,151,158,158,168,170,152,191,254,232,253,210,166,187,183,182,226,74,38,139,144,143,135,124,128,131,136,148,145,149,158,161,171,167,152,189,216,195,206,174,164,182,181,175,199,41,60,163,155,160,163,158,163,166,174,172,168,172,175,171,173,171,169,167,159,155,162,160,177,181,178,169,189,42,3,129,155,173,180,204,209,204,204,212,211,212,209,210,211,210,208,210,214,213,214,211,209,204,199,181,205,20,0,0,10,40,82,103,122,139,147,146,144,144,145,134,129,123,118,111,107,109,108,109,114,116,119,123,115,0,0,0,0,0,0,0,0,0,0,0,0,0,0,0,0,0,0,0,0,0,0,0,0,0,0,0,0,0,0,0,0,0,0,0,0,0,0,0,0,0,0,0,0,0,0,0,0,0,0,0,0,0,0,0,0,0,0,0,0,0,0,0,0,0,0,0,0,0,0,0,0,0,0,0,0,0,0,0,0,0,0,0,0,0,0,0,0,0,0,0,0,0,0,0,0,0,0,0,0,0,0,0,0,0,0,0,0,0,0,0,0,0,0,0,0,0,0,0,0,0,0,0,0,0,0,0,0,0,0,0,0,0,0,0,0,0,0,0,0,0,0,0,0,0,0,0,0,0,0,0,0,0,0,0,0,0,0,0,0,0,0,0,0,0,0,0,0,0,6
0,0,0,0,0,0,0,0,0,0,0,0,0,0,0,0,0,0,0,0,0,0,0,0,0,0,0,0,0,0,0,0,0,0,0,0,0,0,0,0,0,0,0,0,0,0,0,0,0,0,61,142,192,176,50,0,0,0,0,0,0,0,0,0,0,0,0,3,0,63,149,134,110,53,9,0,117,255,255,224,219,239,238,0,0,0,0,0,0,0,0,0,0,0,0,5,0,171,239,219,221,218,234,229,228,215,202,201,202,230,105,0,0,0,0,0,0,0,0,0,0,0,0,6,0,138,228,204,212,215,218,213,218,218,224,223,221,236,20,0,0,0,0,0,0,0,0,0,0,0,0,0,0,120,241,211,228,217,213,220,225,219,221,219,227,216,0,0,0,0,0,0,0,0,0,0,0,0,0,0,0,137,239,210,221,217,220,227,221,221,219,225,236,235,0,0,0,0,0,0,0,0,0,0,0,0,0,0,0,153,244,217,218,215,225,226,224,222,218,224,233,227,0,0,0,0,0,0,0,0,0,0,0,0,0,0,0,164,241,215,220,217,231,232,229,227,221,222,230,255,104,0,0,0,0,0,0,0,0,0,0,0,4,0,26,255,232,233,219,221,229,231,228,225,223,230,239,251,202,0,0,0,0,0,0,0,0,0,0,0,3,0,82,230,211,245,244,242,242,244,237,231,232,240,236,248,237,0,0,0,0,0,0,0,0,0,0,0,0,0,138,243,221,218,222,226,222,225,229,229,239,239,247,239,255,51,0,0,0,0,0,0,0,0,0,6,0,28,255,217,222,233,229,227,236,238,238,243,246,232,219,220,255,71,0,0,0,0,0,0,0,0,0,0,0,172,241,200,213,222,223,226,221,226,242,199,199,192,167,212,255,103,0,0,0,0,0,0,0,0,0,0,44,233,215,224,224,223,219,216,212,214,230,206,214,246,239,217,255,133,0,0,0,0,0,0,0,0,0,25,255,215,209,212,226,232,226,220,222,205,222,214,232,248,240,202,255,76,0,0,0,0,2,6,0,0,30,255,220,207,203,199,203,205,219,230,226,225,232,199,216,191,203,221,255,92,0,0,3,1,0,0,0,82,255,218,204,204,205,203,206,206,206,211,214,213,220,214,213,192,216,236,250,133,1,4,0,0,0,63,195,220,213,205,204,200,206,219,212,206,206,209,210,211,213,242,245,249,243,229,248,112,0,0,20,127,202,202,197,193,200,199,199,203,207,209,210,204,207,214,209,217,223,225,227,225,224,226,237,32,0,112,227,207,198,192,186,203,195,191,197,208,207,208,206,215,213,218,220,215,241,229,221,221,235,242,238,0,24,237,173,76,161,217,210,215,210,202,205,213,220,219,224,222,229,222,221,255,149,227,248,227,181,105,0,0,90,240,180,143,174,220,217,220,221,218,216,222,226,223,225,225,230,226,255,99,0,0,98,40,0,0,0,0,165,230,221,228,245,235,226,224,216,215,214,222,227,229,228,227,235,242,92,0,0,0,0,0,0,10,2,0,127,243,226,220,225,229,230,232,230,224,220,222,226,227,230,250,217,58,0,0,0,4,8,7,0,0,2,0,0,111,245,232,255,255,255,249,245,243,251,255,255,255,255,158,0,0,0,1,0,0,0,0,0,0,2,0,0,0,0,39,95,119,157,181,193,193,176,143,121,63,0,0,0,0,0,0,0,0,0,0,0,0,0,0,0,0,0,0,0,0,0,0,0,0,0,0,0,0,0,0,0,0,0,0,0,0,0,0,0,0,0,0,6
0,0,0,0,0,0,0,0,0,0,0,0,0,0,0,0,0,0,0,0,0,0,0,0,0,0,0,0,0,0,0,0,0,0,0,0,0,0,0,0,0,0,0,0,0,0,0,0,0,0,0,0,0,0,0,0,0,0,0,0,0,0,0,0,0,0,0,0,0,0,0,0,0,0,0,0,0,0,0,0,0,0,0,0,0,0,0,0,0,0,0,0,0,0,0,0,0,0,0,0,0,0,0,0,0,0,0,0,0,0,0,0,0,0,0,0,0,0,0,0,0,0,0,0,0,0,0,0,0,0,0,0,0,0,0,0,0,0,0,0,0,0,0,0,0,0,0,0,0,0,0,0,0,0,0,0,0,133,111,0,0,0,0,0,0,0,27,0,0,0,0,0,0,0,0,0,0,0,0,0,0,0,2,0,7,216,251,255,113,47,32,0,0,60,86,0,0,0,0,0,0,0,0,0,0,0,0,0,0,0,4,0,109,236,233,227,255,255,255,255,204,208,211,69,0,0,0,0,0,0,0,0,0,0,0,0,0,2,0,0,201,227,236,215,208,211,218,225,225,193,185,0,0,0,0,0,0,0,0,0,0,0,0,0,0,2,0,91,225,233,233,213,221,220,220,227,211,201,177,0,0,0,0,0,0,0,0,0,0,0,0,1,0,0,6,183,199,246,216,209,214,221,217,230,203,218,133,0,0,0,0,0,0,0,0,0,0,0,0,2,0,0,150,205,229,240,214,222,221,222,218,230,188,219,125,0,0,0,0,0,0,0,0,0,0,0,4,0,0,102,204,191,248,232,219,222,221,222,227,232,186,227,130,0,0,0,0,0,0,0,0,0,2,3,0,0,69,189,176,215,242,223,216,215,215,219,224,231,187,213,162,0,0,0,0,1,1,3,6,0,0,0,0,130,192,186,242,235,239,221,216,212,212,212,232,220,211,214,196,0,0,3,0,0,0,0,0,0,0,72,175,199,191,241,234,232,230,222,224,216,218,222,217,246,253,212,216,10,0,0,0,0,0,0,50,122,213,206,183,223,239,235,229,241,236,208,216,225,214,212,222,232,222,215,216,59,0,64,148,150,175,217,245,238,130,87,225,244,228,225,226,234,245,244,241,227,238,249,246,212,228,208,213,92,9,195,205,186,163,111,87,0,0,157,238,218,232,239,249,249,227,212,232,241,242,242,234,240,252,210,222,75,83,244,241,229,216,191,189,187,246,255,238,245,255,233,191,164,151,154,164,170,154,161,172,172,181,185,225,18,0,59,177,202,224,233,228,230,238,233,230,221,209,210,231,255,255,255,253,234,230,216,219,203,196,194,236,31,0,0,0,0,34,88,133,151,179,213,216,215,212,188,144,74,29,11,0,28,255,220,228,230,241,239,255,53,0,2,0,0,0,0,0,0,0,0,1,0,0,0,0,0,0,0,0,0,187,144,144,139,126,116,105,0,0,0,0,0,0,0,0,0,0,0,0,0,0,0,0,0,0,0,0,0,0,0,0,0,0,0,0,0,0,0,0,0,0,0,0,0,0,0,0,0,0,0,0,0,0,0,0,0,0,0,0,0,0,0,0,0,0,0,0,0,0,0,0,0,0,0,0,0,0,0,0,0,0,0,0,0,0,0,0,0,0,0,0,0,0,0,0,0,0,0,0,0,0,0,0,0,0,0,0,0,0,0,0,0,0,0,0,0,0,0,0,0,0,0,0,0,0,0,0,0,0,0,0,0,0,0,0,0,0,0,0,0,0,0,0,0,0,0,0,0,6
0,0,0,0,0,0,0,0,0,0,0,0,0,0,0,0,0,0,0,0,0,0,0,0,0,0,0,0,0,0,0,0,0,0,0,0,0,0,0,0,0,0,0,0,0,0,0,0,0,0,0,0,0,0,0,0,0,0,0,0,0,0,0,0,0,0,0,0,0,0,0,0,0,0,0,0,0,0,0,0,0,0,0,0,0,0,0,0,0,0,0,0,0,0,0,0,0,0,0,0,0,0,0,0,0,0,0,0,0,0,0,0,0,0,0,0,0,0,0,0,0,0,0,0,0,0,0,0,0,0,0,0,0,0,0,0,0,0,0,0,0,0,0,0,0,0,0,0,0,0,0,2,0,0,112,120,107,120,163,136,99,148,141,136,84,66,0,0,0,0,0,0,0,0,0,0,0,0,0,2,0,0,183,201,209,241,232,205,238,243,227,225,225,213,14,0,0,0,0,0,0,0,0,0,0,0,0,2,0,0,161,186,200,205,207,184,196,207,214,211,216,179,0,0,0,0,0,0,0,0,0,0,0,0,0,2,0,0,184,191,204,189,187,186,212,205,212,207,211,180,0,0,0,0,0,0,0,0,0,0,0,0,0,1,0,0,165,194,163,174,193,184,212,207,210,207,218,212,0,0,0,0,0,0,0,0,0,0,0,0,0,1,0,0,168,174,153,182,210,189,215,205,207,213,219,190,0,0,0,0,0,0,0,0,0,0,1,0,0,2,0,9,175,161,194,190,203,191,213,204,199,219,211,216,36,0,0,0,0,0,0,1,1,0,2,0,9,0,0,149,175,182,179,176,190,183,206,215,219,223,204,219,121,0,0,0,0,0,0,1,0,1,1,1,0,11,165,163,164,187,154,165,192,192,207,215,220,216,199,210,191,0,0,0,0,1,1,3,3,0,0,0,12,158,178,158,152,161,164,179,206,207,210,212,212,204,198,203,224,0,0,4,1,0,0,0,0,0,8,81,152,150,154,155,159,170,177,189,205,210,205,210,201,184,199,197,200,49,0,0,0,0,0,9,72,145,168,160,138,128,138,165,170,181,180,184,217,209,206,206,188,188,193,197,207,82,0,77,138,141,169,165,155,168,157,171,163,165,160,168,166,182,188,189,211,194,193,199,189,186,193,198,213,71,58,167,156,152,163,154,157,173,174,181,180,181,169,163,181,187,192,200,197,183,178,178,177,175,178,189,226,14,84,159,134,137,151,153,172,200,173,177,176,172,177,173,182,188,191,195,192,193,195,200,198,197,192,195,198,0,58,193,190,157,155,147,160,182,180,186,188,192,188,181,187,197,204,214,255,194,189,202,197,193,188,195,161,0,0,15,151,181,201,190,182,190,194,191,194,200,195,209,210,180,149,78,18,0,172,217,196,201,198,214,164,0,0,0,0,0,55,120,197,177,179,186,186,177,204,135,40,0,0,0,0,0,120,170,126,127,110,122,66,0,0,1,0,0,0,0,0,0,0,0,0,0,0,0,0,0,0,5,1,0,0,0,0,0,0,0,0,0,0,0,0,0,0,0,0,0,0,0,0,0,0,0,0,0,0,0,0,0,0,0,0,0,0,0,0,0,0,0,0,0,0,0,0,0,0,0,0,0,0,0,0,0,0,0,0,0,0,0,0,0,0,0,0,0,0,0,0,0,0,0,0,0,0,0,0,0,0,0,0,0,0,0,0,0,0,0,0,0,0,0,0,0,0,0,0,0,0,0,0,0,0,0,0,0,0,0,0,0,0,0,0,0,0,0,0,0,0,0,0,0,6
0,0,0,0,0,0,0,0,0,0,0,0,0,0,0,0,0,0,0,0,0,0,0,0,0,0,0,0,0,0,0,0,0,0,0,0,0,0,0,0,0,0,0,0,0,0,0,0,0,0,0,0,0,0,0,0,0,0,0,0,0,0,0,0,0,0,0,0,0,0,0,0,0,0,0,0,0,0,0,0,0,0,0,0,0,0,0,0,0,0,0,0,0,0,0,0,0,0,0,0,0,0,0,0,0,0,0,0,0,0,0,0,0,0,0,0,0,0,0,0,0,0,0,0,0,0,0,0,0,0,0,0,0,0,0,0,0,0,0,0,0,0,0,0,0,0,0,0,0,0,0,0,0,0,0,0,117,192,6,0,0,0,0,0,1,0,0,0,0,0,0,0,0,0,0,0,0,0,0,0,0,0,0,151,251,145,149,85,25,21,13,4,0,0,0,0,0,0,0,0,0,0,0,0,0,1,0,0,0,0,218,241,179,122,242,159,73,84,57,32,7,0,0,0,0,0,0,0,0,0,0,0,0,0,0,0,0,157,206,205,203,182,141,107,70,109,46,20,124,50,0,4,0,0,0,0,0,0,0,0,0,0,0,0,95,209,180,214,186,201,187,136,138,143,168,177,225,106,0,1,0,0,0,0,0,0,0,0,0,0,0,38,201,185,186,200,201,194,201,207,195,205,210,201,220,147,0,0,2,0,0,0,0,1,1,0,0,0,103,216,216,193,173,185,194,197,185,197,184,170,181,204,204,182,0,0,0,0,0,4,6,2,3,0,0,144,232,181,221,213,185,211,230,164,205,186,202,207,203,190,193,224,29,0,0,5,0,0,0,0,0,0,14,206,220,200,192,217,228,180,196,196,233,200,211,190,193,171,207,242,92,0,0,0,0,5,32,44,75,177,255,194,200,241,176,183,225,241,154,221,232,222,217,215,167,197,209,230,172,0,0,31,167,209,215,217,202,186,177,201,192,215,230,180,183,239,194,150,233,184,217,226,175,188,217,220,214,0,0,215,205,214,205,210,203,183,183,143,216,188,184,199,215,174,223,242,204,122,225,226,211,190,226,214,228,52,77,196,179,187,200,228,190,175,196,164,134,215,202,208,188,195,176,211,217,245,217,218,189,215,228,209,210,101,128,218,183,172,167,174,177,172,163,179,145,182,206,204,211,198,212,226,210,211,212,195,178,213,189,188,207,153,37,219,194,190,183,178,172,198,202,199,221,226,224,220,210,208,207,204,205,201,193,188,190,186,194,201,219,73,0,130,223,213,196,187,179,204,218,219,217,213,202,199,207,211,213,210,203,204,207,212,220,220,215,226,144,0,0,0,49,154,222,211,209,195,198,201,205,204,209,233,199,133,53,20,16,18,22,15,89,195,94,28,0,0,0,0,0,0,30,70,200,206,230,233,196,252,125,0,0,0,0,0,0,0,0,0,0,0,0,0,0,0,0,1,2,0,0,0,0,0,0,0,0,0,0,0,0,2,2,2,1,2,2,2,2,2,4,6,0,0,0,0,0,0,0,0,0,0,0,0,0,0,0,0,0,0,0,0,0,0,0,0,0,0,0,0,0,0,0,0,0,0,0,0,0,0,0,0,0,0,0,0,0,0,0,0,0,0,0,0,0,0,0,0,0,0,0,0,0,0,0,0,0,0,0,0,0,0,0,0,0,0,0,0,0,0,0,0,0,0,0,0,0,0,0,0,0,0,0,0,0,0,0,0,0,0,0,0,0,0,0,0,0,0,0,0,0,0,0,0,0,0,6
0,0,0,0,0,0,0,0,0,0,0,0,0,0,0,0,0,0,0,0,0,0,0,0,0,0,0,0,0,0,0,0,0,0,0,0,0,0,0,0,0,0,0,0,0,0,0,0,0,0,0,0,0,0,0,0,0,0,0,0,0,0,0,0,0,0,0,0,0,0,0,0,0,0,0,0,0,0,0,0,0,0,0,0,0,0,0,0,0,0,0,0,0,0,0,0,0,0,0,0,0,0,0,0,0,0,0,0,0,0,0,0,0,0,0,0,0,0,0,0,0,0,0,0,0,0,0,0,0,0,0,0,0,0,0,0,0,0,0,0,0,0,0,0,0,0,0,0,0,0,1,1,0,3,0,30,171,163,51,0,0,0,0,0,0,0,0,0,0,0,0,0,0,0,0,0,0,0,0,0,0,8,0,65,187,181,201,175,207,182,117,80,56,43,26,0,0,0,0,0,0,0,0,0,0,0,0,0,0,6,0,103,187,170,211,230,235,220,184,181,177,203,145,0,0,0,0,0,0,0,0,0,0,0,1,0,0,3,0,147,180,170,208,221,234,206,163,168,168,206,117,0,0,0,0,0,0,0,0,0,0,0,1,0,2,0,0,198,156,166,216,237,210,180,158,180,162,206,82,0,0,0,0,0,0,0,0,0,0,0,0,0,2,0,98,210,147,186,231,225,180,178,159,161,147,196,58,0,0,0,0,0,0,0,0,0,0,1,0,2,0,0,196,162,172,215,231,211,207,206,181,162,166,190,69,0,0,0,0,0,0,0,0,0,0,1,0,5,0,107,191,143,186,223,228,244,226,181,177,196,199,218,101,0,0,0,0,0,0,0,0,0,0,0,3,0,40,193,147,169,213,232,229,225,181,156,148,156,153,187,153,0,0,0,0,0,0,0,0,0,0,5,0,0,170,166,178,218,233,206,184,183,186,160,170,183,157,181,195,0,0,0,0,0,0,0,0,0,0,0,0,142,173,177,217,228,184,176,250,229,95,93,186,215,197,185,221,0,1,1,0,0,0,0,2,0,0,0,116,221,170,188,195,137,139,15,6,52,91,186,201,197,185,182,234,25,0,0,0,1,7,6,0,0,181,178,162,128,146,161,140,171,237,236,215,233,214,198,193,196,190,186,202,49,1,3,0,0,0,0,0,51,110,155,169,115,154,150,207,206,219,212,182,176,189,197,193,197,190,184,204,63,0,0,0,7,30,53,103,129,95,148,200,148,195,168,161,211,231,234,235,251,243,185,165,160,152,178,223,38,0,69,129,133,154,165,162,148,137,129,188,213,183,205,244,241,218,200,154,127,100,113,120,129,133,162,180,0,84,186,161,155,154,158,162,167,187,210,226,232,233,212,175,154,154,192,197,193,216,204,217,219,211,218,229,0,88,174,177,185,186,190,211,205,217,220,218,201,159,155,198,216,170,108,34,65,252,232,235,233,229,232,255,0,0,0,39,56,86,109,126,146,162,159,161,145,138,108,49,0,0,0,0,16,236,193,186,177,160,173,120,0,0,0,0,0,0,0,0,0,0,0,0,0,0,0,0,0,0,0,0,0,0,0,0,0,0,0,0,0,0,0,0,0,0,0,0,0,0,0,0,0,0,0,0,0,0,0,0,0,0,0,0,0,0,0,0,0,0,0,0,0,0,0,0,0,0,0,0,0,0,0,0,0,0,0,0,0,0,0,0,0,0,0,0,0,0,0,0,0,0,0,0,0,0,0,0,0,0,0,0,0,0,0,0,0,0,0,0,0,0,0,0,0,6
0,0,0,0,0,0,0,0,0,0,0,0,0,0,0,0,0,0,0,0,0,0,0,0,0,0,0,0,0,0,0,0,0,0,0,0,0,0,0,0,0,0,0,0,0,0,0,0,0,0,0,0,0,0,0,0,0,0,0,0,0,0,0,0,0,0,0,0,0,0,0,0,0,0,0,0,0,0,0,0,0,0,0,0,0,0,0,0,0,0,0,0,0,0,0,0,0,0,0,0,0,0,0,0,0,0,0,0,0,0,0,0,0,0,0,0,0,0,0,0,0,0,0,0,0,0,0,0,0,0,0,0,0,0,0,0,0,0,0,0,0,0,0,0,0,0,0,0,0,0,0,0,0,0,0,0,0,0,0,0,0,0,0,0,0,0,0,0,0,0,0,0,0,0,0,0,0,0,0,0,0,0,0,0,0,0,0,0,1,2,1,0,0,77,14,0,0,0,0,0,0,0,0,0,0,0,0,0,0,1,0,0,5,37,29,0,0,0,0,0,0,249,68,0,0,0,0,0,0,0,0,0,0,0,0,0,0,2,0,0,155,148,175,87,62,110,112,77,122,204,50,0,0,0,0,0,0,0,0,0,0,0,0,0,0,6,0,64,143,133,114,200,250,241,243,250,181,192,115,0,0,0,0,0,0,0,0,0,0,0,0,0,1,0,0,157,155,146,112,202,225,216,222,230,168,180,131,0,0,0,0,0,0,0,0,0,0,0,0,0,1,0,82,155,121,121,124,234,230,222,231,255,145,181,128,0,0,0,0,0,0,0,0,0,2,0,0,4,0,20,150,97,113,111,148,247,222,228,235,251,128,183,136,0,0,0,0,0,0,0,1,0,0,6,10,0,0,140,142,108,130,101,190,243,224,231,232,247,120,154,178,0,0,0,2,2,2,2,3,1,4,0,0,0,113,119,95,126,115,92,218,229,227,231,227,240,133,128,194,21,1,1,0,0,0,0,0,0,0,0,55,128,122,97,102,129,109,116,254,220,211,218,252,211,112,129,174,63,0,0,0,7,1,1,4,35,79,114,139,116,97,100,152,141,127,108,230,240,234,233,199,119,120,133,151,119,0,113,133,115,113,122,125,120,109,98,89,101,104,106,140,124,119,98,108,130,149,141,121,138,153,139,153,144,44,145,123,124,119,107,109,102,96,96,96,104,122,122,139,156,147,148,147,141,147,150,145,146,143,141,160,123,180,242,180,155,134,108,115,115,122,101,102,101,103,127,133,122,114,124,135,128,152,162,169,167,169,167,209,109,27,143,217,241,229,203,178,163,149,117,112,118,114,150,161,180,207,223,237,222,223,226,237,237,227,225,244,114,0,0,0,43,145,193,219,229,234,233,224,228,227,227,226,212,219,179,82,195,244,230,249,250,253,231,251,143,0,0,0,0,0,0,0,13,45,63,71,72,68,49,18,0,0,0,0,73,207,179,178,171,167,157,182,45,0,0,0,0,0,0,0,0,0,0,0,0,0,0,0,0,0,0,0,0,0,0,0,0,0,0,0,0,0,0,0,0,0,0,0,0,0,0,0,0,0,0,0,0,0,0,0,0,0,0,0,0,0,0,0,0,0,0,0,0,0,0,0,0,0,0,0,0,0,0,0,0,0,0,0,0,0,0,0,0,0,0,0,0,0,0,0,0,0,0,0,0,0,0,0,0,0,0,0,0,0,0,0,0,0,0,0,0,0,0,0,0,0,0,0,0,0,0,0,0,0,0,0,0,0,0,0,0,0,0,0,0,0,0,0,0,0,0,0,0,6
0,0,0,0,0,0,0,0,0,0,0,0,0,0,0,0,0,0,0,0,0,0,0,0,0,0,0,0,0,0,0,0,0,0,0,0,0,0,0,0,0,0,0,0,0,0,0,0,0,0,0,0,0,0,0,0,0,0,0,0,0,0,0,0,0,0,0,0,0,0,0,0,0,0,0,0,0,0,0,0,0,0,0,0,0,0,0,0,0,0,0,0,0,0,0,0,0,0,0,0,0,0,0,0,0,0,0,0,0,0,0,0,0,0,0,0,0,0,0,0,0,0,0,0,1,0,1,12,17,9,9,15,18,10,12,18,21,28,0,0,0,0,0,0,0,0,0,0,0,1,0,0,0,0,62,132,51,12,57,65,59,57,62,57,50,67,9,0,0,0,0,0,0,0,0,0,0,0,1,1,0,0,162,209,109,68,92,82,59,86,95,65,46,62,7,0,0,0,0,0,0,0,0,0,0,0,0,4,0,10,226,204,115,57,89,75,78,109,115,90,39,64,15,0,0,0,0,0,0,0,0,0,0,0,0,3,0,0,189,192,178,53,39,42,50,67,64,61,46,65,0,0,0,0,0,0,0,0,0,0,0,0,0,1,0,73,240,195,193,197,132,189,214,233,214,233,220,231,7,0,0,0,0,0,0,0,0,0,0,0,0,0,0,92,192,229,179,219,245,253,233,198,200,201,203,192,0,0,1,0,0,0,0,0,0,0,0,3,4,0,0,145,190,245,162,165,173,175,195,175,187,193,214,198,0,0,0,0,0,0,0,0,0,0,0,0,0,0,45,179,172,206,222,247,236,214,198,198,233,239,233,255,0,0,0,0,0,0,0,0,0,0,1,0,0,67,214,75,92,148,139,123,153,175,186,197,228,212,181,251,57,0,0,0,1,0,0,1,0,0,0,0,73,181,103,107,145,173,186,206,237,247,240,222,187,186,159,233,112,0,1,0,0,0,0,0,0,0,4,64,89,89,162,179,201,223,229,231,198,176,181,178,175,184,178,220,140,0,0,9,84,103,98,84,73,95,120,148,164,209,237,226,217,195,176,175,165,181,206,203,181,178,183,219,179,0,0,100,170,115,117,118,139,131,112,159,201,172,153,167,175,179,179,186,189,215,229,208,170,165,178,209,195,0,0,143,148,129,128,123,126,136,125,129,140,159,183,178,193,192,175,173,165,189,208,190,184,183,201,204,217,10,68,186,170,175,186,168,148,145,140,162,173,175,176,176,173,192,200,201,208,225,236,228,228,228,233,211,231,43,56,203,167,170,172,187,200,203,197,200,201,193,200,211,212,217,228,253,253,220,192,187,187,181,165,159,168,40,1,70,153,200,197,176,183,184,187,190,198,195,198,222,226,183,126,101,45,89,165,134,150,143,142,148,193,73,0,0,0,26,98,140,168,189,193,186,181,176,181,128,7,0,0,0,0,34,214,176,179,193,190,183,156,37,1,0,0,0,0,0,0,1,12,17,10,10,14,0,0,0,0,0,0,7,50,23,18,29,20,1,0,0,0,0,0,0,0,0,0,0,0,0,0,0,0,0,0,0,0,0,0,0,0,0,0,0,0,0,0,0,0,0,0,0,0,0,0,0,0,0,0,0,0,0,0,0,0,0,0,0,0,0,0,0,0,0,0,0,0,0,0,0,0,0,0,0,0,0,0,0,0,0,0,0,0,0,0,0,0,0,0,0,0,0,0,0,0,0,0,0,0,0,0,0,0,0,0,0,0,0,0,0,0,0,0,0,0,0,0,0,0,0,0,0,6
0,0,0,0,0,0,0,0,0,0,0,0,0,0,0,0,0,0,0,0,0,0,0,0,0,0,0,0,0,0,0,0,0,0,0,0,0,0,0,0,0,70,84,87,99,103,96,92,81,76,75,60,67,71,0,0,0,0,0,0,0,0,0,0,0,0,1,0,0,144,157,154,167,165,152,157,160,162,161,144,159,146,0,0,0,0,0,0,0,0,0,0,0,0,0,0,0,137,143,142,126,137,149,134,124,138,133,118,135,64,0,0,0,0,0,0,0,0,0,0,0,0,0,0,0,142,142,144,136,136,134,136,125,130,136,134,121,35,0,0,0,0,0,0,0,0,0,0,0,0,1,0,0,169,162,162,165,153,149,145,125,129,113,118,146,40,0,0,0,0,0,0,0,0,0,0,0,0,2,0,0,114,113,112,107,109,102,70,143,223,199,187,220,34,0,0,0,0,0,0,0,0,0,0,0,1,2,0,22,87,69,67,88,100,53,142,234,196,193,190,176,48,0,0,0,0,0,0,0,0,0,0,0,0,1,0,42,145,86,95,114,58,152,236,198,196,195,196,175,95,0,0,0,0,0,0,0,0,0,0,0,0,0,0,47,155,118,93,67,145,239,194,202,201,191,207,185,127,7,0,0,0,0,0,0,0,0,0,0,0,0,0,97,141,181,109,145,237,201,203,195,199,196,207,177,120,79,0,0,0,0,0,0,0,0,0,0,1,0,19,160,128,159,158,200,224,196,193,203,200,199,209,163,113,132,0,0,0,0,0,0,0,0,0,0,6,0,39,161,132,154,158,137,178,216,193,187,202,194,207,160,104,134,23,0,0,0,0,0,0,0,0,0,0,0,104,153,145,155,159,151,133,177,225,209,195,193,211,165,97,132,58,0,0,0,0,0,0,0,0,0,0,27,154,133,149,154,154,163,166,107,114,232,216,194,216,152,111,142,58,0,0,0,0,0,0,0,0,0,0,110,183,126,147,155,170,162,112,79,70,103,207,209,204,136,114,150,53,0,0,1,3,1,0,0,0,0,75,132,191,181,129,177,152,101,79,93,100,89,77,188,202,103,137,166,38,0,0,0,1,0,0,0,0,25,137,136,196,219,188,99,87,93,102,93,109,101,77,87,170,147,137,141,0,0,3,3,0,0,0,0,10,121,125,138,209,200,255,127,51,111,103,97,81,89,158,170,28,89,143,112,0,0,0,0,0,0,0,23,104,117,111,130,219,200,195,245,121,56,109,76,135,175,77,0,0,25,170,96,0,0,10,33,43,58,64,96,96,100,114,111,184,194,184,200,237,127,26,152,150,0,0,0,0,45,170,77,0,43,112,80,80,84,64,67,95,103,120,116,143,209,201,200,199,210,187,105,0,0,1,1,0,47,170,52,0,116,144,111,107,92,88,83,93,107,109,120,124,158,216,208,188,216,122,0,0,0,1,3,0,52,170,22,0,118,194,171,150,140,137,127,121,119,126,129,140,137,147,175,212,108,0,0,0,0,0,3,0,67,171,4,0,0,53,155,191,191,168,152,145,135,138,142,143,145,118,171,142,0,0,0,0,0,0,3,0,71,158,0,0,0,0,0,21,100,188,227,214,194,175,165,165,163,207,135,0,0,0,0,0,0,0,4,0,100,209,0,0,0,0,0,0,0,0,0,54,99,128,134,120,105,34,0,0,0,0,0,0,0,0,1,0,35,91,0,0,0,0,0,0,0,0,0,0,0,0,0,0,0,0,0,0,0,0,0,0,0,0,0,0,0,0,0,0,6
0,0,0,0,0,0,0,0,0,0,0,0,0,0,0,0,0,0,0,0,0,0,0,0,0,0,0,0,0,0,0,0,0,0,0,0,0,0,0,0,0,0,0,0,0,0,0,0,0,0,0,0,0,0,0,0,0,0,0,0,0,0,0,0,0,0,0,0,1,0,0,76,109,25,0,0,0,1,1,0,1,74,0,0,0,0,0,0,0,0,0,0,0,0,1,1,0,0,43,80,146,233,47,0,0,0,0,0,0,119,25,0,0,0,0,0,0,0,0,0,0,0,1,2,0,4,30,90,175,196,202,108,90,67,23,1,0,28,26,0,0,0,0,0,0,0,0,0,0,0,0,1,0,17,85,159,178,186,187,164,178,173,141,142,184,164,0,0,0,0,0,0,0,0,0,0,0,0,0,1,0,0,221,211,194,187,209,228,181,191,207,190,170,195,0,0,0,0,0,0,0,0,0,0,0,0,1,1,0,37,212,195,174,175,236,234,251,232,220,229,171,120,0,0,0,0,0,0,0,0,0,0,0,0,0,0,0,157,216,223,183,191,244,226,231,186,200,235,208,221,29,0,0,0,0,0,0,0,0,0,0,0,0,0,92,122,12,54,240,190,203,218,227,235,217,208,198,195,15,0,0,0,0,0,0,0,0,0,0,0,1,0,72,164,37,73,250,100,164,183,157,113,164,156,198,127,0,0,0,0,0,0,0,1,1,0,0,0,0,0,68,244,218,249,167,36,139,112,166,119,127,175,134,118,0,0,1,0,0,0,0,1,0,1,0,27,46,29,213,195,184,177,201,210,217,196,207,140,131,172,182,223,11,0,1,0,0,0,0,0,0,0,0,41,160,178,211,148,172,189,178,248,244,239,229,211,232,230,206,200,34,0,0,0,0,0,0,0,0,0,28,92,156,189,185,160,184,217,220,209,214,243,236,239,247,229,195,204,65,0,0,0,0,0,0,1,0,10,76,171,217,221,243,199,207,245,239,226,206,237,233,237,221,212,195,206,148,0,0,0,0,1,1,0,0,63,123,208,216,237,212,196,185,223,210,235,243,234,243,235,205,251,208,194,190,0,0,2,0,0,0,0,74,122,176,225,243,204,203,255,231,228,227,238,239,239,235,205,236,248,233,191,200,0,0,0,0,0,0,0,124,52,133,220,210,200,210,188,201,228,230,222,232,255,249,220,238,241,243,202,180,0,0,23,115,112,112,123,74,97,159,184,150,183,190,216,233,242,229,183,170,172,175,189,193,197,212,213,239,47,0,182,202,164,155,105,68,208,217,190,176,237,253,253,244,197,155,169,190,217,222,218,211,206,200,192,214,39,48,204,204,193,195,204,203,190,203,226,253,253,221,184,157,180,221,237,255,234,190,187,193,195,203,205,229,46,81,180,190,216,215,214,212,225,255,245,217,186,181,204,220,223,236,221,148,99,229,199,204,207,210,207,226,51,22,196,184,181,189,193,202,205,210,206,200,210,213,213,233,175,87,0,0,0,236,204,202,202,205,203,204,70,0,0,77,158,211,225,206,206,205,208,211,208,229,179,38,0,0,0,0,0,244,208,200,215,208,211,237,53,0,0,0,0,0,32,99,113,147,161,126,88,28,0,0,0,2,2,0,0,95,67,24,49,31,33,0,0,0,1,2,0,0,0,0,0,0,0,0,0,0,0,2,0,1,1,0,0,0,0,0,0,0,0,0,0,0,0,0,0,0,0,0,0,0,0,0,0,0,0,0,0,0,0,0,0,0,0,0,0,0,0,0,0,6
0,0,0,0,0,0,0,0,0,0,0,0,0,0,0,0,0,0,0,0,0,0,0,0,0,0,0,0,0,0,0,0,0,0,0,0,0,0,0,0,0,0,0,0,0,0,0,0,0,0,0,0,0,0,0,0,0,0,0,0,0,0,0,0,0,0,0,0,0,0,0,0,0,0,0,0,0,0,0,0,0,0,0,0,0,0,0,0,0,0,0,0,0,0,0,0,0,0,0,0,0,0,0,0,0,0,0,0,0,0,0,0,0,0,0,0,0,0,0,0,0,4,0,2,0,0,0,0,0,0,0,0,0,0,0,0,73,25,0,0,0,0,0,0,0,0,0,0,2,0,1,2,0,0,7,10,9,19,30,43,111,206,255,214,248,133,0,2,0,0,0,0,0,0,0,0,0,1,0,0,0,104,255,220,255,255,255,237,240,231,230,220,247,219,0,0,0,0,0,0,0,0,0,0,0,0,0,0,0,224,229,214,219,217,219,227,222,205,242,243,105,38,0,0,0,0,0,0,0,0,0,0,0,0,3,0,28,255,211,217,220,218,229,254,211,255,189,83,0,0,0,0,0,0,0,0,0,0,0,0,0,0,3,0,127,255,210,223,224,216,255,107,0,0,0,0,0,0,0,3,0,0,0,0,0,0,0,0,0,0,0,0,228,226,213,222,217,215,255,0,0,0,0,3,0,4,0,0,0,0,0,0,0,0,0,0,0,0,0,76,255,206,218,208,205,204,255,35,0,6,5,0,0,0,0,0,0,0,0,0,0,0,0,0,0,0,0,213,240,213,208,204,203,186,255,85,0,0,0,0,0,76,227,190,0,0,0,0,0,0,0,0,0,0,63,255,204,215,211,208,208,191,255,159,0,0,33,156,255,231,239,89,0,0,0,0,0,0,0,0,0,0,221,233,209,216,219,218,217,211,254,192,11,231,255,241,211,189,232,54,0,0,0,0,1,0,0,0,0,114,255,205,218,218,223,225,225,228,227,219,255,255,124,191,177,184,249,33,0,0,0,0,0,2,0,0,49,255,218,220,213,222,226,230,229,222,230,255,178,0,43,230,185,184,248,22,0,0,1,2,0,0,0,64,255,223,214,207,216,226,231,229,227,243,255,121,0,0,112,228,184,191,241,13,0,1,0,0,0,23,167,255,218,210,210,212,219,225,239,220,250,255,72,0,0,0,125,228,185,191,239,1,2,2,0,101,198,255,243,213,209,215,215,219,229,240,216,243,255,56,0,0,0,0,135,230,186,198,234,0,0,0,0,224,232,198,206,216,210,207,216,221,228,224,235,255,66,0,0,2,0,0,157,228,185,202,224,0,57,70,0,152,213,208,199,206,207,218,227,221,206,218,255,113,0,0,0,0,0,0,167,209,191,199,219,0,115,255,215,228,226,223,221,214,208,204,210,219,221,255,178,0,0,0,0,2,0,0,184,201,186,198,196,0,0,0,30,121,206,221,249,255,255,255,255,255,255,178,0,0,0,0,0,3,0,6,247,210,197,245,209,0,0,0,0,0,0,0,0,22,43,77,121,91,45,0,0,1,0,0,0,0,0,0,102,105,88,101,73,0,0,0,0,0,0,0,0,0,0,0,0,0,0,0,0,0,0,0,0,0,0,0,0,0,0,0,0,0,0,0,0,0,0,0,0,0,0,0,0,0,0,0,0,0,0,0,0,0,0,0,0,0,0,0,0,0,0,0,0,0,0,0,0,0,0,0,0,0,0,0,0,0,0,0,0,0,0,0,0,0,0,0,0,0,6
0,0,0,0,0,0,0,0,0,0,0,0,0,0,0,0,0,0,0,0,0,0,0,0,0,0,0,0,0,0,0,0,0,0,0,0,0,0,0,0,0,0,0,0,0,0,0,0,0,0,0,0,0,0,0,0,0,0,0,0,0,0,0,0,0,0,0,0,0,0,0,0,0,0,0,0,0,0,0,0,0,0,0,0,0,0,0,0,0,0,0,0,0,0,0,0,0,0,0,0,0,0,0,0,0,0,0,0,0,0,0,0,0,0,0,0,0,0,0,0,0,0,0,0,0,0,0,0,45,0,0,0,1,0,0,0,0,0,0,0,0,0,0,0,0,0,0,0,0,0,0,0,0,6,0,18,228,179,25,0,3,3,1,4,7,3,0,0,0,0,0,0,0,0,0,0,0,0,0,0,0,0,0,138,250,254,255,0,0,0,0,0,0,0,0,0,0,0,0,0,0,0,0,0,0,0,0,0,0,0,13,255,237,239,176,0,0,0,0,6,96,14,0,0,0,0,0,0,0,0,0,0,1,0,0,0,0,0,191,244,238,239,192,164,218,216,218,218,253,129,0,0,0,0,0,0,0,0,0,0,0,0,0,2,0,114,255,229,239,237,239,253,247,241,199,211,212,199,0,0,0,0,0,0,0,0,0,0,0,0,2,0,0,255,246,236,238,241,236,238,206,218,210,206,200,234,31,0,0,0,0,0,0,0,0,0,0,0,0,0,98,255,219,230,221,226,227,235,203,220,214,196,210,244,126,0,0,0,0,0,0,0,0,0,0,2,0,18,252,242,222,231,217,220,221,207,200,219,219,209,221,228,234,0,0,0,0,0,0,0,0,0,0,0,0,177,255,226,227,238,232,228,222,210,217,223,181,91,115,235,251,47,0,0,0,0,0,0,0,0,0,0,117,241,230,233,234,234,229,225,218,219,232,212,116,0,91,255,239,105,0,1,3,2,2,0,0,0,0,58,228,247,237,236,234,233,233,230,224,233,238,228,231,227,230,223,230,118,3,0,0,0,0,0,0,0,0,210,239,236,229,233,236,231,231,231,239,242,248,235,218,212,200,206,242,119,0,0,0,0,0,0,0,0,96,255,241,232,228,241,238,232,232,242,230,204,183,190,202,205,210,212,255,130,0,134,219,158,122,99,100,159,195,199,218,231,242,243,223,218,202,176,181,215,241,240,236,219,213,193,251,120,35,229,243,226,218,202,170,191,220,217,234,244,234,205,187,181,215,255,255,173,167,250,216,210,210,206,253,109,206,255,222,232,231,233,239,242,243,245,240,216,185,182,227,255,219,100,0,0,120,255,208,218,207,203,254,99,44,204,242,248,236,233,222,223,222,217,201,201,229,255,203,48,0,0,0,0,173,231,197,200,195,196,253,80,0,0,21,130,219,255,255,255,255,255,255,255,240,100,0,0,0,2,0,0,224,238,237,244,243,244,255,95,2,0,0,0,0,0,37,66,91,103,83,38,0,0,0,1,2,0,0,0,125,136,121,122,111,103,112,0,0,0,0,0,0,0,0,0,0,0,0,0,0,0,0,0,0,0,0,0,0,0,0,0,0,0,0,0,0,0,0,0,0,0,0,0,0,0,0,0,0,0,0,0,0,0,0,0,0,0,0,0,0,0,0,0,0,0,0,0,0,0,0,0,0,0,0,0,0,0,0,0,0,0,0,0,0,0,0,0,0,0,0,0,0,0,0,0,0,0,0,0,0,0,0,0,0,0,0,0,0,0,0,0,0,0,0,0,0,0,0,0,6
0,0,0,0,0,0,0,0,0,0,0,0,0,0,0,0,0,0,0,0,0,0,0,0,0,0,0,0,0,0,0,0,0,0,0,0,0,0,0,0,0,0,0,0,0,0,0,0,0,0,0,0,0,0,0,0,0,0,0,0,0,0,0,0,0,0,0,0,0,0,0,0,0,0,0,0,0,0,0,0,0,0,0,0,0,0,0,0,0,0,0,0,0,0,0,0,0,0,2,0,0,0,0,1,0,0,24,206,118,0,0,0,0,0,0,0,0,0,0,0,0,0,1,7,7,4,0,8,6,0,0,0,0,0,194,231,148,0,0,1,0,0,0,0,0,0,0,0,0,1,0,0,0,0,0,0,0,0,0,23,161,209,185,167,107,73,0,0,0,0,0,0,0,0,0,0,1,0,0,88,126,151,164,169,111,11,134,205,211,185,168,185,209,194,0,0,0,0,0,0,0,0,0,0,4,0,26,205,218,215,228,192,49,192,206,190,180,181,207,181,194,215,88,0,0,0,0,0,0,0,0,0,5,0,72,200,198,204,218,157,0,182,200,191,174,183,188,145,145,211,194,0,0,0,0,0,0,0,0,0,0,0,146,210,202,208,210,231,250,224,196,189,170,181,172,138,141,208,224,77,0,0,0,0,0,0,0,2,0,0,216,208,203,205,226,173,93,226,178,175,172,185,175,173,194,210,200,150,0,0,0,0,0,0,0,4,0,40,205,203,205,196,243,132,0,246,177,175,183,187,216,217,219,205,209,158,0,0,0,0,2,0,0,0,0,115,209,203,202,190,240,118,0,249,183,189,183,201,222,215,211,191,213,135,0,0,0,0,1,0,0,0,0,180,207,203,200,196,238,94,3,223,194,190,185,202,208,184,191,197,228,117,0,0,0,0,0,0,3,0,39,202,200,199,197,200,205,132,253,208,197,194,161,184,195,205,220,205,225,90,0,0,1,2,2,4,0,0,164,203,197,195,192,202,191,116,234,178,188,161,181,231,223,217,204,198,235,54,3,3,0,0,0,0,0,104,217,189,197,197,193,220,170,133,226,167,166,226,239,121,220,207,208,204,231,38,0,0,0,0,36,56,126,186,170,182,190,192,193,228,154,144,194,171,218,234,0,0,255,208,209,200,227,28,0,65,141,160,170,173,176,166,166,175,192,199,194,231,140,159,179,218,196,0,0,12,250,204,205,201,221,5,57,182,185,171,153,88,114,181,170,184,201,210,203,231,117,165,212,213,0,0,0,13,213,203,204,205,210,0,135,211,198,199,204,164,150,183,191,198,204,207,196,206,188,204,198,0,0,4,0,12,206,204,204,205,196,0,166,193,197,204,211,221,213,206,213,206,204,204,196,205,201,216,70,0,0,2,0,6,204,204,204,206,182,0,153,211,189,188,194,195,189,195,196,198,202,199,206,196,218,152,0,0,0,3,0,0,201,201,204,210,154,0,1,153,200,213,203,202,198,192,189,192,191,190,192,216,182,0,0,4,0,4,0,0,190,207,195,206,133,0,0,0,13,111,185,219,240,245,244,239,245,212,206,213,16,0,7,0,0,3,0,0,202,219,215,230,113,0,3,0,0,0,0,0,25,48,64,74,77,45,29,0,0,0,0,2,0,1,0,0,104,91,86,78,14,0,0,0,0,0,0,0,0,0,0,0,0,0,0,0,0,0,0,0,0,0,0,0,0,0,0,0,0,0,0,0,0,0,0,0,0,0,0,0,0,0,0,0,0,0,0,0,0,0,0,0,0,0,0,0,0,0,6
0,0,0,0,0,0,0,0,0,0,0,0,0,0,0,0,0,0,0,0,0,0,0,0,0,0,0,0,0,0,0,0,0,0,0,0,0,0,0,0,0,0,0,0,0,0,0,0,0,0,0,0,0,0,0,0,0,0,0,0,0,0,0,0,0,0,0,0,1,0,23,52,0,0,0,0,0,0,0,0,0,0,20,0,0,0,0,0,0,0,0,0,0,0,0,0,4,0,49,216,187,231,220,205,196,199,190,180,186,188,230,59,0,0,0,0,0,0,0,0,0,0,0,0,1,0,42,199,212,197,179,162,168,181,180,188,186,174,166,42,0,0,0,0,0,0,0,0,0,0,0,0,1,0,74,198,187,190,176,170,171,170,174,179,166,167,193,24,0,0,0,0,0,0,0,0,0,0,0,0,2,0,83,218,207,189,180,178,181,177,167,178,185,169,185,0,0,0,0,0,0,0,0,0,0,0,0,0,0,0,113,210,197,200,183,183,186,186,178,178,171,171,166,0,0,0,0,0,0,0,0,0,0,0,0,0,0,0,124,236,194,198,181,182,180,182,179,181,160,173,171,0,0,0,0,0,0,0,0,0,0,0,2,0,18,171,131,221,198,199,199,193,188,187,191,182,164,174,163,0,0,0,0,0,0,0,0,0,0,0,6,0,117,212,196,208,207,186,178,178,176,176,190,182,190,191,114,0,0,0,0,0,0,0,0,0,0,1,0,0,142,74,163,211,212,212,209,202,197,195,197,197,171,239,61,0,0,0,0,0,0,0,0,0,0,3,0,28,62,94,163,218,187,179,173,177,184,178,181,181,165,233,36,0,0,0,0,0,0,0,0,0,0,4,0,46,0,87,220,206,201,198,198,200,190,173,165,174,171,225,82,0,0,0,0,0,0,0,0,0,0,2,0,41,0,185,216,179,197,195,200,185,168,171,180,172,164,192,164,0,0,0,0,0,0,0,0,0,0,0,0,0,98,215,190,194,175,176,174,176,170,173,179,174,179,191,212,1,0,0,0,0,2,0,0,0,0,0,0,67,209,170,182,174,168,182,184,173,179,187,193,208,201,195,224,66,1,0,0,0,3,0,0,1,0,0,27,201,175,167,167,179,188,185,182,181,182,190,202,198,180,180,221,79,0,1,5,5,7,2,0,0,0,40,161,174,184,176,170,178,175,167,178,194,189,191,211,217,170,141,211,53,0,0,0,0,0,0,0,0,80,145,116,196,206,165,172,182,196,209,209,211,208,194,204,199,197,192,223,39,0,0,51,73,62,54,96,140,129,141,153,173,181,187,207,219,223,217,212,191,169,181,178,190,198,193,206,37,0,154,154,106,148,164,128,86,95,161,195,206,220,215,222,212,207,182,163,173,205,197,185,185,185,178,201,32,19,191,182,154,126,83,73,97,146,171,190,219,216,226,223,194,169,180,227,227,184,193,188,184,188,182,206,33,103,206,195,198,198,198,173,132,147,167,192,207,213,205,184,180,231,217,115,0,0,211,189,185,188,182,204,35,12,146,183,193,198,200,210,209,209,201,216,221,211,188,193,241,115,0,0,0,2,210,180,184,184,180,209,38,0,0,11,84,144,189,216,224,230,222,219,219,211,227,197,37,0,0,2,0,40,255,197,234,230,223,228,51,0,0,0,0,0,0,15,62,105,124,150,153,148,80,0,0,0,0,0,0,5,79,52,42,28,23,1,0,0,0,0,0,0,0,0,0,0,0,0,0,0,0,0,0,0,0,0,0,0,0,0,0,0,0,0,0,6
0,0,0,0,0,0,0,0,0,0,0,0,0,0,0,0,0,0,0,0,0,0,0,0,0,0,0,0,0,0,0,0,0,0,0,0,0,0,0,0,0,0,0,0,0,0,2,0,1,0,0,0,0,0,0,0,0,0,0,0,0,0,0,0,0,0,0,0,0,0,0,0,0,0,0,1,1,0,64,140,19,0,5,0,0,0,0,0,0,0,0,0,0,0,1,0,0,0,0,0,0,2,6,1,0,5,226,252,116,0,7,0,0,0,0,0,0,0,0,0,0,0,1,1,1,2,1,6,4,0,0,0,0,31,201,225,177,0,0,1,0,0,0,0,0,0,0,0,0,0,1,1,4,4,1,0,0,0,51,125,191,233,197,218,188,0,0,1,0,0,0,0,0,0,0,0,0,0,2,4,0,0,0,25,117,179,228,229,195,227,164,224,212,0,0,0,0,0,0,0,0,0,0,0,0,1,0,0,7,95,168,224,245,246,208,149,44,0,104,233,232,175,0,0,0,0,0,0,0,0,0,0,2,0,0,114,198,238,250,229,157,72,0,0,0,0,74,226,213,232,82,0,0,0,0,0,0,0,0,0,7,0,106,255,231,192,123,5,0,0,0,0,4,0,22,201,220,221,254,0,0,0,0,0,0,0,0,1,1,0,185,202,35,0,0,0,6,6,3,0,4,0,0,186,217,211,229,92,0,0,0,0,0,0,0,3,0,0,223,155,0,0,0,0,0,0,0,0,0,0,0,126,205,210,226,125,0,0,0,0,0,0,0,5,0,10,227,225,139,0,0,0,0,3,2,0,4,0,0,123,212,215,227,102,0,0,0,0,0,0,0,4,0,205,211,209,232,173,0,0,4,4,6,0,0,0,6,47,191,218,255,24,0,0,0,0,0,0,6,0,47,247,0,119,228,229,192,3,0,0,0,5,1,17,97,225,219,221,211,0,0,0,0,0,0,0,7,0,173,105,0,0,146,231,221,222,72,0,3,3,76,198,251,228,212,235,114,0,1,0,0,0,0,0,0,0,240,164,0,0,0,137,228,216,233,129,0,165,234,185,104,205,225,227,28,0,1,0,0,0,9,4,0,0,198,236,0,0,0,0,155,213,219,231,204,220,49,0,0,131,238,199,0,0,0,0,0,0,0,0,0,27,199,223,94,86,149,185,192,218,213,225,222,11,0,4,0,83,247,154,0,0,0,0,2,0,42,194,255,235,202,218,216,235,248,255,255,226,211,232,47,0,4,5,0,65,252,117,0,1,3,4,0,0,255,192,155,225,214,217,217,233,219,176,152,180,243,102,0,11,1,11,0,40,247,67,0,7,0,0,0,37,255,99,35,255,209,225,209,217,176,39,0,255,158,0,0,0,0,6,0,34,247,25,0,6,69,172,114,139,229,164,19,255,214,221,217,240,251,235,217,255,0,0,2,0,0,6,0,32,240,16,0,6,147,255,222,216,211,228,150,219,204,239,171,140,221,215,243,160,0,6,0,0,0,6,0,29,234,13,0,5,28,198,233,234,227,220,221,213,215,226,219,201,218,226,210,1,0,3,0,0,0,5,0,54,233,13,0,5,0,0,44,150,197,225,237,234,236,227,226,225,223,245,77,0,8,0,0,0,0,7,0,70,250,14,0,5,4,0,0,0,0,15,77,158,217,246,224,223,212,131,0,0,0,0,0,0,0,4,0,43,143,2,0,2,0,2,7,0,0,0,0,0,0,0,0,0,0,0,0,0,0,0,0,0,0,0,0,0,0,0,0,0,6
0,0,0,0,0,0,0,0,0,0,0,0,0,0,0,0,0,0,0,0,0,0,0,0,0,0,0,0,0,0,0,0,0,0,0,0,0,0,0,0,0,0,0,0,0,0,0,0,0,0,0,0,0,0,0,0,0,0,0,0,0,0,0,0,0,0,0,0,0,0,0,0,0,0,0,0,0,0,0,0,0,0,0,0,0,0,0,0,0,0,0,0,0,0,0,0,0,0,0,0,0,0,0,0,0,0,0,0,0,0,0,0,0,0,0,0,0,0,0,0,0,0,0,0,0,0,0,0,0,0,0,0,0,0,0,0,0,0,0,0,0,0,0,0,0,0,0,0,0,0,0,0,0,0,0,0,0,0,0,0,0,0,0,0,0,0,0,0,0,0,0,0,0,0,0,0,0,0,0,0,0,0,0,0,74,0,0,0,0,0,0,0,0,0,0,0,0,0,0,0,1,0,0,0,0,0,0,0,0,5,0,69,156,146,44,0,0,0,0,0,0,118,163,0,0,0,0,0,0,0,2,3,0,0,2,2,0,4,0,5,117,198,188,172,84,0,0,92,197,231,190,20,0,0,0,0,0,0,0,0,2,1,0,0,2,0,1,0,0,70,223,196,173,72,121,219,208,123,0,0,0,0,0,0,0,1,6,0,0,0,3,0,2,0,0,2,0,0,83,203,213,221,216,176,10,0,0,0,0,0,0,0,0,0,0,0,36,6,0,1,0,0,0,0,0,0,0,8,220,215,255,197,0,0,6,0,0,0,0,0,0,0,58,137,171,156,0,0,0,2,0,1,2,4,0,91,255,227,0,0,0,0,0,0,5,3,0,0,95,139,151,75,0,179,34,0,2,4,0,0,0,0,0,203,232,85,0,16,55,84,100,23,0,0,0,0,83,63,101,107,170,255,129,0,0,0,0,0,30,89,162,214,193,228,251,255,255,219,217,92,36,93,48,14,154,205,216,234,215,204,181,0,7,77,147,221,252,255,241,203,210,211,215,210,208,194,194,54,96,255,216,200,197,197,185,201,201,202,219,222,244,250,217,210,206,206,209,217,213,216,214,215,219,193,229,47,47,192,186,202,207,205,209,213,220,222,217,216,209,200,197,201,209,214,217,215,216,215,216,218,212,192,229,35,43,224,187,190,197,202,206,205,204,205,205,202,202,208,207,205,208,211,213,215,215,213,215,216,212,193,224,31,45,231,183,192,199,202,208,211,211,207,208,207,207,209,205,203,205,206,208,213,212,210,214,216,211,192,224,33,41,239,203,204,205,209,203,202,205,208,208,209,211,203,201,200,202,204,208,212,212,210,211,212,207,192,219,32,0,11,92,171,211,231,240,238,241,243,243,246,249,248,248,244,239,241,247,249,254,255,255,255,249,239,255,44,0,0,0,0,0,19,48,87,106,111,103,95,93,63,47,41,39,38,38,39,40,41,49,50,53,57,62,0,0,0,0,0,0,0,0,0,0,0,0,0,0,0,0,0,0,0,0,0,0,0,0,0,0,0,0,0,0,0,0,0,0,0,0,0,0,0,0,0,0,0,0,0,0,0,0,0,0,0,0,0,0,0,0,0,0,0,0,0,0,0,0,0,0,0,0,0,0,0,0,0,0,0,0,0,0,0,0,0,0,0,0,0,0,0,0,0,0,0,0,0,0,0,0,0,0,0,0,0,0,0,0,0,0,0,0,0,0,0,0,0,0,0,0,0,0,0,0,0,0,0,0,0,0,0,0,0,0,0,0,0,0,0,0,0,0,0,0,0,6
0,0,0,0,0,0,0,0,0,0,0,0,0,0,0,0,0,0,0,0,0,0,0,0,0,0,0,0,0,0,0,0,0,0,0,0,0,0,0,0,0,0,0,0,0,0,0,0,0,0,0,0,0,0,0,0,0,0,0,0,0,0,0,0,0,0,0,0,0,2,0,0,0,0,0,1,1,2,4,0,125,118,0,0,0,0,0,0,0,0,0,0,0,0,0,0,0,0,0,0,0,0,0,0,0,0,0,0,0,117,14,0,0,0,0,0,0,0,0,0,0,0,0,0,0,6,0,70,221,215,163,115,109,75,16,126,143,246,35,0,0,0,0,0,0,0,0,0,0,0,0,0,0,5,0,69,254,238,243,255,255,255,255,234,253,200,0,0,0,0,0,0,0,0,0,0,0,0,0,0,0,2,0,44,242,232,226,211,213,213,224,218,234,173,0,0,0,0,0,0,0,0,0,0,0,0,0,0,0,2,0,35,255,230,220,215,218,225,227,216,241,160,0,0,0,0,0,0,0,0,0,0,0,0,0,0,0,5,0,57,255,221,217,220,226,230,228,214,255,162,0,0,0,0,0,0,0,0,0,0,0,0,0,0,0,6,0,100,255,220,235,231,233,232,230,214,255,161,0,0,0,0,0,0,0,0,0,0,0,0,0,0,0,2,0,143,255,218,241,230,231,231,231,216,255,159,0,0,0,0,0,0,0,0,0,0,0,0,0,0,0,0,0,212,255,230,240,233,236,238,234,224,247,171,0,0,0,0,0,0,0,0,0,0,0,0,0,0,0,0,58,255,229,236,237,233,236,237,234,236,236,238,0,0,0,0,0,0,0,0,0,0,0,0,0,3,0,0,238,242,227,237,237,233,234,234,234,229,214,255,30,0,0,0,0,0,0,0,0,0,0,0,0,0,0,192,248,221,227,238,239,232,233,232,236,228,209,255,117,0,0,0,0,0,0,0,0,0,0,0,0,0,154,255,213,229,238,241,236,233,234,242,220,214,214,232,230,0,0,0,0,0,0,0,0,0,1,0,0,126,255,216,221,227,227,239,239,239,232,226,205,209,208,212,255,31,0,0,0,0,0,0,1,1,0,0,112,255,208,209,221,233,225,229,236,221,205,197,176,185,192,214,255,67,1,3,2,1,0,0,0,0,0,111,255,194,203,216,220,240,235,233,239,237,241,245,248,238,243,228,253,60,0,0,0,0,0,0,0,28,139,237,196,215,226,232,227,238,236,239,238,228,218,210,216,220,232,226,255,45,0,22,40,57,80,92,131,180,162,179,200,203,223,231,223,242,242,210,204,202,210,224,221,215,216,224,255,75,101,235,205,187,147,97,179,145,159,207,212,195,209,230,241,224,208,226,252,255,242,224,227,223,223,230,255,56,205,251,228,224,224,223,229,201,193,205,225,236,243,233,203,232,255,238,83,110,255,221,214,223,229,230,255,28,39,167,220,240,233,234,227,237,228,228,233,231,226,231,255,231,78,0,0,74,255,208,209,208,214,219,242,22,0,0,0,87,189,236,255,255,255,255,255,255,255,230,92,0,0,0,0,124,255,255,255,255,255,255,255,34,0,0,0,0,0,0,17,47,56,57,54,41,20,0,0,0,1,1,0,20,80,58,65,61,63,63,74,0,0,0,0,0,0,0,0,0,0,0,0,0,0,0,0,0,0,0,0,0,0,0,0,0,0,0,0,0,0,0,0,0,0,0,0,0,0,0,0,0,0,0,0,0,0,0,0,0,0,0,0,0,0,0,0,0,6
0,0,0,0,0,0,0,0,0,0,0,0,0,0,0,0,0,0,0,0,0,0,0,0,0,0,0,0,0,0,0,0,0,0,0,0,0,0,0,0,0,0,0,0,0,0,0,0,0,0,0,0,0,0,0,0,0,0,0,0,0,0,0,0,0,0,0,0,0,0,0,0,0,0,0,0,0,0,0,0,0,0,0,0,0,0,0,0,0,0,0,0,0,0,0,0,0,0,0,0,0,0,0,0,0,0,0,0,0,0,0,0,0,0,0,0,0,0,0,0,0,0,0,0,0,1,1,1,6,4,1,0,0,0,0,0,0,0,110,131,0,0,0,0,0,0,0,0,0,0,0,0,0,0,0,0,0,0,0,1,0,0,0,2,0,24,145,59,0,0,0,0,0,0,0,0,0,0,0,0,0,1,0,0,74,4,0,0,0,0,0,0,0,128,56,0,0,0,0,0,0,0,0,0,0,0,0,0,0,3,0,18,245,241,144,0,0,0,0,66,184,227,26,0,0,0,0,0,0,0,0,0,0,0,0,0,0,9,0,72,249,238,243,164,171,148,110,218,251,204,2,0,0,0,0,0,0,0,0,0,0,0,0,0,0,4,0,137,255,237,233,218,228,232,237,232,230,194,0,0,0,0,0,0,0,0,0,0,0,0,0,0,0,0,0,216,248,233,227,187,188,191,200,229,228,214,0,0,0,0,0,0,0,0,0,0,0,0,0,0,0,0,5,255,229,220,204,189,205,194,215,234,223,218,0,0,0,0,0,0,0,0,0,0,0,0,0,0,0,0,148,255,223,233,199,194,203,200,217,223,217,251,0,0,0,0,0,0,0,0,0,0,0,0,0,2,0,33,255,234,238,239,200,202,206,204,222,218,211,255,75,0,0,0,0,0,0,0,0,0,0,2,0,0,13,247,234,233,248,231,197,206,202,202,226,233,226,228,204,0,0,0,0,1,1,0,0,3,3,0,0,40,237,219,220,235,248,233,208,217,202,205,216,230,211,217,255,10,0,4,9,3,0,0,0,0,0,0,104,208,135,193,213,205,217,206,175,183,190,194,175,198,204,228,255,63,0,0,0,0,0,0,5,18,77,169,204,110,114,200,187,125,118,154,156,164,185,154,164,168,226,227,246,90,0,0,82,91,113,134,134,120,87,82,146,156,176,185,175,124,141,215,239,244,235,255,255,255,255,209,251,75,34,214,227,176,114,66,31,36,51,98,148,156,177,197,197,231,255,255,235,227,222,204,197,192,190,195,219,9,106,248,222,241,243,236,248,236,220,198,184,190,216,238,244,235,198,164,172,189,183,199,202,210,212,215,246,32,106,230,240,228,225,229,226,227,231,234,234,236,233,218,211,211,227,255,255,255,243,213,216,205,210,209,234,37,0,9,101,194,235,255,255,255,251,250,255,255,255,255,255,255,200,136,38,10,255,255,255,255,255,255,255,47,0,0,0,0,0,0,50,73,103,128,132,129,116,75,32,0,0,0,0,0,122,102,69,62,48,31,16,0,0,0,0,0,0,0,0,0,0,0,0,0,0,0,0,0,0,0,0,0,0,0,0,0,0,0,0,0,0,0,0,0,0,0,0,0,0,0,0,0,0,0,0,0,0,0,0,0,0,0,0,0,0,0,0,0,0,0,0,0,0,0,0,0,0,0,0,0,0,0,0,0,0,0,0,0,0,0,0,0,0,0,0,0,0,0,0,0,0,0,0,0,0,0,0,0,0,0,0,0,0,0,0,0,0,0,0,0,0,0,0,0,6
0,0,0,0,0,0,0,0,0,0,0,0,0,0,0,0,0,0,0,0,0,0,0,0,0,0,0,0,0,0,0,0,0,0,0,0,0,0,0,0,0,0,0,0,0,0,0,0,0,0,0,15,52,0,6,0,0,0,0,0,0,0,0,0,0,0,0,0,1,2,3,2,3,3,7,2,2,0,0,198,214,0,0,2,0,0,0,0,0,0,0,0,0,2,0,0,0,0,0,0,0,0,0,0,0,0,200,255,228,37,0,3,0,0,0,0,0,0,0,0,0,1,1,0,0,0,0,0,0,5,35,32,0,208,255,203,0,0,3,0,0,0,0,0,0,0,0,0,0,0,5,0,142,231,210,219,180,224,243,255,226,247,241,182,0,0,2,0,0,0,0,0,0,0,0,0,0,0,6,0,198,255,252,255,199,249,254,213,234,245,255,238,0,0,7,0,0,0,0,0,0,0,0,0,0,0,0,0,44,69,77,88,75,80,201,210,236,243,245,17,0,4,0,0,0,0,0,0,0,0,0,0,0,0,0,0,0,0,0,0,0,0,0,251,255,193,0,0,0,0,15,168,0,0,0,0,0,0,0,0,0,0,0,1,6,8,2,2,5,0,42,255,252,168,0,0,0,87,255,210,0,0,0,0,0,0,0,0,0,1,0,0,0,0,0,0,4,0,91,252,252,125,0,129,249,255,248,160,0,0,0,0,0,0,0,0,0,0,0,0,1,0,0,0,3,0,119,255,236,196,232,255,246,227,255,147,0,0,0,0,0,0,0,0,0,1,0,0,0,0,0,0,3,0,167,246,250,254,194,255,236,224,255,120,0,0,0,0,0,0,3,4,1,3,2,1,0,0,0,6,0,0,143,255,247,0,107,255,231,229,255,104,0,0,0,0,4,5,0,0,0,0,0,0,2,1,2,2,3,16,230,220,0,0,156,255,228,228,255,69,0,0,0,0,0,0,0,62,49,74,47,1,0,0,0,0,0,213,224,0,0,0,140,255,232,230,255,54,2,0,0,0,2,122,248,255,199,95,58,79,43,0,0,0,223,238,0,0,6,0,138,255,234,234,255,45,0,4,0,28,255,255,254,237,248,255,148,41,33,58,6,128,255,0,0,0,2,0,132,255,234,236,255,36,0,0,0,193,255,77,122,255,232,252,255,254,150,53,45,255,59,0,1,0,3,0,127,255,236,238,255,20,15,136,140,255,252,242,172,242,251,250,238,255,255,232,239,188,0,9,0,0,3,0,121,255,238,240,255,3,101,255,247,244,247,255,213,224,255,240,246,244,234,240,246,6,0,7,0,0,4,0,118,255,238,240,255,0,31,239,240,246,248,244,255,254,249,247,246,243,236,251,209,0,0,0,0,0,4,0,113,255,238,244,255,0,0,255,250,241,245,252,250,244,252,249,254,251,243,255,77,0,7,0,0,0,4,0,108,255,240,247,255,0,0,216,255,255,251,247,239,246,246,243,237,244,255,251,0,0,0,0,0,0,4,0,106,255,237,246,255,0,0,0,81,205,255,255,255,255,255,255,255,255,255,78,0,0,0,1,0,0,9,0,122,255,255,255,255,0,0,0,0,0,0,56,138,200,236,235,214,170,52,0,0,0,0,0,0,0,3,0,8,182,171,171,143,0,0,2,1,0,0,0,0,0,0,0,0,0,0,0,0,0,0,0,0,0,0,0,0,0,0,0,0,0,0,0,0,0,0,0,0,0,0,0,0,0,0,0,0,0,0,0,0,0,0,0,0,0,0,0,0,0,6
0,0,0,0,0,0,0,0,0,0,0,0,0,0,0,0,0,0,0,0,0,0,0,0,0,0,0,0,0,0,0,0,0,0,0,0,0,0,0,0,0,0,0,0,0,0,0,0,0,0,0,0,0,0,0,0,0,0,0,0,0,0,0,0,0,0,0,0,0,0,0,0,0,0,0,0,0,0,0,0,0,0,0,0,0,0,0,0,0,0,0,0,0,0,0,0,0,0,0,0,0,0,0,0,0,0,0,0,0,0,0,0,0,0,0,0,0,0,0,0,0,0,0,0,0,0,0,0,0,0,0,0,0,0,0,0,0,0,0,0,0,0,0,0,0,0,0,0,0,0,0,0,0,0,0,0,0,0,0,0,0,0,0,0,0,0,0,0,0,0,0,0,0,0,0,0,0,0,0,0,0,0,0,0,0,21,217,123,0,0,0,0,0,0,0,0,0,0,0,0,0,0,0,0,0,0,0,0,0,8,1,0,14,200,202,183,237,165,85,24,0,0,0,0,0,0,0,0,0,0,0,0,0,0,0,0,0,0,1,0,189,221,178,186,199,217,219,219,197,191,133,0,0,0,0,0,0,0,0,0,0,0,0,0,0,4,0,2,165,211,158,197,175,181,178,189,198,231,166,6,0,0,0,0,0,0,0,0,0,0,0,0,0,0,60,246,206,190,152,189,217,224,221,205,199,212,219,78,0,0,0,0,0,0,0,0,0,0,0,0,0,0,229,199,171,184,168,162,175,180,207,212,201,211,211,0,0,1,0,0,1,0,0,3,0,0,0,0,4,255,183,183,198,175,181,192,166,159,142,143,132,214,101,0,0,0,2,4,2,3,0,0,1,0,0,90,253,182,194,186,165,155,182,178,176,188,166,175,180,237,116,0,0,0,0,0,0,0,0,0,0,0,102,243,193,183,169,166,177,177,184,181,181,178,186,174,145,188,145,0,0,0,11,0,0,0,0,38,126,245,221,194,186,175,172,184,192,192,183,177,161,152,159,157,156,190,198,0,0,142,217,196,187,224,240,211,219,207,175,141,158,156,158,155,162,162,160,156,162,182,158,169,169,184,213,0,13,222,197,185,189,193,196,187,178,191,187,143,167,173,171,173,177,181,186,193,190,169,159,165,148,178,252,0,34,152,167,173,183,157,156,175,171,166,183,184,180,173,175,177,178,174,169,174,197,184,203,199,188,189,208,10,131,157,90,88,121,212,211,185,182,174,178,177,186,195,206,220,227,236,233,206,220,202,195,173,148,115,104,18,1,92,143,135,102,90,138,175,181,203,206,212,209,195,187,168,141,113,86,77,67,61,58,51,55,60,129,111,0,0,0,35,109,109,117,86,87,79,74,69,76,81,90,95,93,92,137,132,134,145,145,148,136,146,158,75,2,0,0,0,0,0,37,67,122,110,138,124,123,108,40,1,0,0,77,93,74,70,49,48,39,20,0,0,0,0,0,0,0,0,0,0,0,0,0,0,0,0,0,0,0,0,0,0,0,0,0,0,0,0,0,0,0,0,0,0,0,0,0,0,0,0,0,0,0,0,0,0,0,0,0,0,0,0,0,0,0,0,0,0,0,0,0,0,0,0,0,0,0,0,0,0,0,0,0,0,0,0,0,0,0,0,0,0,0,0,0,0,0,0,0,0,0,0,0,0,0,0,0,0,0,0,0,0,0,0,0,0,0,0,0,0,0,0,0,0,0,0,0,0,0,0,0,0,0,0,0,0,0,0,0,0,0,0,0,0,0,0,0,0,0,0,0,0,6
0,0,0,0,0,0,0,0,0,0,0,0,0,0,0,0,0,0,0,0,0,0,0,0,0,0,0,0,0,0,0,0,0,0,0,0,0,0,0,0,0,0,0,0,0,0,0,0,0,0,0,0,0,0,0,0,0,0,0,0,0,0,0,0,0,0,0,0,0,0,0,0,0,0,0,0,0,0,0,0,0,0,0,0,0,0,0,0,0,0,0,0,0,0,0,0,0,0,0,0,0,0,0,0,0,0,0,0,0,0,0,0,0,0,0,0,0,0,0,0,0,0,0,0,0,0,0,0,0,0,0,0,0,0,0,0,0,0,0,0,0,0,0,0,0,0,0,0,0,0,0,0,0,0,0,0,0,113,109,0,0,0,1,2,4,4,1,0,0,0,0,0,0,0,0,0,0,0,0,0,0,0,0,0,0,193,231,134,0,0,0,0,0,0,0,1,0,0,0,0,0,0,0,0,0,0,0,0,0,3,0,0,126,211,197,215,134,75,59,18,3,12,0,0,0,0,0,0,0,0,0,0,0,0,0,0,0,6,0,69,234,211,207,216,206,206,225,205,202,216,103,0,0,0,0,0,0,0,0,0,0,0,0,0,0,0,0,103,215,207,213,224,205,206,204,207,197,215,125,0,0,0,0,0,0,0,0,0,0,0,0,0,1,0,107,231,215,223,220,221,222,220,217,212,206,214,61,0,0,0,0,0,0,0,0,0,0,1,1,0,0,0,174,219,209,221,224,231,232,231,235,231,223,240,41,0,0,0,0,0,0,0,0,0,3,3,3,0,0,57,236,206,212,216,212,210,215,219,220,221,222,238,27,0,0,0,0,0,0,0,0,0,0,2,0,0,55,253,210,208,203,207,210,205,216,232,230,233,229,237,24,0,0,0,0,0,0,0,0,0,3,0,0,157,242,200,207,211,213,211,211,222,226,227,227,228,220,247,72,0,0,0,4,6,6,3,2,0,0,0,155,212,208,203,206,201,204,206,218,227,228,223,224,224,219,242,120,0,2,3,0,0,0,0,0,0,0,196,209,200,201,211,213,207,206,216,221,222,222,221,220,218,216,235,171,0,0,0,28,52,55,60,79,149,234,210,200,207,209,211,211,212,215,219,220,219,218,218,202,203,220,230,213,0,0,107,198,210,208,211,220,219,210,206,214,219,224,221,222,228,232,231,231,228,227,228,219,221,220,231,206,0,51,199,175,176,180,183,190,192,189,194,189,191,193,193,193,203,206,204,205,202,204,206,204,203,207,211,217,0,67,219,205,199,187,190,184,179,179,193,190,193,199,194,195,198,198,196,197,196,199,199,192,197,208,201,206,63,0,95,206,241,246,250,247,235,237,240,237,238,236,242,244,245,251,250,246,250,252,253,253,252,252,222,255,77,0,0,0,4,57,87,123,145,159,166,162,160,163,136,125,119,118,119,119,123,125,128,129,120,102,86,64,0,0,0,0,0,0,0,0,0,0,0,0,0,0,0,0,0,0,0,0,0,0,0,0,0,0,0,0,0,0,0,0,0,0,0,0,0,0,0,0,0,0,0,0,0,0,0,0,0,0,0,0,0,0,0,0,0,0,0,0,0,0,0,0,0,0,0,0,0,0,0,0,0,0,0,0,0,0,0,0,0,0,0,0,0,0,0,0,0,0,0,0,0,0,0,0,0,0,0,0,0,0,0,0,0,0,0,0,0,0,0,0,0,0,0,0,0,0,0,0,0,0,0,0,0,0,0,0,0,0,0,0,0,0,0,0,0,0,0,0,0,6
0,0,0,0,0,0,0,0,0,0,0,0,0,0,0,0,0,0,0,0,2,0,0,30,0,0,0,0,0,0,0,0,0,0,0,0,0,0,1,0,0,4,4,0,0,0,4,0,0,0,57,203,0,0,0,0,0,0,0,0,0,0,0,0,0,0,0,0,0,0,0,0,0,0,0,0,100,206,242,205,0,0,0,0,0,0,0,0,0,0,0,0,0,0,0,3,0,103,19,0,0,0,140,255,243,239,232,211,0,0,0,0,0,0,0,0,0,0,0,0,0,0,0,2,0,173,237,124,103,255,244,237,235,239,251,207,0,0,0,0,0,0,0,0,0,0,0,0,0,0,0,0,0,181,235,240,255,244,237,243,246,240,248,221,0,0,0,0,0,0,0,0,0,0,0,0,0,0,0,0,0,182,255,238,223,248,247,244,239,239,250,239,0,0,0,0,0,0,0,0,0,0,0,0,0,0,0,4,0,155,255,236,229,249,242,241,243,239,249,226,0,0,0,0,0,0,0,0,0,0,0,0,0,0,0,4,0,133,255,235,234,247,240,239,238,240,244,242,0,0,0,0,0,0,0,0,0,0,0,0,0,0,0,2,0,99,254,234,231,246,247,252,249,241,235,255,44,0,0,0,0,0,0,0,0,0,0,0,0,0,1,1,0,13,255,239,234,250,231,220,215,225,237,255,0,0,0,0,0,0,0,0,0,0,0,0,0,0,0,0,51,188,236,218,218,232,228,236,249,247,230,255,0,0,0,0,0,0,0,0,0,0,0,0,0,0,1,96,130,142,255,236,238,252,244,249,243,229,233,240,21,0,0,0,0,0,0,0,0,0,0,2,0,54,105,123,0,8,234,232,238,241,240,245,228,236,192,229,143,0,0,0,0,0,0,0,0,0,0,0,0,0,0,25,13,87,255,232,234,240,242,232,242,197,194,210,227,0,0,0,0,0,0,0,0,0,0,0,0,0,0,0,0,199,255,225,245,244,231,239,198,189,181,198,245,62,0,0,0,0,0,0,0,0,0,0,0,0,1,0,5,242,243,229,244,219,230,193,198,210,203,205,244,77,0,0,0,0,0,0,0,0,0,0,0,0,0,0,211,251,216,225,233,237,200,183,208,207,221,217,255,82,0,0,0,0,0,0,0,0,0,0,0,0,0,195,222,230,219,238,241,201,194,187,222,239,226,192,172,51,0,0,0,0,0,0,2,2,0,0,0,0,182,232,213,238,233,207,182,180,216,237,213,151,107,82,93,0,0,0,0,0,0,0,0,0,0,0,95,212,210,176,178,177,172,181,177,229,228,143,90,91,97,102,108,0,0,0,0,0,0,0,0,116,157,192,219,194,179,182,182,181,177,184,239,185,88,86,103,104,99,105,94,0,0,0,0,0,0,2,203,194,181,181,170,178,180,177,177,177,192,234,148,75,103,106,106,103,98,106,82,0,0,0,0,0,0,136,212,200,203,194,188,194,192,196,199,212,225,135,76,108,107,103,102,101,97,106,67,0,0,0,0,0,0,110,162,173,178,195,205,209,212,212,208,181,107,84,107,101,104,103,102,99,98,112,58,0,0,0,0,0,0,11,95,105,105,102,104,102,104,98,90,80,89,102,102,99,100,99,99,99,98,112,45,0,0,0,0,0,0,0,0,27,62,93,113,115,111,112,110,116,115,113,110,115,118,118,118,118,118,124,41,0,0,0,0,0,0,0,0,0,0,0,3,28,39,47,46,40,32,31,29,28,26,26,26,29,29,27,4,0,0,0,6
0,0,0,0,0,0,0,0,0,0,0,0,0,0,0,0,0,0,0,0,0,0,0,0,0,0,0,0,0,0,0,0,0,0,0,0,0,0,0,0,0,0,0,0,0,0,0,0,0,0,0,0,0,0,0,0,0,0,0,0,0,0,0,0,0,0,0,0,0,0,0,0,0,0,0,0,0,0,0,0,0,0,0,0,0,0,0,0,0,0,0,0,0,0,0,0,0,0,0,0,0,0,0,0,0,0,0,0,0,0,0,0,0,0,0,0,0,0,0,0,0,0,0,0,0,0,0,0,0,0,0,0,0,0,0,0,0,0,0,0,0,0,0,0,0,0,0,0,0,0,0,0,0,3,0,21,102,119,75,2,0,2,0,0,0,0,0,0,0,0,0,0,0,0,0,0,0,0,0,0,0,6,0,145,236,209,252,235,239,247,238,220,182,102,1,0,0,0,0,0,0,0,0,0,0,0,0,0,0,5,0,142,198,168,167,203,197,207,211,210,225,248,100,0,0,0,0,0,0,0,0,0,0,0,0,0,0,0,0,156,201,138,175,206,194,213,201,125,188,187,22,0,0,0,0,0,0,0,0,0,0,0,0,0,0,0,0,153,222,124,183,210,180,205,175,159,218,176,169,0,0,0,0,0,0,0,0,0,0,0,0,0,0,0,0,171,215,166,201,229,208,228,170,165,205,174,198,0,0,0,0,0,0,0,0,0,0,0,0,0,2,0,0,206,197,179,207,208,198,216,223,218,202,205,42,0,0,0,0,0,0,0,0,0,0,0,0,0,2,0,29,240,189,174,220,200,207,208,212,219,237,175,0,0,0,0,0,0,0,0,0,0,0,0,3,3,0,0,184,233,161,215,200,199,221,221,216,199,209,177,0,0,0,0,0,1,1,2,3,4,6,5,0,0,0,122,232,139,187,202,198,215,175,180,213,213,214,241,3,0,0,2,2,0,0,0,0,0,0,0,0,87,166,202,152,140,191,199,204,205,185,184,207,193,199,216,66,0,3,0,0,0,0,0,0,22,81,145,205,197,155,143,175,203,184,183,190,209,215,199,185,188,186,217,144,0,0,0,127,162,185,195,220,231,219,180,120,102,144,188,209,204,209,209,198,216,218,215,210,203,207,216,191,0,0,104,215,168,154,150,147,111,80,90,125,183,197,193,209,211,212,211,200,194,204,209,214,214,215,219,193,0,0,148,213,209,202,187,167,156,148,168,198,195,197,207,208,201,205,209,220,219,223,225,217,214,214,215,226,32,82,188,200,202,205,211,213,209,212,212,210,212,213,216,217,220,229,255,244,203,182,184,175,175,182,188,206,94,0,0,52,127,176,193,203,212,220,220,226,230,224,227,235,209,153,100,65,229,227,216,222,231,238,237,255,123,0,0,0,0,0,0,28,52,73,93,95,96,97,85,52,0,0,0,0,128,120,100,102,90,81,64,76,27,0,0,0,0,0,0,0,0,0,0,0,0,0,0,0,0,0,0,0,0,0,0,0,0,0,0,0,0,0,0,0,0,0,0,0,0,0,0,0,0,0,0,0,0,0,0,0,0,0,0,0,0,0,0,0,0,0,0,0,0,0,0,0,0,0,0,0,0,0,0,0,0,0,0,0,0,0,0,0,0,0,0,0,0,0,0,0,0,0,0,0,0,0,0,0,0,0,0,0,0,0,0,0,0,0,0,0,0,0,0,0,0,0,0,0,0,0,0,0,0,0,0,0,0,0,0,0,0,0,0,0,0,0,0,0,0,0,0,0,0,6
0,0,0,0,0,0,0,0,0,0,0,0,0,0,0,0,0,0,0,0,0,0,0,0,0,0,0,0,0,0,0,0,0,0,0,0,0,0,0,0,0,0,0,0,0,47,33,0,0,0,0,0,0,0,0,0,0,0,0,0,0,0,0,0,0,0,0,0,0,1,0,0,47,142,112,84,6,0,1,0,0,0,0,0,0,0,0,0,0,0,0,0,0,0,0,0,0,0,0,58,90,139,124,142,92,0,0,3,0,0,0,0,0,0,0,0,0,0,0,0,0,0,0,0,1,0,12,118,113,132,156,152,124,47,0,1,0,0,0,0,0,0,0,0,0,0,0,0,0,0,0,0,0,0,46,90,125,152,170,178,147,93,0,0,0,0,0,0,0,0,0,0,0,0,0,0,0,0,0,3,0,16,141,155,168,138,196,207,176,90,0,0,0,3,3,1,0,0,0,0,0,0,0,0,0,0,0,3,0,49,172,102,190,178,178,221,193,93,0,0,0,0,0,0,0,0,0,0,0,0,0,0,0,0,0,0,0,13,121,144,82,205,255,221,210,175,96,78,26,12,39,0,0,0,0,0,0,0,0,0,0,0,3,0,32,130,121,152,135,139,162,190,185,190,208,211,159,182,102,66,0,0,0,0,0,0,0,0,0,0,1,0,18,224,178,115,170,204,176,162,196,198,193,192,176,224,90,36,0,0,0,0,0,0,0,0,0,0,0,0,0,158,167,102,179,185,178,193,195,187,199,201,188,215,0,0,0,0,0,0,0,0,0,0,0,3,0,6,76,204,233,173,162,152,172,179,182,181,184,195,176,222,141,0,0,0,0,0,0,0,0,0,0,3,0,47,93,70,107,167,251,235,224,204,198,187,182,199,190,167,244,0,0,0,0,0,0,0,1,0,4,4,0,38,130,99,119,113,138,182,215,233,230,199,193,213,149,165,176,0,0,0,0,0,0,0,0,0,0,0,0,0,202,221,142,144,133,132,138,124,153,222,201,147,165,172,173,0,0,0,0,0,0,0,0,0,4,0,4,69,138,196,236,250,225,205,182,133,211,211,149,170,182,153,178,0,0,0,0,0,0,0,3,1,0,0,90,122,118,112,155,179,199,222,219,185,190,145,152,159,165,155,179,0,0,0,3,1,0,0,0,0,6,69,118,133,141,155,144,159,167,158,156,164,164,159,170,172,181,168,184,0,1,0,0,0,0,0,1,13,86,118,119,142,150,130,139,175,170,155,176,161,179,199,172,156,159,167,178,0,0,0,69,76,73,86,95,110,130,113,116,132,145,153,161,152,147,168,161,176,196,170,155,178,178,165,173,0,0,72,110,93,105,109,96,99,116,127,144,150,150,152,152,147,170,190,173,181,179,173,173,179,168,185,159,0,32,181,145,130,116,107,125,152,168,168,155,170,170,159,150,142,155,170,168,167,153,165,170,159,145,182,130,0,95,196,185,187,185,173,155,155,167,182,161,181,193,202,210,208,208,207,211,218,204,205,215,218,204,210,176,0,96,215,210,198,195,201,210,202,211,207,215,221,216,228,221,218,219,218,216,218,215,216,221,219,213,221,204,0,0,56,176,236,250,251,251,239,235,228,231,225,222,230,231,233,242,250,253,253,255,253,247,247,228,236,235,0,0,0,0,0,47,93,139,176,198,208,210,207,208,204,192,170,156,139,121,121,121,125,149,162,164,181,109,0,0,0,0,0,0,0,0,0,0,0,0,0,0,0,0,0,0,0,0,0,0,0,0,0,0,0,0,0,6
0,0,0,0,0,0,0,0,0,0,0,0,0,0,0,0,0,0,0,0,0,0,0,0,0,0,0,0,0,0,0,0,0,0,0,0,0,0,0,0,0,0,0,0,0,0,0,0,0,0,0,0,0,0,0,0,0,0,0,0,0,0,0,0,0,0,0,0,0,0,0,0,0,0,0,0,0,0,0,0,0,0,0,0,0,0,0,0,0,0,0,0,0,0,0,0,0,0,0,0,0,0,0,0,0,0,0,0,0,0,0,0,0,0,0,0,0,0,0,0,0,0,0,0,0,0,0,0,0,0,0,0,0,0,0,0,0,0,0,0,0,0,0,0,0,0,0,0,0,0,0,0,0,0,0,0,0,0,27,37,0,0,0,0,0,0,0,0,0,0,0,0,0,0,0,0,0,0,0,0,0,0,0,0,39,138,129,152,162,143,121,98,71,55,0,0,0,0,0,0,0,0,0,0,0,0,0,0,0,1,0,11,185,162,111,141,151,158,149,133,116,115,4,0,0,0,0,0,0,0,0,0,0,0,0,0,0,1,0,4,148,116,119,145,152,151,141,132,115,113,0,0,0,0,0,0,0,0,0,0,0,0,0,0,0,0,0,92,196,92,133,158,165,159,153,139,119,116,0,0,0,0,0,0,0,0,0,0,0,0,0,0,1,0,0,99,136,121,156,175,176,168,158,138,126,131,0,0,0,0,0,0,0,0,0,0,0,0,0,0,1,0,35,217,151,126,169,172,172,168,155,133,129,145,0,0,0,0,0,0,0,0,0,0,1,1,0,5,0,0,219,131,116,153,176,176,168,169,160,151,136,123,0,0,0,0,0,0,0,0,0,0,0,0,1,0,34,99,168,139,126,155,166,182,175,168,165,155,141,135,7,0,0,0,0,0,0,0,0,0,0,1,0,0,132,249,58,115,141,170,176,175,173,169,168,152,145,180,59,0,0,0,0,0,0,0,0,1,0,0,0,255,105,94,112,141,141,166,180,178,178,160,159,153,132,118,113,0,2,1,1,2,2,2,0,0,0,31,51,116,125,81,119,142,148,166,173,182,189,188,165,128,94,41,129,2,1,0,0,0,0,0,0,35,85,55,85,138,170,202,200,168,202,195,217,212,207,229,213,133,79,39,126,28,0,0,42,98,111,121,119,116,56,0,0,106,56,59,133,152,153,152,115,108,145,192,225,252,138,41,122,31,0,75,72,18,61,29,0,0,0,0,71,186,192,186,188,223,126,11,17,1,0,0,0,2,18,8,108,19,0,88,94,54,68,28,11,21,41,71,125,172,220,225,173,12,19,18,47,79,109,131,131,111,112,123,176,12,86,183,142,111,126,173,182,185,216,179,146,155,136,32,68,145,179,209,227,225,215,220,219,212,206,198,179,54,22,132,176,183,163,155,160,166,158,163,170,176,183,223,243,213,175,106,81,160,200,196,199,196,195,183,169,49,0,0,0,35,92,122,131,145,146,149,133,118,94,66,1,0,0,0,0,27,119,95,84,79,74,61,45,0,0,0,0,0,0,0,0,0,0,0,0,0,0,0,0,0,0,0,0,0,0,0,0,0,0,0,0,0,0,0,0,0,0,0,0,0,0,0,0,0,0,0,0,0,0,0,0,0,0,0,0,0,0,0,0,0,0,0,0,0,0,0,0,0,0,0,0,0,0,0,0,0,0,0,0,0,0,0,0,0,0,0,0,0,0,0,0,0,0,0,0,0,0,0,0,0,0,0,0,0,0,0,0,0,0,0,0,0,0,0,0,0,6
0,0,0,0,0,0,0,0,0,0,0,0,0,0,0,0,0,0,0,0,0,0,0,0,0,0,0,0,0,0,0,0,0,0,0,0,0,0,0,0,0,0,0,0,0,0,0,0,0,0,0,0,0,0,0,0,0,0,0,0,0,0,0,0,0,0,0,0,0,0,0,0,0,0,0,0,0,0,0,0,0,0,0,0,0,0,0,0,0,0,0,0,0,0,0,0,0,0,0,0,79,99,0,0,0,0,0,0,0,0,0,0,0,0,0,0,0,0,0,0,0,0,0,0,0,3,0,26,203,219,253,242,229,212,203,196,178,150,171,5,0,0,0,0,0,0,0,0,0,0,0,0,0,6,0,129,219,196,223,236,242,242,240,233,222,224,194,0,0,0,0,0,0,0,0,0,0,0,0,0,0,0,0,204,220,205,229,243,238,235,227,214,199,206,164,0,0,0,0,0,0,0,0,0,0,0,0,0,0,3,0,130,216,204,242,242,240,237,223,213,200,213,140,0,0,0,0,0,0,0,0,0,0,0,0,0,1,0,0,245,215,210,240,236,245,233,224,225,200,215,103,0,0,0,0,0,0,0,0,0,0,0,0,0,1,0,0,242,212,218,243,237,243,228,222,226,205,217,58,0,0,0,0,0,0,0,0,0,0,0,0,0,1,0,0,255,211,227,241,237,243,229,225,221,205,213,36,0,0,0,0,0,0,0,0,0,0,0,0,0,0,0,94,237,192,238,237,237,245,232,217,217,209,235,22,0,0,0,0,0,0,0,0,0,0,0,0,6,0,0,243,217,207,243,242,239,244,230,217,213,202,244,8,0,0,0,0,0,0,0,0,0,0,0,0,0,0,171,222,192,232,236,241,241,245,235,211,203,200,233,0,0,0,0,0,0,0,0,0,0,0,0,0,0,126,250,197,211,225,229,244,247,242,226,204,198,202,237,1,0,0,0,0,0,0,0,0,0,1,0,0,194,228,195,195,219,227,244,247,232,220,214,206,201,202,242,28,0,0,0,4,3,5,6,0,0,0,0,24,247,189,191,216,236,247,244,230,215,213,216,211,210,199,217,96,0,0,0,0,0,0,0,0,0,1,93,176,199,191,227,243,247,235,224,218,217,219,217,216,217,204,215,182,0,0,0,24,78,113,87,121,173,153,160,160,216,235,246,243,235,223,215,217,222,223,226,225,215,211,209,236,1,0,103,178,108,73,97,144,120,62,161,195,210,230,221,218,217,225,232,234,235,232,237,234,219,207,204,246,45,0,171,221,174,135,114,154,204,230,223,214,229,226,229,234,227,220,219,226,222,218,234,236,239,222,205,239,41,21,152,216,227,224,218,202,176,186,209,226,218,216,233,225,225,216,212,220,228,228,222,211,213,214,209,196,13,63,153,128,166,196,226,244,240,235,237,246,242,233,238,227,199,191,187,178,179,166,151,146,136,144,137,155,45,2,103,170,149,126,119,134,154,165,178,176,173,173,163,154,156,155,146,147,144,135,143,145,145,149,150,180,75,0,0,14,76,134,153,164,154,143,133,123,112,140,132,105,72,31,1,76,193,175,172,178,171,182,174,176,37,0,0,0,0,0,0,22,51,71,71,75,45,60,0,0,0,0,0,0,35,33,15,47,34,40,35,8,0,0,0,0,0,0,0,0,0,0,0,0,0,0,0,0,0,0,0,0,0,0,0,0,0,0,0,0,0,0,0,0,0,0,0,0,0,0,0,0,0,0,0,0,0,0,0,0,0,0,0,0,0,0,0,0,0,6
0,0,0,0,0,0,0,0,0,0,0,0,0,0,0,0,0,0,0,0,0,0,0,0,0,0,0,0,0,0,0,0,0,0,0,0,0,0,0,0,0,0,0,0,0,0,0,0,0,0,0,0,0,0,0,0,0,0,0,0,0,0,0,0,0,0,0,0,0,0,0,0,0,0,0,0,0,0,0,0,0,0,0,0,0,0,0,0,0,0,0,0,0,0,0,0,0,0,0,0,0,0,0,0,0,0,0,0,0,0,0,0,0,0,0,0,0,0,0,0,0,0,0,0,0,0,0,0,0,0,0,0,0,0,0,0,0,0,0,0,0,0,0,0,0,0,0,0,0,0,0,0,0,0,0,0,0,0,0,0,0,0,0,0,0,0,0,0,0,0,0,0,0,0,0,0,0,0,0,0,0,0,0,0,0,0,0,0,0,44,131,107,135,64,0,0,0,0,0,0,0,0,0,0,0,0,0,0,0,0,29,49,59,64,72,88,80,213,230,201,217,153,0,0,0,0,0,0,0,0,0,0,0,0,0,3,0,1,221,190,197,201,234,230,229,199,191,186,197,103,0,0,0,0,0,0,0,0,0,0,0,0,0,0,0,97,187,178,182,179,177,178,188,193,197,184,202,106,0,0,0,0,0,0,0,0,0,0,0,0,4,0,26,201,178,175,177,189,183,192,197,195,192,183,210,135,0,0,0,0,0,0,1,0,0,0,0,0,0,0,176,191,174,180,184,183,186,191,200,197,186,188,195,190,0,0,0,0,0,0,0,0,0,0,2,0,0,145,190,165,179,184,186,184,188,194,199,194,191,193,171,226,72,0,0,0,0,0,0,0,1,0,0,0,122,176,153,174,181,184,189,189,191,194,199,195,183,171,173,188,155,0,0,0,0,1,3,0,0,0,0,129,201,149,137,166,171,179,190,193,191,192,197,191,189,186,184,186,196,0,0,2,0,0,0,0,0,32,163,189,157,153,152,176,178,183,196,197,192,192,197,196,196,200,191,186,199,0,0,0,0,0,26,65,148,195,168,128,136,172,190,189,197,194,196,196,184,175,171,172,174,179,189,204,206,0,0,88,131,141,158,170,163,133,113,118,145,171,177,171,191,193,181,172,193,213,222,215,214,219,224,222,255,0,13,173,174,167,163,152,153,163,163,178,189,184,186,187,172,184,209,255,231,157,180,244,215,216,211,207,255,21,103,226,202,198,193,187,182,178,180,173,171,179,185,188,217,255,146,19,0,0,50,225,205,204,205,205,216,31,20,123,182,226,248,252,255,253,246,245,253,254,255,254,140,0,0,0,0,0,112,255,223,255,255,224,255,79,0,0,0,0,0,30,48,77,102,105,104,85,72,0,0,0,2,1,1,0,28,150,101,103,100,94,122,28,0,0,0,0,0,0,0,0,0,0,0,0,0,0,0,0,0,0,0,0,0,0,0,0,0,0,0,0,0,0,0,0,0,0,0,0,0,0,0,0,0,0,0,0,0,0,0,0,0,0,0,0,0,0,0,0,0,0,0,0,0,0,0,0,0,0,0,0,0,0,0,0,0,0,0,0,0,0,0,0,0,0,0,0,0,0,0,0,0,0,0,0,0,0,0,0,0,0,0,0,0,0,0,0,0,0,0,0,0,0,0,0,0,0,0,0,0,0,0,0,0,0,0,0,0,0,0,0,0,0,0,0,0,0,0,0,0,0,0,0,0,0,0,0,0,0,0,0,0,0,0,0,0,0,0,0,0,0,0,0,0,0,0,0,0,0,0,0,6
0,0,0,0,0,0,0,0,0,0,0,0,0,0,0,0,0,0,0,0,0,0,0,0,0,0,0,0,0,0,0,0,0,0,0,0,0,0,0,0,0,0,0,0,0,0,0,0,0,0,0,0,0,0,0,0,0,0,0,0,0,0,0,0,0,0,0,0,0,0,0,0,0,0,0,0,0,0,0,0,0,0,0,0,0,0,0,0,0,0,0,0,0,0,0,0,0,3,0,31,57,3,0,0,0,0,0,0,0,2,1,0,0,0,0,0,0,0,0,0,0,0,0,0,0,0,0,212,251,213,165,123,78,19,0,0,0,0,0,0,0,0,0,0,0,0,0,0,0,0,0,0,0,0,0,196,243,227,237,255,248,238,255,227,187,171,136,0,0,0,0,0,0,0,0,0,0,0,0,0,1,0,0,197,247,218,194,236,228,232,235,242,244,255,214,0,0,0,0,0,0,0,0,0,0,0,0,0,2,0,0,255,240,154,238,248,231,233,226,228,226,234,202,0,0,0,0,0,0,0,0,0,0,0,0,0,2,0,0,255,244,217,238,236,233,227,234,235,232,240,232,0,0,0,0,0,0,0,0,0,0,0,0,0,2,0,0,255,213,166,255,222,228,230,234,236,226,239,199,0,0,0,0,0,0,0,0,0,0,0,0,0,0,0,1,247,242,235,241,224,230,236,236,234,222,245,182,0,0,0,0,0,0,0,0,0,0,0,0,1,0,0,169,249,220,218,229,226,231,232,234,226,225,248,155,0,0,0,0,0,0,0,0,0,0,0,0,1,0,0,188,216,178,219,230,224,224,227,229,231,229,243,186,0,0,0,0,0,0,0,0,0,0,0,0,0,0,177,221,194,208,232,232,233,234,236,228,231,225,233,231,0,0,0,0,0,0,0,0,0,0,2,0,0,114,245,195,214,232,229,226,232,234,235,238,233,219,227,255,0,0,0,0,0,1,3,2,1,0,0,0,139,245,163,199,229,220,227,229,231,231,229,232,217,208,220,255,4,0,2,2,0,0,0,0,0,0,9,212,234,188,203,214,214,219,220,226,224,221,218,200,191,205,211,255,116,0,0,0,0,0,0,34,73,123,209,254,181,202,214,215,216,219,219,219,217,213,209,215,219,209,209,255,155,0,28,137,169,209,238,250,241,238,207,188,182,200,207,213,214,221,223,222,221,223,224,223,225,216,214,254,131,0,169,191,139,115,150,171,169,175,192,201,202,206,203,215,219,221,222,228,225,226,230,232,229,232,221,242,40,140,230,207,218,197,198,200,188,196,204,207,212,221,223,229,235,239,236,234,235,235,230,233,227,214,220,244,59,73,186,226,220,226,219,220,217,219,223,225,223,222,223,219,216,210,207,206,195,199,193,198,197,210,206,225,139,0,0,40,161,235,220,234,228,229,222,224,224,225,223,224,228,230,228,234,236,234,234,239,239,232,238,241,179,0,0,0,0,0,27,84,106,185,202,204,213,219,221,218,214,218,187,158,194,178,164,152,117,35,64,47,2,1,4,0,1,0,0,0,0,0,0,0,0,0,0,0,0,0,0,0,0,0,0,0,0,0,0,0,0,0,0,0,0,0,0,0,0,0,0,0,0,0,0,0,0,0,0,0,0,0,0,0,0,0,0,0,0,0,0,0,0,0,0,0,0,0,0,0,0,0,0,0,0,0,0,0,0,0,0,0,0,0,0,0,0,0,0,0,0,0,0,0,0,0,0,0,0,0,0,0,0,0,0,0,0,0,0,0,0,0,0,0,0,6
0,0,0,0,0,0,0,0,0,0,0,0,0,0,0,0,0,0,0,0,0,0,0,0,0,0,0,0,0,0,0,0,0,0,0,0,0,0,0,0,0,0,0,0,0,0,0,0,0,0,0,0,0,0,0,0,0,0,0,0,0,0,0,0,0,0,0,0,0,0,0,0,0,0,0,0,0,0,0,0,0,0,0,0,0,0,0,0,0,0,0,0,0,0,0,0,0,0,0,0,0,0,0,0,0,0,0,0,0,0,0,0,0,0,0,0,0,0,0,0,0,0,0,1,0,0,0,36,17,0,0,1,0,1,1,0,0,0,0,0,0,0,0,0,0,0,0,0,1,1,0,1,0,0,1,153,157,0,0,1,0,0,0,0,0,0,1,0,0,0,0,0,0,0,0,0,1,1,0,0,1,0,56,173,233,104,0,0,0,1,0,0,0,0,0,0,0,0,0,0,0,0,0,0,0,1,0,0,0,0,109,192,218,161,2,0,0,0,0,0,0,0,0,0,0,0,0,0,0,0,0,0,1,2,0,1,0,0,247,185,182,234,244,142,0,0,0,0,0,0,0,0,0,0,0,0,0,0,0,0,0,0,0,0,0,30,160,104,65,182,199,202,180,180,116,145,176,85,0,0,0,0,0,0,0,0,0,0,0,1,4,0,0,169,230,125,84,220,218,206,214,198,158,192,208,170,0,0,0,0,0,0,0,0,0,0,0,1,1,0,49,166,122,135,212,225,186,199,169,176,183,183,185,129,0,0,0,0,0,0,0,0,0,0,0,0,0,4,190,161,109,186,221,160,167,174,161,169,195,174,193,126,0,0,0,0,0,0,2,0,0,1,0,0,24,185,119,68,169,157,118,186,201,195,218,176,141,187,205,205,0,0,0,1,0,0,1,0,0,0,0,55,150,125,109,189,204,167,147,171,171,196,206,195,209,192,199,206,10,0,0,0,0,0,0,0,0,67,112,148,141,48,214,177,171,192,151,192,205,199,158,174,225,209,169,167,58,0,0,0,74,104,115,135,171,190,107,85,109,202,153,129,185,170,192,190,176,228,222,189,211,163,163,186,129,0,0,139,122,120,150,160,128,118,110,72,170,128,75,150,164,187,190,157,186,231,199,234,174,164,199,177,150,0,45,206,160,147,126,134,129,106,151,163,164,107,125,160,166,206,214,163,161,186,205,204,147,195,176,182,160,0,52,30,100,186,246,244,198,228,214,209,205,164,171,163,206,206,217,255,227,214,236,224,221,222,187,161,97,33,72,72,45,13,27,59,78,113,116,113,131,136,153,160,158,142,144,153,126,123,107,88,93,80,72,49,68,32,20,71,87,123,91,81,68,56,46,46,51,49,32,39,42,39,39,30,43,42,45,55,65,59,61,61,77,49,0,0,21,53,77,90,99,97,110,102,90,83,84,84,72,74,71,75,88,74,75,74,99,102,81,68,69,43,0,0,0,0,0,0,7,16,33,37,52,52,62,55,48,51,49,48,52,45,48,45,52,51,36,18,8,0,0,0,0,0,0,0,0,0,0,0,0,0,0,0,0,0,0,0,0,0,0,0,0,0,0,0,0,0,0,0,0,0,0,0,0,0,0,0,0,0,0,0,0,0,0,0,0,0,0,0,0,0,0,0,0,0,0,0,0,0,0,0,0,0,0,0,0,0,0,0,0,0,0,0,0,0,0,0,0,0,0,0,0,0,0,0,0,0,0,0,0,0,0,0,0,0,0,0,0,0,0,0,0,0,0,0,0,0,0,0,0,0,6
0,0,0,0,0,0,0,0,0,0,0,0,0,0,0,0,0,0,0,0,0,0,0,0,0,0,0,0,0,0,0,0,0,0,0,0,0,0,0,0,0,0,0,0,0,0,0,0,0,0,0,0,0,0,0,0,0,0,0,0,0,0,0,0,0,0,0,0,0,0,0,0,0,0,0,0,0,0,0,0,0,0,0,0,0,0,0,0,0,0,0,0,0,0,0,0,0,0,0,0,0,0,0,0,0,0,0,0,0,0,0,0,0,0,0,0,0,0,0,0,0,0,0,0,0,0,0,0,0,0,0,0,0,0,0,0,0,0,0,0,0,0,0,0,0,0,0,0,0,0,0,0,1,2,0,0,0,0,20,209,1,0,0,1,1,1,0,0,0,0,0,0,0,0,0,0,0,0,0,0,1,1,3,0,0,216,207,223,190,0,0,0,0,2,3,0,0,0,0,0,0,0,0,0,0,0,0,1,1,0,2,0,147,250,144,163,204,201,109,38,0,0,0,0,0,0,0,0,0,0,0,0,0,0,0,1,0,4,0,53,248,156,165,174,184,200,215,243,186,92,54,0,0,0,0,0,0,0,0,0,0,0,0,0,0,0,0,199,204,135,172,167,200,183,170,192,191,192,234,0,0,0,0,0,0,0,0,0,0,0,0,0,0,0,93,247,136,170,177,192,195,193,184,177,160,177,151,0,0,0,0,0,0,0,1,1,1,1,0,2,0,5,242,186,145,176,188,199,191,191,195,208,178,211,122,0,0,0,1,1,0,0,1,1,0,0,1,0,0,185,238,140,157,194,197,194,200,205,208,206,199,241,165,0,0,0,0,0,0,0,0,0,0,4,0,0,152,232,166,139,195,193,197,194,191,182,187,193,162,149,189,0,0,0,0,0,0,0,1,1,0,0,0,154,235,194,147,184,188,186,191,197,206,196,187,196,188,145,194,0,0,2,2,1,0,0,0,0,0,11,201,255,172,138,168,197,196,210,207,194,196,190,191,180,181,148,203,21,0,0,0,0,0,0,0,45,148,250,245,187,167,172,192,201,201,190,192,190,190,193,190,179,196,140,188,91,0,23,97,146,164,184,228,249,247,200,189,193,193,200,199,187,188,192,192,195,195,192,187,188,194,139,168,159,77,234,231,229,229,227,225,205,191,199,183,178,183,182,192,190,191,188,188,190,188,181,181,183,166,121,163,197,133,242,192,179,177,164,178,185,187,183,177,182,187,190,192,190,193,199,210,209,211,211,209,203,186,137,211,151,76,217,223,219,214,168,137,124,136,160,184,183,184,203,202,203,224,241,238,238,233,228,237,238,238,214,251,27,0,0,63,156,213,251,250,245,245,245,245,244,239,244,247,247,239,232,217,203,201,186,177,175,171,173,206,0,0,0,0,0,0,12,64,96,117,132,138,142,142,128,108,69,34,23,14,10,86,138,127,126,125,123,155,3,0,0,0,0,0,0,0,0,0,0,0,0,0,0,0,0,0,0,0,0,0,0,0,0,0,0,0,0,0,0,0,0,0,0,0,0,0,0,0,0,0,0,0,0,0,0,0,0,0,0,0,0,0,0,0,0,0,0,0,0,0,0,0,0,0,0,0,0,0,0,0,0,0,0,0,0,0,0,0,0,0,0,0,0,0,0,0,0,0,0,0,0,0,0,0,0,0,0,0,0,0,0,0,0,0,0,0,0,0,0,0,0,0,0,0,0,0,0,0,0,0,0,0,0,0,0,0,0,0,0,0,0,0,0,0,0,0,0,0,0,6
0,0,0,0,0,0,0,0,0,0,0,0,0,0,0,0,0,0,0,0,0,0,0,0,0,0,0,0,0,0,0,0,0,0,0,0,0,0,0,0,0,0,0,0,0,0,0,0,0,0,0,0,0,0,0,0,0,0,0,0,0,0,0,0,0,0,0,0,0,0,0,0,0,0,0,0,0,0,0,0,0,0,0,0,0,0,0,0,0,0,0,0,0,0,0,0,0,0,0,0,0,0,0,0,0,0,0,0,0,0,0,0,0,0,0,0,0,0,0,0,0,0,0,0,0,0,0,0,0,0,0,0,0,0,0,1,0,0,0,0,0,0,0,0,0,0,0,0,0,0,0,0,0,0,0,112,174,201,189,79,81,0,0,0,0,21,2,0,0,0,0,0,0,0,0,0,0,0,0,0,0,0,77,247,253,225,204,125,255,203,140,19,0,12,9,0,0,0,0,0,0,0,0,0,0,1,0,1,0,39,223,214,181,111,115,93,175,255,254,231,179,93,5,0,0,0,0,0,0,0,0,0,0,2,2,0,1,176,172,171,128,157,162,179,181,216,220,225,228,205,1,0,0,0,0,0,0,0,0,0,0,0,0,0,176,198,159,196,196,178,192,177,168,163,146,129,148,168,0,0,0,0,0,0,0,0,0,0,0,0,47,213,196,180,186,172,207,188,175,190,183,191,193,195,183,200,0,0,0,0,0,0,1,0,2,0,0,67,206,196,175,173,197,139,170,166,163,159,158,164,161,182,166,229,65,0,1,2,0,0,0,0,0,0,98,186,125,146,194,200,150,178,180,152,152,160,164,156,159,181,174,204,113,0,0,0,0,0,0,0,0,174,182,142,156,152,173,182,182,171,180,161,157,161,159,160,173,184,175,196,150,0,0,0,96,151,151,140,139,181,173,144,172,134,171,160,176,178,163,159,162,165,165,169,179,185,172,193,184,0,0,144,202,130,139,150,177,149,175,152,165,174,145,153,147,147,166,168,174,173,168,177,180,186,181,192,201,0,29,238,163,148,150,155,161,133,136,182,145,157,162,155,157,158,160,168,163,167,180,181,180,190,183,179,238,32,108,202,185,160,155,155,159,163,153,186,168,165,179,163,163,168,167,173,182,188,177,181,190,184,192,194,238,77,72,179,179,203,182,170,164,162,164,155,176,182,160,175,174,183,187,183,191,191,183,186,176,188,184,166,193,98,39,248,162,151,187,191,185,181,177,180,174,176,174,181,187,172,173,166,154,152,151,147,146,145,134,121,214,108,0,120,255,184,152,151,168,178,191,192,192,190,180,158,144,142,141,153,156,152,142,143,138,136,155,192,255,39,0,0,68,136,235,211,178,162,160,165,167,140,133,165,184,197,197,188,209,213,190,203,187,195,194,160,87,0,0,0,0,0,80,132,147,232,215,200,243,181,161,193,72,124,105,33,125,82,82,144,58,60,57,0,0,0,0,0,1,0,0,0,0,34,26,11,76,2,0,0,0,0,0,0,0,0,0,0,0,0,0,0,6,0,0,0,0,0,0,0,0,0,0,0,0,0,0,0,0,0,0,0,0,0,0,0,0,0,0,0,0,0,0,0,0,0,0,0,0,0,0,0,0,0,0,0,0,0,0,0,0,0,0,0,0,0,0,0,0,0,0,0,0,0,0,0,0,0,0,0,0,0,0,0,0,0,0,0,0,0,0,0,0,0,0,0,0,0,0,0,0,0,0,0,0,0,0,0,0,0,0,0,0,0,0,0,0,0,0,0,0,0,0,0,0,0,6
0,0,0,0,0,0,0,0,0,0,0,0,0,0,0,0,0,0,0,0,0,0,0,0,0,0,0,0,0,0,0,0,0,0,0,0,0,0,0,0,0,0,0,0,0,0,0,0,0,0,0,0,0,0,0,0,0,0,0,0,0,0,0,0,0,0,0,0,0,0,0,0,0,0,0,0,0,0,0,0,0,0,0,0,0,0,0,0,0,0,0,0,0,0,0,0,0,2,0,0,1,0,0,0,0,0,0,0,6,0,34,73,0,0,0,0,0,0,0,0,0,0,0,0,0,1,0,0,0,0,0,0,0,0,0,0,0,0,81,152,0,0,0,0,0,0,0,0,0,0,0,0,0,0,4,0,96,212,127,143,144,143,163,167,157,183,164,0,0,0,0,0,0,0,0,0,0,0,0,0,0,0,0,0,130,232,220,225,230,236,239,240,236,239,109,0,0,0,0,0,0,0,0,0,0,0,0,0,0,1,0,0,197,200,191,205,203,212,211,222,216,219,92,0,0,0,0,0,0,0,0,0,0,0,0,0,0,2,0,0,215,188,199,207,208,213,226,236,210,215,81,0,0,0,0,0,0,0,0,0,0,0,0,0,0,3,0,41,211,179,216,207,204,214,221,213,202,243,50,0,0,0,0,0,0,0,0,0,0,0,0,0,0,1,0,121,215,171,225,220,210,201,217,208,206,219,76,0,0,0,0,0,0,0,0,0,2,1,0,0,0,0,0,142,205,195,218,209,199,202,204,189,189,223,156,0,0,0,0,0,0,0,0,0,0,0,0,1,1,0,69,247,146,203,221,207,220,229,223,226,222,227,190,0,0,0,0,0,0,0,0,0,0,0,2,0,0,24,255,168,177,217,226,213,220,222,221,219,214,222,214,0,0,0,0,0,0,0,0,0,0,0,0,0,81,209,146,171,220,220,212,218,210,210,213,191,176,209,222,0,0,0,1,0,0,0,0,0,0,0,0,158,203,187,119,187,226,232,231,216,216,205,182,201,216,222,221,0,0,6,3,0,7,1,0,0,3,0,0,235,161,142,194,204,205,186,193,202,204,173,194,208,214,223,239,18,0,0,0,0,0,0,0,0,0,2,174,177,134,188,160,185,169,176,188,182,161,173,185,180,199,218,244,60,0,44,172,175,151,107,67,92,112,210,214,165,146,168,166,169,177,167,162,175,179,175,197,209,217,227,246,91,0,169,206,156,137,185,183,191,194,188,161,151,164,159,147,185,207,198,188,213,212,211,220,227,231,231,238,96,149,199,197,210,191,129,114,147,158,164,159,163,203,218,232,232,225,217,196,207,205,214,215,217,218,217,236,70,83,185,202,197,197,214,210,201,209,219,218,219,219,216,209,211,217,220,254,243,210,208,212,205,205,202,233,116,0,1,99,186,188,201,209,216,220,217,211,209,210,219,219,217,237,193,132,133,217,194,197,194,201,204,212,154,0,0,0,0,14,60,131,166,185,206,220,218,202,122,65,16,0,0,0,24,255,253,255,255,255,255,255,161,0,1,0,0,0,0,0,0,0,0,0,0,0,0,0,0,0,0,0,0,94,71,62,65,69,61,64,0,0,0,0,0,0,0,0,0,0,0,0,0,0,0,0,0,0,0,0,0,0,0,0,0,0,0,0,0,0,0,0,0,0,0,0,0,0,0,0,0,0,0,0,0,0,0,0,0,0,0,0,0,0,0,0,0,0,0,0,0,0,0,0,0,0,0,0,0,0,0,0,0,0,0,0,0,0,0,0,0,0,0,0,0,6
0,0,0,0,0,0,0,0,0,0,0,0,0,0,0,0,0,0,0,0,0,0,0,0,0,0,0,0,0,0,0,0,0,0,0,0,0,0,0,0,0,0,0,0,0,0,0,0,0,0,0,0,0,0,0,0,0,0,0,0,0,0,0,0,0,0,0,0,0,0,0,0,0,0,0,0,0,0,0,0,0,0,0,0,0,0,0,0,0,0,0,0,0,0,0,0,0,0,0,0,0,0,0,0,0,0,0,0,0,0,0,0,0,0,0,0,0,0,0,0,0,0,0,0,0,0,0,0,0,0,0,0,0,0,0,0,0,0,0,0,0,0,0,0,0,0,0,0,0,0,0,0,2,0,18,53,50,20,20,17,23,13,9,4,16,5,0,0,0,0,0,0,0,0,0,0,0,0,0,0,1,0,104,177,179,160,179,138,145,138,153,132,143,129,24,0,0,0,0,0,0,0,0,0,0,3,1,1,1,0,126,173,173,156,186,163,178,160,186,163,156,158,107,0,0,0,0,0,0,0,0,0,0,0,0,3,0,0,176,176,184,197,183,168,183,162,170,160,159,159,126,0,0,0,0,0,0,0,0,0,0,0,0,2,0,24,194,152,197,181,190,170,181,169,183,155,156,163,132,0,0,0,0,0,0,0,0,0,0,0,0,0,0,107,121,103,125,137,189,163,179,169,158,175,155,156,148,0,0,0,0,0,0,0,0,0,0,0,0,0,48,177,167,152,141,152,156,154,148,163,155,167,159,159,151,0,1,0,0,0,1,0,1,1,1,2,0,42,156,140,146,152,162,167,168,175,179,188,175,169,161,167,169,0,0,0,0,0,0,0,2,2,0,0,33,188,235,233,220,186,181,174,160,150,144,145,153,158,164,163,152,0,0,0,0,2,2,0,0,0,10,121,191,171,181,199,233,244,237,243,228,227,221,237,216,156,148,162,117,0,1,0,0,0,0,0,27,126,194,198,175,189,188,185,190,198,209,211,214,212,250,233,171,140,138,143,102,0,4,0,0,0,43,124,203,186,177,185,191,197,204,198,197,207,209,203,204,209,250,25,28,129,133,128,115,0,0,28,130,163,190,184,177,174,183,198,198,203,206,207,206,211,211,209,201,254,113,2,68,146,136,128,117,1,16,198,177,166,169,176,170,179,190,183,191,200,206,213,208,208,207,207,204,237,39,13,146,154,125,132,123,11,80,203,184,190,179,176,171,178,181,186,193,203,209,213,206,204,207,205,207,204,138,113,156,131,125,125,124,19,11,183,205,207,208,207,204,207,201,199,203,207,207,216,218,215,212,204,206,167,126,145,132,137,135,128,141,42,0,0,70,140,181,198,216,226,226,234,230,224,220,209,211,208,201,193,196,162,139,139,136,137,129,128,109,17,0,0,0,0,0,2,2,17,38,48,38,28,21,5,5,5,3,1,1,4,10,11,3,2,1,2,0,0,0,0,0,0,0,0,0,0,0,0,0,0,0,0,0,0,0,0,0,0,0,0,0,0,0,0,0,0,0,0,0,0,0,0,0,0,0,0,0,0,0,0,0,0,0,0,0,0,0,0,0,0,0,0,0,0,0,0,0,0,0,0,0,0,0,0,0,0,0,0,0,0,0,0,0,0,0,0,0,0,0,0,0,0,0,0,0,0,0,0,0,0,0,0,0,0,0,0,0,0,0,0,0,0,0,0,0,0,0,0,0,0,0,0,0,0,0,0,0,0,0,0,0,0,0,0,0,0,0,0,0,0,0,0,0,0,0,0,0,0,6
0,0,0,0,0,0,0,0,0,0,0,0,0,0,0,0,0,0,0,0,0,0,0,0,0,0,0,0,0,0,0,0,0,0,0,0,0,0,0,0,0,0,0,0,0,34,35,40,56,78,96,102,131,117,0,0,0,0,0,0,0,0,0,0,0,0,0,0,3,0,32,251,210,255,255,255,255,255,255,238,255,244,0,0,0,0,0,0,0,0,0,0,0,0,0,0,6,0,42,244,233,229,226,230,229,228,233,231,246,209,0,0,0,0,0,0,0,0,0,0,0,0,0,0,8,0,71,249,233,233,230,232,230,228,233,231,247,222,0,0,0,0,0,0,0,0,0,0,0,0,0,0,6,0,47,236,224,226,233,235,237,239,240,232,248,213,0,0,0,0,0,0,0,0,0,0,0,0,0,0,1,0,0,201,247,234,230,237,238,240,239,236,251,204,0,0,0,0,0,0,0,0,0,0,0,0,0,0,0,0,0,225,239,235,242,244,238,234,235,239,242,248,0,0,0,0,0,0,0,0,0,0,0,0,0,0,2,0,18,255,236,241,241,242,239,237,241,243,237,255,11,0,0,0,0,0,0,0,0,0,0,0,0,0,3,0,66,244,230,239,238,241,240,241,236,238,235,250,69,0,0,0,0,0,0,0,0,0,0,0,0,0,0,0,161,232,208,240,235,241,239,237,234,234,226,235,199,0,0,0,0,0,0,0,0,0,0,0,0,0,0,0,255,216,192,249,236,239,232,235,239,238,223,231,255,0,0,0,0,0,0,0,0,0,0,0,0,2,0,116,255,166,198,238,238,237,235,238,240,238,231,237,255,95,0,0,0,0,0,0,0,0,0,0,0,0,0,255,205,168,216,219,248,239,236,231,236,237,239,233,255,149,0,0,0,0,0,0,0,0,0,0,0,0,173,245,156,213,216,216,242,232,232,240,234,237,238,232,255,156,0,0,0,0,0,0,0,0,0,0,0,56,252,196,182,232,226,220,233,241,240,236,227,240,234,228,255,147,0,0,0,0,0,0,0,0,2,0,0,255,231,182,221,232,229,227,220,238,238,223,235,237,237,237,255,40,0,0,0,0,0,0,0,0,0,0,231,240,184,202,233,235,231,233,229,216,223,229,236,241,235,246,247,0,0,0,0,0,1,1,0,0,0,221,240,181,206,226,237,231,227,226,227,226,226,241,248,230,232,255,142,0,0,0,0,1,0,0,0,87,255,255,158,199,225,234,235,226,221,221,216,225,238,250,215,204,228,255,52,0,2,7,0,0,0,45,207,250,208,112,155,190,228,233,227,222,217,219,218,226,255,209,223,219,235,232,0,0,3,0,0,59,208,235,239,210,183,188,191,189,219,234,210,204,209,211,213,255,162,0,255,229,255,211,0,0,0,2,219,246,231,207,194,195,214,210,202,201,227,219,208,182,168,185,242,227,0,0,104,188,180,68,0,0,0,204,244,174,167,195,198,211,215,214,217,232,227,207,190,153,146,220,255,0,0,0,0,0,0,0,4,0,9,229,188,196,212,218,228,222,227,227,221,210,195,176,140,173,228,239,31,0,1,0,6,0,5,7,0,0,0,192,255,240,243,243,242,230,219,212,203,197,198,205,222,250,221,63,0,0,0,0,0,0,0,0,0,0,0,4,119,186,209,228,253,255,255,255,255,255,255,237,195,87,0,0,0,0,0,0,0,0,0,0,0,0,0,0,0,0,0,0,0,0,11,21,18,0,0,0,0,0,0,0,0,0,0,0,0,0,0,0,0,0,6
0,0,0,0,0,0,0,0,0,0,0,0,0,0,0,0,0,0,0,0,0,0,0,0,0,0,0,0,0,0,0,0,0,0,0,0,0,0,0,0,0,0,0,0,0,0,0,0,0,0,0,0,0,0,0,0,0,0,0,0,0,0,0,0,0,0,0,0,0,0,0,0,0,0,0,0,0,0,0,0,0,0,0,0,0,0,0,0,0,0,0,0,0,0,0,0,0,1,1,0,0,122,0,0,3,1,0,0,0,0,0,0,0,0,0,0,0,0,0,0,0,0,0,0,0,0,3,0,70,149,166,5,0,0,0,6,7,2,0,0,0,0,0,0,0,0,0,0,0,0,0,0,0,3,0,2,203,161,159,195,120,0,0,0,0,0,0,0,0,0,0,0,0,0,0,0,0,0,0,0,1,0,27,145,165,157,190,195,215,112,50,99,117,50,0,1,0,0,0,0,0,0,0,0,0,3,0,1,0,0,118,129,146,184,161,171,187,178,221,216,212,110,0,0,0,0,0,0,0,0,0,0,0,2,0,3,0,63,151,162,191,174,153,125,169,155,87,157,157,159,17,0,0,0,0,0,0,0,0,0,0,0,2,0,0,151,167,175,96,206,255,95,174,112,144,211,151,157,124,0,0,0,0,0,0,0,0,0,0,0,0,0,118,162,112,107,134,161,188,187,216,179,210,202,200,169,121,0,0,0,0,0,0,0,0,0,0,3,0,80,140,138,159,108,192,173,187,195,183,208,228,181,182,218,36,0,0,0,0,0,0,0,0,0,2,0,0,155,142,136,158,129,169,181,210,169,0,76,190,207,169,174,100,0,0,0,0,0,0,0,1,0,2,0,81,182,107,63,122,175,161,202,200,0,0,0,0,62,182,170,124,3,1,0,0,0,0,0,0,2,0,55,146,144,188,83,208,186,169,182,0,0,0,1,0,0,0,91,190,56,0,0,0,0,1,0,3,0,42,116,175,125,142,199,162,141,177,0,0,0,0,1,0,0,0,0,190,63,0,0,0,1,2,0,0,9,214,159,178,191,107,107,120,173,0,0,1,0,0,0,0,0,17,68,177,42,1,1,0,0,0,0,44,167,101,75,136,132,116,133,173,108,0,0,0,0,39,89,137,165,177,138,150,56,0,0,0,0,3,140,128,110,169,99,153,153,114,128,196,55,0,15,91,129,159,159,144,132,124,114,153,44,1,6,0,0,43,133,146,175,233,147,149,163,126,153,165,97,108,199,158,136,130,121,108,114,110,108,124,40,36,137,85,9,68,132,142,128,68,70,129,105,145,171,171,170,151,104,81,93,101,104,105,108,92,89,109,39,34,93,122,157,132,162,184,155,149,157,198,202,196,157,146,117,100,113,108,120,121,121,121,113,107,83,110,33,38,105,92,108,129,120,137,163,178,174,157,122,108,132,125,124,122,130,117,110,118,117,113,110,113,97,132,48,0,87,122,136,144,137,118,118,118,99,104,124,122,103,93,92,84,84,91,99,112,108,100,120,112,99,128,50,0,0,1,72,157,178,177,181,157,150,163,161,159,142,159,174,199,199,191,190,178,184,187,175,147,150,165,18,0,1,0,0,0,15,40,97,117,112,110,99,103,91,95,85,72,58,50,46,35,43,40,18,23,35,1,0,0,0,0,0,0,0,0,0,0,0,0,0,0,0,0,0,0,0,0,0,0,0,0,0,0,0,0,0,0,0,0,0,0,0,0,0,0,0,0,0,0,0,0,0,0,0,0,0,0,0,0,0,0,0,0,0,6
0,0,0,0,0,0,0,0,0,0,0,0,0,0,0,0,0,0,0,0,0,0,0,0,0,0,0,0,0,0,0,0,0,0,0,0,0,0,0,0,0,0,0,0,0,0,0,0,0,0,0,0,0,0,0,0,0,0,0,0,0,0,0,0,0,0,0,0,0,0,0,0,0,0,0,0,0,0,0,0,0,0,0,0,0,0,0,0,0,0,0,0,0,0,0,0,0,0,0,0,0,0,0,0,0,0,0,0,0,0,0,0,0,0,0,0,0,0,0,0,0,0,0,0,0,0,0,0,0,0,0,0,0,0,0,0,0,0,0,0,0,0,0,0,0,0,0,0,0,0,0,0,0,2,0,0,91,97,105,103,106,109,102,80,57,89,14,0,0,0,0,0,0,0,0,0,0,0,0,0,0,5,0,58,248,243,255,255,255,255,255,255,241,253,67,0,0,0,0,0,0,0,0,0,0,0,0,0,0,7,0,77,239,222,230,224,223,226,224,230,226,214,9,0,0,0,0,0,0,0,0,0,0,0,0,0,0,3,0,112,244,228,241,232,230,240,232,236,231,255,1,0,0,0,0,0,0,0,0,0,0,0,0,0,0,2,0,147,245,228,236,232,230,237,237,232,238,227,0,0,0,0,0,0,0,0,0,0,0,0,0,0,1,0,0,215,243,229,233,233,230,237,238,229,246,194,0,0,0,0,0,0,0,0,0,0,0,0,0,0,4,0,0,255,239,227,231,233,230,235,234,226,241,216,0,0,0,0,0,0,0,0,0,0,0,0,0,2,3,0,83,255,228,223,232,226,230,235,236,238,238,255,0,0,0,0,0,0,0,0,0,0,0,1,0,1,0,0,187,241,223,244,251,249,247,245,247,240,227,247,80,0,0,0,0,0,0,0,0,0,0,5,1,2,0,0,254,233,227,192,241,155,157,250,213,234,222,242,152,0,0,0,0,0,0,0,0,0,0,0,0,0,0,119,255,240,239,188,251,254,253,246,189,238,233,242,205,0,0,0,0,0,0,0,0,0,1,4,0,0,84,255,229,234,253,255,176,248,233,180,255,236,232,233,255,0,0,2,4,6,7,4,1,0,0,0,0,118,255,237,219,222,216,239,203,226,207,205,243,226,235,223,255,52,1,0,0,0,0,0,0,0,0,85,214,255,219,216,228,229,229,222,247,186,225,252,227,229,221,218,238,94,0,0,11,24,38,61,112,182,241,255,222,210,216,223,219,225,229,226,226,213,219,234,233,234,235,231,255,91,0,183,231,218,226,231,234,232,224,214,217,222,208,217,220,215,221,219,233,251,246,230,229,223,210,198,188,0,42,179,215,230,235,230,228,227,226,227,228,226,230,231,225,228,242,255,255,162,170,167,148,156,145,207,96,0,0,1,45,114,151,166,189,215,227,234,243,250,253,254,254,243,169,73,0,0,162,248,209,223,236,236,19,0,0,0,0,0,0,0,0,0,0,9,20,38,52,47,28,0,0,0,0,0,37,104,66,58,62,35,0,0,0,0,0,0,0,0,0,0,0,0,0,0,0,0,0,0,0,0,0,0,0,0,0,0,0,0,0,0,0,0,0,0,0,0,0,0,0,0,0,0,0,0,0,0,0,0,0,0,0,0,0,0,0,0,0,0,0,0,0,0,0,0,0,0,0,0,0,0,0,0,0,0,0,0,0,0,0,0,0,0,0,0,0,0,0,0,0,0,0,0,0,0,0,0,0,0,0,0,0,0,0,0,0,0,0,0,0,0,0,0,0,0,6
0,0,0,0,0,0,0,0,0,0,0,0,0,0,0,0,0,0,0,0,0,0,0,0,0,0,0,0,0,0,0,0,0,0,0,0,0,0,0,0,0,0,0,0,0,0,0,0,0,0,0,0,0,0,0,0,0,0,0,0,0,0,0,0,0,0,0,0,0,0,0,0,0,0,0,0,0,0,0,0,0,0,0,0,0,0,0,0,0,0,0,0,0,0,0,0,0,0,0,0,0,0,0,0,0,0,0,0,0,0,0,0,0,0,0,0,0,0,0,0,0,0,0,0,0,0,0,0,0,0,0,0,0,0,0,0,0,0,0,0,0,0,0,0,0,0,0,0,0,0,0,0,0,0,0,1,1,0,0,0,0,33,160,105,0,0,0,0,0,0,0,0,0,0,0,0,0,0,0,0,0,1,0,0,0,0,0,93,227,255,244,241,233,17,0,3,0,0,0,0,0,0,0,0,0,0,0,0,0,0,0,0,51,178,255,255,241,231,224,233,255,63,0,0,0,0,0,0,0,0,0,0,0,0,0,1,0,0,138,235,240,241,238,227,226,229,222,255,108,87,18,0,0,0,0,0,0,0,0,0,0,0,0,4,0,53,239,216,219,223,231,232,235,234,255,212,0,255,49,0,0,0,0,0,0,0,0,0,0,0,0,0,0,219,221,213,230,235,234,234,228,253,223,86,6,255,138,0,0,0,0,0,2,0,0,0,2,3,0,0,152,250,215,226,224,235,231,233,255,213,144,255,234,236,255,0,0,0,0,0,1,1,1,0,0,11,0,72,255,210,224,226,227,233,226,243,220,138,252,247,246,232,255,51,0,0,0,0,0,0,0,0,5,0,2,244,225,210,227,225,225,226,239,226,142,242,249,237,231,233,255,95,0,0,0,0,0,0,3,0,0,0,205,236,204,218,227,226,221,238,238,138,230,245,228,238,235,227,255,102,0,0,6,2,0,0,0,0,33,219,243,207,222,227,235,231,232,246,133,223,245,204,222,214,216,224,255,65,0,0,0,0,0,0,48,166,255,238,218,226,223,226,235,227,247,155,200,251,227,215,218,222,230,235,249,0,0,0,36,103,172,216,255,250,211,222,230,229,228,229,222,244,141,165,255,255,249,229,226,221,199,199,186,0,0,184,213,209,207,209,213,206,208,215,219,223,228,226,226,227,217,255,247,155,208,193,187,192,183,212,177,0,71,241,212,201,201,204,198,204,220,217,219,216,215,223,231,255,255,138,0,0,239,194,203,199,192,221,151,0,24,193,210,229,229,226,219,220,225,225,216,224,234,242,237,107,0,0,0,17,240,186,194,190,180,201,114,0,0,0,6,71,144,174,207,237,250,254,255,253,228,122,0,0,0,6,0,51,255,205,218,221,217,255,92,0,0,0,0,0,0,0,0,15,35,47,42,8,0,0,0,2,1,1,0,35,168,140,138,145,137,135,18,0,0,0,0,0,0,0,0,0,0,0,0,0,0,0,0,0,0,0,0,0,0,0,0,0,0,0,0,0,0,0,0,0,0,0,0,0,0,0,0,0,0,0,0,0,0,0,0,0,0,0,0,0,0,0,0,0,0,0,0,0,0,0,0,0,0,0,0,0,0,0,0,0,0,0,0,0,0,0,0,0,0,0,0,0,0,0,0,0,0,0,0,0,0,0,0,0,0,0,0,0,0,0,0,0,0,0,0,0,0,0,0,0,0,0,0,0,0,0,0,0,0,0,0,0,0,0,0,0,0,0,0,0,0,0,0,0,0,0,0,0,6
0,0,0,0,0,0,0,0,0,0,0,0,0,0,0,0,0,0,0,0,0,0,0,0,0,0,0,0,0,0,0,0,0,0,0,0,0,0,0,0,0,0,0,0,0,0,0,0,0,0,0,0,0,0,0,0,0,0,0,0,0,0,0,0,0,0,0,0,0,0,0,0,0,0,0,0,0,0,0,0,0,0,0,0,0,0,0,0,0,0,0,0,0,0,0,0,0,0,0,0,0,0,0,0,0,0,0,0,0,0,0,0,0,0,0,0,0,0,0,0,0,0,0,0,0,0,0,0,0,0,0,0,0,0,0,0,0,0,0,0,0,0,0,0,0,0,0,0,0,0,0,0,0,0,0,0,0,0,0,0,0,0,0,0,0,0,0,0,0,0,0,0,0,0,0,0,0,0,0,0,0,0,0,0,86,185,45,0,0,2,2,2,0,8,107,0,0,0,0,0,0,0,0,0,1,0,1,0,0,1,0,32,201,150,211,98,0,0,0,0,0,65,255,0,0,0,0,0,0,0,0,0,0,1,3,0,1,0,0,216,171,101,153,210,98,75,105,121,109,145,137,0,0,0,0,0,0,0,0,0,0,0,0,2,0,0,154,190,123,107,146,177,222,172,184,169,150,158,142,0,0,0,0,0,0,0,0,0,0,0,0,1,0,85,198,166,115,141,188,178,133,142,153,147,146,144,157,0,0,0,0,0,0,0,0,0,0,0,0,0,30,234,173,153,110,194,110,164,137,128,134,134,130,117,158,0,2,0,1,2,2,1,2,0,0,6,0,0,179,176,154,112,155,196,131,131,129,146,129,113,113,97,157,0,0,0,0,0,0,1,0,0,1,0,0,181,186,192,131,133,206,140,106,122,126,133,118,116,126,98,153,52,1,2,5,2,2,0,0,0,0,1,164,216,170,161,122,197,150,121,128,128,129,123,113,113,126,101,145,100,0,0,0,0,0,0,0,0,58,189,184,136,102,105,181,172,110,134,133,118,125,132,120,131,137,125,152,131,0,1,53,44,70,61,90,170,204,171,148,122,101,168,180,116,123,122,133,133,152,145,137,152,158,149,165,132,0,212,220,182,203,204,195,198,187,164,160,134,122,162,150,130,129,126,139,150,149,154,152,157,169,158,180,109,53,206,174,163,131,133,161,161,170,156,152,148,145,152,146,160,155,144,157,166,177,170,176,176,178,162,198,96,179,208,177,176,170,134,145,128,139,173,153,172,171,161,158,176,201,250,234,220,197,200,195,188,188,176,213,76,50,189,212,208,190,186,172,152,152,160,137,172,185,193,213,235,166,92,0,126,219,193,197,192,186,182,206,82,0,0,72,156,209,222,242,248,241,235,246,251,244,221,129,0,0,0,0,61,255,189,227,210,222,200,169,2,0,0,0,0,0,0,36,62,86,97,80,52,44,0,0,0,3,0,0,0,0,6,0,0,5,0,0,0,0,0,0,0,0,0,0,0,0,0,0,0,0,0,0,0,0,0,0,0,0,0,0,0,0,0,0,0,0,0,0,0,0,0,0,0,0,0,0,0,0,0,0,0,0,0,0,0,0,0,0,0,0,0,0,0,0,0,0,0,0,0,0,0,0,0,0,0,0,0,0,0,0,0,0,0,0,0,0,0,0,0,0,0,0,0,0,0,0,0,0,0,0,0,0,0,0,0,0,0,0,0,0,0,0,0,0,0,0,0,0,0,0,0,0,0,0,0,0,0,0,0,0,0,0,0,0,0,0,0,0,0,0,0,0,0,0,0,0,0,6
0,0,0,0,0,0,0,0,0,0,0,0,0,0,0,0,0,0,0,0,0,0,0,0,0,0,0,0,0,0,0,0,0,0,0,0,0,0,0,0,0,0,0,0,0,0,0,0,0,0,0,0,0,0,0,0,0,0,0,0,0,0,0,0,0,0,0,0,0,0,0,0,0,0,0,0,0,0,0,32,0,0,0,0,0,0,0,0,0,0,0,0,0,0,0,0,0,0,0,0,0,0,0,3,0,0,211,255,0,0,0,0,0,0,0,0,0,0,0,0,0,0,0,0,0,0,0,0,1,1,2,1,0,151,232,245,140,0,3,0,0,0,0,0,0,0,0,0,0,0,0,0,0,2,0,0,0,0,0,0,31,255,224,244,175,0,2,0,0,0,0,0,0,0,0,0,0,1,0,0,0,0,0,0,0,4,34,0,154,231,226,232,0,0,0,0,0,0,0,0,0,0,0,0,0,0,0,0,0,36,109,173,143,255,154,140,217,126,222,84,0,5,0,1,0,0,0,0,0,0,0,0,0,4,0,61,169,215,222,219,166,242,122,109,199,141,254,0,0,2,0,0,0,0,0,0,0,0,0,0,0,7,0,124,255,237,241,223,161,155,106,168,204,193,213,0,0,0,0,0,0,0,0,0,0,0,0,0,0,2,0,0,252,201,93,14,0,0,0,215,231,163,144,0,0,82,166,56,0,0,0,0,0,0,0,0,0,0,0,0,0,0,0,0,0,0,0,210,215,137,143,73,180,227,212,55,0,0,0,0,0,0,0,0,0,1,0,0,0,0,3,3,3,0,17,204,177,183,149,218,217,188,195,28,0,0,0,0,0,0,0,0,0,0,0,0,1,2,1,0,1,0,10,180,149,184,197,175,185,192,184,13,0,0,0,0,0,0,0,0,0,0,0,0,0,0,2,1,0,0,0,185,227,207,197,196,201,184,174,5,0,0,0,0,0,0,2,1,2,4,2,0,0,0,0,0,0,0,204,219,39,202,207,186,185,196,177,0,0,0,0,0,0,0,0,0,0,0,0,0,1,1,1,0,0,208,233,0,0,219,205,200,201,194,168,0,0,0,0,0,0,0,71,135,95,44,0,0,0,0,0,0,148,247,26,0,0,235,214,193,192,185,160,0,0,0,1,0,54,205,255,245,242,252,254,214,58,0,0,80,251,43,0,0,0,229,212,188,185,195,152,0,0,0,0,10,255,226,214,219,213,190,185,229,255,199,10,231,157,0,0,0,0,221,190,182,182,191,134,0,0,0,0,37,254,204,214,201,199,211,206,163,170,173,185,225,5,0,2,0,0,225,196,187,179,190,117,0,49,116,110,111,167,154,154,177,179,175,178,171,145,111,202,126,0,0,0,0,0,227,195,184,174,205,96,0,42,166,138,149,174,172,163,163,164,155,150,136,146,179,177,0,0,0,2,0,0,237,194,183,165,201,84,0,20,149,124,125,135,145,147,159,159,156,165,156,144,176,61,0,0,0,3,0,0,247,211,194,166,196,66,0,6,131,160,133,122,131,121,122,127,122,112,113,174,165,0,0,0,0,2,0,0,242,206,197,185,214,55,0,0,0,46,117,156,166,166,158,150,125,143,145,183,35,0,0,0,0,2,0,9,252,219,201,195,233,42,0,0,0,0,0,0,20,60,95,116,126,118,129,43,0,0,0,0,0,2,0,0,148,133,122,108,115,1,0,0,0,0,0,0,0,0,0,0,0,0,0,0,0,0,0,0,0,0,0,0,0,0,0,0,0,0,0,6
0,0,0,0,0,0,0,0,0,0,0,0,0,0,0,0,0,0,0,0,0,0,0,0,0,0,0,0,0,0,0,0,0,0,0,0,0,0,0,0,0,0,0,0,0,0,0,0,0,0,0,0,0,0,0,0,0,0,0,0,0,0,0,0,0,0,0,0,0,0,0,0,0,0,0,0,0,0,0,0,0,0,0,0,0,0,0,0,0,0,0,0,0,0,0,0,0,0,0,0,0,0,0,0,0,0,0,0,0,0,0,0,0,0,0,0,0,0,0,0,0,0,0,0,0,0,0,0,0,0,0,0,0,0,0,0,0,0,0,0,0,0,0,0,0,0,0,0,0,0,0,0,0,0,0,0,0,0,0,0,0,0,0,0,0,0,0,0,0,0,0,0,0,0,0,0,0,0,0,0,0,0,0,0,0,0,0,0,0,0,0,0,0,0,0,0,0,0,0,0,0,0,0,0,0,0,0,0,0,0,0,1,4,6,2,0,0,0,0,1,0,77,8,0,0,0,0,0,0,0,0,0,0,0,0,0,0,2,3,0,0,0,0,0,0,0,0,0,0,216,79,0,0,0,0,0,0,0,0,0,0,0,0,0,0,0,0,0,156,126,0,0,0,0,0,85,119,158,0,0,0,0,0,0,0,0,0,0,0,0,0,0,0,3,0,54,241,230,216,203,224,216,225,240,246,204,0,0,0,0,0,0,0,0,0,0,0,0,0,0,0,0,0,206,220,206,217,222,220,223,219,213,220,194,0,0,0,0,0,0,2,0,1,0,0,0,0,0,0,0,152,252,211,212,210,207,211,208,212,226,221,253,5,0,0,1,0,0,0,1,2,0,0,2,3,0,0,107,253,212,206,210,213,213,213,215,213,218,216,255,92,0,0,0,0,0,0,1,0,4,0,0,0,0,147,249,205,208,216,208,211,212,213,213,209,226,213,222,220,0,0,1,4,4,0,0,0,0,0,0,62,212,237,203,208,216,213,213,214,214,213,217,212,219,225,209,255,32,0,0,0,0,0,0,0,20,108,198,234,204,195,207,209,222,221,218,207,215,216,216,220,213,211,192,251,102,0,0,53,124,146,153,168,224,229,203,189,197,208,219,217,221,220,220,220,223,219,216,217,211,211,197,247,129,35,182,200,207,205,207,200,195,185,185,200,210,209,214,223,221,215,215,204,217,231,227,223,226,231,218,255,104,133,245,218,215,215,209,208,205,207,201,199,202,209,214,214,218,228,250,255,246,228,224,223,216,216,219,236,4,0,64,154,205,246,255,255,255,255,247,248,250,253,255,255,255,239,221,134,198,254,224,234,238,243,248,252,0,0,0,0,0,0,13,51,67,86,109,127,138,137,109,79,31,0,0,0,51,209,162,162,158,148,153,119,0,0,0,0,0,0,0,0,0,0,0,0,0,0,0,0,0,0,0,0,0,0,0,0,0,0,0,0,0,0,0,0,0,0,0,0,0,0,0,0,0,0,0,0,0,0,0,0,0,0,0,0,0,0,0,0,0,0,0,0,0,0,0,0,0,0,0,0,0,0,0,0,0,0,0,0,0,0,0,0,0,0,0,0,0,0,0,0,0,0,0,0,0,0,0,0,0,0,0,0,0,0,0,0,0,0,0,0,0,0,0,0,0,0,0,0,0,0,0,0,0,0,0,0,0,0,0,0,0,0,0,0,0,0,0,0,0,0,0,0,0,0,0,0,0,0,0,0,0,0,0,0,0,0,0,0,0,0,0,0,0,0,0,0,0,0,0,0,0,6
0,0,0,0,0,0,0,0,0,0,0,0,0,0,0,0,0,0,0,0,0,0,0,0,0,0,0,0,0,0,0,0,0,0,0,0,0,0,0,0,0,0,0,0,0,0,0,0,0,0,0,0,0,0,0,0,0,0,0,0,0,0,0,0,0,0,0,0,0,0,0,0,0,0,0,0,0,0,0,0,0,0,0,0,0,0,0,0,0,0,0,0,0,0,0,0,0,0,0,0,0,0,0,0,0,0,0,0,0,0,0,0,0,0,0,0,0,0,0,0,0,0,0,0,0,0,0,0,0,0,0,0,0,0,0,0,0,13,100,0,0,0,0,0,0,0,0,0,0,0,0,0,0,0,3,0,11,162,152,130,103,89,53,10,0,0,183,40,0,0,0,0,0,0,0,0,0,0,0,0,0,3,0,0,214,248,250,254,255,255,254,238,210,193,196,0,0,0,0,0,0,0,0,0,0,0,0,1,0,17,0,100,250,223,229,232,236,235,235,238,249,255,210,0,0,0,0,0,0,0,0,0,0,0,0,0,0,0,0,212,244,225,243,240,244,240,242,242,235,250,222,0,0,0,0,0,0,0,0,0,0,0,0,0,1,0,32,230,230,240,239,236,240,242,241,241,235,255,210,0,0,0,0,0,0,0,0,0,0,0,0,1,0,0,167,249,227,242,236,236,240,240,239,238,235,255,208,0,0,0,0,0,0,0,0,0,0,0,2,0,0,59,255,226,241,234,237,241,245,241,239,235,238,255,216,0,0,0,0,0,0,0,0,0,0,2,0,0,62,255,230,232,243,235,242,240,238,237,237,239,238,255,228,0,0,0,0,0,0,0,0,0,1,0,0,100,255,226,230,243,240,238,242,241,241,240,243,242,242,251,250,0,0,0,0,2,4,3,2,0,0,0,185,240,214,231,240,237,243,243,244,244,244,244,244,239,245,243,255,3,0,3,1,0,0,0,0,0,14,180,222,215,231,241,238,240,239,242,239,240,241,241,238,236,242,242,253,53,1,0,0,0,0,4,77,182,255,241,228,237,233,232,233,239,232,234,231,231,232,234,238,240,245,240,255,72,0,12,208,209,213,218,236,239,225,226,238,237,237,239,239,239,238,235,232,235,238,241,241,239,245,238,255,54,0,213,251,229,235,228,229,234,240,242,239,237,239,239,240,243,243,242,241,244,243,238,238,241,247,245,255,17,44,241,228,235,229,240,240,236,236,236,236,235,239,237,238,241,240,241,246,245,244,241,242,241,238,230,255,60,69,227,233,238,242,242,241,242,241,243,244,240,239,246,248,247,242,239,234,231,228,223,224,222,220,209,255,110,131,241,212,220,227,227,223,227,235,234,236,237,237,235,217,222,224,230,239,230,227,234,236,233,236,225,235,103,89,232,249,245,236,232,223,223,220,216,218,216,223,222,239,248,247,255,216,255,233,229,229,227,227,222,241,126,0,0,101,190,247,255,255,255,255,255,255,255,250,255,242,105,30,0,0,88,255,247,251,255,245,237,255,115,0,0,0,0,0,0,46,72,90,102,100,94,94,62,0,0,0,0,0,0,61,61,54,51,42,31,19,0,0,0,0,0,0,0,0,0,0,0,0,0,0,0,0,0,0,0,0,0,0,0,0,0,0,0,0,0,0,0,0,0,0,0,0,0,0,0,0,0,0,0,0,0,0,0,0,0,0,0,0,0,0,0,0,0,0,0,0,0,0,0,0,0,0,0,0,0,0,0,0,0,0,0,0,0,0,0,0,0,0,0,0,0,6
0,0,0,0,0,0,0,0,0,0,0,0,0,0,0,0,0,0,0,0,0,0,0,0,0,0,0,0,0,0,0,0,0,0,0,0,0,0,0,0,0,0,0,0,0,0,0,0,0,0,0,0,0,0,0,0,0,0,0,0,0,0,0,0,0,0,0,0,0,0,0,0,0,0,0,0,0,0,0,0,0,0,0,0,0,0,0,0,0,0,0,0,0,0,0,0,0,0,0,0,0,0,0,0,0,0,0,0,0,0,0,0,0,0,0,0,0,0,0,0,0,0,0,0,0,0,0,0,0,0,0,0,0,0,0,0,0,0,0,0,0,0,0,0,0,0,0,0,0,0,0,0,0,0,0,0,0,0,0,0,0,0,0,0,0,0,0,0,0,0,0,0,0,0,0,0,0,0,0,0,0,0,0,0,0,0,0,0,0,0,0,0,0,0,0,0,0,0,0,0,0,0,0,0,0,0,0,0,0,0,0,0,0,33,0,0,0,0,0,0,0,0,0,0,0,0,0,0,0,0,0,0,0,0,0,0,0,0,0,0,230,255,0,0,0,2,5,2,1,0,0,0,0,0,0,0,0,0,0,0,0,0,0,0,0,0,2,118,229,63,0,0,0,0,0,0,0,0,0,0,0,0,0,0,0,0,0,0,0,0,0,0,0,0,158,235,220,198,222,152,108,66,21,0,0,0,0,0,0,0,0,0,0,0,0,0,0,0,1,0,0,70,237,222,223,243,238,230,223,239,238,226,212,176,210,19,0,0,0,0,0,1,0,1,0,0,0,0,0,180,233,224,241,210,215,230,230,227,220,214,214,205,210,26,0,0,0,0,2,0,0,0,0,0,32,112,248,245,226,216,231,237,234,228,232,235,240,234,229,224,215,15,0,1,0,0,0,0,0,0,53,163,231,255,207,211,192,222,220,229,231,233,230,232,232,233,229,222,255,24,0,0,0,0,0,0,38,223,255,213,189,193,179,206,223,230,223,227,227,229,230,226,227,228,234,220,255,36,0,102,190,183,187,222,234,205,196,174,177,206,214,217,225,228,226,235,225,226,228,221,201,204,224,220,255,47,80,206,209,213,218,213,195,164,206,192,224,227,231,234,232,232,234,234,235,231,226,225,219,213,214,213,255,61,99,196,181,189,195,187,192,213,227,231,220,231,236,236,237,236,236,234,233,233,233,233,234,230,230,220,255,51,28,186,203,203,200,199,199,205,206,206,210,204,200,204,203,203,204,202,199,200,201,201,197,198,201,202,235,75,0,42,150,209,236,243,242,231,228,230,233,234,231,234,238,242,246,247,246,246,245,245,247,248,248,234,255,95,0,0,0,0,30,63,114,143,162,172,169,168,169,159,154,146,138,134,134,138,139,140,138,136,127,116,118,0,0,0,0,0,0,0,0,0,0,0,0,0,0,0,0,0,0,0,0,0,0,0,0,0,0,0,0,0,0,0,0,0,0,0,0,0,0,0,0,0,0,0,0,0,0,0,0,0,0,0,0,0,0,0,0,0,0,0,0,0,0,0,0,0,0,0,0,0,0,0,0,0,0,0,0,0,0,0,0,0,0,0,0,0,0,0,0,0,0,0,0,0,0,0,0,0,0,0,0,0,0,0,0,0,0,0,0,0,0,0,0,0,0,0,0,0,0,0,0,0,0,0,0,0,0,0,0,0,0,0,0,0,0,0,0,0,0,0,0,0,0,0,0,0,0,0,0,0,0,0,0,0,0,0,0,0,0,0,0,0,0,0,0,0,0,0,0,0,6
0,0,0,0,0,0,0,0,0,0,0,0,0,0,0,0,0,0,0,0,0,0,0,0,0,0,0,0,0,0,0,0,0,0,0,0,0,0,0,0,0,0,0,0,0,0,0,0,0,0,0,0,0,0,0,0,0,0,0,0,0,0,0,0,1,2,1,1,0,2,0,0,0,0,2,2,2,0,0,6,75,0,1,0,0,0,0,0,0,0,0,0,1,1,2,1,0,1,2,2,3,2,0,0,0,0,1,160,208,0,0,2,0,0,0,0,0,0,0,0,0,2,0,0,1,5,0,0,0,0,0,2,0,1,124,181,205,94,0,5,0,0,0,0,0,0,0,0,0,0,0,1,0,0,0,2,98,187,159,197,176,106,177,161,208,43,0,3,0,0,0,0,0,0,0,0,0,1,3,0,6,140,178,150,205,205,151,169,207,150,165,199,107,0,2,0,0,0,0,0,0,0,0,0,0,0,1,2,0,198,185,157,111,139,142,158,194,141,162,225,23,0,3,0,0,0,0,0,0,0,0,0,1,3,1,3,0,129,193,179,207,216,166,176,171,132,180,179,0,0,0,0,0,0,0,0,0,0,0,0,0,2,1,3,0,49,130,41,104,175,147,140,196,243,239,0,0,0,114,77,0,0,0,0,0,0,0,0,0,1,1,0,0,0,0,0,0,0,0,98,255,229,134,3,115,198,243,93,0,0,0,1,1,0,0,0,0,0,0,0,2,3,5,1,0,2,0,175,223,192,159,177,206,199,237,56,0,0,0,1,0,0,0,1,3,4,2,3,1,1,0,2,0,0,0,169,207,202,208,198,216,213,239,43,1,0,1,0,0,0,3,4,0,0,0,0,7,5,4,4,0,0,52,225,235,155,193,220,202,206,232,32,1,1,1,0,1,5,0,0,6,57,39,2,0,0,0,0,0,69,240,246,88,0,171,214,197,212,228,12,1,1,0,0,0,0,2,95,192,161,148,174,149,86,4,0,66,240,159,15,0,0,189,215,203,211,223,5,4,0,3,0,0,74,165,183,112,95,149,190,181,196,228,168,224,160,0,0,0,0,179,222,199,204,217,0,1,1,0,0,142,232,132,86,125,174,186,160,153,198,194,193,216,0,0,0,0,0,168,219,197,208,217,0,3,3,0,61,164,35,122,158,170,181,161,149,185,208,179,240,53,0,0,1,0,0,168,217,193,210,215,0,0,0,0,29,114,135,189,140,156,151,140,174,193,175,220,178,0,0,0,0,0,0,161,221,192,210,212,0,52,135,85,150,220,215,212,96,143,153,169,188,188,178,233,44,0,2,0,1,0,0,157,228,193,215,213,0,84,241,198,216,203,195,196,201,208,198,206,202,195,198,192,0,0,1,1,2,1,0,144,228,190,214,213,0,20,208,183,187,195,202,199,203,204,201,186,188,183,221,97,0,3,0,0,0,2,0,133,225,190,213,213,0,0,185,239,221,207,192,189,190,186,183,185,178,188,225,0,0,4,2,0,0,0,0,131,217,180,204,211,0,0,0,46,128,194,221,222,225,226,219,211,211,237,96,0,6,2,2,0,0,1,0,128,243,199,220,230,0,0,0,0,0,0,0,12,49,74,106,106,120,52,0,0,2,0,0,0,0,2,0,78,250,202,212,168,0,0,0,0,0,0,0,0,0,0,0,0,0,0,0,0,0,0,0,0,0,0,0,0,0,0,0,0,0,0,0,0,0,0,0,0,0,0,0,0,0,0,0,0,0,0,0,0,0,0,0,0,0,0,0,0,0,6
0,0,0,0,0,0,0,0,0,0,0,0,3,0,19,61,83,118,127,108,73,55,43,9,0,0,0,0,0,0,0,0,0,0,0,0,0,0,0,0,8,0,139,254,229,255,255,255,255,255,255,250,243,181,83,0,0,0,0,0,0,0,0,0,0,0,0,0,5,0,116,245,205,202,212,204,198,203,208,205,203,205,209,129,0,0,0,0,0,0,0,0,0,0,0,0,3,0,129,238,222,226,217,201,193,188,206,208,191,183,190,77,0,0,0,0,0,0,0,0,0,0,0,0,0,0,123,224,212,242,230,210,189,177,212,207,196,177,216,28,0,0,0,0,0,0,0,0,0,0,0,0,0,0,148,190,161,190,215,223,219,208,213,208,197,185,208,0,0,0,0,0,0,0,0,0,0,0,0,1,0,0,203,222,197,203,204,199,198,212,205,205,191,218,133,0,0,0,0,0,0,0,0,0,0,0,0,2,0,0,233,220,224,228,216,196,192,220,210,202,188,210,31,0,0,0,0,0,0,0,0,0,0,0,0,2,0,0,233,215,212,224,223,219,227,214,205,205,189,171,0,0,0,0,0,0,0,0,0,0,0,0,0,2,0,0,235,219,218,221,223,217,226,207,207,195,215,92,0,0,0,0,0,0,0,0,0,0,0,0,0,2,0,0,254,225,221,220,214,199,213,214,195,203,166,0,0,1,0,0,0,0,0,0,0,0,0,0,1,2,0,0,252,229,219,217,206,217,240,209,195,218,140,0,2,0,0,0,0,0,0,0,0,0,0,0,0,2,0,0,236,218,222,216,211,228,198,188,203,216,115,0,0,0,0,0,0,0,0,0,0,0,0,0,0,1,0,0,253,232,218,217,238,207,199,228,197,211,176,0,0,2,0,0,0,0,0,0,0,0,0,0,0,2,0,74,255,222,213,211,232,208,232,222,206,187,234,59,0,1,0,0,0,0,0,0,0,0,0,0,1,0,0,211,222,202,221,220,204,203,223,214,215,185,207,148,0,0,0,0,0,0,0,0,0,0,0,0,0,0,36,255,206,222,219,215,218,210,231,222,214,197,190,212,4,0,0,0,0,0,0,0,0,0,0,0,0,0,171,234,205,218,208,216,222,210,213,228,200,207,179,226,66,0,0,0,0,0,0,0,0,0,0,1,0,17,255,214,222,221,215,218,206,218,204,219,197,210,190,218,107,0,0,0,0,0,0,0,0,0,0,0,0,170,255,208,226,224,218,222,215,220,215,226,207,226,186,205,82,0,0,1,0,0,0,1,4,3,0,0,68,241,193,199,211,221,217,217,216,209,175,222,217,192,201,236,70,0,0,0,4,5,0,0,0,0,0,73,225,203,200,206,210,219,220,211,210,200,243,219,191,249,226,211,70,0,0,0,0,0,0,0,22,68,145,229,202,206,219,214,223,217,213,205,232,249,145,0,69,255,230,215,78,0,0,0,23,134,154,159,152,166,173,194,206,220,212,221,216,210,204,203,239,32,0,0,130,231,234,223,93,0,0,6,213,230,213,214,204,203,197,208,216,214,221,222,210,190,208,193,116,0,0,0,162,212,233,227,114,0,0,13,165,219,230,224,224,223,219,214,219,228,220,200,187,232,213,144,57,0,0,0,193,215,229,230,91,0,0,0,0,15,73,174,220,253,255,255,243,227,209,203,255,132,0,1,0,0,0,0,237,250,241,249,127,0,0,0,0,0,0,0,0,11,58,101,150,173,181,187,65,0,0,0,0,0,0,0,136,168,159,170,74,0,6
0,0,0,0,0,0,0,0,0,0,0,0,0,0,0,0,0,0,0,0,0,0,0,0,0,0,0,0,0,0,0,0,0,0,0,0,0,0,0,0,0,0,0,0,0,0,0,0,0,0,0,0,0,0,0,0,0,0,0,0,0,0,0,0,0,0,0,0,0,0,0,0,0,0,0,0,0,0,0,0,0,0,0,0,0,0,0,0,0,0,0,0,0,0,0,0,10,50,83,100,110,105,104,90,72,68,45,18,0,0,0,0,0,0,0,0,0,0,0,0,0,0,1,0,53,135,109,98,114,117,139,144,164,184,166,172,145,104,30,0,0,0,0,0,0,0,0,0,0,0,1,0,21,73,73,92,83,97,100,98,114,132,115,135,125,95,13,0,0,0,0,0,0,0,0,0,0,0,0,0,26,65,115,184,154,192,144,122,127,162,124,132,102,88,5,0,0,0,0,0,0,0,0,0,0,0,1,0,31,92,127,186,176,206,167,130,139,157,179,135,93,90,1,0,0,0,0,0,0,0,0,0,0,0,1,0,20,102,125,115,139,182,135,149,127,129,144,112,104,97,0,0,0,0,0,0,0,0,0,0,0,0,1,0,36,58,157,181,147,199,206,139,154,150,134,93,100,68,0,0,0,0,0,0,0,0,0,0,0,0,5,0,58,63,140,181,147,164,239,194,191,164,194,159,109,60,0,0,0,0,0,0,0,0,0,0,0,0,1,0,70,93,177,90,104,125,98,181,186,134,149,157,97,50,0,0,1,0,0,0,0,0,0,0,0,0,0,0,117,112,147,144,167,139,122,181,179,145,142,114,78,41,0,0,0,0,0,0,0,1,0,0,0,0,0,11,134,122,115,159,171,140,127,177,144,162,191,157,88,36,0,0,0,0,0,0,1,1,0,0,0,0,0,115,140,142,135,129,231,204,157,102,98,92,82,119,97,67,0,0,0,0,0,0,0,0,0,0,0,3,93,130,98,124,149,181,140,152,119,112,115,97,97,142,189,104,0,0,1,0,0,0,0,0,1,11,36,114,122,63,80,68,122,152,157,114,114,125,112,105,166,172,137,97,0,0,0,0,0,0,6,21,43,52,78,97,45,75,119,142,125,132,161,120,110,110,115,174,182,125,147,114,0,0,0,0,25,35,52,68,63,53,65,100,109,93,73,77,87,100,109,107,114,112,171,177,169,145,142,130,0,0,0,43,109,90,72,78,52,67,58,58,82,117,124,129,129,112,109,120,114,125,191,161,172,157,127,135,90,0,41,154,122,82,90,130,127,63,62,77,63,62,80,97,115,149,147,135,110,172,194,171,181,194,127,174,224,5,92,157,82,115,162,145,135,152,52,62,78,82,82,87,77,80,110,112,105,179,159,154,150,132,134,184,199,55,50,196,164,162,161,172,157,177,132,36,62,67,75,87,115,124,135,129,166,208,177,181,176,199,213,199,181,93,0,46,145,179,206,197,199,194,174,140,142,140,152,161,176,192,209,224,234,228,229,231,228,238,221,208,216,31,0,0,0,5,52,125,162,204,221,251,211,218,226,224,218,255,238,226,234,234,229,219,209,187,157,98,11,0,0,0,0,0,0,0,0,0,0,8,26,33,58,57,31,16,5,0,0,11,10,3,0,0,0,0,0,0,0,0,0,0,0,0,0,0,0,0,0,0,0,0,0,0,0,0,0,0,0,0,0,0,0,0,0,0,0,0,0,0,0,0,0,0,0,0,0,0,0,0,0,0,0,0,0,0,0,0,0,0,0,0,0,0,6
0,0,0,0,0,0,0,0,0,0,0,0,0,0,0,0,0,0,0,0,0,0,0,0,0,0,0,0,0,0,0,0,0,0,0,0,0,0,0,0,0,0,0,0,0,0,0,0,0,0,0,0,0,0,0,0,0,0,0,0,0,0,0,0,0,0,0,0,0,0,0,0,0,0,0,0,0,0,0,0,0,0,0,0,0,0,0,0,0,0,0,0,0,0,0,0,0,0,0,0,0,0,0,0,0,0,0,0,0,0,0,0,0,0,0,0,0,0,0,0,0,1,0,0,1,0,2,4,4,1,2,2,2,1,4,0,38,88,0,0,0,0,0,0,0,0,0,0,0,1,0,0,0,0,0,0,0,0,0,0,0,0,0,0,120,222,0,3,0,0,0,0,0,0,0,0,0,0,0,1,0,5,99,80,86,93,95,76,63,44,29,10,125,140,0,0,0,0,0,0,0,0,0,0,0,0,1,3,0,28,170,136,150,166,174,188,193,190,220,182,190,109,0,0,0,0,0,0,0,0,0,0,0,0,0,2,0,84,133,134,146,144,138,168,168,171,173,169,178,163,0,0,0,0,0,0,0,0,0,0,0,0,0,0,0,124,141,149,156,153,153,180,172,177,178,174,169,205,0,0,0,0,0,0,0,0,0,0,0,0,2,0,20,151,136,146,154,155,154,176,161,167,177,181,163,218,47,0,0,0,0,0,0,0,0,0,1,0,4,0,81,165,134,146,151,151,160,187,167,173,163,162,159,179,135,0,0,0,0,0,0,0,0,0,0,3,0,0,136,146,135,143,152,156,150,192,168,170,161,152,151,154,182,0,1,1,0,0,0,0,0,0,0,6,0,56,140,126,133,144,156,156,153,173,153,159,155,170,180,158,198,29,0,0,0,0,0,0,0,0,3,0,7,119,117,129,140,150,147,141,155,164,153,167,174,178,182,173,200,42,0,0,0,0,0,0,0,1,0,0,97,123,119,145,145,148,150,145,168,170,161,173,175,170,175,183,213,59,1,0,0,3,1,2,7,0,0,67,136,115,137,144,148,141,146,151,168,167,156,171,188,193,200,201,245,82,0,2,4,1,0,0,0,0,55,136,113,126,139,145,140,140,154,158,174,153,169,201,214,210,213,206,237,29,2,0,0,0,0,9,39,84,123,108,117,134,137,141,143,155,169,162,172,228,223,219,213,210,220,210,230,2,0,16,70,95,102,125,137,134,119,121,113,131,144,149,162,169,159,182,255,165,0,215,227,211,213,209,220,0,1,125,143,140,144,136,133,129,131,128,137,140,146,158,161,160,191,216,90,0,0,231,215,210,208,211,210,0,114,193,172,171,165,140,117,109,126,127,143,154,158,158,161,201,198,41,0,0,0,220,217,208,205,211,181,0,0,99,142,165,190,196,194,182,171,166,158,163,175,191,222,203,1,0,0,0,0,188,224,216,216,227,186,0,0,0,0,0,13,36,84,144,184,213,228,195,191,206,86,0,0,2,0,0,0,195,194,178,168,174,114,0,2,2,1,0,0,0,0,0,0,0,0,0,0,0,0,0,1,0,0,1,0,0,0,0,0,0,0,0,0,0,0,0,0,0,0,0,0,0,0,0,0,0,0,0,0,0,0,0,0,0,0,0,0,0,0,0,0,0,0,0,0,0,0,0,0,0,0,0,0,0,0,0,0,0,0,0,0,0,0,0,0,0,0,0,0,0,0,0,0,0,0,0,0,0,0,0,0,0,0,0,0,0,0,0,0,0,0,0,0,0,0,0,6
0,0,0,0,0,0,0,0,0,0,0,0,0,0,0,0,0,0,0,0,0,0,0,0,0,0,0,0,0,0,0,0,0,0,0,0,0,0,0,0,0,0,0,0,0,69,57,44,100,107,134,147,144,115,112,19,0,0,0,0,0,0,0,0,0,0,0,0,1,0,0,116,181,197,221,227,241,233,233,222,215,218,236,76,0,0,0,0,0,0,0,0,0,0,0,0,3,0,21,201,185,195,185,173,181,190,201,201,214,220,218,0,0,0,0,0,0,0,0,0,0,0,0,0,3,0,0,197,192,205,217,180,206,216,206,220,217,220,214,0,0,0,0,0,0,0,0,0,0,0,0,0,2,0,0,183,193,200,216,190,202,209,209,228,207,228,236,0,0,0,0,0,0,0,0,0,0,0,0,0,0,0,0,167,220,196,211,217,197,221,216,213,216,239,204,0,0,0,0,0,0,0,0,0,0,0,0,0,0,3,0,132,225,195,201,216,200,210,164,218,201,231,166,0,0,0,0,0,0,0,0,0,0,0,0,0,0,5,0,116,215,201,193,206,209,204,128,236,168,231,129,0,0,0,0,0,0,0,0,0,0,0,0,0,0,3,0,114,216,207,194,196,215,219,196,219,221,250,107,0,0,0,0,0,0,0,0,0,0,0,0,0,0,3,0,108,224,208,212,210,210,211,221,221,223,247,97,0,0,0,0,0,0,0,0,0,2,1,0,0,1,0,0,175,218,196,208,199,212,188,218,230,224,246,114,0,0,0,0,0,0,0,0,0,0,1,1,0,1,0,15,214,204,198,198,188,217,206,221,226,223,247,111,0,0,0,0,0,0,0,0,0,0,0,0,0,1,0,145,235,207,195,180,192,213,221,216,233,222,237,133,0,0,0,0,0,0,0,0,0,0,0,2,0,0,0,232,226,217,193,200,210,221,216,211,222,227,238,219,0,0,0,0,0,0,0,0,0,1,5,0,0,37,215,224,217,183,208,216,211,222,218,229,225,228,238,255,1,1,0,0,0,0,2,1,3,0,0,0,121,252,218,219,203,187,215,210,213,215,217,214,231,239,224,241,116,0,0,0,6,6,0,0,0,0,69,183,202,197,207,218,213,215,220,215,215,213,216,219,246,234,192,255,154,0,3,2,0,0,0,23,0,90,212,191,184,209,216,206,211,215,212,220,203,200,216,229,200,168,181,255,120,0,0,0,63,174,205,132,59,83,148,202,219,219,219,215,214,211,215,223,208,204,217,235,199,212,234,255,108,0,0,190,232,220,198,185,216,199,200,211,212,214,218,219,214,211,222,216,207,208,221,244,248,252,227,244,108,0,119,212,200,204,209,237,236,227,223,222,222,219,214,213,216,221,213,219,233,227,247,234,231,224,220,243,94,98,208,187,193,161,90,92,136,165,186,203,216,216,216,214,213,214,220,235,238,250,237,218,226,229,243,250,110,156,247,215,210,205,199,193,184,185,190,191,196,201,205,204,211,228,234,243,251,170,180,240,234,203,168,80,0,9,160,231,222,207,207,211,209,214,215,213,215,218,223,222,225,235,247,236,118,0,0,110,56,0,0,0,0,0,0,63,182,246,206,244,250,246,234,236,237,237,241,246,234,255,204,32,0,0,0,0,0,0,0,2,2,3,0,0,0,0,14,61,71,97,141,138,151,159,151,129,85,13,0,0,0,0,0,6,5,2,0,0,0,0,0,0,0,0,0,0,0,0,0,0,0,0,0,0,0,0,0,0,0,0,0,0,0,0,0,0,0,6
0,0,0,0,0,0,0,0,0,0,0,0,0,0,0,0,0,0,0,0,0,0,0,0,0,0,0,0,0,0,0,0,0,0,0,0,0,0,0,0,0,0,0,0,0,0,0,0,0,0,0,0,0,0,0,0,0,0,0,0,0,0,0,0,0,0,0,0,0,0,0,0,0,0,0,0,0,0,0,0,0,0,0,0,0,0,0,0,0,0,0,0,0,0,0,0,0,0,0,0,0,0,0,0,0,0,0,0,0,0,0,0,0,0,0,0,0,0,0,0,0,0,0,0,0,0,0,0,0,0,0,0,0,0,0,0,0,0,80,48,0,0,0,0,0,0,0,0,0,0,0,2,0,88,127,84,49,27,19,16,11,7,0,0,0,0,173,48,0,0,0,0,0,0,0,0,0,0,0,2,0,117,203,215,222,223,229,226,220,216,253,204,193,199,164,0,0,0,0,0,0,0,0,0,0,0,0,6,0,22,166,211,213,206,176,178,187,181,177,179,198,198,132,0,0,0,0,0,0,0,0,0,0,0,4,11,0,79,196,219,221,227,203,199,169,161,179,189,199,204,118,0,0,0,0,0,0,0,0,0,0,0,20,14,0,48,238,216,211,200,213,216,216,214,221,224,196,203,107,0,0,0,0,0,0,0,0,0,0,0,13,19,0,105,232,227,217,216,214,211,211,213,205,200,191,207,72,0,0,0,0,0,0,0,0,0,0,0,0,0,0,146,220,216,225,236,232,234,234,227,218,211,199,208,35,0,0,0,0,0,0,0,0,0,0,0,0,0,124,197,220,218,225,225,229,231,227,223,214,219,207,237,19,0,0,0,0,0,0,0,0,0,0,1,0,61,77,230,220,225,235,227,229,231,230,230,228,243,207,220,0,0,0,0,0,0,0,0,0,0,0,0,14,207,182,221,206,232,235,228,232,233,233,230,235,255,203,234,11,0,0,0,0,0,0,1,3,0,0,54,73,104,218,200,217,228,229,232,234,230,234,245,241,209,202,239,37,0,0,0,4,6,4,0,0,0,50,199,170,189,206,203,227,232,228,233,227,236,231,197,155,208,198,204,58,0,1,1,0,0,0,0,12,78,188,186,98,159,183,179,183,201,219,228,228,208,187,200,238,238,189,206,93,0,0,0,18,54,103,143,175,158,39,0,30,151,144,167,177,208,226,235,224,213,232,236,228,218,188,205,99,0,0,61,162,142,92,42,9,0,0,101,180,177,193,217,218,226,233,226,217,221,216,206,201,193,171,194,51,0,0,66,190,185,194,179,208,210,236,241,214,217,218,210,202,192,193,196,192,194,196,196,201,211,223,147,0,0,19,146,196,184,186,193,199,205,205,201,200,198,193,196,203,212,255,250,242,237,221,209,201,200,161,151,3,0,17,82,124,184,201,209,194,210,219,217,245,229,217,187,152,103,58,32,19,6,1,1,0,0,0,4,0,0,0,0,0,0,11,21,30,45,44,28,25,9,0,0,0,0,0,3,11,13,18,19,23,23,28,32,1,0,0,0,0,0,0,0,0,0,0,0,0,0,0,0,0,0,0,0,0,0,0,0,0,0,0,0,0,0,0,0,0,0,0,0,0,0,0,0,0,0,0,0,0,0,0,0,0,0,0,0,0,0,0,0,0,0,0,0,0,0,0,0,0,0,0,0,0,0,0,0,0,0,0,0,0,0,0,0,0,0,0,0,0,0,0,0,0,0,0,0,0,0,0,0,0,0,0,0,0,0,0,0,0,0,0,0,0,0,0,0,0,0,6
0,0,0,0,0,0,0,0,0,0,0,0,0,0,0,0,0,0,0,0,0,0,0,0,0,0,0,0,0,0,0,0,0,0,0,0,0,0,0,0,0,0,0,0,0,0,0,0,0,0,0,0,0,0,0,0,0,0,0,0,0,0,0,0,0,0,0,0,0,0,0,0,0,0,0,0,0,0,0,0,0,0,0,0,0,0,0,0,0,0,0,0,0,0,0,0,0,0,0,0,0,2,0,43,91,57,0,0,0,0,0,0,0,0,0,0,0,0,0,0,0,0,0,0,0,0,0,5,0,0,0,126,255,231,0,0,1,0,0,2,0,0,0,0,0,0,0,0,0,0,0,0,0,0,0,0,0,15,67,163,214,175,12,0,0,0,4,0,0,0,0,0,0,0,0,0,0,0,0,0,1,0,0,16,141,249,224,230,212,224,255,191,60,0,0,1,0,0,0,0,0,0,0,0,0,0,0,1,0,0,100,212,227,204,212,219,229,222,211,212,229,158,21,0,0,0,0,0,0,0,0,0,0,0,0,3,0,0,203,229,207,214,211,219,217,215,219,206,214,229,33,0,0,0,0,0,0,0,0,0,0,0,0,3,0,0,182,200,218,221,211,236,227,220,191,197,218,201,0,0,0,0,0,0,0,0,0,0,0,0,0,2,0,0,196,204,216,210,192,233,225,225,202,200,208,195,0,0,0,0,0,0,0,0,0,0,0,0,0,1,0,0,215,200,220,217,214,222,222,223,215,207,199,226,0,0,0,0,0,0,0,0,0,0,0,0,0,2,0,36,241,205,227,227,227,220,217,213,207,206,203,213,0,0,0,0,0,0,0,0,0,0,0,0,0,0,0,150,228,201,219,228,227,225,223,200,176,205,215,218,0,0,0,0,0,0,0,0,0,0,2,3,0,0,108,222,223,196,199,207,212,234,226,229,208,193,214,200,16,0,0,0,0,0,0,2,3,3,0,0,8,118,208,221,212,234,215,224,218,214,219,212,200,211,198,209,75,0,1,2,4,8,2,0,0,0,0,100,153,111,211,210,199,212,195,205,217,220,224,215,210,212,204,211,143,0,1,0,0,0,0,0,22,95,171,157,23,49,184,184,190,198,218,219,226,228,224,220,213,206,201,207,188,0,0,0,46,108,150,187,188,148,86,40,107,172,178,203,211,231,237,233,235,230,229,226,224,228,212,204,224,12,0,139,147,103,67,54,95,93,119,169,180,187,184,205,223,238,227,225,216,205,209,214,218,219,211,205,225,14,72,199,191,172,149,150,197,206,209,203,207,215,221,226,235,206,190,181,193,189,201,211,207,208,214,212,227,58,99,184,196,207,217,224,225,226,224,226,232,227,221,214,204,202,211,221,225,227,209,216,218,206,206,198,200,137,0,76,141,178,192,202,201,203,207,206,204,206,209,215,221,222,212,235,189,197,216,192,207,208,209,207,217,127,0,0,0,10,67,121,161,186,208,222,234,227,216,184,130,57,6,0,0,56,255,224,215,253,228,193,196,84,0,7,0,0,0,0,0,0,0,0,0,0,0,0,0,0,0,0,0,0,40,29,13,0,0,0,0,0,0,0,0,0,0,0,0,0,0,0,0,0,0,0,0,0,0,0,0,0,0,0,0,0,0,0,0,0,0,0,0,0,0,0,0,0,0,0,0,0,0,0,0,0,0,0,0,0,0,0,0,0,0,0,0,0,0,0,0,0,0,0,0,0,0,0,0,0,0,0,0,0,0,0,0,0,0,0,0,0,0,0,0,0,6
0,0,0,0,0,0,0,0,0,0,0,0,0,0,0,0,0,0,0,0,0,0,0,0,0,0,0,0,0,0,0,0,0,0,0,0,0,0,0,0,0,0,0,0,0,0,0,0,0,0,0,0,0,0,0,0,0,0,0,0,0,0,0,0,0,2,0,4,129,108,108,112,111,110,95,0,0,0,0,0,0,0,0,0,0,0,0,0,0,0,0,0,0,3,0,21,209,228,231,255,255,229,255,190,127,123,107,106,95,49,0,0,0,0,0,0,0,0,0,0,0,3,0,9,192,201,201,199,204,208,212,235,254,252,255,148,212,248,4,0,0,0,0,0,0,0,0,0,0,4,0,22,196,199,196,204,214,214,210,226,229,226,238,133,197,238,0,0,0,0,0,0,0,0,0,0,0,4,0,37,202,201,215,214,215,225,218,228,238,239,235,254,241,250,53,0,0,0,0,0,0,0,0,0,0,8,0,56,205,194,212,211,212,223,208,252,241,215,237,213,210,221,210,0,0,0,0,0,0,0,0,0,0,5,0,110,208,192,212,213,215,180,122,252,221,176,200,188,197,204,238,15,0,0,0,0,0,0,0,0,0,0,0,163,203,196,220,220,201,231,63,22,92,166,214,205,208,226,242,0,0,0,0,0,0,0,0,0,2,0,0,196,197,203,209,200,202,218,166,255,255,195,238,248,241,244,255,0,0,0,0,0,0,0,0,0,5,0,71,197,189,210,219,220,220,231,238,240,236,252,241,234,230,228,255,59,0,0,0,0,0,0,0,0,0,0,154,202,199,214,213,213,208,212,202,230,238,233,236,234,231,216,255,150,0,0,0,0,0,0,0,4,0,43,191,196,211,221,211,214,217,214,191,233,236,233,235,234,235,228,252,186,0,0,0,0,0,1,2,0,0,158,204,202,220,214,206,204,202,196,177,231,243,236,232,231,236,232,254,209,0,0,0,0,0,0,6,0,55,198,187,198,209,193,189,187,184,178,165,225,241,233,232,232,236,230,255,189,1,0,0,1,2,6,0,13,188,165,176,179,191,189,182,178,166,173,188,230,240,232,234,234,236,231,255,147,3,5,0,0,0,0,39,174,140,126,164,176,180,179,165,165,172,226,224,220,240,229,237,232,236,229,255,92,0,0,0,0,32,95,129,33,56,140,163,151,155,165,151,190,223,230,185,196,240,236,240,230,231,231,255,0,0,66,102,108,105,51,13,48,128,169,123,91,165,175,184,227,209,168,192,231,238,234,228,230,225,239,230,0,112,208,89,50,55,98,140,176,169,163,124,133,196,208,223,189,176,223,245,234,228,232,234,231,226,246,147,0,147,198,189,212,210,198,179,178,192,205,221,228,236,220,180,193,234,248,229,229,234,228,228,234,224,248,57,0,143,199,196,207,202,202,212,213,222,230,231,214,196,180,200,245,242,224,228,229,229,230,229,233,227,234,13,0,111,244,225,219,218,221,216,215,213,203,195,192,197,222,242,232,225,236,228,230,231,233,233,228,237,208,0,0,0,141,212,241,240,232,229,231,229,229,228,228,236,230,229,227,227,225,226,226,226,225,226,222,241,173,0,0,0,0,0,94,195,248,231,239,241,255,255,255,255,255,255,255,255,255,255,255,255,255,239,234,251,163,0,1,0,0,0,0,0,0,33,71,111,134,138,140,136,118,100,78,63,52,45,45,41,79,131,131,157,34,0,0,0,0,0,0,0,0,0,0,0,0,0,0,0,0,0,0,0,0,0,0,0,0,0,0,0,0,0,0,6
0,0,0,0,0,0,0,0,0,0,0,0,0,0,0,0,0,0,0,0,0,0,0,0,0,0,0,0,0,0,0,0,0,0,0,0,0,0,0,0,0,0,0,0,0,0,0,0,0,0,0,0,0,0,0,0,0,0,0,0,0,0,0,0,0,0,0,0,0,0,0,0,0,0,0,0,0,0,0,0,0,0,0,0,0,0,0,0,0,0,0,0,0,0,0,0,0,0,0,0,0,0,0,0,0,0,0,0,0,0,0,0,0,0,0,0,0,0,0,0,0,0,0,0,0,0,0,0,0,0,75,0,0,0,0,0,0,0,0,0,0,0,0,0,0,0,0,0,0,0,0,0,0,0,3,0,0,116,254,151,65,64,35,13,0,0,151,126,0,0,0,0,0,0,0,0,0,0,0,0,0,0,3,0,147,255,244,255,255,255,255,240,216,184,222,44,0,0,0,0,0,0,0,0,0,0,0,0,0,3,0,19,240,192,254,245,246,247,244,250,250,255,168,0,0,0,0,0,0,0,0,0,0,0,0,0,0,7,0,87,199,233,250,250,251,247,248,247,244,255,133,0,0,0,0,0,0,0,0,0,0,0,0,0,0,0,0,207,205,255,249,249,246,241,241,247,244,255,94,0,0,0,0,0,0,0,0,0,0,0,0,0,0,0,58,254,246,246,247,249,247,240,240,249,247,255,40,0,0,0,0,0,0,0,0,0,0,0,0,0,0,0,241,244,245,242,247,249,247,244,250,248,252,236,0,0,0,0,0,0,0,1,0,0,2,3,1,0,0,104,254,241,243,246,246,247,248,247,252,242,244,233,0,0,0,0,0,0,0,0,0,0,0,0,0,0,135,255,239,242,247,247,245,247,246,246,243,238,238,245,27,0,0,0,2,3,3,3,2,0,0,0,5,218,248,243,245,245,247,244,245,245,243,243,240,242,241,255,73,0,0,2,0,0,0,0,0,0,0,129,255,246,242,243,249,246,243,244,244,244,244,241,243,247,242,255,151,0,2,0,0,0,0,0,0,41,213,252,245,239,243,243,246,245,246,243,246,248,237,239,250,246,241,254,216,0,0,23,184,218,213,240,253,251,244,232,238,240,235,238,237,239,247,246,246,246,226,239,239,241,242,255,214,0,0,213,255,247,247,248,245,240,238,236,245,241,247,244,248,242,237,246,251,248,249,255,255,255,244,255,142,0,30,187,195,221,242,249,249,253,254,253,253,252,253,254,254,253,248,244,241,226,223,212,205,198,196,205,185,0,98,191,165,175,178,200,210,223,229,235,239,244,234,220,208,198,191,180,185,187,181,184,187,194,195,204,255,56,26,187,199,191,182,169,173,164,162,155,157,159,166,171,176,191,200,217,212,195,197,199,193,195,191,200,200,35,0,0,65,160,224,232,220,213,209,209,203,215,224,250,244,227,217,192,181,233,210,214,218,222,226,205,255,90,0,0,0,0,0,52,117,147,170,166,176,183,133,54,44,2,0,0,0,211,155,176,140,161,126,149,109,14,0,0,0,0,0,0,0,0,0,0,0,0,0,0,0,0,0,0,0,0,0,0,0,0,0,0,0,0,0,0,0,0,0,0,0,0,0,0,0,0,0,0,0,0,0,0,0,0,0,0,0,0,0,0,0,0,0,0,0,0,0,0,0,0,0,0,0,0,0,0,0,0,0,0,0,0,0,0,0,0,0,0,0,0,0,0,0,0,0,0,0,0,0,0,0,0,0,0,0,0,0,0,0,0,0,0,0,0,0,0,0,0,6
0,0,0,0,0,0,0,0,0,0,0,0,0,0,0,0,0,0,0,0,0,0,0,0,0,0,0,0,0,0,0,0,0,0,0,0,0,0,0,0,0,0,0,0,0,0,0,0,0,0,0,0,0,0,0,0,0,0,0,0,0,0,0,0,0,0,0,0,0,0,0,0,0,0,0,0,0,0,0,0,0,0,0,0,0,0,0,0,0,0,0,0,0,0,0,0,0,0,0,0,0,0,0,0,0,0,0,0,0,0,0,0,0,0,0,0,0,0,0,0,0,0,0,0,0,0,0,0,0,0,0,0,0,0,0,0,0,0,0,0,0,0,0,0,0,0,0,0,0,0,0,0,0,1,0,0,87,50,25,0,0,0,0,0,0,0,48,0,0,0,0,0,0,0,0,0,0,0,0,0,0,4,0,43,174,167,213,95,0,0,0,0,0,0,147,18,0,0,0,0,0,0,0,0,0,0,0,0,0,7,0,90,183,170,163,210,247,238,228,214,169,202,173,0,0,0,0,0,0,0,0,0,0,0,0,0,0,0,0,133,181,161,189,228,230,231,234,241,207,204,166,0,0,0,0,0,0,0,0,0,0,0,0,0,2,0,0,194,175,165,229,238,221,228,226,219,191,205,148,0,0,0,0,0,0,0,0,0,0,0,0,0,0,0,77,195,155,204,239,224,227,223,232,227,170,202,131,0,0,0,0,0,0,0,0,0,0,0,0,4,0,0,179,161,178,234,227,226,229,225,231,213,182,203,132,0,0,0,0,0,1,0,0,0,0,0,6,0,0,122,181,166,231,235,222,227,227,225,237,208,178,208,133,0,0,0,0,0,0,0,1,3,4,5,0,0,112,187,163,223,224,219,228,227,226,223,232,195,177,209,153,0,1,0,1,4,4,8,5,0,0,0,12,141,176,149,195,216,212,222,221,221,219,223,222,186,193,205,203,0,1,2,0,0,0,0,0,0,22,101,176,177,159,160,198,219,223,219,216,223,225,227,195,175,208,205,222,31,0,0,0,34,63,79,122,168,133,130,156,157,166,178,182,192,202,208,211,214,208,182,185,215,225,199,210,60,0,43,178,143,109,76,69,126,145,163,186,195,189,179,177,179,181,182,188,182,178,180,208,210,219,200,214,35,0,145,191,174,159,109,91,134,152,163,177,184,204,224,197,191,198,186,197,195,191,192,182,162,172,182,176,0,118,196,154,162,167,171,188,185,195,218,227,221,205,193,191,192,193,192,205,191,194,197,194,190,197,189,229,69,0,131,186,202,195,180,171,170,176,185,167,156,159,176,197,199,231,220,191,213,188,195,186,185,191,188,194,52,0,0,0,46,139,186,227,246,240,237,225,227,243,244,175,114,37,0,0,155,255,229,245,247,212,212,255,51,0,2,0,0,0,0,0,13,37,80,90,87,76,42,0,0,0,0,0,25,78,30,58,54,48,55,24,0,0,0,0,0,0,0,0,0,0,0,0,0,0,0,0,0,0,0,0,0,0,0,0,0,0,0,0,0,0,0,0,0,0,0,0,0,0,0,0,0,0,0,0,0,0,0,0,0,0,0,0,0,0,0,0,0,0,0,0,0,0,0,0,0,0,0,0,0,0,0,0,0,0,0,0,0,0,0,0,0,0,0,0,0,0,0,0,0,0,0,0,0,0,0,0,0,0,0,0,0,0,0,0,0,0,0,0,0,0,0,0,0,0,0,0,0,0,0,0,0,0,0,0,0,0,0,0,0,0,0,0,0,0,0,0,0,0,0,0,0,6
0,0,0,0,0,0,0,0,0,0,0,0,0,0,0,0,0,0,0,0,0,0,2,0,16,152,39,0,0,0,0,0,0,0,0,0,0,0,0,0,0,0,4,8,5,0,0,0,0,0,9,0,127,255,137,0,0,0,0,0,0,0,0,0,0,0,0,0,0,5,0,0,0,0,0,0,0,0,0,0,28,247,18,0,0,0,0,0,0,0,0,0,0,0,0,0,3,0,31,167,113,0,0,0,0,0,34,76,118,212,0,0,0,0,0,0,0,0,0,0,0,0,0,0,0,0,187,255,238,181,155,158,145,119,251,250,245,242,37,0,0,0,0,0,0,0,0,0,0,0,0,2,0,0,206,234,228,245,243,245,255,255,233,225,230,255,161,0,0,0,0,0,0,0,0,0,0,0,0,5,0,3,226,234,223,215,213,207,217,213,216,228,221,235,199,0,0,0,0,0,0,0,0,0,0,0,0,4,0,31,242,232,222,226,227,228,228,230,232,225,214,239,176,0,0,0,0,0,0,0,0,0,0,0,0,3,0,55,252,228,217,224,228,227,227,227,222,231,221,236,177,0,0,0,0,0,0,0,0,0,0,0,0,2,0,103,251,223,222,220,223,223,223,223,224,226,210,240,189,0,0,0,0,0,0,0,0,0,0,0,0,0,0,157,248,224,240,231,227,231,233,237,229,233,225,246,165,0,0,0,0,0,0,0,0,0,0,1,2,0,0,217,242,229,241,237,225,228,232,235,228,245,239,249,244,0,0,0,0,0,0,0,0,0,0,0,4,0,6,255,236,236,233,233,222,222,224,226,224,232,239,238,255,26,0,0,0,0,0,0,0,0,0,0,6,0,121,255,225,237,236,235,224,224,225,224,221,230,241,232,255,99,0,0,0,0,0,0,0,0,0,0,0,0,231,245,225,235,238,237,223,221,220,219,214,233,243,230,255,115,0,0,0,0,0,0,0,0,0,3,0,57,255,231,240,235,238,234,222,221,216,210,208,239,244,227,255,125,0,0,0,0,0,0,0,0,0,0,0,181,249,222,238,236,237,234,214,211,209,218,231,237,238,233,255,100,0,0,0,0,0,0,0,0,2,0,11,255,230,238,233,235,236,232,206,209,234,240,232,240,247,233,255,30,0,0,0,0,0,0,0,0,0,0,167,255,224,235,233,234,237,223,209,237,236,234,247,240,223,199,230,24,0,0,0,1,2,0,1,0,0,58,255,238,239,231,235,235,234,234,242,236,248,255,225,210,210,200,236,23,0,7,0,0,0,0,0,0,36,255,250,229,232,238,236,237,235,238,234,255,252,163,211,213,216,204,227,12,5,0,0,0,0,9,25,146,255,252,230,236,237,239,236,239,242,237,255,255,0,117,239,212,209,205,225,5,0,17,189,242,255,255,255,255,243,232,236,236,237,239,241,231,237,246,255,1,0,168,234,211,211,207,220,0,0,187,255,230,235,230,232,238,234,237,238,238,239,235,242,238,236,255,40,0,0,145,230,212,209,210,215,0,105,250,223,229,230,227,230,233,239,237,241,241,239,239,241,231,255,138,0,0,0,140,213,211,207,204,209,0,11,135,191,225,237,241,239,240,241,235,233,234,233,231,231,245,255,0,0,0,0,222,221,212,211,214,221,0,0,0,0,14,86,159,214,240,255,255,255,255,255,255,255,255,57,0,0,0,0,93,212,203,198,235,198,0,0,3,0,0,0,0,0,0,0,35,39,66,98,124,96,17,0,0,0,0,0,0,0,0,0,0,0,0,6
0,0,0,0,0,0,0,0,0,0,0,0,0,0,0,0,0,0,0,0,0,0,0,0,0,0,0,0,0,0,0,0,0,0,0,0,0,0,0,0,0,0,0,0,0,0,0,0,0,0,0,0,0,0,0,0,0,0,0,0,0,0,0,0,0,0,0,0,0,0,0,0,0,0,0,0,0,0,0,0,0,0,0,0,0,0,0,0,0,0,0,0,1,1,0,0,0,0,0,3,5,4,0,0,0,0,0,1,0,11,109,0,0,0,0,0,0,0,0,0,0,0,0,0,0,0,0,0,0,0,0,0,0,0,2,5,0,21,255,0,0,0,0,0,0,0,0,0,0,0,1,0,0,4,0,44,60,4,0,0,0,2,0,0,0,2,166,8,0,0,0,0,0,0,0,0,0,0,0,0,0,0,0,167,199,186,123,4,0,0,0,127,193,209,173,0,0,0,0,0,0,0,0,0,0,0,0,0,1,0,0,154,163,167,196,245,140,91,114,230,197,203,177,0,0,0,0,0,0,0,0,0,0,0,0,0,1,0,29,201,172,171,186,193,225,238,227,188,190,209,183,0,0,0,0,0,0,0,0,0,0,0,0,0,0,0,102,200,176,175,204,201,185,186,194,191,186,209,164,0,0,0,0,0,0,0,0,0,0,0,0,0,0,0,150,188,175,187,211,200,193,202,199,192,181,206,171,0,0,0,0,0,0,0,0,0,0,0,0,1,0,32,191,155,152,181,205,189,192,205,196,189,189,200,151,0,1,1,0,0,0,0,0,0,0,2,0,0,0,134,184,144,164,195,194,190,188,195,189,185,180,200,148,0,0,0,0,0,0,0,0,0,0,0,4,0,42,194,153,156,179,205,183,189,191,203,188,186,176,188,173,0,0,0,0,0,0,0,0,1,0,0,0,11,167,156,152,170,192,194,187,188,189,200,191,172,171,184,188,0,0,0,2,4,3,1,0,0,0,0,43,168,147,135,170,173,200,185,188,188,187,201,180,168,182,189,210,0,1,0,0,0,0,0,0,0,27,118,175,133,86,119,145,181,195,183,186,187,190,204,176,171,183,176,215,21,0,0,0,41,40,45,79,138,175,152,102,91,110,141,150,198,196,184,187,185,199,204,159,155,172,175,217,33,0,50,152,160,163,164,173,145,99,108,109,131,142,151,147,172,191,192,192,197,195,167,156,176,176,183,214,29,0,191,164,126,84,80,82,87,90,122,144,147,146,156,169,164,168,177,179,179,169,170,191,198,181,176,214,41,61,121,164,186,187,205,187,171,176,177,178,176,181,184,197,194,194,192,201,203,206,212,208,207,213,203,228,19,123,155,114,122,141,163,182,188,195,197,194,193,191,186,187,181,178,178,180,161,159,150,140,146,143,133,145,41,0,59,141,161,161,144,119,115,119,116,119,121,125,142,146,150,152,142,118,129,109,118,120,125,127,137,184,113,0,0,0,6,45,96,141,151,157,163,159,158,164,113,53,28,21,0,0,177,218,193,190,200,208,209,224,107,0,1,0,0,0,0,0,0,0,0,0,0,0,0,0,0,0,0,0,18,55,41,45,61,55,47,43,0,0,0,0,0,0,0,0,0,0,0,0,0,0,0,0,0,0,0,0,0,0,0,0,0,0,0,0,0,0,0,0,0,0,0,0,0,0,0,0,0,0,0,0,0,0,0,0,0,0,0,0,0,0,0,0,0,0,0,0,0,0,0,0,0,0,0,0,0,0,0,0,0,0,0,0,0,0,0,0,0,0,0,0,0,6
0,0,0,0,0,0,0,0,0,0,0,0,0,0,0,0,0,0,0,0,0,0,0,0,0,0,0,0,0,0,0,0,0,0,0,0,0,0,0,0,0,0,0,0,0,0,0,0,0,0,0,0,0,0,0,0,0,0,0,0,0,0,0,0,0,0,0,0,0,0,0,0,0,0,0,0,0,0,0,0,0,0,0,0,0,0,0,0,0,0,0,0,0,0,0,0,0,0,0,0,0,0,0,0,0,0,0,0,0,0,0,0,0,0,0,0,0,0,0,0,0,0,0,0,0,0,0,0,0,0,0,0,0,0,0,0,0,0,0,0,0,0,0,0,0,0,0,0,0,0,0,0,0,0,0,0,0,1,4,5,1,0,1,0,4,0,0,0,0,0,0,0,0,0,0,0,0,0,0,0,0,0,0,0,0,0,0,0,0,0,0,0,0,33,174,0,0,0,0,0,0,0,0,0,0,0,0,0,0,0,3,0,61,155,162,22,0,0,0,0,0,127,146,0,0,0,0,0,0,0,0,0,0,0,0,0,0,0,3,0,152,202,211,206,210,208,153,186,216,216,16,0,0,0,0,0,0,0,0,0,0,0,0,0,0,2,0,2,167,189,193,199,197,202,218,220,194,215,71,0,0,0,0,0,0,0,0,0,0,0,0,0,0,6,0,64,210,180,207,202,204,197,205,204,206,214,82,0,0,0,0,0,0,0,0,0,0,0,0,0,1,0,0,158,190,181,220,195,202,204,214,216,199,216,89,0,0,0,0,0,1,0,0,0,0,0,0,0,5,0,36,195,174,200,213,195,206,204,211,210,197,211,125,0,0,0,1,1,1,0,0,0,0,0,4,11,0,3,173,183,172,211,201,196,201,201,215,208,199,209,180,0,0,0,0,2,1,1,1,2,5,4,0,0,6,174,195,163,177,204,192,196,196,201,217,210,191,200,225,11,1,2,2,0,0,0,0,0,0,0,0,68,172,159,163,168,183,197,195,193,194,201,205,195,198,188,235,66,0,0,0,0,2,0,0,10,28,87,141,167,162,165,172,183,183,199,204,195,198,202,195,190,201,199,216,111,0,1,126,153,144,137,140,164,178,183,166,161,171,187,183,184,185,180,187,197,190,189,197,204,197,193,215,123,16,153,173,167,170,166,164,167,159,156,163,168,172,178,187,189,195,192,196,183,201,192,196,206,204,199,226,101,49,174,208,208,192,179,173,173,168,172,178,177,179,185,182,191,198,203,208,216,218,229,231,234,232,222,236,121,0,0,81,151,207,223,222,215,203,195,195,198,203,207,215,232,239,234,255,232,209,196,188,171,172,164,170,132,3,0,0,0,0,68,166,215,205,217,222,222,218,253,223,179,99,27,0,16,217,215,205,212,212,211,220,175,0,2,0,0,0,0,0,0,2,25,31,31,17,3,0,0,0,0,0,0,45,141,83,81,74,58,49,21,0,0,0,0,0,0,0,0,0,0,0,0,0,0,0,0,0,0,0,0,0,0,0,0,0,0,0,0,0,0,0,0,0,0,0,0,0,0,0,0,0,0,0,0,0,0,0,0,0,0,0,0,0,0,0,0,0,0,0,0,0,0,0,0,0,0,0,0,0,0,0,0,0,0,0,0,0,0,0,0,0,0,0,0,0,0,0,0,0,0,0,0,0,0,0,0,0,0,0,0,0,0,0,0,0,0,0,0,0,0,0,0,0,0,0,0,0,0,0,0,0,0,0,0,0,0,0,0,0,0,0,0,0,0,0,0,0,0,0,0,6
0,0,0,0,0,0,0,0,0,0,0,0,0,0,0,0,0,0,0,0,0,0,0,0,0,0,0,0,0,0,0,0,0,0,0,0,0,0,0,0,0,0,0,0,0,0,0,0,0,0,0,0,0,0,0,0,0,0,0,0,0,0,0,0,0,0,0,0,0,0,0,0,0,0,0,0,0,0,0,0,0,0,0,0,0,0,0,0,0,0,0,0,1,1,0,0,0,7,0,10,134,38,0,0,0,2,2,1,1,0,0,0,0,0,0,0,0,0,0,0,0,0,0,0,0,0,0,255,223,59,146,73,0,0,0,0,0,1,1,0,0,0,0,0,0,0,0,0,1,2,0,0,1,0,135,227,64,61,4,158,233,93,53,15,0,0,0,0,0,0,0,0,0,0,0,0,0,0,2,5,0,0,255,161,188,205,114,255,240,230,253,255,172,55,21,0,0,0,0,0,0,0,0,0,0,2,3,5,0,0,248,123,227,87,193,255,199,215,208,219,233,220,242,0,0,0,0,0,0,0,0,0,0,1,0,2,0,0,94,153,41,73,255,236,210,233,210,211,224,229,255,14,0,0,0,0,0,0,0,0,1,3,1,2,0,34,255,255,228,219,255,220,221,227,210,214,227,228,255,39,0,0,0,0,0,0,0,0,0,1,0,0,0,157,251,228,251,250,244,238,232,222,201,226,228,225,255,25,0,0,0,0,0,1,0,0,0,0,0,0,68,237,166,211,221,236,242,242,238,236,236,238,222,227,255,0,0,0,0,0,1,1,0,0,1,0,0,68,254,208,203,177,164,183,166,198,241,229,231,230,216,250,178,0,0,0,0,0,0,0,0,3,0,0,120,234,196,219,184,239,203,198,245,230,236,235,237,234,239,237,206,125,0,0,0,0,0,0,0,0,0,177,232,222,183,210,190,169,229,224,235,242,231,237,218,222,231,225,255,172,0,0,3,0,0,0,0,143,200,215,202,179,185,171,229,212,222,249,248,182,233,228,255,253,226,228,242,159,3,0,0,0,0,83,200,255,194,119,176,198,248,187,240,255,237,200,105,107,244,255,174,194,242,245,255,79,0,0,29,143,225,255,226,197,217,222,173,173,198,255,188,122,255,228,115,176,203,100,23,158,255,152,58,0,0,130,226,231,222,208,217,226,210,226,218,224,243,255,101,0,123,249,202,154,106,117,134,89,35,34,79,15,40,247,230,218,221,222,221,218,218,215,216,225,227,232,255,140,38,114,148,110,95,65,61,69,64,44,0,0,0,183,236,246,244,242,237,236,238,232,236,239,247,243,249,255,160,115,57,59,80,80,41,0,0,0,0,0,17,0,28,124,204,229,255,255,255,255,246,220,201,150,80,0,15,56,98,66,11,0,0,0,0,2,0,0,22,54,0,0,0,0,0,0,0,0,0,0,0,0,0,63,122,63,0,0,0,2,3,1,0,0,0,0,0,19,49,49,35,28,16,11,10,9,16,28,38,44,48,24,0,0,0,3,2,1,0,0,0,0,0,0,0,0,0,2,10,18,25,25,24,27,29,21,12,7,0,0,0,3,0,0,0,2,2,0,0,0,0,0,0,0,0,0,0,0,0,0,0,0,0,0,0,0,0,0,0,0,0,0,0,0,0,0,0,0,0,0,0,0,0,0,0,0,0,0,0,0,0,0,0,0,0,0,0,0,0,0,0,0,0,0,0,0,0,0,0,0,0,0,0,0,0,0,0,0,0,0,0,0,0,0,0,0,0,0,0,0,0,0,0,0,0,0,6
0,0,0,0,0,0,0,0,0,0,0,0,0,0,0,0,0,0,0,0,0,0,0,0,0,0,0,0,0,0,0,0,0,0,0,0,0,0,0,0,0,0,0,0,0,0,0,0,0,0,0,0,0,0,0,0,0,0,0,0,0,0,0,0,0,0,0,1,0,0,16,0,0,0,0,0,0,0,0,0,0,0,128,8,0,0,0,0,0,0,0,0,0,0,1,5,0,90,238,133,12,22,12,15,16,16,21,25,1,0,114,29,0,0,0,0,0,0,0,0,0,0,0,3,0,104,162,187,206,252,241,244,213,218,229,229,209,194,90,0,0,0,0,0,0,0,0,0,0,0,1,0,0,123,139,191,192,176,177,185,205,211,213,218,210,200,22,0,0,0,0,0,0,0,0,0,0,0,1,0,0,140,153,210,182,172,166,175,190,201,197,210,201,186,1,0,0,0,0,0,0,0,0,0,0,1,2,0,5,135,170,239,202,205,201,196,196,206,222,225,218,227,27,0,0,0,0,0,0,0,0,0,0,0,7,0,38,145,197,220,196,208,211,204,211,208,229,228,215,223,77,0,0,0,0,0,0,0,0,0,0,2,3,0,79,167,216,190,185,200,208,216,208,230,220,218,204,196,129,0,0,0,0,0,0,0,0,0,0,0,0,1,131,183,210,170,171,187,199,196,209,214,208,197,189,204,183,0,0,0,0,0,0,0,0,0,0,6,0,38,161,186,206,176,180,176,172,194,213,210,191,187,168,161,208,22,0,0,0,0,0,0,0,0,0,2,0,107,167,194,191,180,173,170,181,195,224,202,187,192,181,186,222,52,0,0,0,0,0,0,0,0,2,0,19,157,152,204,152,157,161,181,186,190,204,195,191,211,213,204,229,57,0,0,0,0,0,0,0,0,1,0,64,145,164,189,170,197,202,216,199,201,218,210,213,218,213,204,224,40,0,1,1,0,0,0,0,1,0,1,126,149,197,190,202,210,213,208,210,219,218,215,220,210,213,214,224,25,0,1,0,0,0,1,3,0,0,86,163,154,205,201,211,202,205,213,215,233,225,209,210,215,215,206,163,0,0,0,1,0,0,3,0,0,60,164,156,172,204,196,204,204,209,216,210,205,208,214,227,211,189,208,112,0,0,1,2,0,0,0,1,98,168,153,170,187,204,199,202,206,211,206,224,225,225,223,209,196,195,229,50,0,0,0,0,0,1,32,111,143,137,158,178,178,197,201,204,213,196,227,230,6,159,237,192,205,196,220,11,0,0,6,50,72,96,125,124,116,145,159,163,173,181,195,225,205,214,227,5,0,182,230,190,199,205,173,0,0,6,135,119,110,106,105,110,130,144,153,172,178,192,202,206,218,239,16,0,0,185,218,202,204,209,120,0,0,120,191,157,149,135,114,101,116,130,134,154,168,186,200,214,230,22,0,0,0,177,210,199,195,199,67,0,0,87,164,205,209,214,206,189,178,173,161,183,199,213,233,216,6,0,0,0,0,163,210,194,199,185,0,0,2,0,0,41,114,164,206,201,214,223,227,233,223,255,158,0,0,2,0,0,0,204,232,210,218,211,0,0,0,0,0,0,0,0,0,0,11,24,32,40,27,7,0,0,0,0,1,1,0,76,109,73,93,48,0,0,0,0,0,0,0,0,0,0,0,0,0,0,0,0,0,0,0,0,0,0,0,0,0,0,0,0,0,0,0,0,0,0,0,0,0,0,0,0,0,0,0,0,0,0,0,0,0,0,0,0,0,0,0,0,0,0,0,6
0,0,0,0,0,0,0,0,0,0,0,0,0,0,0,0,0,0,0,0,0,0,0,0,0,0,0,0,0,0,0,0,0,0,0,0,0,0,0,0,0,0,0,0,0,0,0,0,0,0,0,0,0,0,0,0,0,0,0,0,0,0,0,0,0,0,0,0,0,0,0,0,0,0,0,0,0,0,0,0,0,0,0,0,0,0,0,0,0,0,0,0,0,0,0,0,0,0,0,0,0,0,0,0,0,0,0,0,0,0,0,0,0,0,0,0,0,0,0,0,0,0,0,0,0,0,0,0,0,0,0,0,0,0,0,0,0,0,0,0,0,0,0,0,0,0,0,0,0,0,0,0,0,0,0,0,0,0,0,0,0,0,0,0,0,0,0,0,0,0,0,0,0,0,0,0,0,0,0,0,0,0,0,0,0,0,0,0,0,0,0,0,0,0,0,0,0,0,0,0,0,0,0,0,0,0,0,0,0,1,0,51,146,36,0,0,0,0,0,0,0,0,0,0,0,0,0,0,0,0,0,0,0,0,0,0,0,0,0,150,208,191,109,71,48,43,22,0,0,0,53,113,0,0,0,0,0,0,0,0,0,0,0,0,4,0,0,214,200,196,204,215,210,209,204,197,173,0,211,72,0,0,0,0,0,0,0,0,0,0,0,0,4,0,105,255,202,194,193,187,191,189,187,190,193,146,64,0,0,0,0,0,0,0,0,0,0,0,1,0,0,0,182,195,182,196,202,193,197,200,206,199,205,154,0,0,0,0,0,0,0,0,0,0,0,3,0,0,0,114,187,153,181,199,197,201,204,199,203,188,197,200,0,0,0,0,0,0,0,0,2,3,4,0,0,125,202,201,167,189,200,200,202,199,199,200,187,192,185,195,27,0,0,1,1,2,5,0,0,0,0,0,138,179,151,147,167,184,197,194,189,188,190,197,195,201,187,206,95,0,2,0,0,0,0,0,0,27,112,183,166,160,170,180,187,188,191,193,199,196,193,193,190,184,182,195,149,0,0,0,0,6,59,103,141,130,147,162,171,198,199,192,198,203,196,195,193,195,193,182,179,181,173,189,185,0,0,151,138,155,164,159,148,148,152,162,184,194,192,198,203,206,204,202,202,203,204,196,190,196,192,189,215,4,91,194,185,183,179,177,180,200,198,190,191,195,199,196,190,184,179,179,180,176,176,178,176,180,187,181,184,13,97,190,164,174,175,174,162,157,146,144,153,162,172,174,181,185,184,183,183,180,174,178,175,176,180,176,187,15,0,152,180,190,214,214,219,222,218,220,229,234,235,236,231,235,232,219,219,218,214,209,203,211,194,197,216,4,0,0,1,52,89,118,120,133,123,126,99,77,74,63,38,47,47,67,78,89,107,98,149,134,112,83,4,0,0,0,0,0,0,0,0,0,0,0,0,0,0,0,0,0,0,0,0,0,0,0,0,0,0,0,0,0,0,0,0,0,0,0,0,0,0,0,0,0,0,0,0,0,0,0,0,0,0,0,0,0,0,0,0,0,0,0,0,0,0,0,0,0,0,0,0,0,0,0,0,0,0,0,0,0,0,0,0,0,0,0,0,0,0,0,0,0,0,0,0,0,0,0,0,0,0,0,0,0,0,0,0,0,0,0,0,0,0,0,0,0,0,0,0,0,0,0,0,0,0,0,0,0,0,0,0,0,0,0,0,0,0,0,0,0,0,0,0,0,0,0,0,0,0,0,0,0,0,0,0,0,0,0,0,0,0,0,0,0,0,0,0,0,0,0,0,0,6
0,0,0,0,0,0,0,0,0,0,0,0,0,0,0,0,0,0,0,0,0,0,0,0,0,0,0,0,0,0,0,0,0,0,0,0,0,0,0,0,0,0,0,0,0,0,0,0,0,0,0,0,0,0,0,0,0,0,0,0,0,0,0,0,0,0,0,0,0,0,0,0,0,0,0,0,0,0,0,0,0,0,0,0,0,0,0,0,0,0,0,0,0,0,0,0,0,0,0,0,0,0,0,0,0,0,0,0,0,0,0,0,0,0,0,0,0,0,0,0,0,0,0,0,0,0,0,0,0,0,0,0,0,0,0,0,0,0,0,0,0,0,0,0,0,0,0,0,0,0,0,0,0,0,0,0,0,0,15,0,0,0,0,0,0,89,85,0,0,0,0,0,0,0,0,0,0,0,0,0,0,0,0,0,0,119,199,208,240,223,185,146,21,173,210,0,0,0,0,0,0,0,0,0,0,0,0,0,0,0,0,0,112,198,211,216,226,233,241,245,238,235,101,0,0,0,0,0,0,0,0,0,0,0,0,0,0,2,0,41,190,205,217,222,223,225,225,213,212,243,65,0,0,0,0,0,0,0,0,0,0,0,0,0,2,0,0,234,206,214,224,228,226,232,230,213,216,236,26,0,0,0,0,0,0,0,0,0,0,0,0,2,0,0,131,204,215,221,228,229,227,232,233,228,231,215,0,0,0,0,0,0,0,0,0,0,0,0,3,0,0,73,254,198,216,225,228,226,225,230,229,221,229,209,0,0,0,0,0,0,0,0,0,1,0,5,0,0,82,248,190,215,221,225,227,230,225,222,217,230,228,223,10,0,0,0,0,0,0,0,0,0,2,0,0,140,221,205,216,227,234,220,228,228,224,235,242,232,209,207,27,0,0,0,0,1,3,1,3,1,0,0,181,221,204,212,221,225,222,222,224,225,236,232,211,188,191,206,65,0,0,1,2,0,0,0,0,0,0,119,208,207,222,218,220,216,211,221,227,234,212,195,173,189,195,206,118,0,6,0,0,0,23,3,0,52,156,215,209,218,206,216,216,211,220,225,224,194,180,153,153,196,196,205,150,0,0,0,111,85,80,106,135,246,215,204,207,223,221,217,222,219,217,217,191,205,199,205,228,214,197,199,155,0,0,102,203,142,53,37,74,134,162,179,188,180,190,210,216,229,229,221,210,203,208,220,210,207,194,196,151,0,16,152,169,193,204,216,188,153,150,176,202,208,225,227,200,197,241,253,252,226,205,194,197,202,194,198,175,0,102,197,164,166,174,200,210,211,227,237,233,229,209,192,193,196,203,209,190,194,190,195,192,185,191,184,193,66,6,134,199,206,200,188,185,184,182,188,191,190,189,190,197,200,204,237,229,195,192,197,188,195,193,190,198,89,0,0,8,67,180,201,244,238,233,241,226,227,247,244,211,197,163,89,61,255,214,247,247,250,209,206,208,107,0,0,0,0,0,0,3,18,38,79,63,66,90,40,0,0,0,0,0,76,69,52,57,59,52,60,33,0,0,0,0,0,0,0,0,0,0,0,0,0,0,0,0,0,0,0,0,0,0,0,0,0,0,0,0,0,0,0,0,0,0,0,0,0,0,0,0,0,0,0,0,0,0,0,0,0,0,0,0,0,0,0,0,0,0,0,0,0,0,0,0,0,0,0,0,0,0,0,0,0,0,0,0,0,0,0,0,0,0,0,0,0,0,0,0,0,0,0,0,0,0,0,0,0,0,0,0,0,0,0,0,0,0,0,0,0,0,0,0,0,6
0,0,0,0,0,0,0,0,0,0,0,0,0,0,0,0,0,0,0,0,0,0,0,0,0,0,0,0,0,0,0,0,0,0,0,0,0,0,0,0,0,0,0,0,0,0,0,0,0,0,0,0,0,0,0,0,0,0,0,0,0,0,0,0,0,0,0,0,0,0,0,0,0,0,0,0,0,0,0,0,0,0,0,0,0,0,0,0,0,0,0,0,0,0,0,0,0,0,0,0,0,0,0,0,0,0,0,0,0,0,0,0,0,0,0,0,0,0,0,0,0,0,0,0,0,0,0,0,0,0,0,0,0,0,0,0,0,0,0,0,0,0,0,0,0,0,0,0,0,0,0,0,0,0,0,0,0,0,0,0,0,0,0,0,0,0,0,0,0,0,0,0,0,0,0,0,0,0,0,0,0,0,0,45,114,0,0,0,0,0,0,2,0,0,0,0,0,0,0,0,0,0,0,0,1,1,1,0,0,0,16,208,224,110,0,0,0,0,0,0,4,0,1,0,0,0,0,0,0,0,0,0,0,3,0,0,0,105,216,213,194,217,71,0,0,0,0,146,162,0,0,1,0,0,0,0,0,0,0,0,0,0,1,0,47,200,187,205,207,210,213,194,97,0,182,209,177,0,0,1,0,0,0,0,0,0,0,0,0,0,0,7,220,194,202,201,211,209,214,221,228,249,203,181,189,3,0,0,0,0,0,0,0,0,0,0,2,0,0,203,200,196,188,175,202,222,230,214,208,206,212,206,202,112,0,0,1,1,0,0,3,4,1,0,0,1,201,193,194,194,200,213,182,180,214,222,215,211,202,208,206,197,0,0,1,0,2,3,0,0,0,0,15,209,231,207,199,168,204,211,206,183,182,208,213,211,201,202,198,199,14,0,0,0,0,0,0,17,88,190,250,203,186,222,242,187,174,205,215,217,183,188,207,215,204,210,199,217,77,0,0,0,43,109,181,207,206,203,192,181,205,182,214,250,207,177,190,211,180,201,218,220,201,217,204,214,160,0,0,146,217,189,212,202,193,194,203,202,210,213,185,205,245,220,184,173,203,228,216,213,210,216,205,211,207,0,24,210,196,201,208,195,204,206,203,201,204,193,196,189,205,239,221,206,230,231,213,214,204,219,207,209,223,0,61,189,210,215,218,214,214,209,207,201,211,203,210,205,216,229,255,248,239,228,222,224,214,215,210,215,227,19,66,178,185,204,209,212,215,228,228,226,236,228,212,205,187,178,189,218,206,203,206,213,208,214,197,184,174,67,0,75,174,187,200,199,200,186,181,180,177,175,157,163,179,182,177,176,172,170,171,180,176,184,178,176,192,58,0,0,0,26,121,164,196,214,208,211,197,192,196,182,165,167,193,173,193,198,202,213,212,212,203,208,106,0,0,0,0,0,0,0,0,20,33,52,45,45,51,19,1,0,11,10,17,28,29,37,36,25,25,9,0,0,0,0,0,0,0,0,0,0,0,0,0,0,0,0,0,0,0,0,0,0,0,0,0,0,0,0,0,0,0,0,0,0,0,0,0,0,0,0,0,0,0,0,0,0,0,0,0,0,0,0,0,0,0,0,0,0,0,0,0,0,0,0,0,0,0,0,0,0,0,0,0,0,0,0,0,0,0,0,0,0,0,0,0,0,0,0,0,0,0,0,0,0,0,0,0,0,0,0,0,0,0,0,0,0,0,0,0,0,0,0,0,0,0,0,0,0,0,0,0,0,0,0,0,0,0,0,0,0,0,0,0,0,0,0,0,0,0,0,0,0,6
0,0,0,0,0,0,0,0,0,0,0,0,0,0,0,0,0,0,0,0,0,0,0,0,0,0,0,0,0,0,0,0,0,0,0,0,0,0,0,0,0,0,0,0,0,154,205,115,63,63,95,94,128,187,82,0,0,0,0,0,0,0,0,0,0,0,0,0,0,0,3,0,122,221,195,243,254,248,252,251,224,242,106,0,0,0,0,0,0,0,0,0,0,0,0,0,0,3,0,4,172,212,213,202,205,201,195,201,198,214,72,0,0,0,0,0,0,0,0,0,0,0,0,0,0,5,0,44,231,203,186,203,214,213,205,216,213,229,84,0,0,0,0,0,0,0,0,0,0,0,0,0,0,1,0,33,216,214,225,196,211,216,217,219,213,221,60,0,0,0,0,0,0,0,0,0,0,0,0,0,0,0,0,125,237,202,188,209,224,220,214,209,198,218,68,0,0,0,0,0,0,0,0,0,0,0,0,0,0,9,0,95,241,195,223,216,224,224,206,205,212,226,58,0,0,0,0,0,0,0,0,0,0,0,0,0,0,0,0,154,248,204,209,212,220,215,194,211,205,221,54,0,0,0,0,0,0,0,0,0,0,0,0,0,1,0,0,188,237,173,227,231,228,228,223,218,212,226,70,0,0,0,0,0,0,0,0,0,0,0,0,0,1,0,25,226,234,200,209,226,217,212,218,217,212,217,81,0,0,0,0,0,0,0,0,0,1,0,0,0,0,0,92,250,200,220,214,211,217,209,195,207,203,222,75,0,0,0,0,0,0,0,0,0,0,0,0,2,0,0,230,244,191,166,204,222,205,221,210,200,207,229,121,0,0,0,0,0,0,0,0,0,0,0,0,0,0,90,238,216,198,217,201,223,198,209,207,211,207,230,205,0,0,0,0,0,0,0,0,0,0,0,1,0,34,229,242,215,155,186,219,213,196,204,211,219,208,229,255,0,0,0,0,0,0,0,0,0,0,1,0,34,241,240,212,212,239,156,213,211,207,224,221,213,209,232,243,55,0,1,0,1,1,0,0,0,0,0,0,170,255,231,227,206,213,219,212,209,216,221,228,216,209,230,248,125,0,1,0,0,0,0,0,0,0,10,227,250,238,231,225,221,213,220,211,217,212,211,209,213,218,230,255,115,0,0,6,0,3,0,0,0,0,197,246,229,236,232,222,225,213,210,221,223,217,211,209,204,219,241,255,74,0,0,0,0,0,0,0,119,224,235,231,227,220,223,226,236,233,236,238,243,245,247,241,228,243,239,243,147,0,0,54,181,198,183,183,209,236,234,238,234,226,221,229,235,238,240,237,238,235,252,249,232,229,218,230,176,0,98,250,248,246,248,244,236,232,234,229,238,233,226,230,235,237,240,224,244,237,224,223,218,216,236,251,148,0,210,238,202,187,177,209,231,232,236,229,225,234,236,236,237,235,229,245,229,225,252,214,234,232,181,74,0,37,222,242,225,202,197,204,209,212,225,217,212,225,231,233,239,247,242,218,224,234,40,0,32,39,0,0,0,181,222,203,216,221,229,249,247,244,248,243,242,250,250,240,231,218,215,236,199,0,0,0,0,0,0,4,0,41,183,224,220,205,204,203,207,214,220,220,221,223,220,213,220,234,230,126,0,0,2,0,7,4,0,0,0,0,0,17,86,164,196,234,246,246,247,253,255,255,255,255,237,138,16,0,0,0,0,0,0,0,0,0,0,0,0,0,0,0,0,0,3,33,60,61,65,68,52,10,0,0,0,0,0,0,0,0,0,0,0,0,0,6
0,0,0,0,0,0,0,0,0,0,0,0,0,0,0,0,0,0,0,0,0,0,0,0,0,0,0,0,0,0,0,0,0,0,0,0,0,0,0,0,0,0,0,0,0,0,0,0,0,0,0,0,0,0,0,0,0,0,0,0,0,0,0,0,0,0,0,0,0,0,0,0,0,0,0,0,0,0,0,0,0,0,0,0,0,0,0,0,0,0,0,0,0,0,0,0,0,0,0,0,0,0,0,0,0,0,0,0,0,0,0,0,0,0,0,0,0,0,0,0,0,0,0,0,0,0,0,0,0,0,0,0,0,0,0,0,0,0,0,0,0,0,0,0,0,0,0,0,0,0,0,0,0,0,0,0,0,0,48,77,0,0,0,2,2,1,1,0,0,0,0,0,0,0,0,0,0,0,0,0,0,0,0,1,0,0,184,168,125,0,0,0,0,0,0,0,0,0,0,0,0,0,0,0,0,0,0,0,0,0,0,0,11,145,136,144,194,90,4,0,0,0,0,0,0,0,0,0,0,0,0,0,0,0,0,0,0,2,0,1,211,165,118,152,184,219,213,191,182,126,181,34,0,0,0,0,0,0,0,0,0,0,0,0,0,5,0,60,223,123,161,209,198,206,199,206,198,203,60,0,0,0,0,0,0,0,0,0,0,0,0,0,0,0,12,163,162,161,210,208,207,210,211,204,220,179,0,0,0,0,0,0,1,1,0,0,0,1,0,4,0,0,209,206,149,179,218,234,214,210,218,210,217,224,24,0,0,0,0,0,1,1,0,0,0,1,3,0,0,183,193,162,178,200,189,218,236,231,230,219,214,236,97,0,0,0,0,0,0,0,1,0,1,10,0,22,229,177,149,218,219,185,199,189,201,224,229,226,204,218,182,0,0,1,4,3,4,3,4,0,0,0,0,150,159,111,195,208,213,189,191,194,191,185,185,192,189,183,223,0,0,0,0,0,0,0,0,0,1,62,132,119,97,161,169,185,189,194,180,172,172,169,167,168,174,191,243,32,0,0,55,89,83,63,75,114,144,135,111,132,155,162,173,183,189,191,192,198,200,197,197,195,204,198,251,51,0,148,135,104,129,136,124,126,123,85,114,151,161,185,206,214,222,237,216,203,221,214,219,224,218,193,244,36,20,183,191,152,87,79,79,106,135,152,165,172,177,189,194,202,203,211,222,208,199,210,210,216,209,203,226,0,128,185,184,198,188,189,207,199,197,212,206,206,214,226,209,204,204,206,210,211,211,211,208,203,201,197,226,54,0,85,167,188,191,191,183,187,202,206,206,208,203,200,208,216,218,255,243,221,212,211,209,207,208,191,190,91,0,0,0,52,153,174,202,220,228,230,230,227,217,222,230,144,72,12,0,102,241,224,226,222,224,204,206,105,1,5,0,0,0,0,13,51,99,123,113,99,83,42,0,0,0,0,0,6,115,85,105,92,93,75,74,14,0,0,1,1,0,0,0,0,0,0,0,0,0,0,0,7,3,5,0,0,0,0,0,0,0,0,0,0,0,0,0,0,0,0,0,0,0,0,0,0,0,0,0,0,0,0,0,0,0,0,0,0,0,0,0,0,0,0,0,0,0,0,0,0,0,0,0,0,0,0,0,0,0,0,0,0,0,0,0,0,0,0,0,0,0,0,0,0,0,0,0,0,0,0,0,0,0,0,0,0,0,0,0,0,0,0,0,0,0,0,0,0,0,0,0,0,0,0,0,0,0,0,0,0,0,0,0,0,0,0,0,0,0,0,0,0,0,0,0,0,6
0,0,0,0,0,0,0,0,0,0,0,0,0,0,0,0,0,0,0,0,0,0,0,0,0,0,0,0,0,0,0,0,0,0,0,0,0,0,0,0,0,0,0,0,0,0,0,0,0,0,0,0,0,0,0,0,0,0,0,0,0,0,0,0,0,0,0,0,0,0,0,0,0,0,0,0,0,0,0,0,0,0,0,0,0,0,0,0,0,0,0,0,0,0,0,0,0,0,1,0,0,68,48,0,0,0,0,0,1,0,0,4,0,0,0,0,0,0,0,0,0,0,0,0,0,5,0,43,110,198,222,129,52,0,0,0,0,0,152,108,0,0,0,0,0,0,0,0,0,0,0,0,1,0,0,225,233,205,223,235,227,203,237,184,124,81,180,0,0,0,0,0,0,0,0,0,0,0,0,1,0,0,94,207,203,222,201,196,215,222,216,236,244,255,67,0,0,0,0,0,0,0,0,0,0,4,0,3,0,0,195,220,222,127,148,248,92,193,228,210,217,228,12,0,0,0,0,0,0,0,0,0,0,1,0,4,0,2,212,221,191,174,255,241,204,134,255,217,224,222,12,0,0,0,0,0,0,0,0,0,1,2,3,2,0,37,225,224,183,192,255,232,245,138,255,224,226,213,0,0,0,0,0,0,0,0,0,0,0,0,0,0,0,186,228,223,245,101,198,241,119,182,244,223,226,205,0,0,0,0,0,0,0,0,0,0,0,2,2,0,68,255,142,107,221,183,223,197,188,255,236,230,225,206,0,0,0,0,0,0,0,0,0,0,3,3,0,0,207,188,178,214,247,123,230,255,240,230,224,201,198,219,16,0,0,0,0,0,0,0,0,0,2,0,0,92,255,133,213,217,255,182,171,241,163,125,158,187,200,231,91,0,0,0,0,0,0,0,0,0,0,0,34,142,214,193,124,255,209,122,245,205,192,198,203,218,207,220,185,0,0,0,2,2,3,2,0,0,0,111,220,189,198,221,255,150,112,214,228,203,233,217,187,183,186,219,213,0,1,5,0,0,0,0,0,24,135,151,189,255,129,186,250,223,246,246,223,241,240,228,230,208,212,224,215,0,0,0,0,11,5,35,121,154,189,208,208,126,148,249,205,220,224,232,232,227,225,228,235,242,218,227,181,0,0,101,170,206,221,212,142,163,227,221,143,158,248,210,218,236,223,211,214,220,222,219,219,223,220,233,193,0,5,219,155,153,194,172,176,206,189,187,241,253,213,218,210,218,219,217,222,223,221,222,221,219,208,221,216,0,68,229,225,221,211,220,215,207,203,206,208,227,219,222,227,223,224,255,255,237,222,223,218,222,216,223,213,0,133,238,199,210,217,218,227,228,232,235,235,231,231,227,219,237,255,190,34,130,255,210,222,223,218,223,227,0,57,194,237,234,224,218,214,216,217,218,216,218,222,233,230,178,21,0,0,112,234,211,217,214,213,219,196,0,0,0,35,147,219,255,255,255,255,255,255,255,255,179,27,0,0,4,0,150,255,231,255,255,236,237,255,2,0,0,0,0,0,0,45,80,118,129,107,61,0,0,0,0,1,0,0,49,103,82,89,87,73,61,64,0,0,0,0,0,0,0,0,0,0,0,0,0,0,0,0,0,0,0,0,0,0,0,0,0,0,0,0,0,0,0,0,0,0,0,0,0,0,0,0,0,0,0,0,0,0,0,0,0,0,0,0,0,0,0,0,0,0,0,0,0,0,0,0,0,0,0,0,0,0,0,0,0,0,0,0,0,0,0,0,0,0,0,0,0,6
0,0,0,0,0,0,0,0,0,0,0,0,0,0,0,0,0,0,0,0,0,0,0,0,0,0,0,0,0,0,0,0,0,0,0,0,0,0,0,0,0,0,0,0,0,0,0,0,0,0,0,0,0,0,0,0,0,0,0,0,0,0,0,0,0,0,0,0,0,0,0,0,0,0,0,0,0,0,0,0,0,0,0,0,0,0,0,0,0,0,0,0,0,0,0,0,0,0,0,0,0,0,0,0,0,0,0,0,0,0,0,0,0,0,0,0,0,0,0,0,0,0,0,0,0,0,1,0,0,135,86,0,0,0,2,4,5,4,3,0,0,0,0,0,0,0,0,0,0,0,0,0,0,0,0,3,0,184,232,206,31,0,0,0,0,0,0,0,0,0,0,0,0,0,0,0,0,0,0,0,0,0,2,0,0,154,189,227,199,74,0,0,20,12,2,0,0,0,0,0,0,0,0,0,0,0,0,0,0,0,9,0,25,207,207,213,216,222,228,198,205,216,191,2,0,0,0,0,0,0,0,0,0,0,0,0,0,0,8,0,92,219,205,215,201,204,211,207,204,197,181,5,0,0,0,0,0,0,0,0,0,0,0,0,0,0,9,0,88,207,210,220,212,199,166,168,200,200,188,0,0,0,0,0,0,0,0,0,0,0,0,0,0,1,0,0,147,205,208,224,217,219,220,232,202,198,153,0,0,0,0,0,0,0,0,0,0,0,0,0,0,2,0,0,188,193,214,221,220,221,213,218,204,202,106,0,0,0,0,0,0,0,0,0,0,1,0,0,1,2,0,95,218,201,227,211,212,213,222,228,203,198,108,0,0,0,0,0,0,0,0,0,0,0,0,6,0,0,82,197,157,201,202,215,219,219,211,198,177,199,153,0,0,0,0,0,0,0,0,0,0,0,1,0,0,96,158,159,165,207,223,224,218,209,204,196,197,199,200,0,0,0,0,0,0,0,0,0,2,5,0,28,129,191,84,177,223,213,216,215,211,210,217,207,198,197,229,29,0,0,1,4,4,4,5,2,0,0,0,97,160,152,141,205,207,205,211,217,212,209,212,206,199,204,229,53,1,6,0,0,0,0,0,0,8,57,154,0,30,226,199,221,212,210,201,207,208,189,156,175,218,205,216,93,0,0,0,18,25,25,85,122,155,98,127,185,235,226,203,219,222,226,228,223,216,195,191,245,241,211,215,134,0,65,143,149,168,186,182,98,50,35,165,220,213,196,233,236,228,232,220,229,214,222,235,242,237,218,212,123,39,201,192,147,76,41,54,70,119,163,183,160,181,204,204,213,214,183,170,173,177,178,163,168,178,173,204,58,169,193,187,202,213,216,215,200,213,203,205,204,211,224,224,211,204,208,226,236,236,234,227,231,222,209,223,139,134,197,201,186,180,182,194,198,196,203,211,210,214,209,210,221,223,255,222,224,211,212,219,215,215,208,196,151,0,25,92,162,204,225,199,207,214,217,225,221,220,225,201,136,60,2,0,50,255,232,224,255,255,221,249,167,0,0,0,0,0,0,32,54,82,100,99,85,88,60,0,0,0,0,0,0,98,139,106,109,116,112,101,9,0,0,0,0,0,0,0,0,0,0,0,0,0,0,0,0,0,0,0,0,0,0,0,0,0,0,0,0,0,0,0,0,0,0,0,0,0,0,0,0,0,0,0,0,0,0,0,0,0,0,0,0,0,0,0,0,0,0,0,0,0,0,0,0,0,0,0,0,0,0,0,0,0,0,0,0,0,0,0,0,0,0,0,0,6
0,0,0,0,0,0,0,0,0,0,0,0,0,0,0,0,0,0,0,0,0,0,0,0,0,0,0,0,0,0,0,0,0,0,0,0,0,0,0,0,0,0,0,0,0,0,0,0,0,0,0,0,0,0,0,0,0,0,0,0,0,0,0,0,0,0,0,0,0,0,0,0,0,0,0,0,0,0,0,0,0,0,0,0,0,0,0,0,0,0,0,0,0,0,0,0,0,0,0,0,0,0,0,0,0,0,0,0,0,0,0,0,0,0,0,0,0,0,0,0,0,0,0,0,0,0,0,0,0,0,0,0,0,0,0,0,0,0,0,0,0,0,0,0,0,0,0,0,0,0,0,0,0,0,0,0,0,0,0,0,0,0,0,0,0,0,0,0,0,0,0,0,0,0,0,0,0,0,0,1,0,0,0,0,47,72,72,81,78,65,59,60,53,49,9,0,0,0,0,0,0,0,0,0,0,1,2,0,2,0,0,111,206,167,163,162,183,204,225,211,208,220,125,0,0,0,0,0,0,0,0,0,1,4,0,0,1,0,49,171,148,156,162,183,183,192,208,210,195,208,98,0,0,0,0,0,0,0,0,0,0,1,0,4,0,15,183,160,166,170,161,170,157,155,174,175,189,208,141,0,0,0,0,0,0,0,0,0,0,0,3,0,0,156,159,166,186,184,192,194,209,198,187,195,195,207,151,0,0,0,0,0,1,0,0,0,0,2,0,0,137,132,144,181,160,183,230,206,208,217,215,232,209,211,111,0,0,0,0,0,0,0,0,0,7,0,0,105,141,150,189,168,141,187,135,137,151,159,187,187,189,206,91,0,0,0,1,1,2,3,5,1,0,0,74,153,204,94,57,199,203,194,155,152,160,187,186,197,189,203,108,0,1,1,0,0,0,0,0,0,0,105,138,142,153,7,106,174,146,196,201,195,216,202,195,204,197,202,157,0,0,0,0,0,0,0,20,54,159,132,136,154,108,131,117,152,125,150,185,205,207,197,195,197,201,200,198,0,0,86,151,166,180,178,175,166,163,95,121,135,190,145,168,200,200,205,201,177,187,194,181,193,198,197,208,7,104,166,143,109,79,120,138,113,46,61,128,131,158,162,215,207,203,193,199,197,209,205,206,208,201,194,194,0,115,172,173,171,145,116,124,114,127,140,178,238,193,193,214,201,209,212,202,201,207,203,210,209,201,194,183,38,0,151,180,185,184,186,178,172,185,172,157,182,192,187,177,167,155,162,165,167,167,171,166,184,187,189,186,36,0,0,45,132,194,177,186,191,204,199,213,213,217,228,232,240,243,243,246,246,245,248,252,255,209,195,128,0,0,0,0,0,0,2,44,74,113,126,129,128,118,93,87,75,69,67,73,78,76,73,68,53,31,14,0,0,0,0,0,0,0,0,0,0,0,0,0,0,0,0,0,0,0,0,0,0,0,0,0,0,0,0,0,0,0,0,0,0,0,0,0,0,0,0,0,0,0,0,0,0,0,0,0,0,0,0,0,0,0,0,0,0,0,0,0,0,0,0,0,0,0,0,0,0,0,0,0,0,0,0,0,0,0,0,0,0,0,0,0,0,0,0,0,0,0,0,0,0,0,0,0,0,0,0,0,0,0,0,0,0,0,0,0,0,0,0,0,0,0,0,0,0,0,0,0,0,0,0,0,0,0,0,0,0,0,0,0,0,0,0,0,0,0,0,0,0,0,0,0,0,0,0,0,0,0,0,0,0,0,0,0,0,0,0,0,0,0,0,0,0,0,0,0,0,6
0,0,0,0,0,0,0,0,0,0,0,0,0,0,0,0,0,0,0,0,0,0,0,0,0,0,0,0,0,0,0,0,0,0,0,0,0,0,0,0,0,0,0,0,0,0,0,0,0,0,0,0,0,0,0,0,0,0,0,0,0,0,0,0,0,0,0,0,0,0,0,0,0,0,0,0,0,0,0,0,0,0,0,0,0,0,0,0,0,0,0,0,0,0,0,0,0,1,0,0,70,41,0,0,0,0,0,0,4,1,0,0,0,0,0,0,0,0,0,0,0,0,0,0,0,0,0,78,182,163,179,189,186,71,0,0,0,0,0,0,0,0,0,0,0,0,0,0,0,0,0,0,0,0,121,198,152,154,161,162,187,198,46,35,21,0,0,1,0,0,0,0,0,0,0,0,0,0,0,1,0,0,191,162,140,157,186,176,176,168,160,165,126,137,0,0,0,0,0,0,0,0,0,0,0,1,0,3,0,98,225,177,143,185,190,185,193,190,173,189,179,173,12,0,0,0,0,0,0,0,0,0,0,0,0,0,0,148,178,166,183,167,186,189,194,190,180,174,177,166,23,0,0,0,0,0,0,0,0,0,0,1,6,0,59,125,158,79,114,225,240,202,203,158,198,194,173,162,46,0,0,0,0,0,0,0,0,0,0,0,2,0,0,151,237,0,0,52,170,176,194,119,99,131,118,125,16,0,0,0,0,0,0,0,0,0,0,0,0,0,8,9,0,39,97,20,0,114,218,223,228,155,110,220,67,0,0,0,0,0,1,1,1,0,1,5,0,93,83,0,29,44,43,192,242,200,187,175,199,186,172,200,114,0,0,0,0,0,0,0,0,4,0,0,27,33,21,59,11,93,107,154,167,206,176,175,183,224,213,208,98,0,0,0,0,0,0,0,1,0,0,53,8,9,0,116,142,44,181,132,63,166,206,185,187,190,199,193,161,0,0,0,2,3,1,0,0,13,76,182,255,0,67,51,96,239,135,117,85,146,158,220,197,198,195,189,228,0,2,3,0,0,0,0,35,212,83,7,175,26,0,211,206,118,137,226,139,109,115,198,229,204,193,183,145,41,1,0,0,45,62,157,185,175,158,145,133,168,170,141,171,180,115,180,145,144,133,126,203,213,187,197,212,54,0,29,145,172,171,166,150,157,163,144,134,166,223,182,107,202,167,139,160,130,142,132,175,220,203,176,139,22,0,87,121,133,150,155,153,154,169,185,196,176,175,156,112,163,200,162,143,149,142,189,177,185,99,21,19,29,21,28,14,57,127,182,182,182,165,159,155,168,173,168,178,177,187,212,174,169,161,98,54,13,12,45,52,21,31,64,28,25,17,28,72,126,176,204,213,191,192,193,194,190,164,152,84,54,32,35,43,54,44,20,6,0,0,75,106,74,63,44,28,14,23,40,52,59,66,74,72,43,27,12,33,47,51,48,25,10,0,0,0,0,0,0,24,68,84,84,70,62,51,32,26,21,26,26,27,42,54,63,44,14,0,0,0,0,0,1,0,0,1,0,0,0,0,12,23,46,55,49,49,52,48,44,51,42,21,4,0,0,0,1,2,0,0,0,1,1,0,0,0,0,0,0,0,0,0,0,0,0,0,0,0,0,0,0,0,0,0,0,0,0,0,0,0,0,0,0,0,0,0,0,0,0,0,0,0,0,0,0,0,0,0,0,0,0,0,0,0,0,0,0,0,0,0,0,0,0,0,0,0,0,0,0,0,0,0,0,0,0,0,0,0,0,0,0,0,0,0,0,0,0,6
0,0,0,0,0,0,0,0,0,0,0,0,0,0,0,0,0,0,0,0,0,0,0,0,0,0,0,0,0,0,0,0,0,0,0,0,0,0,0,0,0,0,0,0,0,0,0,0,0,0,0,0,0,0,0,0,0,0,0,0,0,0,0,0,0,0,0,0,0,0,0,0,0,0,0,0,0,0,0,0,0,0,0,0,0,0,0,0,0,0,0,0,0,0,0,0,0,0,0,0,0,0,0,0,0,0,0,0,0,0,0,0,0,0,0,0,0,0,0,0,0,0,0,0,0,0,0,0,0,0,0,0,0,0,0,0,0,0,0,0,0,0,0,0,0,0,0,0,0,0,0,0,0,0,0,0,0,0,0,0,0,0,0,0,0,0,0,0,0,0,0,0,0,0,0,0,0,0,0,3,3,0,0,93,81,44,22,15,24,25,29,20,20,29,27,0,0,0,0,0,0,0,0,0,0,0,1,0,0,0,13,194,213,225,232,209,215,229,242,237,238,227,227,46,0,0,0,0,0,0,0,0,0,0,1,22,3,0,65,126,100,150,194,208,210,215,205,205,195,180,190,71,0,0,0,0,0,0,0,0,3,0,98,104,107,182,133,234,216,170,162,168,177,171,175,181,175,173,214,68,0,0,0,0,0,0,0,0,3,0,16,139,112,223,162,164,201,235,248,255,233,218,206,205,209,208,223,31,0,0,0,0,0,0,0,0,0,0,0,50,44,130,158,191,197,191,189,216,189,166,181,171,180,186,182,0,0,0,1,0,0,0,0,0,2,0,55,1,98,222,163,156,170,192,206,148,181,185,182,178,178,185,199,1,0,0,1,1,1,1,0,0,0,0,17,2,172,152,162,199,192,170,205,222,162,200,195,196,185,208,134,0,3,1,0,0,1,0,0,0,0,0,34,128,181,138,161,172,176,196,208,187,166,210,209,219,219,219,161,0,0,0,0,0,0,0,0,0,2,36,126,158,171,139,171,182,166,173,195,175,183,187,189,185,190,196,164,0,0,91,145,111,104,87,83,102,121,131,158,205,148,150,166,185,138,166,211,177,178,190,180,177,178,167,167,15,43,139,131,131,126,123,126,135,139,129,149,202,163,159,171,154,142,187,176,147,172,186,192,220,199,172,204,34,76,172,154,147,147,159,149,138,131,134,138,162,162,158,185,163,182,194,139,144,166,168,170,183,180,172,202,38,1,140,171,170,167,162,156,152,148,135,139,130,167,143,157,173,167,173,168,156,150,158,154,168,170,173,205,60,0,0,19,92,158,190,209,206,215,214,218,208,211,210,205,208,204,202,210,209,197,204,209,208,202,209,242,55,1,0,0,0,0,0,22,40,63,77,73,78,78,79,79,79,78,82,96,98,96,104,102,100,90,71,36,0,0,0,0,0,0,0,0,0,0,0,0,0,0,0,0,0,0,0,0,0,0,0,0,0,0,0,0,0,0,0,0,0,0,0,0,0,0,0,0,0,0,0,0,0,0,0,0,0,0,0,0,0,0,0,0,0,0,0,0,0,0,0,0,0,0,0,0,0,0,0,0,0,0,0,0,0,0,0,0,0,0,0,0,0,0,0,0,0,0,0,0,0,0,0,0,0,0,0,0,0,0,0,0,0,0,0,0,0,0,0,0,0,0,0,0,0,0,0,0,0,0,0,0,0,0,0,0,0,0,0,0,0,0,0,0,0,0,0,0,0,0,0,0,0,0,0,0,0,0,0,0,0,0,0,0,0,0,0,0,0,0,0,0,0,0,0,0,0,6
0,0,0,0,0,0,0,0,0,0,0,0,0,0,0,0,0,0,0,0,0,0,0,0,0,0,0,0,0,0,0,0,0,0,0,0,0,0,0,0,0,0,0,0,0,0,0,0,0,0,0,0,0,0,0,0,0,0,0,0,0,0,0,0,0,0,0,0,0,0,0,0,0,0,0,0,0,0,0,0,0,0,0,0,0,0,0,0,0,0,0,0,0,0,0,0,0,0,0,0,0,0,0,0,0,0,0,0,0,0,0,0,0,0,0,0,0,0,0,0,0,0,0,0,0,0,0,0,0,0,0,0,0,0,0,0,0,0,0,0,0,0,0,0,0,0,0,0,0,0,0,0,0,1,0,1,58,0,0,0,0,0,1,0,0,0,0,0,0,0,0,0,0,0,0,0,0,0,0,0,0,2,0,8,108,0,0,1,3,5,4,1,3,0,163,42,0,0,0,0,0,0,0,0,0,0,0,0,0,1,0,2,112,0,0,0,0,0,0,0,0,9,255,17,0,0,0,0,0,0,0,0,0,0,0,0,0,4,0,9,186,151,0,0,0,0,0,61,169,146,64,0,0,0,0,0,0,0,0,0,0,0,0,0,0,0,0,104,196,181,243,253,249,249,249,187,197,168,0,0,0,0,0,0,0,0,0,0,0,0,0,0,0,0,1,195,185,171,205,211,206,205,201,177,182,158,0,0,0,0,0,0,0,0,0,0,0,0,0,0,0,0,151,205,183,177,204,213,203,204,200,166,197,176,0,0,0,0,0,0,1,1,0,1,3,4,2,0,0,86,210,175,182,167,208,209,208,205,198,167,179,207,10,0,0,0,0,1,0,1,1,0,0,1,3,0,50,214,181,171,191,167,211,207,207,206,194,169,167,216,87,0,0,0,0,0,0,0,0,1,2,0,0,32,200,194,181,190,173,170,214,204,203,209,186,168,164,199,174,0,0,2,4,5,5,0,1,0,0,0,63,193,198,178,176,182,167,169,216,202,201,211,175,165,175,167,202,20,0,0,0,0,0,0,0,0,64,163,198,186,166,171,173,186,172,181,214,198,197,216,173,165,177,160,207,69,0,1,79,128,127,123,127,163,197,188,161,174,177,174,181,176,169,191,215,205,213,206,163,171,180,171,197,89,30,168,184,173,175,176,185,178,175,165,171,172,182,182,179,180,176,198,217,193,171,150,155,177,170,167,205,85,130,207,166,172,173,169,166,165,169,173,177,170,172,172,178,184,172,153,158,165,180,179,176,192,181,182,211,52,56,159,178,192,195,198,192,183,174,172,176,171,170,184,184,179,199,217,224,196,186,185,182,167,152,170,192,23,0,0,8,70,100,147,197,217,226,221,222,216,205,203,200,179,152,114,54,126,208,160,175,170,171,201,239,49,0,0,0,0,0,0,0,12,29,42,63,70,67,34,2,0,0,0,0,5,171,157,155,146,122,112,108,6,0,0,0,0,0,0,0,0,0,0,0,0,0,0,0,0,0,0,0,0,0,0,0,0,0,0,0,0,0,0,0,0,0,0,0,0,0,0,0,0,0,0,0,0,0,0,0,0,0,0,0,0,0,0,0,0,0,0,0,0,0,0,0,0,0,0,0,0,0,0,0,0,0,0,0,0,0,0,0,0,0,0,0,0,0,0,0,0,0,0,0,0,0,0,0,0,0,0,0,0,0,0,0,0,0,0,0,0,0,0,0,0,0,0,0,0,0,0,0,0,0,0,0,0,0,0,0,0,0,0,0,0,0,0,0,0,0,0,0,0,6
0,0,0,0,0,0,0,0,0,0,0,0,0,0,0,0,0,0,0,0,0,0,0,0,0,0,0,0,0,0,0,0,0,0,0,0,0,0,0,0,0,0,0,0,0,0,0,0,0,0,0,0,0,0,0,0,0,0,0,0,0,0,0,0,0,0,0,0,0,0,0,0,0,0,0,0,0,0,0,0,0,0,0,0,0,0,0,0,0,0,0,0,0,0,0,0,0,0,0,0,0,0,0,0,0,0,0,0,0,0,0,0,0,0,0,0,0,0,0,0,0,0,0,0,0,0,65,129,94,89,86,90,91,99,75,49,26,0,0,0,0,0,0,0,0,0,0,0,0,0,0,1,0,0,176,230,216,248,244,247,246,242,252,250,210,247,21,0,0,0,0,0,0,0,0,0,0,0,0,2,0,0,182,202,194,188,189,193,195,193,190,199,204,214,9,0,0,0,0,0,0,0,0,0,0,0,0,5,0,13,202,188,193,195,202,209,211,211,208,208,206,211,15,0,0,0,0,0,0,0,0,0,0,0,0,2,0,67,205,183,194,201,205,210,207,205,207,211,204,217,43,0,0,0,0,0,0,0,0,0,0,0,0,0,0,159,203,191,200,206,208,209,205,202,204,208,197,218,111,0,0,0,0,0,0,0,0,0,0,0,3,0,0,217,199,195,200,210,211,210,206,204,208,212,199,217,177,0,0,0,0,0,0,0,0,0,0,0,2,0,80,208,193,196,196,212,214,212,208,210,211,211,210,211,214,0,0,0,0,0,0,0,0,0,0,3,0,0,175,204,182,198,210,212,215,211,205,211,209,208,208,209,245,15,0,0,0,0,0,0,0,0,0,4,0,39,232,187,190,203,214,211,208,207,199,201,200,193,199,204,249,50,0,0,0,0,0,0,0,0,2,0,0,183,198,187,205,212,212,206,202,202,192,194,189,186,202,196,243,74,0,0,0,0,0,0,0,0,0,0,92,238,173,200,210,212,207,205,204,196,189,197,200,199,204,197,240,53,0,0,0,0,0,2,1,0,0,47,226,185,195,200,205,208,207,207,208,205,193,203,209,213,213,207,222,104,0,0,2,7,6,0,0,0,49,220,199,188,203,203,203,207,209,209,203,207,218,227,222,223,210,199,220,56,1,0,0,0,0,0,12,135,228,197,192,205,199,207,206,205,214,209,217,230,216,202,194,188,176,189,153,0,0,0,1,67,124,178,213,218,186,192,195,196,206,210,211,211,217,218,217,194,192,199,198,197,185,228,27,0,0,101,175,193,200,201,193,192,196,195,202,206,204,209,212,216,255,217,198,193,201,201,195,182,201,142,0,0,32,198,197,194,192,198,199,192,194,199,201,202,209,213,219,255,136,57,239,191,199,194,194,186,219,19,0,1,146,229,220,222,215,216,213,211,214,209,205,213,210,218,255,136,0,99,235,187,187,190,181,202,131,0,0,0,44,120,162,199,227,242,250,251,255,255,255,255,248,232,66,0,0,205,255,232,231,216,203,232,3,0,4,0,0,0,0,0,0,14,43,69,94,109,117,90,64,3,0,0,0,49,65,72,109,123,156,94,0,0,2,0,0,0,0,0,0,0,0,0,0,0,0,0,0,0,0,0,0,0,0,0,0,0,0,0,0,0,0,0,0,0,0,0,0,0,0,0,0,0,0,0,0,0,0,0,0,0,0,0,0,0,0,0,0,0,0,0,0,0,0,0,0,0,0,0,0,0,0,0,0,0,0,0,0,0,0,0,0,0,0,0,0,0,0,0,6
0,0,0,0,0,0,0,0,0,0,0,0,0,0,0,0,0,0,0,0,0,0,0,0,0,0,0,0,0,0,0,0,0,0,0,0,0,0,0,0,0,0,0,0,0,0,0,0,0,0,0,0,0,0,0,0,0,0,0,0,0,0,0,0,0,0,0,0,0,0,0,0,0,0,0,0,0,0,0,0,0,0,0,0,0,0,0,0,0,0,0,0,0,0,0,0,0,0,0,0,0,0,0,0,0,0,0,0,0,0,0,0,0,0,0,0,0,0,0,0,0,0,0,0,0,0,0,0,0,0,0,0,0,0,0,0,0,0,0,0,0,0,0,0,0,0,0,0,0,0,0,0,0,0,0,0,0,0,0,0,0,0,0,0,0,135,18,0,0,0,0,0,0,0,0,0,0,0,0,0,0,0,0,0,0,0,0,0,0,0,0,7,127,161,131,3,0,0,0,0,0,0,0,0,0,0,0,0,0,0,0,0,0,0,3,3,0,0,60,142,150,183,168,0,0,0,0,0,0,0,0,0,0,0,0,0,0,0,0,0,0,3,0,0,0,105,146,135,168,120,0,0,0,0,0,0,0,0,0,0,0,0,0,0,0,0,0,0,0,0,0,18,108,127,135,180,56,0,0,0,0,0,0,0,0,0,0,0,0,0,0,0,0,0,0,0,0,33,112,165,108,138,157,0,0,0,0,0,0,0,0,0,0,0,0,0,0,0,0,0,3,0,0,7,112,157,101,138,195,228,0,0,0,3,3,3,3,3,0,3,0,0,0,0,0,0,0,0,0,0,33,116,97,67,63,112,127,0,0,0,0,0,0,0,0,0,0,0,0,0,0,18,82,0,0,7,37,105,116,97,82,71,153,60,0,0,0,0,0,0,0,7,0,0,0,0,0,0,48,41,187,240,112,127,101,120,101,138,165,191,138,0,0,18,82,105,135,172,202,195,0,0,0,15,22,45,93,78,48,153,86,82,112,120,165,180,187,240,210,157,232,240,255,210,210,202,198,138,0,0,0,41,86,56,71,90,78,60,71,120,150,191,183,210,225,213,213,217,225,213,183,165,176,172,180,105,3,0,0,45,101,86,78,71,75,90,108,150,187,195,213,213,202,202,183,191,202,198,176,187,191,176,206,78,112,127,97,116,127,120,108,101,93,108,146,180,187,213,213,202,202,210,210,206,210,195,191,198,202,191,210,37,86,146,135,135,165,176,180,195,191,195,206,210,198,206,210,195,191,198,195,195,202,187,187,195,198,191,198,3,52,138,153,157,172,172,183,187,191,198,198,202,202,198,217,225,213,210,210,213,232,225,217,225,225,195,206,0,0,30,75,105,135,165,198,210,217,221,210,198,198,198,191,172,150,135,127,123,120,116,97,86,82,97,108,0,0,11,48,63,63,82,105,108,112,116,105,97,93,90,86,82,78,86,108,101,93,93,105,108,108,108,101,0,0,0,0,7,37,48,63,71,75,78,71,67,63,56,60,60,56,56,60,60,60,56,52,48,37,15,11,0,0,0,0,0,0,0,0,0,0,0,0,0,0,0,0,0,0,0,0,0,0,0,0,0,0,0,0,0,0,0,0,0,0,0,0,0,0,0,0,0,0,0,0,0,0,0,0,0,0,0,0,0,0,0,0,0,0,0,0,0,0,0,0,0,0,0,0,0,0,0,0,0,0,0,0,0,0,0,0,0,0,0,0,0,0,0,0,0,0,0,0,0,0,0,0,0,0,0,0,0,0,0,0,0,0,0,0,0,0,0,0,0,6
0,0,0,0,0,0,0,0,0,0,0,0,0,0,0,0,0,0,0,0,0,0,0,0,0,0,0,0,0,0,0,0,0,0,0,0,0,0,0,0,0,0,0,0,0,0,0,0,0,0,0,0,0,0,0,0,0,0,0,0,0,0,0,0,0,0,0,0,0,0,0,0,0,0,0,0,0,0,0,0,0,0,0,0,0,0,0,0,0,0,0,0,0,0,0,0,0,0,0,0,0,0,0,0,0,0,0,0,0,0,0,0,0,0,0,0,0,0,0,0,0,0,0,0,0,0,0,0,90,209,191,224,152,0,0,0,0,0,0,0,0,0,0,0,0,0,0,0,0,0,0,0,0,0,0,0,151,202,197,223,255,208,86,111,100,74,60,5,0,0,0,0,0,0,0,0,0,0,0,0,0,2,0,0,178,198,190,224,227,231,246,247,248,250,229,27,0,0,0,0,0,0,0,0,0,0,0,0,0,4,0,27,214,192,209,226,226,224,225,226,223,234,182,0,0,0,0,0,0,0,0,0,0,0,0,0,0,3,0,140,201,192,207,227,230,229,237,244,229,252,157,0,0,0,0,0,0,0,0,0,0,0,0,0,0,0,0,166,201,192,210,219,214,201,197,201,197,204,195,0,0,0,0,0,0,0,0,0,0,0,0,0,4,0,10,214,191,208,221,228,224,207,198,188,173,185,234,20,0,0,0,0,0,0,0,0,1,3,0,2,0,0,140,219,188,208,210,218,232,232,242,244,248,218,180,5,0,0,0,0,0,0,0,0,0,0,0,2,0,79,231,174,182,201,203,214,215,222,254,242,196,194,105,0,0,0,0,0,0,0,0,0,0,2,5,0,41,226,186,167,196,211,213,226,218,234,218,220,160,221,255,0,0,0,0,0,0,0,0,1,3,0,0,48,218,186,182,204,222,214,209,223,238,225,162,141,232,227,255,61,1,1,3,4,4,4,5,0,0,2,102,201,180,182,197,202,218,217,224,231,209,199,226,142,232,230,254,160,1,2,0,0,0,0,0,1,67,94,131,173,186,202,213,219,212,217,226,223,197,192,187,222,245,225,236,213,0,0,10,66,68,67,77,95,85,17,66,112,122,153,179,208,220,221,223,226,221,239,243,239,224,225,238,221,0,103,140,74,90,51,32,109,168,183,203,208,205,193,199,225,230,203,192,170,196,247,231,233,237,233,249,208,2,179,192,156,109,34,76,167,171,181,175,170,213,229,225,196,166,171,192,182,213,247,228,224,225,211,214,155,53,171,168,191,203,211,210,192,181,169,167,118,153,202,201,200,213,254,228,212,205,180,178,175,179,167,192,129,75,179,189,181,173,172,182,200,203,204,201,217,200,209,196,204,133,50,0,39,188,140,161,152,160,160,188,122,0,23,120,171,203,207,208,214,204,214,229,150,207,154,38,0,0,0,0,87,243,201,209,223,223,225,248,155,0,0,0,0,0,14,33,52,42,60,56,0,10,0,0,0,8,1,0,29,53,13,23,52,40,42,44,0,0,0,0,0,0,0,0,0,0,0,0,0,0,0,0,0,0,0,0,0,0,0,0,0,0,0,0,0,0,0,0,0,0,0,0,0,0,0,0,0,0,0,0,0,0,0,0,0,0,0,0,0,0,0,0,0,0,0,0,0,0,0,0,0,0,0,0,0,0,0,0,0,0,0,0,0,0,0,0,0,0,0,0,0,0,0,0,0,0,0,0,0,0,0,0,0,0,0,0,0,0,0,0,0,0,0,0,0,0,0,0,0,6
0,0,0,0,0,0,0,0,0,0,0,0,0,0,0,0,0,0,0,0,0,0,0,0,0,0,0,0,0,0,0,0,0,0,0,0,0,0,0,0,0,0,0,0,0,0,0,0,0,0,0,0,0,0,0,0,0,0,0,0,0,0,0,0,0,0,0,0,0,0,0,0,0,0,0,0,0,0,0,0,0,0,0,0,0,0,0,0,0,0,0,0,0,0,0,0,0,3,0,3,0,0,0,0,0,0,40,146,217,102,0,0,0,0,0,0,0,0,0,0,0,0,0,0,0,1,0,0,0,11,64,148,230,255,255,250,253,136,0,1,0,0,0,0,0,0,0,0,0,0,0,0,1,0,0,181,201,237,255,249,250,247,237,231,249,149,0,0,0,0,0,0,0,0,0,0,0,0,0,0,3,0,0,228,252,235,239,238,235,241,247,232,255,176,0,0,0,0,0,0,0,0,0,0,0,0,0,0,0,0,0,170,251,243,245,246,244,246,240,231,255,158,0,0,0,0,0,0,0,0,0,0,0,0,0,0,0,0,0,169,248,228,249,239,240,246,236,240,255,173,0,0,0,0,0,0,0,0,0,0,0,0,0,0,2,0,0,255,241,228,244,245,241,250,246,235,253,234,0,0,0,0,0,0,0,0,0,0,0,0,0,0,4,0,0,255,239,238,243,246,250,215,211,255,237,255,39,0,0,0,0,0,0,0,0,0,0,0,0,0,3,0,12,251,239,234,238,240,255,201,174,255,239,255,173,0,0,0,0,0,0,0,0,0,0,0,0,0,2,0,30,250,238,241,240,246,238,251,230,242,237,245,255,0,0,0,0,0,0,0,0,0,0,0,0,0,2,0,76,254,238,244,241,241,241,251,241,238,242,237,255,99,0,0,0,0,0,0,0,0,0,0,0,0,1,0,134,255,237,240,240,239,248,242,244,235,249,236,247,131,0,0,0,0,0,0,0,0,0,0,0,0,1,0,175,255,228,243,241,243,236,244,247,229,241,235,255,147,0,0,0,0,2,0,0,0,0,0,0,0,0,0,176,249,234,241,241,239,243,238,238,236,255,252,231,65,0,0,0,0,0,1,8,7,3,0,0,2,0,0,225,235,236,239,250,241,243,255,243,242,169,116,101,21,0,0,0,0,3,0,0,0,0,0,0,5,0,4,225,244,243,230,230,239,251,191,249,227,83,117,124,8,0,0,0,1,0,0,93,122,22,0,2,3,0,78,218,212,222,255,255,254,255,136,217,209,105,129,108,0,2,2,0,0,0,35,249,255,86,0,5,1,0,18,106,224,254,225,184,183,149,131,131,115,119,128,83,0,0,0,0,0,0,0,221,248,60,0,0,1,0,0,185,202,109,0,109,142,108,118,122,102,110,121,52,0,94,172,172,164,181,150,221,250,81,0,18,0,0,231,203,31,0,0,144,114,105,115,118,104,106,115,13,0,109,168,195,225,242,248,240,255,158,0,7,72,182,144,10,0,0,3,126,97,106,110,107,100,126,135,1,0,0,0,37,67,92,120,170,190,207,215,200,216,119,0,0,2,0,17,174,149,152,158,157,148,149,65,0,0,0,0,0,0,0,0,10,15,38,49,43,7,0,0,0,1,0,0,26,23,26,27,29,25,0,0,0,0,0,0,0,0,0,0,0,0,0,0,0,0,0,0,0,0,0,0,0,0,0,0,0,0,0,0,0,0,0,0,0,0,0,0,0,0,0,0,0,0,0,0,0,0,0,0,0,0,0,0,0,0,0,0,0,0,6
0,0,0,0,0,0,0,0,0,0,0,0,0,0,0,0,0,0,0,0,0,0,0,0,0,0,0,0,0,0,0,0,0,0,0,0,0,0,0,0,0,0,0,0,0,0,0,0,0,0,0,0,0,0,0,0,0,0,0,0,0,0,0,0,0,0,0,0,0,0,0,0,0,0,0,0,0,0,0,0,0,0,0,0,0,0,0,0,0,0,0,0,0,0,0,0,0,0,0,0,0,0,0,0,0,0,0,0,0,0,0,0,0,0,0,0,0,0,0,0,0,0,0,0,0,0,0,0,0,0,0,0,0,0,0,0,0,0,0,0,0,0,0,0,0,0,0,0,0,0,0,0,0,0,0,0,0,82,84,0,0,0,0,0,0,0,0,0,0,0,0,0,0,0,0,0,0,0,0,0,0,1,1,0,17,135,197,127,92,84,56,39,28,47,56,0,0,0,0,0,0,0,0,0,0,0,0,0,0,1,0,0,73,140,186,212,222,232,234,235,213,216,118,0,0,0,0,0,0,0,0,0,0,0,0,0,0,2,0,0,106,201,228,207,213,194,171,197,215,216,113,0,0,0,0,0,0,0,0,0,0,0,0,0,0,0,0,75,148,209,215,223,204,163,172,136,193,214,113,0,0,0,0,0,0,0,0,0,0,0,0,0,2,0,54,153,215,244,222,223,193,200,215,170,158,220,97,0,0,0,0,0,1,0,0,0,0,1,0,0,0,0,84,227,219,199,213,221,209,191,180,163,190,245,57,0,1,0,0,0,0,0,1,0,0,1,4,0,0,89,209,173,219,199,206,217,226,216,204,209,207,226,79,0,0,1,2,2,2,3,2,0,1,0,0,0,163,191,186,206,205,210,214,226,242,243,248,238,210,206,136,0,1,0,0,0,0,0,0,0,0,5,79,155,159,184,187,206,201,210,220,222,230,226,231,216,213,201,185,0,0,0,20,25,25,24,34,57,75,105,120,179,207,200,212,216,219,224,227,223,221,215,194,181,187,193,217,5,0,66,124,135,128,118,106,99,97,102,105,156,184,172,180,183,187,193,183,183,177,176,175,181,184,186,213,19,20,161,110,108,98,99,106,118,125,130,137,165,175,168,157,154,165,171,186,195,186,176,184,191,190,184,204,9,105,162,162,157,142,132,132,147,150,143,148,166,177,202,231,244,255,237,207,212,231,219,204,216,200,193,204,12,42,85,127,151,165,165,165,176,172,173,187,187,190,199,190,103,64,46,35,20,90,210,168,164,142,121,117,22,5,22,41,57,68,95,120,135,151,166,179,188,195,169,64,20,49,57,71,77,64,66,56,51,48,41,46,11,0,0,15,31,40,42,41,48,42,41,47,51,55,55,62,70,62,61,45,47,70,63,68,70,73,69,57,19,0,0,0,0,0,8,20,23,23,28,26,22,23,22,13,2,0,0,0,0,16,20,19,17,12,6,0,0,0,0,0,0,0,0,0,0,0,0,0,0,0,0,0,0,0,0,0,0,0,0,0,0,0,0,0,0,0,0,0,0,0,0,0,0,0,0,0,0,0,0,0,0,0,0,0,0,0,0,0,0,0,0,0,0,0,0,0,0,0,0,0,0,0,0,0,0,0,0,0,0,0,0,0,0,0,0,0,0,0,0,0,0,0,0,0,0,0,0,0,0,0,0,0,0,0,0,0,0,0,0,0,0,0,0,0,0,0,0,0,0,0,0,0,0,0,0,0,0,0,0,0,0,0,0,0,0,0,0,0,0,0,0,0,0,0,0,0,0,6
0,0,0,0,0,0,0,0,0,0,0,0,0,0,0,0,0,0,0,0,0,0,0,0,0,0,0,0,0,0,0,0,0,0,0,0,0,0,0,0,0,0,0,0,0,0,0,0,0,0,0,0,0,0,0,0,0,0,0,0,0,0,0,0,0,0,0,0,0,0,0,0,0,0,0,0,0,0,0,0,0,0,0,0,0,0,0,0,0,0,0,0,0,0,0,0,0,0,0,0,0,0,0,0,0,0,0,0,0,0,0,0,0,0,0,0,0,0,0,0,0,0,0,0,0,0,0,0,0,0,0,0,0,0,0,0,0,0,0,0,0,0,0,0,0,0,0,0,0,0,0,0,1,0,0,0,0,118,74,0,0,1,0,0,0,0,0,0,0,0,0,0,0,0,0,0,0,0,0,0,1,0,4,0,30,182,195,5,0,0,0,0,0,5,2,0,0,0,0,0,0,0,0,0,0,0,0,0,0,2,0,0,145,178,175,123,74,9,0,0,0,0,0,0,0,0,0,0,0,0,0,0,0,0,0,0,0,8,0,48,219,165,175,221,222,190,173,145,104,92,23,0,0,0,0,0,0,0,0,0,0,0,0,0,1,0,0,138,152,156,202,195,192,196,193,192,192,204,104,0,0,0,0,0,0,0,0,0,0,0,0,0,0,0,55,208,162,181,197,187,202,190,185,191,183,192,112,0,1,0,0,0,0,0,0,0,0,2,2,0,0,44,209,173,172,195,193,204,207,206,200,196,189,195,148,0,0,0,0,0,0,0,0,0,0,1,0,0,86,219,119,149,196,208,202,191,188,189,201,196,187,194,167,0,0,2,3,6,4,2,3,1,0,0,0,71,156,160,181,176,195,195,195,194,182,168,172,174,191,197,201,0,0,0,0,0,0,0,0,0,0,6,77,132,115,103,154,186,185,187,192,188,187,182,173,175,180,171,232,26,0,0,90,125,97,61,32,53,91,139,132,147,153,176,161,172,186,183,185,186,179,185,187,188,170,176,245,66,0,156,164,122,130,134,135,123,116,108,81,119,146,136,146,151,163,182,188,179,177,185,195,195,201,211,255,72,40,177,194,166,133,104,81,87,104,115,118,129,135,136,157,174,180,192,207,203,194,205,206,208,215,216,229,11,132,215,197,185,189,182,179,176,172,162,171,174,186,196,206,203,196,189,193,209,205,206,205,199,202,205,222,21,0,74,179,208,213,204,197,180,172,177,183,186,187,189,196,205,218,231,234,223,207,206,206,206,203,201,211,92,0,0,0,0,79,181,199,223,235,237,237,233,236,238,228,210,214,167,91,199,245,230,234,234,230,221,229,103,0,1,0,0,0,0,0,6,40,63,92,83,76,50,20,0,0,0,0,31,163,133,115,118,116,116,100,5,0,0,0,1,2,0,0,0,0,0,0,0,0,0,0,0,0,0,0,0,0,0,0,0,0,0,0,0,0,0,0,0,0,0,0,0,0,0,0,0,0,0,0,0,0,0,0,0,0,0,0,0,0,0,0,0,0,0,0,0,0,0,0,0,0,0,0,0,0,0,0,0,0,0,0,0,0,0,0,0,0,0,0,0,0,0,0,0,0,0,0,0,0,0,0,0,0,0,0,0,0,0,0,0,0,0,0,0,0,0,0,0,0,0,0,0,0,0,0,0,0,0,0,0,0,0,0,0,0,0,0,0,0,0,0,0,0,0,0,0,0,0,0,0,0,0,0,0,0,0,0,0,0,0,0,0,0,0,0,0,0,0,0,0,0,0,0,0,6
0,0,0,0,0,0,0,0,0,0,0,0,0,0,0,0,0,0,0,0,0,0,0,0,0,0,0,0,0,0,0,0,0,0,0,0,0,0,0,0,0,0,0,0,0,0,0,0,0,0,0,0,0,0,0,0,0,0,0,0,0,0,0,0,0,0,0,0,0,0,0,0,0,0,0,0,0,0,0,0,0,0,0,0,0,0,0,0,0,0,0,0,0,0,0,0,0,0,0,0,0,0,0,0,0,0,0,0,0,0,0,0,0,0,0,0,0,0,0,0,0,0,0,0,0,0,0,0,0,0,0,0,0,0,0,0,0,0,0,0,0,0,0,0,0,0,0,0,0,0,0,0,0,0,0,0,0,0,1,0,0,2,0,0,31,4,0,0,0,0,0,0,0,0,0,0,0,0,0,0,0,0,0,0,1,4,1,0,1,3,0,5,14,11,0,0,0,0,0,0,0,0,0,0,0,0,0,0,0,0,0,0,0,0,3,3,4,4,1,12,48,0,0,0,0,0,0,0,0,0,0,0,0,0,0,0,0,0,2,0,0,11,0,0,0,0,0,0,0,0,162,68,0,0,0,0,0,0,0,0,0,0,0,0,0,0,11,0,105,216,52,0,2,0,0,4,102,187,7,0,0,0,0,0,0,0,0,0,0,0,0,0,0,0,1,0,160,212,212,253,253,255,220,213,209,148,0,0,0,0,0,0,0,0,0,0,0,0,0,0,0,0,0,59,201,195,211,216,216,217,225,214,191,195,0,0,0,0,0,0,0,0,0,0,0,0,0,0,2,0,0,174,193,200,215,215,214,218,228,207,198,214,0,0,0,0,0,0,0,0,0,0,0,0,0,0,3,0,115,202,193,189,228,212,220,217,231,216,192,225,0,0,1,1,0,0,0,0,0,0,3,4,2,13,0,67,200,155,190,196,224,212,221,220,228,212,192,236,41,0,0,0,0,0,0,0,0,0,2,5,0,0,60,194,99,185,183,213,218,215,222,220,232,216,181,211,141,0,2,4,5,5,5,7,5,1,0,0,0,102,210,2,94,217,188,226,214,218,222,220,235,221,192,199,208,0,0,0,0,0,0,0,0,0,0,67,164,165,0,30,153,195,187,225,217,222,220,224,231,190,184,200,231,24,0,31,91,115,115,106,108,152,163,143,67,4,49,177,187,207,207,215,218,229,221,223,207,179,175,179,224,71,17,162,133,94,90,121,99,67,36,16,44,132,204,208,211,206,215,215,221,224,213,216,220,228,224,200,225,90,65,204,187,164,120,56,30,51,115,164,182,196,202,214,219,214,200,178,178,179,182,203,199,206,212,202,230,51,22,125,180,204,224,220,211,201,198,213,213,212,213,212,206,205,211,216,255,252,227,197,206,201,191,186,213,56,0,0,9,55,118,162,172,188,200,205,206,208,227,224,207,181,133,94,53,36,182,223,203,207,199,191,209,68,0,0,0,0,0,0,0,16,31,54,69,74,67,45,0,0,0,0,0,0,0,118,105,107,110,102,101,9,0,0,0,0,0,0,0,0,0,0,0,0,0,0,0,0,0,0,0,0,0,0,0,0,0,0,0,0,0,0,0,0,0,0,0,0,0,0,0,0,0,0,0,0,0,0,0,0,0,0,0,0,0,0,0,0,0,0,0,0,0,0,0,0,0,0,0,0,0,0,0,0,0,0,0,0,0,0,0,0,0,0,0,0,0,0,0,0,0,0,0,0,0,0,0,0,0,0,0,0,0,0,0,0,0,0,0,0,0,0,0,0,6
0,0,0,0,0,0,0,0,0,0,0,0,0,0,0,0,0,0,0,0,0,0,0,0,0,0,0,0,0,0,0,0,0,0,0,0,0,0,0,0,0,0,0,0,0,0,0,0,0,0,0,0,0,0,0,0,0,0,0,0,0,0,0,0,0,0,0,0,0,0,1,1,0,160,163,103,4,0,0,0,0,15,62,0,0,0,0,0,0,0,0,0,0,0,0,0,0,0,0,3,0,198,247,255,255,248,224,198,169,200,216,0,0,0,0,0,0,0,0,0,0,0,0,0,0,0,0,0,0,195,245,239,251,255,255,255,255,225,214,32,0,0,0,0,0,0,0,0,0,0,0,0,0,0,0,0,0,228,233,245,247,249,250,245,245,225,195,0,0,0,0,0,0,0,0,0,0,0,0,0,0,0,0,0,0,241,244,232,225,229,233,234,239,241,117,0,0,0,0,0,0,0,0,0,0,0,0,0,0,3,1,0,0,231,242,238,244,245,237,235,234,244,0,0,0,0,0,0,0,0,0,0,0,0,0,0,0,0,4,0,32,235,234,238,238,233,233,232,232,237,0,0,0,0,0,0,0,0,0,0,0,0,0,0,0,0,7,0,38,239,231,237,239,239,234,232,230,249,1,0,0,0,0,0,0,0,0,0,0,0,0,0,0,0,2,0,100,254,231,237,234,238,233,228,226,247,0,0,0,0,0,0,0,0,0,0,0,1,0,0,0,0,0,0,159,247,228,238,234,228,227,226,224,217,5,0,0,0,0,0,0,0,0,0,0,3,0,0,0,7,0,0,245,241,231,233,233,228,226,224,217,228,26,0,0,0,0,0,0,0,0,0,0,0,0,2,4,0,0,170,248,221,228,230,232,232,234,239,222,244,68,0,0,0,0,0,0,0,0,0,0,0,0,3,0,69,97,241,227,214,222,230,231,234,238,238,226,241,161,0,0,0,0,0,0,0,0,0,0,5,0,0,44,198,224,200,224,238,229,235,229,236,239,227,221,230,215,0,0,0,0,3,5,9,5,5,6,0,0,113,95,187,216,220,189,202,232,234,236,232,222,224,221,235,244,0,0,4,0,0,0,0,0,0,0,42,212,181,73,240,175,188,197,216,211,205,193,186,209,206,215,228,251,19,1,0,0,31,75,65,72,109,174,208,80,90,196,158,176,178,202,188,174,161,146,160,168,156,199,219,245,48,0,6,193,130,76,107,130,81,32,0,102,197,178,156,162,166,132,128,140,145,167,178,170,202,236,230,235,48,0,160,255,160,31,0,0,12,157,255,254,255,255,255,255,255,251,242,235,252,254,253,255,252,245,223,205,19,50,217,217,255,255,255,236,254,252,248,253,253,252,255,255,255,255,239,219,219,206,211,217,204,203,206,225,34,123,240,202,206,223,246,255,250,253,255,255,255,255,240,214,188,187,184,187,219,243,244,238,239,245,225,255,77,0,190,238,233,218,213,224,231,241,247,253,240,211,200,199,211,229,235,239,243,221,224,217,222,227,210,227,33,0,0,82,227,242,245,232,218,214,206,204,211,215,230,237,247,254,255,255,250,222,215,214,210,215,204,225,34,7,0,0,0,42,155,231,255,255,255,255,255,255,255,255,221,125,42,0,31,255,237,255,255,255,229,255,84,0,1,0,0,0,0,0,31,37,87,154,87,116,93,0,0,0,0,0,0,138,135,146,145,135,108,87,0,0,0,0,0,0,0,0,0,0,0,0,0,0,0,0,0,0,0,0,0,0,0,0,0,0,0,0,0,6
0,0,0,0,0,0,0,0,0,0,0,0,0,0,0,0,0,0,0,0,0,0,0,0,0,0,0,0,0,0,0,0,0,0,0,0,0,0,0,0,0,0,0,0,0,0,0,0,0,0,0,0,0,0,0,0,0,0,0,0,0,0,0,0,0,0,0,0,0,0,0,0,0,0,0,0,0,0,0,0,0,0,0,0,0,0,0,0,0,0,0,0,0,0,0,0,0,0,0,0,0,0,0,0,0,0,0,0,0,0,0,0,0,0,0,0,0,0,0,0,0,0,0,0,0,0,0,0,0,0,0,0,2,0,0,0,47,188,111,0,0,0,0,0,0,0,0,0,0,0,0,0,0,0,0,0,0,0,1,0,0,0,54,174,189,224,176,0,0,0,0,0,0,0,0,0,0,0,0,0,0,0,0,0,0,2,0,0,23,131,210,227,220,215,207,0,0,0,0,0,0,0,0,0,0,0,0,0,0,1,0,0,2,0,0,59,111,222,229,198,217,209,0,0,0,0,0,0,0,0,0,0,0,0,0,0,0,1,3,0,0,0,98,184,218,222,197,239,255,140,0,0,0,0,0,0,0,0,0,0,0,1,3,9,7,0,0,0,12,154,202,231,229,255,212,226,12,0,65,61,0,0,0,0,0,0,0,0,0,0,0,0,0,0,0,49,189,210,206,211,230,28,0,0,24,183,255,128,0,0,0,0,0,0,0,0,0,0,84,116,154,255,228,236,236,227,223,224,238,165,65,198,255,228,231,88,0,0,0,0,1,2,0,7,0,85,224,209,206,203,215,222,221,225,237,232,229,255,255,231,215,213,230,67,0,0,0,0,0,0,3,0,0,203,194,181,172,187,197,202,197,204,215,212,229,234,83,227,225,216,255,52,0,0,0,0,0,0,2,0,81,205,184,185,192,201,204,206,210,215,213,255,184,0,0,255,218,218,255,47,0,0,0,0,1,5,0,10,229,194,181,193,201,210,208,206,213,207,234,153,0,0,61,255,217,215,255,39,0,0,0,0,0,0,0,190,205,159,179,197,203,203,206,208,211,228,202,0,0,0,89,237,216,218,255,23,0,0,1,0,13,16,188,210,206,220,216,210,199,207,207,208,216,255,10,0,7,0,98,240,213,215,252,12,0,2,0,0,200,242,234,226,231,241,255,255,255,253,229,223,235,125,0,0,0,0,133,239,212,216,243,0,1,1,0,118,236,184,168,176,192,250,222,60,132,176,209,240,238,0,0,0,0,0,164,234,212,220,237,0,0,0,0,207,190,131,180,186,210,236,255,20,0,6,190,231,39,0,0,0,0,0,181,231,212,219,232,0,69,178,165,232,190,198,218,218,219,226,231,152,138,208,239,135,0,2,0,1,0,0,181,223,208,214,230,0,66,161,190,227,218,255,255,246,234,240,215,123,213,225,179,0,0,2,0,1,0,0,240,236,224,231,229,0,0,0,0,17,17,41,58,96,140,190,221,186,156,66,0,0,1,0,0,1,0,0,101,130,115,121,61,0,0,0,0,0,0,0,0,0,0,0,0,0,0,0,0,0,0,0,0,0,0,0,0,0,0,0,0,0,0,0,0,0,0,0,0,0,0,0,0,0,0,0,0,0,0,0,0,0,0,0,0,0,0,0,0,0,0,0,0,0,0,0,0,0,0,0,0,0,0,0,0,0,0,0,0,0,0,0,0,0,0,0,0,0,0,0,0,0,0,0,0,0,0,0,0,0,0,0,0,0,0,0,0,0,0,0,0,0,0,0,0,0,6
0,0,0,0,0,0,0,0,0,0,0,0,0,0,0,0,0,0,0,0,0,0,0,0,0,0,0,0,0,0,0,0,0,0,0,0,0,0,0,0,0,0,0,0,0,0,0,0,0,0,0,0,0,0,0,0,0,0,0,0,0,0,0,0,0,0,0,0,0,0,0,0,0,0,0,0,0,0,0,0,0,0,0,0,0,0,0,0,0,0,0,0,0,0,0,0,0,0,0,0,0,0,0,0,0,0,0,0,0,0,0,0,0,0,0,0,0,0,0,0,0,0,0,1,0,0,73,50,0,0,0,0,0,0,0,0,0,0,4,2,0,0,0,0,0,0,0,0,0,0,0,1,0,1,153,148,144,135,117,79,44,35,5,0,0,0,0,0,0,0,0,0,0,0,0,0,0,0,0,2,0,2,146,147,131,162,154,159,174,191,181,182,170,159,124,16,0,0,0,0,0,0,0,0,0,2,0,3,0,23,159,151,145,147,125,115,108,123,129,131,138,128,204,76,0,0,0,0,0,0,0,0,0,4,0,3,0,43,181,177,139,158,143,131,121,141,146,140,129,136,159,0,0,0,0,0,0,0,0,0,0,0,1,4,0,73,175,163,151,161,147,153,143,131,133,128,125,176,98,0,0,0,0,0,0,0,0,0,0,0,0,0,0,40,196,166,150,155,139,161,151,128,130,128,144,163,11,0,0,0,0,0,0,0,0,0,0,0,0,0,0,110,158,155,145,152,143,147,143,144,140,124,161,96,0,0,0,0,0,0,1,0,0,0,1,1,0,18,198,233,175,150,150,137,131,102,108,140,139,128,164,58,0,0,1,1,0,0,0,0,1,0,2,0,2,102,188,188,201,249,246,245,220,182,150,133,113,100,119,114,0,0,0,1,2,1,0,0,0,0,0,6,0,84,154,184,123,131,147,169,196,216,231,235,237,223,170,254,44,0,0,0,1,0,0,0,0,0,0,0,0,122,166,229,164,163,154,131,126,130,121,113,130,145,163,164,69,0,0,1,2,2,3,2,3,2,4,0,50,168,199,109,148,147,158,159,151,147,143,136,130,109,89,140,130,0,1,0,0,0,0,0,0,0,0,8,162,48,183,139,129,147,152,147,146,151,139,140,140,143,154,139,200,0,0,0,39,63,42,29,39,46,61,63,138,121,188,121,141,153,141,136,143,135,131,143,150,155,128,110,102,0,0,116,109,25,48,47,70,55,40,80,118,183,175,126,143,138,148,147,133,137,135,150,140,125,158,122,0,0,40,160,133,103,65,34,61,84,80,101,137,188,147,133,145,156,145,145,155,148,144,150,175,163,151,99,0,0,72,198,169,148,150,138,125,118,147,159,164,169,131,135,126,111,110,115,122,130,125,122,131,130,145,118,0,0,0,49,160,190,179,160,150,119,131,140,121,123,118,128,159,204,215,211,200,170,178,164,173,164,181,129,0,3,0,0,0,39,126,191,220,226,204,186,190,200,218,229,175,119,58,11,185,197,206,205,197,173,212,91,0,3,1,1,0,0,0,0,18,55,71,76,89,65,48,8,0,0,0,0,77,121,72,56,51,49,14,0,0,0,0,0,0,0,0,0,0,0,0,0,0,0,0,0,0,0,0,0,0,0,0,0,0,0,0,0,0,0,0,0,0,0,0,0,0,0,0,0,0,0,0,0,0,0,0,0,0,0,0,0,0,0,0,0,0,0,0,0,0,0,0,0,0,0,0,0,0,0,0,0,0,0,0,0,0,0,0,0,0,0,0,0,0,0,6
0,0,0,0,0,0,0,0,0,0,0,0,0,0,0,0,0,0,0,0,0,0,0,0,0,0,0,0,0,0,0,0,0,0,0,0,0,0,0,0,0,0,0,0,0,0,0,0,0,0,0,0,0,0,0,0,0,0,0,0,0,0,0,0,0,0,0,0,0,0,0,0,0,0,0,0,0,0,0,0,0,0,0,0,0,0,0,0,0,0,0,0,0,0,0,0,0,0,0,0,0,0,0,0,0,0,0,0,0,0,0,0,0,0,0,0,0,0,0,0,0,0,0,0,0,0,0,0,0,20,36,23,12,4,0,0,0,0,0,0,0,0,0,0,0,0,0,0,0,0,0,0,0,0,76,220,255,255,255,255,255,255,255,184,79,0,0,0,0,0,0,0,0,0,0,0,0,0,0,0,0,0,255,255,240,237,235,237,240,240,249,252,255,235,0,0,0,0,0,0,0,0,0,0,0,0,0,2,0,28,247,233,240,239,242,240,239,239,234,236,238,240,56,0,0,0,0,0,0,0,0,0,0,0,0,0,0,156,251,235,238,238,240,240,240,240,240,235,246,224,20,0,0,0,0,0,0,0,0,0,0,0,0,0,0,255,238,239,241,241,240,240,240,240,238,240,245,252,107,0,0,0,0,0,0,1,0,0,1,0,0,0,136,255,229,236,239,238,239,239,239,238,240,239,233,255,123,0,0,0,0,0,3,3,1,1,0,10,0,26,255,230,234,236,237,237,239,240,239,238,238,240,232,248,204,0,0,0,0,0,0,1,4,0,3,0,0,238,254,219,238,237,237,236,237,236,237,237,239,239,235,240,251,30,0,0,0,0,0,0,2,0,0,0,216,255,219,231,237,237,237,236,234,232,233,234,238,237,236,243,244,33,0,0,2,2,0,0,0,0,17,233,255,226,235,229,239,238,237,238,238,233,235,237,238,236,237,233,255,4,2,0,0,0,0,0,0,118,255,255,222,233,230,228,234,240,237,232,233,237,241,239,235,235,237,228,255,79,0,0,14,98,147,192,255,255,238,228,235,233,234,231,229,230,232,235,235,234,237,237,236,235,235,225,255,59,0,171,238,239,240,241,235,224,231,234,233,233,233,228,230,232,229,228,230,237,242,237,239,241,243,243,255,22,66,248,216,219,220,223,229,240,237,233,233,234,234,237,233,228,226,232,248,243,239,238,234,231,220,212,237,2,83,240,240,229,231,228,226,229,232,235,233,229,226,232,240,248,255,255,193,197,205,197,198,203,199,205,229,0,0,48,157,237,255,239,248,246,240,241,244,247,250,255,252,171,77,0,0,163,222,208,213,215,215,227,220,0,0,0,0,0,38,104,166,213,243,245,237,190,151,56,0,0,0,0,0,202,255,238,246,251,235,238,127,0,0,1,0,0,0,0,0,0,0,0,0,0,0,0,0,2,5,2,0,14,4,0,0,0,0,0,0,0,0,0,0,0,2,1,0,0,0,0,0,0,0,2,0,0,0,0,0,0,0,0,0,0,0,0,0,0,0,0,0,0,0,0,0,0,0,0,0,0,0,0,0,0,0,0,0,0,0,0,0,0,0,0,0,0,0,0,0,0,0,0,0,0,0,0,0,0,0,0,0,0,0,0,0,0,0,0,0,0,0,0,0,0,0,0,0,0,0,0,0,0,0,0,0,0,0,0,0,0,0,0,0,0,0,0,0,0,0,0,0,0,0,0,0,0,0,0,0,0,0,0,0,0,0,0,0,0,0,0,0,0,0,0,0,0,0,0,0,0,6
0,0,0,0,0,0,0,0,0,0,0,0,0,0,0,0,0,0,0,0,0,0,0,0,0,0,0,0,0,0,0,0,0,0,0,0,0,0,0,0,0,0,0,0,0,0,0,0,0,0,0,0,0,0,0,0,0,0,0,0,0,0,0,0,0,0,0,0,0,0,0,0,0,0,0,0,0,0,0,0,0,0,0,0,0,0,0,0,0,0,0,0,0,0,0,1,0,0,17,46,64,73,62,57,64,86,96,146,157,8,0,2,0,0,0,0,0,0,0,0,0,1,0,5,0,7,203,192,201,236,236,239,243,240,217,221,192,15,0,3,0,0,0,0,0,0,0,0,0,0,0,2,0,93,189,185,191,191,201,199,199,199,203,199,170,7,0,2,0,0,0,0,0,0,0,0,0,0,4,0,21,184,187,189,190,201,200,214,217,223,224,203,181,45,0,0,0,0,0,0,0,0,0,0,0,1,0,0,102,214,194,214,218,218,218,194,217,198,123,191,216,18,0,0,0,0,0,0,0,0,0,0,1,4,0,31,172,180,201,210,210,200,210,143,139,172,187,199,206,99,0,0,0,0,0,0,0,0,0,0,0,3,0,25,230,221,232,242,233,211,220,224,223,238,237,211,175,223,71,0,0,0,0,0,0,0,0,0,0,0,0,26,208,223,214,217,204,208,204,208,208,202,181,191,175,182,219,0,0,0,0,0,0,0,0,0,0,2,0,139,223,202,199,185,189,187,184,187,181,192,172,194,191,182,190,92,0,0,0,0,0,0,0,0,2,0,0,164,182,190,197,188,194,199,195,195,197,195,180,197,193,184,210,133,1,0,0,0,0,0,0,0,1,0,43,174,158,204,201,190,190,197,194,193,197,194,184,199,200,179,213,103,1,0,0,0,0,0,0,0,0,0,130,177,189,199,200,191,192,195,197,195,197,195,183,194,200,178,224,70,0,0,0,0,0,0,0,2,0,27,220,189,199,192,204,193,194,197,199,197,199,195,184,198,216,198,238,46,0,0,0,0,2,0,0,0,0,136,204,191,198,197,202,199,195,193,197,198,198,194,204,223,216,200,219,7,0,1,2,4,3,5,2,0,32,201,189,197,195,195,193,194,199,203,201,192,195,221,223,214,191,200,209,0,0,0,0,0,0,0,0,16,187,201,188,182,190,198,195,194,200,199,187,198,219,214,204,200,202,208,182,0,0,0,34,61,55,37,79,172,211,190,192,178,178,190,199,201,198,189,199,220,208,201,206,203,201,212,155,0,1,157,159,150,171,165,149,129,160,187,179,184,194,192,193,194,199,208,212,202,204,204,209,210,198,211,132,0,108,187,177,170,160,164,153,154,177,179,193,198,199,197,192,193,218,216,201,202,206,202,208,202,200,213,91,0,153,175,172,183,179,185,184,173,180,191,197,194,193,194,188,208,203,191,200,202,203,206,202,208,203,211,54,0,136,213,189,187,183,190,182,185,190,190,191,187,185,182,197,216,195,194,194,197,200,203,203,203,199,210,33,0,0,74,173,228,255,251,227,209,198,198,191,191,200,209,226,230,232,229,222,224,223,223,217,212,212,214,22,0,0,0,0,0,28,72,130,174,192,201,209,207,200,189,180,170,173,172,180,179,184,194,197,195,203,169,0,0,0,0,0,0,0,0,0,0,0,0,0,0,0,0,0,0,0,0,0,0,0,0,0,0,0,0,0,0,0,0,0,0,0,0,0,0,0,0,0,0,0,0,0,0,0,0,0,0,0,0,0,0,0,0,0,0,6
0,0,0,0,0,0,0,0,0,0,0,0,0,0,0,0,0,0,0,0,0,0,3,0,0,0,0,2,0,0,0,0,0,0,0,0,0,0,0,0,0,0,0,0,26,117,37,3,0,0,0,0,0,0,0,0,0,0,0,0,0,0,0,0,0,0,0,0,0,4,0,97,179,229,224,252,159,75,48,183,224,190,176,75,0,0,0,0,0,0,0,0,0,0,0,0,0,4,0,146,234,200,189,188,231,252,252,222,216,223,243,126,0,0,0,0,0,0,0,0,0,0,0,0,0,2,0,118,227,210,185,118,215,182,184,198,213,219,228,15,0,0,0,0,0,0,0,0,0,0,0,0,0,2,0,152,234,194,224,211,203,183,193,217,219,231,234,0,0,0,0,0,0,0,0,0,0,0,0,0,0,1,0,172,233,205,156,186,222,213,218,217,222,245,149,0,0,0,0,0,0,0,0,0,0,0,0,0,0,2,0,177,230,208,178,188,208,159,176,220,230,240,40,0,0,0,0,0,0,0,0,0,0,0,0,0,0,0,0,217,221,189,183,188,201,173,217,238,231,255,7,0,0,0,0,0,0,0,0,0,0,0,0,0,0,0,0,122,230,215,131,187,197,210,224,211,232,254,0,0,0,0,0,0,0,0,0,0,0,0,0,0,2,0,0,215,221,234,240,189,185,211,214,221,235,229,0,0,0,0,0,0,0,0,0,0,0,0,0,0,3,0,11,255,212,217,167,188,207,215,215,206,232,224,0,0,0,0,0,0,0,0,0,0,0,1,0,1,3,0,0,255,210,218,171,194,190,194,199,211,231,255,39,0,0,0,0,0,0,0,0,0,0,1,1,1,1,0,68,229,194,168,210,177,186,205,220,236,225,247,118,0,0,0,0,0,0,0,0,0,0,0,2,0,0,0,185,229,217,176,145,177,209,204,218,228,227,237,143,0,0,0,0,0,0,0,0,0,0,2,0,0,0,32,255,201,142,203,142,214,210,208,205,232,229,234,210,0,0,0,0,0,0,0,0,0,0,1,3,0,0,211,232,216,195,154,105,154,197,204,228,245,215,237,247,0,0,0,0,0,0,0,0,0,0,0,0,0,166,252,203,189,241,147,107,197,250,239,232,220,219,233,255,0,0,0,0,0,0,0,0,0,0,0,0,114,234,225,229,182,204,113,200,255,205,209,207,218,224,230,246,0,0,0,0,0,1,1,1,1,0,0,166,255,227,226,247,242,96,179,255,192,147,203,210,221,227,239,250,0,0,0,2,5,0,0,0,0,0,14,166,173,236,201,185,156,121,229,181,188,202,212,206,226,233,245,218,0,0,0,0,0,0,0,0,0,53,131,164,239,241,240,146,82,128,127,183,218,218,218,222,234,230,237,217,0,0,0,0,103,167,163,134,117,143,224,241,243,227,238,177,133,163,214,225,224,220,225,224,221,216,213,233,0,0,0,106,236,237,244,246,255,255,255,251,230,214,191,203,212,199,215,216,230,255,229,214,210,218,237,255,0,0,21,198,215,205,204,172,122,94,116,190,212,189,156,163,193,187,217,240,255,156,232,255,252,204,121,11,0,0,146,224,234,237,229,220,216,184,142,110,138,163,176,192,204,225,240,247,48,0,0,33,9,0,0,0,0,0,0,5,88,169,209,223,227,252,255,252,247,246,254,255,255,242,203,0,0,0,0,0,0,0,3,5,0,0,0,0,0,0,0,0,6,38,56,91,98,92,90,58,41,0,0,0,0,0,0,6,4,0,0,0,0,6
0,0,0,0,0,0,0,0,0,0,0,0,0,0,0,0,0,0,0,0,0,0,0,0,0,0,0,0,0,0,0,0,0,0,0,0,0,0,0,0,0,0,0,0,0,0,0,0,0,0,0,0,0,0,0,0,0,0,0,0,0,0,0,0,0,0,0,0,0,0,0,0,0,0,0,0,0,0,0,0,0,0,0,0,0,0,0,0,0,0,0,0,0,0,0,0,0,0,0,0,0,0,0,0,0,0,0,0,0,0,0,0,0,0,0,0,0,0,0,0,0,0,1,0,1,0,1,0,0,113,221,62,20,24,0,0,0,0,0,0,0,0,0,0,0,0,0,0,0,0,1,0,0,0,3,0,7,171,187,217,253,251,250,186,121,60,157,128,0,0,0,0,0,0,0,0,0,0,0,0,0,0,0,0,79,224,204,188,202,206,205,212,222,217,231,42,0,0,0,0,0,0,0,0,0,0,0,0,0,0,0,0,106,210,190,190,219,213,204,201,194,202,163,0,0,0,0,0,0,0,0,0,0,0,0,0,0,0,0,0,114,209,185,188,211,202,204,208,197,210,124,0,0,0,0,0,0,0,0,0,0,0,0,0,0,3,0,0,227,209,182,208,219,205,207,197,194,217,57,0,0,0,0,0,0,0,0,0,0,0,0,0,0,3,0,32,205,184,188,209,210,209,208,199,192,215,32,0,0,0,0,0,0,0,0,0,0,0,0,0,0,0,0,133,217,172,194,204,213,212,203,196,188,203,28,0,0,0,0,0,0,0,0,0,0,1,0,3,0,19,163,196,183,183,186,203,216,217,211,203,190,199,28,0,0,0,0,0,0,0,0,0,0,1,1,1,0,81,206,179,163,156,196,210,211,213,206,200,190,204,35,0,0,0,0,0,0,0,0,0,0,2,0,0,6,149,178,148,141,181,212,214,214,207,200,199,190,210,50,0,0,0,2,2,3,4,4,4,0,0,0,39,183,165,112,151,179,202,205,207,214,206,206,205,187,204,112,0,0,2,0,0,0,0,0,0,0,0,33,180,116,93,122,150,185,210,211,211,217,206,201,197,189,202,184,0,0,0,0,0,0,24,40,74,104,105,181,145,99,162,189,188,209,221,208,204,201,196,202,199,194,193,221,0,0,15,190,175,137,145,148,146,143,143,161,115,176,199,194,204,207,197,203,215,207,216,212,204,205,199,202,13,0,171,172,154,170,177,179,187,194,213,200,193,209,198,209,212,222,222,224,212,206,210,182,177,188,179,188,96,8,175,185,164,157,161,180,186,192,184,187,232,208,212,212,209,215,214,216,223,226,206,208,218,192,185,206,110,54,160,197,204,190,182,179,178,187,178,192,200,204,212,220,226,233,233,255,237,210,172,150,127,91,57,22,1,0,41,97,145,175,194,206,212,216,213,214,219,221,220,233,191,138,95,52,31,18,15,15,10,15,23,30,38,0,0,0,7,33,62,93,124,144,155,155,146,125,89,54,35,20,28,45,51,61,72,70,71,64,57,43,12,0,0,0,0,0,0,2,3,7,8,17,25,14,17,30,36,40,47,40,29,38,35,18,22,15,4,1,0,0,0,0,0,0,0,0,0,0,0,0,0,0,0,0,0,0,0,0,0,0,0,0,0,0,0,0,0,0,0,0,0,0,0,0,0,0,0,0,0,0,0,0,0,0,0,0,0,0,0,0,0,0,0,0,0,0,0,0,0,0,0,0,0,0,0,0,0,0,0,0,0,0,0,0,0,0,0,0,0,0,0,0,0,6
0,0,0,0,0,0,0,0,0,0,0,0,0,0,0,0,0,0,0,0,0,0,0,74,56,0,0,2,0,0,0,0,0,0,0,0,0,0,2,0,42,126,136,164,196,211,218,221,228,237,203,226,235,136,0,5,0,0,0,0,0,0,0,0,0,0,5,0,150,255,243,248,245,239,236,235,231,226,220,210,193,69,0,5,0,0,0,0,0,0,0,0,0,0,4,0,145,230,216,221,222,222,222,222,220,216,212,227,155,106,4,0,0,0,0,0,0,0,0,0,0,0,0,0,154,241,230,235,233,231,224,229,224,217,213,223,173,117,69,0,0,0,0,0,0,0,0,0,0,0,0,0,173,243,230,232,229,226,225,223,219,222,221,212,238,24,118,0,0,0,0,0,0,0,0,0,0,0,0,0,216,239,229,232,230,229,226,219,223,213,179,200,230,104,111,17,0,0,0,0,0,0,0,0,0,7,0,11,216,233,228,232,232,231,223,226,218,194,192,209,224,212,111,41,0,0,0,0,0,0,0,0,0,6,0,78,234,230,229,231,231,230,230,223,212,208,216,212,205,207,190,63,0,0,0,0,0,0,0,0,0,0,0,178,243,229,230,230,230,229,229,220,217,211,195,139,151,204,227,124,0,0,0,0,0,0,0,0,3,0,10,213,232,224,228,230,230,228,227,223,203,172,148,113,173,219,237,76,0,0,0,0,0,0,0,0,6,0,74,241,226,230,227,229,229,228,227,212,184,172,177,212,224,204,239,87,0,0,0,0,0,0,0,0,0,0,147,245,226,226,229,229,229,229,230,220,205,215,237,237,221,203,247,95,0,0,0,0,0,0,0,3,0,0,232,236,227,228,226,226,226,226,228,232,227,222,224,226,204,184,234,41,0,0,0,0,0,0,0,5,0,22,229,223,223,227,226,226,226,226,229,229,225,220,209,182,184,198,227,29,0,0,0,0,0,0,0,6,0,96,230,221,224,227,229,228,228,229,228,229,219,183,174,207,249,214,223,24,0,0,0,0,0,1,0,0,0,132,228,225,228,228,226,232,231,233,229,217,197,216,241,245,232,215,218,9,0,0,0,1,6,6,11,0,0,150,225,226,227,225,226,225,231,222,196,191,248,179,255,230,236,217,216,4,0,0,2,0,0,0,0,0,96,189,209,223,222,222,227,230,234,199,190,255,55,6,255,230,235,215,214,0,0,0,0,2,35,62,103,153,176,187,216,224,229,231,229,232,205,195,255,92,0,51,255,229,235,214,212,0,0,0,54,166,166,188,181,171,169,190,217,223,227,231,229,229,200,255,104,0,0,54,244,230,233,213,211,0,0,0,198,214,130,0,0,76,174,186,204,220,229,234,234,209,216,176,0,0,0,47,241,227,225,212,210,0,0,35,225,254,244,235,200,210,229,234,231,232,238,235,217,204,233,0,0,2,0,45,237,220,219,210,208,0,0,154,197,206,228,241,251,241,241,236,239,244,245,221,197,255,60,0,1,0,0,38,230,215,214,207,200,0,0,72,191,201,201,202,207,219,228,236,238,228,212,195,217,166,0,0,0,5,0,37,226,213,215,207,193,0,0,0,48,183,199,205,203,202,195,193,196,197,194,206,255,9,0,4,0,4,0,15,216,207,205,200,179,0,0,0,0,0,62,160,215,237,229,219,217,222,217,218,139,0,0,0,0,3,0,18,229,221,218,219,231,0,0,0,6,0,0,0,0,69,124,167,181,185,166,120,0,0,2,0,0,2,0,0,156,144,126,108,78,0,6
0,0,0,0,0,0,0,0,0,0,0,0,0,0,0,0,0,0,0,0,0,0,0,0,0,0,0,0,0,0,0,0,0,0,0,0,0,0,0,0,0,0,0,0,0,0,0,0,0,0,0,0,0,0,0,0,0,0,0,0,0,0,0,0,0,0,0,0,0,0,0,0,0,0,0,0,0,0,0,0,0,0,0,0,0,0,0,0,0,0,0,0,0,0,0,0,0,0,0,0,0,0,0,0,0,0,0,0,0,0,0,0,0,0,0,0,0,0,0,0,0,0,0,0,0,0,0,0,0,0,0,0,0,0,0,0,0,0,0,0,0,0,0,0,0,0,0,0,0,0,0,0,0,0,0,2,4,1,0,0,0,0,0,1,0,26,137,0,0,0,0,0,0,0,0,0,0,0,0,0,0,0,0,0,0,0,0,0,0,0,0,0,0,89,183,31,0,0,0,0,0,0,0,0,0,0,0,0,0,3,0,31,119,98,0,0,0,0,0,0,32,108,153,0,0,0,0,0,0,0,0,0,0,0,0,0,2,0,0,139,144,205,185,204,205,204,192,200,219,181,158,0,0,0,0,0,0,0,0,0,0,0,0,0,0,0,54,144,137,186,238,236,235,240,234,219,177,154,173,0,0,0,0,0,0,0,0,0,0,0,0,1,0,0,124,156,150,160,227,218,222,221,202,179,186,198,162,0,0,0,0,0,0,0,0,0,0,0,0,0,0,64,131,156,142,153,243,224,230,229,195,207,221,180,175,0,0,0,0,0,0,0,0,1,0,0,1,0,6,133,137,159,143,135,243,220,235,215,199,195,175,149,187,0,0,0,0,0,0,0,0,1,0,0,0,0,97,155,133,145,139,124,241,225,230,204,211,203,150,149,207,0,0,0,0,0,0,0,0,0,0,0,0,35,156,125,125,136,134,117,225,241,216,217,217,166,232,150,230,13,0,0,0,0,0,0,0,1,0,0,2,132,147,132,139,136,125,89,206,245,196,214,194,156,200,166,209,51,1,2,1,2,2,2,0,0,0,14,128,137,140,147,149,137,156,93,193,236,196,210,196,173,160,190,175,55,0,0,0,0,0,0,0,0,40,138,130,112,130,122,131,142,143,91,173,230,227,220,205,225,225,162,177,61,0,15,51,58,55,68,86,111,137,138,129,142,124,120,133,142,136,116,161,210,203,193,161,182,181,115,205,30,0,74,109,119,116,129,133,131,126,130,137,139,144,146,141,118,123,121,155,172,174,173,193,163,157,188,218,23,53,121,101,115,126,120,114,105,104,93,113,119,138,137,150,171,189,227,255,206,202,206,200,203,205,202,203,34,80,170,184,192,177,166,161,161,165,173,189,205,207,210,200,204,146,115,18,156,243,225,231,229,225,219,220,47,0,0,23,64,115,149,180,194,190,178,157,123,99,54,6,0,0,0,0,83,194,144,138,126,114,105,86,2,0,0,0,0,0,0,0,0,0,0,0,0,0,0,0,0,0,0,0,0,0,0,0,0,0,0,0,0,0,0,0,0,0,0,0,0,0,0,0,0,0,0,0,0,0,0,0,0,0,0,0,0,0,0,0,0,0,0,0,0,0,0,0,0,0,0,0,0,0,0,0,0,0,0,0,0,0,0,0,0,0,0,0,0,0,0,0,0,0,0,0,0,0,0,0,0,0,0,0,0,0,0,0,0,0,0,0,0,0,0,0,0,0,0,0,0,0,0,0,0,0,0,0,0,0,0,0,0,0,0,0,0,0,0,0,0,0,0,0,0,6
0,0,0,0,0,0,0,0,0,0,0,0,0,0,0,0,0,0,0,0,0,0,0,0,0,0,0,0,0,0,0,0,0,0,0,0,0,0,0,0,0,0,0,0,0,0,0,0,0,0,0,0,0,0,0,0,0,0,0,0,0,0,0,0,0,0,0,0,0,0,0,0,0,0,0,0,0,0,0,0,0,0,0,0,0,0,0,0,0,0,0,0,0,0,0,0,0,0,0,0,0,0,0,0,0,0,0,0,0,0,0,0,0,0,0,0,0,0,0,0,0,0,0,0,0,0,0,0,0,0,0,0,0,0,0,0,0,0,0,0,0,0,0,0,0,0,0,0,0,0,0,0,0,0,0,0,0,0,0,0,0,0,0,0,0,0,87,22,0,0,0,0,0,0,0,0,0,0,0,0,0,0,1,0,0,118,164,135,141,150,160,143,104,80,191,4,0,0,0,0,0,0,0,0,0,0,0,0,0,0,2,0,72,177,158,172,182,189,192,195,189,198,92,0,0,0,0,0,0,0,0,0,0,0,0,0,0,0,0,0,181,184,168,187,194,191,187,177,172,189,98,0,0,0,0,0,0,0,0,0,0,0,0,0,0,0,0,0,168,151,161,179,170,177,175,168,160,177,59,0,0,0,0,0,0,0,0,0,0,0,0,1,0,2,0,7,207,167,183,193,186,192,180,179,162,192,46,0,0,0,0,0,0,0,0,0,0,0,0,0,0,2,0,99,175,143,191,188,189,192,179,167,166,190,37,0,0,0,0,0,1,0,0,0,1,3,0,0,1,0,40,198,123,168,183,184,187,187,183,169,164,196,31,0,1,0,0,0,0,0,0,0,0,0,4,0,0,69,137,76,155,195,187,187,193,189,169,164,153,196,58,0,0,0,0,0,0,0,0,2,3,6,0,0,99,98,103,145,210,190,187,178,181,171,156,162,146,180,118,0,0,2,2,2,2,2,1,0,0,0,18,93,144,59,190,208,183,176,171,168,171,169,162,176,173,191,160,0,3,0,0,0,0,0,0,3,39,87,82,63,155,197,195,184,190,187,192,187,180,174,169,186,187,186,173,0,0,8,80,118,111,106,95,76,80,47,51,124,180,168,158,165,156,153,164,169,178,166,186,197,188,178,188,0,46,154,88,11,60,77,77,81,110,146,177,164,161,167,171,170,179,189,186,181,180,179,176,185,183,180,191,0,125,214,205,193,179,151,140,150,160,163,162,161,164,169,181,184,174,167,157,164,163,181,209,214,207,188,213,44,1,75,150,198,223,221,207,191,174,161,160,157,171,179,180,187,193,197,234,213,179,178,173,164,171,162,167,75,0,0,0,3,77,140,175,196,202,241,242,236,232,226,220,193,146,103,12,74,253,227,239,242,241,195,255,97,0,0,0,0,0,0,0,9,27,43,67,69,56,22,2,0,0,0,0,0,46,49,44,38,40,39,48,0,0,0,0,0,0,0,0,0,0,0,0,0,0,0,0,0,0,0,0,0,0,0,0,0,0,0,0,0,0,0,0,0,0,0,0,0,0,0,0,0,0,0,0,0,0,0,0,0,0,0,0,0,0,0,0,0,0,0,0,0,0,0,0,0,0,0,0,0,0,0,0,0,0,0,0,0,0,0,0,0,0,0,0,0,0,0,0,0,0,0,0,0,0,0,0,0,0,0,0,0,0,0,0,0,0,0,0,0,0,0,0,0,0,0,0,0,0,0,0,0,0,0,0,0,0,0,0,0,0,0,0,0,0,0,0,0,0,0,0,0,6
0,0,0,0,0,0,0,0,0,0,0,0,0,0,0,0,0,0,0,0,0,0,0,0,0,0,0,0,0,0,0,0,0,0,0,0,0,0,0,0,0,0,0,0,0,0,0,0,0,0,0,0,0,0,0,0,0,0,0,0,0,0,0,0,0,0,0,0,0,0,0,0,0,0,0,1,1,1,1,0,0,0,56,68,0,0,0,0,0,0,0,0,1,1,0,0,0,22,16,7,0,0,0,0,0,0,0,0,1,0,232,42,0,0,0,0,0,0,0,0,0,0,0,0,0,177,217,208,222,120,96,98,97,93,73,167,211,225,163,0,0,0,0,0,0,0,0,0,0,0,1,0,0,166,218,209,221,239,238,235,237,240,241,229,212,228,104,0,0,0,0,0,0,0,0,0,0,0,2,0,0,201,209,203,209,217,215,212,215,219,214,212,207,227,43,0,0,0,0,0,0,0,0,0,0,0,2,0,0,226,201,213,216,213,232,219,222,222,220,217,209,219,38,0,0,0,0,0,0,0,0,0,0,0,4,0,15,228,206,222,199,201,235,219,223,227,223,212,207,221,39,0,0,0,0,0,0,0,0,0,0,0,2,0,34,209,202,215,200,192,236,228,226,230,220,213,210,226,39,0,0,0,0,0,0,0,0,0,0,0,3,0,92,217,203,217,201,227,239,234,223,232,214,217,214,227,54,0,0,0,0,0,0,0,0,0,0,5,0,0,217,199,193,228,205,185,205,239,231,228,222,221,209,227,99,0,0,0,0,0,0,0,0,0,0,7,0,63,212,183,190,224,169,185,168,194,250,244,222,189,196,222,154,0,0,0,0,0,0,0,0,0,0,2,0,160,202,179,191,211,155,236,185,210,155,232,199,185,213,217,214,0,0,0,0,0,0,0,0,0,1,0,0,197,202,190,200,188,169,214,207,210,129,214,196,214,196,211,236,33,0,0,0,0,0,0,0,0,0,0,76,221,196,208,241,189,199,227,227,172,167,221,202,215,203,206,230,80,3,0,0,0,3,0,0,0,0,7,211,188,183,186,199,212,172,181,205,162,214,207,225,221,214,202,226,54,0,1,3,8,8,3,0,0,0,165,197,184,188,192,194,194,209,213,213,238,222,209,212,205,218,211,239,50,1,0,0,0,0,0,0,0,155,203,170,181,188,181,197,195,203,224,210,205,219,220,213,212,212,196,228,46,0,0,67,117,87,57,77,171,172,165,175,185,188,183,197,223,217,204,207,231,234,211,204,204,199,185,224,43,0,139,143,114,162,179,168,129,152,182,183,187,197,207,222,211,213,216,255,240,161,204,195,195,190,182,231,46,0,182,173,103,68,83,125,164,183,184,194,203,215,227,202,211,222,255,201,0,16,244,187,197,193,183,229,34,35,199,211,212,224,208,197,201,197,201,217,220,213,205,216,219,242,106,0,0,65,242,181,195,188,180,222,23,97,194,182,195,207,215,219,219,228,222,224,226,219,212,216,238,60,0,0,0,73,212,190,196,190,187,220,8,9,178,198,195,197,196,197,200,206,208,212,212,206,213,230,33,0,0,3,0,84,208,189,195,191,191,181,0,0,0,42,135,183,224,228,245,227,239,226,234,234,140,0,0,1,0,3,0,85,219,200,207,207,212,220,0,0,0,0,0,0,0,14,47,46,97,49,105,60,0,0,1,0,0,2,0,4,50,9,29,37,44,31,0,0,0,0,0,0,0,0,0,0,0,0,0,0,0,0,0,0,0,0,0,0,0,0,0,0,0,0,0,6
0,0,0,0,0,0,0,0,0,0,0,0,0,0,0,0,0,0,0,0,0,0,0,0,0,0,0,0,0,0,0,0,0,0,0,0,0,0,0,0,0,0,0,0,0,0,0,0,0,0,0,0,0,0,0,0,0,0,0,0,0,0,0,0,0,0,0,0,0,0,0,0,0,0,0,0,0,0,0,0,0,0,0,0,0,0,0,0,0,0,0,0,0,0,0,0,1,0,0,49,32,40,60,77,0,0,17,15,0,0,28,0,0,0,0,0,0,0,0,0,0,0,0,0,3,0,14,223,241,241,243,255,167,19,255,255,224,225,223,0,0,0,0,0,0,0,0,0,0,0,0,0,3,0,0,221,231,231,231,234,234,237,239,236,233,245,212,0,0,0,0,0,0,0,0,0,0,0,0,0,0,0,0,214,242,232,244,249,224,233,241,234,230,245,169,0,0,0,0,0,0,0,0,0,0,0,0,0,1,0,0,199,241,220,241,236,228,241,235,240,228,241,171,0,0,0,0,0,0,0,0,0,0,0,0,0,5,0,31,255,228,226,247,245,225,240,239,240,233,235,213,0,0,0,0,0,0,0,0,0,0,0,0,0,6,0,100,235,224,240,242,218,255,252,249,240,241,228,249,0,0,0,0,0,0,0,0,0,0,0,0,0,1,0,79,231,222,255,120,2,148,101,233,245,240,235,255,0,0,0,0,0,0,0,0,0,0,0,0,0,0,0,61,255,227,247,221,205,208,120,229,243,235,231,252,0,0,0,0,0,0,0,0,0,0,1,0,0,0,0,132,243,215,225,240,255,246,255,243,234,231,235,255,0,0,0,0,0,0,0,0,0,0,0,0,3,0,0,250,241,239,245,255,207,195,254,224,242,243,223,48,0,0,0,0,0,0,0,0,0,1,1,7,0,0,171,255,227,241,245,255,177,213,255,218,238,241,255,4,0,0,0,0,1,2,3,1,0,0,0,0,2,153,255,229,231,235,238,250,151,232,253,238,232,245,255,40,0,1,2,8,0,0,0,0,0,0,29,161,227,247,234,228,236,237,248,239,154,249,252,240,171,182,255,57,0,0,0,0,0,0,0,23,105,196,255,243,193,238,226,232,237,234,255,204,172,255,245,208,172,191,255,114,0,0,0,108,191,214,218,255,236,224,223,198,181,233,237,240,243,243,255,153,208,255,222,209,234,229,251,192,0,0,178,251,222,217,217,219,218,223,227,241,201,188,214,219,232,241,245,186,240,248,206,220,252,237,241,239,0,0,147,207,230,238,231,227,227,226,226,226,238,229,205,198,194,196,200,208,213,232,205,255,255,248,252,255,0,64,77,40,113,165,224,255,255,255,255,255,255,255,255,255,255,255,255,255,255,249,217,225,202,175,152,176,18,25,162,149,121,84,73,91,118,142,170,177,185,188,188,177,163,151,144,143,139,135,132,131,130,129,110,142,64,0,15,84,145,180,180,146,112,104,88,84,84,87,93,108,139,163,175,179,182,188,197,204,207,202,177,172,33,1,0,0,0,16,40,72,92,104,109,116,124,126,127,130,131,121,104,91,90,86,78,64,48,32,29,8,0,0,0,0,0,0,0,0,0,0,0,0,0,0,0,0,0,0,0,0,0,0,0,0,0,0,0,0,0,0,0,0,0,0,0,0,0,0,0,0,0,0,0,0,0,0,0,0,0,0,0,0,0,0,0,0,0,0,0,0,0,0,0,0,0,0,0,0,0,0,0,0,0,0,0,0,0,0,0,0,0,0,0,0,0,6
0,0,0,0,0,0,0,0,0,0,0,0,0,0,0,0,0,0,0,0,0,0,0,0,0,0,0,0,0,0,0,0,0,0,0,0,0,0,0,0,0,0,0,0,0,0,0,0,0,0,0,0,0,0,0,0,0,0,0,0,0,0,0,0,0,0,0,0,0,0,0,0,0,3,9,22,93,162,174,195,0,0,2,0,0,0,0,0,0,0,0,0,1,0,0,0,0,47,130,138,172,242,219,234,237,248,193,251,99,0,5,0,0,0,0,0,0,0,0,1,0,3,170,183,214,207,182,148,124,141,45,28,0,0,0,0,176,55,0,0,0,0,0,0,0,0,0,1,0,0,177,171,0,0,0,0,0,0,0,0,0,0,0,0,185,222,0,0,0,0,0,0,0,0,0,0,5,0,64,121,0,0,0,0,1,5,2,3,5,1,0,0,192,254,159,0,0,0,0,0,0,0,0,0,2,0,23,90,0,2,0,0,0,0,0,0,0,0,0,51,228,234,227,5,0,0,0,0,0,0,0,0,2,0,42,73,0,5,0,0,0,0,0,0,0,0,0,99,239,223,245,46,0,0,0,0,0,0,0,0,3,0,62,64,0,4,0,0,0,0,0,0,0,0,0,135,236,226,244,96,0,0,0,0,0,0,0,0,5,0,85,39,0,2,0,0,0,0,0,0,0,0,0,149,243,229,255,112,0,0,0,0,0,0,0,0,4,0,105,14,0,1,0,0,1,1,0,0,3,0,0,161,241,224,255,56,0,0,0,0,0,0,0,0,0,3,112,0,0,0,5,0,1,0,3,0,0,8,172,252,233,231,255,19,0,0,0,1,4,3,2,4,0,71,84,0,6,0,0,2,1,0,0,0,60,255,255,235,232,230,255,5,0,0,1,0,0,0,0,0,0,144,21,0,2,2,0,2,0,0,0,105,255,186,60,255,228,233,253,0,0,0,0,0,52,0,6,0,51,127,0,1,0,0,0,0,0,0,109,255,197,0,67,255,225,238,230,0,0,8,0,58,231,196,228,223,241,104,0,3,0,3,0,0,0,98,255,172,0,0,94,255,222,241,198,0,0,0,0,153,234,227,222,223,228,198,0,0,0,0,7,0,38,246,203,0,0,0,119,249,221,246,174,0,1,0,0,201,230,216,225,225,221,236,106,0,0,2,0,0,209,234,14,0,6,0,141,250,222,249,140,0,2,0,1,255,221,230,236,225,218,234,255,46,0,0,0,135,254,62,0,0,0,0,155,245,221,246,90,0,0,0,0,199,242,225,224,213,239,231,255,90,0,0,31,247,164,0,0,0,0,0,176,244,217,241,59,0,3,8,0,24,247,255,220,232,230,241,217,18,0,0,192,240,16,0,0,0,0,0,195,242,220,238,15,0,0,0,0,0,0,198,233,224,230,227,95,0,0,161,255,129,0,0,1,0,0,0,208,241,219,224,0,0,24,126,137,150,141,200,240,235,239,246,199,180,224,253,158,0,0,4,0,1,0,0,191,234,231,217,0,0,35,196,164,215,215,202,184,195,218,234,255,255,205,84,0,0,0,0,0,1,0,0,234,229,220,205,0,0,0,0,0,0,0,0,0,0,0,0,0,0,0,0,0,0,3,5,3,0,0,0,19,18,14,13,0,0,0,0,0,0,0,0,0,0,0,0,0,0,0,0,0,0,0,0,0,0,0,0,0,0,0,0,0,0,0,0,0,0,0,0,0,0,0,0,0,0,0,0,0,0,0,0,0,0,0,0,0,0,0,0,0,0,6
0,0,0,0,0,0,0,0,0,0,0,0,0,0,0,0,0,0,0,0,0,0,0,0,0,0,0,0,0,0,0,0,0,0,0,0,0,0,0,0,0,0,0,0,0,0,0,0,0,0,0,0,0,0,0,0,0,0,0,0,0,0,0,0,0,0,0,0,4,0,52,82,60,82,100,111,120,122,123,112,118,86,0,0,0,0,0,0,0,0,0,0,0,0,0,0,2,0,195,251,234,255,255,255,255,255,255,243,255,247,0,0,0,0,0,0,0,0,0,0,0,0,0,0,1,0,162,239,217,225,227,229,231,229,231,230,245,181,0,0,0,0,0,0,0,0,0,0,0,0,0,0,1,0,164,239,222,231,232,237,239,237,242,233,252,180,0,0,0,0,0,0,0,0,0,0,0,0,0,0,1,0,164,238,222,232,234,238,239,236,240,231,253,177,0,0,0,0,0,0,0,0,0,0,0,0,0,0,1,0,163,239,217,239,236,236,238,239,241,231,251,170,0,0,0,0,0,0,0,0,0,0,0,0,0,0,0,0,154,239,217,236,236,236,238,238,236,232,250,170,0,0,0,0,0,0,0,0,0,0,0,0,0,2,0,0,211,232,225,234,236,236,238,239,239,226,250,171,0,0,0,0,0,0,0,0,0,0,0,0,0,5,0,10,255,223,233,237,235,236,238,239,239,232,248,204,0,0,0,0,0,0,0,0,0,0,0,0,0,1,0,37,229,222,229,236,236,237,239,234,240,231,237,255,8,0,0,0,0,0,0,0,0,0,0,0,1,0,0,150,202,229,241,227,234,235,238,235,236,241,228,253,131,0,0,0,0,0,0,0,0,0,0,0,0,0,36,220,178,188,233,242,235,236,235,240,235,237,234,238,248,0,0,0,0,0,0,0,0,0,0,0,0,0,150,214,184,187,195,226,240,240,235,237,237,238,236,235,255,33,0,0,0,0,0,0,0,0,0,2,0,51,232,186,192,200,212,215,228,243,238,236,235,237,239,232,251,87,0,0,0,0,1,0,0,0,4,0,0,179,198,186,202,203,216,222,220,216,241,242,234,233,235,230,252,135,0,0,0,0,0,0,0,5,0,0,116,227,184,182,197,202,214,226,235,222,220,244,240,235,238,235,255,83,0,0,0,1,3,5,5,0,0,108,207,175,172,171,188,200,216,230,232,205,177,181,234,234,225,206,225,28,0,2,1,0,0,0,0,38,140,197,161,167,183,204,215,231,239,224,170,172,207,210,205,210,205,184,223,32,0,0,0,0,28,75,126,158,99,61,187,191,195,212,222,230,208,164,239,213,197,235,211,222,219,197,229,30,0,8,103,155,157,111,52,16,55,42,113,158,168,194,231,207,191,255,164,0,149,251,213,218,213,191,227,28,79,195,191,189,173,156,164,167,161,173,146,146,193,220,209,202,246,52,0,0,255,213,208,211,211,198,230,25,80,185,201,207,206,208,202,204,210,219,215,217,217,203,213,233,10,0,0,44,223,205,207,208,207,193,197,21,0,0,38,100,159,190,211,195,203,213,218,214,210,235,164,0,0,3,0,147,237,210,249,248,249,213,255,26,0,0,0,0,0,0,0,5,33,51,60,56,59,2,0,0,0,0,0,75,94,58,56,52,47,52,49,0,0,0,0,0,0,0,0,0,0,0,0,0,0,0,0,0,0,0,0,0,0,0,0,0,0,0,0,0,0,0,0,0,0,0,0,0,0,0,0,0,0,0,0,0,0,0,0,0,0,0,0,0,0,0,0,0,6
0,0,0,0,0,0,0,0,0,0,0,0,0,0,0,0,0,0,0,0,0,0,0,0,0,0,0,0,0,0,0,0,0,0,0,0,0,0,0,0,0,0,0,0,0,0,0,0,0,0,0,0,0,0,0,0,0,0,0,0,0,0,0,0,0,0,0,0,0,0,0,19,77,85,80,69,82,72,2,0,0,0,0,0,0,0,0,0,0,0,0,0,0,1,0,0,1,0,46,113,34,0,0,0,0,36,84,10,1,2,0,0,0,0,0,0,0,0,0,0,0,3,0,1,0,5,118,1,0,0,0,0,0,0,14,82,0,0,0,0,0,0,0,0,0,0,0,0,0,2,2,5,0,64,37,0,0,12,21,12,1,0,0,60,35,0,2,0,0,0,0,0,0,0,0,0,0,0,4,2,0,74,8,80,149,169,157,181,186,149,85,11,44,0,2,0,0,0,0,0,0,0,0,0,0,0,2,0,29,136,142,172,163,163,163,158,165,173,174,137,136,0,0,0,0,0,0,0,0,0,0,0,1,2,0,0,145,171,169,165,162,165,172,168,169,166,162,164,155,81,0,1,0,0,0,0,0,0,0,0,1,4,0,91,176,164,166,169,165,165,169,170,173,171,164,163,165,195,12,0,0,0,0,0,0,0,0,0,0,0,8,164,170,165,170,172,169,170,171,170,172,172,165,170,170,171,107,0,0,0,0,0,0,0,0,1,0,24,193,160,163,165,169,174,172,170,168,166,168,171,165,169,176,168,182,52,0,0,0,0,0,0,1,0,0,144,187,150,164,162,168,174,172,170,168,166,169,172,168,165,173,177,176,122,0,0,1,0,1,2,1,0,78,81,160,160,161,156,165,168,171,172,171,171,171,170,172,163,168,172,179,152,0,0,1,0,2,1,1,2,44,0,190,166,164,162,169,171,173,173,171,173,173,171,168,172,169,171,179,133,0,1,1,0,1,0,1,2,0,0,206,169,174,166,169,172,173,172,174,174,174,172,171,174,164,173,190,99,1,1,1,0,3,0,2,4,0,0,181,169,170,168,171,174,176,174,176,177,174,170,171,170,164,168,192,52,0,1,0,1,1,1,1,4,0,1,186,153,173,171,184,178,179,177,177,176,174,178,168,168,170,170,192,14,0,3,5,4,4,6,2,3,0,14,248,54,216,168,184,184,180,178,186,182,173,187,174,179,169,177,141,0,1,0,0,0,0,0,0,0,0,0,255,0,146,217,165,181,186,190,177,181,188,180,177,171,173,187,24,0,0,28,49,50,57,64,77,94,101,133,193,158,203,217,238,190,181,176,176,181,181,178,186,193,166,35,0,0,70,158,155,162,165,164,157,206,200,149,188,177,13,0,94,206,210,213,208,209,209,204,176,110,0,0,6,0,34,140,101,30,0,0,0,0,0,0,32,146,213,204,93,74,96,82,140,145,110,54,0,0,0,3,0,1,0,1,114,200,142,172,115,0,0,0,0,0,0,33,84,182,188,28,0,0,0,0,0,0,1,0,0,0,1,0,0,14,80,130,160,109,24,1,0,0,0,0,0,106,169,164,0,0,2,5,2,0,0,0,0,0,1,4,1,0,0,0,0,112,158,154,154,160,221,184,193,164,134,27,0,0,0,0,0,0,0,0,0,0,0,0,0,3,3,3,0,0,18,73,92,104,97,60,22,0,0,0,0,0,0,0,0,0,0,0,0,0,0,0,0,0,0,0,0,0,0,0,0,0,0,0,0,0,0,0,0,0,0,0,0,0,0,0,0,0,6
0,0,0,0,0,0,0,0,0,0,0,0,0,0,0,0,0,0,0,0,0,0,0,0,0,0,0,0,0,0,0,0,0,0,0,0,0,0,0,0,0,0,0,0,0,0,0,0,0,0,0,0,0,0,0,0,0,0,0,0,0,0,0,0,0,0,0,0,0,0,0,0,0,0,0,0,0,0,0,0,0,0,0,0,0,0,0,0,0,0,0,0,0,0,0,0,0,0,0,0,0,0,0,0,0,0,0,0,0,0,0,0,0,0,0,0,0,0,0,0,0,0,0,0,0,0,1,1,0,0,0,0,1,2,3,5,0,28,58,0,0,0,0,0,0,0,0,0,0,0,0,0,0,0,0,3,0,26,53,0,0,0,0,0,0,48,115,0,0,0,0,0,0,0,0,0,0,0,0,0,0,0,0,4,0,132,188,118,62,89,89,90,76,136,63,0,0,0,0,0,0,0,0,0,0,0,0,0,0,0,1,0,0,147,173,199,204,204,199,186,179,176,8,0,0,0,0,0,0,0,0,0,0,0,0,0,0,0,5,0,58,186,167,186,184,188,182,171,179,140,0,0,0,0,0,0,0,0,0,0,0,0,0,0,0,0,8,0,96,190,177,197,197,204,194,184,193,170,0,0,0,0,0,0,0,0,0,0,0,0,0,0,0,0,0,0,135,190,163,200,197,195,186,178,192,151,0,0,0,0,0,0,0,0,0,0,0,0,0,0,0,1,0,0,198,163,164,198,191,197,197,179,185,130,0,0,0,0,0,0,0,0,0,0,1,1,0,1,0,7,0,23,203,154,193,201,196,187,190,169,185,139,0,0,0,0,0,0,0,0,0,0,0,1,1,0,0,0,0,149,186,150,188,193,195,190,179,168,183,171,0,0,0,0,0,0,0,0,0,0,0,3,0,4,0,0,92,211,146,168,192,189,188,182,180,180,174,200,6,0,0,0,0,0,0,0,0,0,0,0,2,0,0,59,204,148,159,180,192,191,194,191,186,173,174,183,36,0,1,0,0,0,0,0,1,0,2,4,0,0,91,172,154,146,171,184,189,187,189,192,187,180,172,180,98,0,3,0,0,1,6,5,4,0,0,0,12,121,149,138,143,175,186,187,189,187,190,196,180,184,181,175,162,0,0,2,3,0,0,0,0,0,1,74,132,134,140,152,163,166,177,178,187,194,188,171,165,174,178,172,202,27,1,0,0,0,17,32,69,120,144,118,100,131,157,159,174,186,183,188,187,182,185,180,187,182,168,160,179,26,0,20,104,135,134,141,157,131,102,126,173,165,178,182,178,183,186,194,184,173,179,173,165,161,162,161,197,25,0,133,152,147,144,136,151,151,180,186,164,165,179,182,184,173,166,159,160,164,176,178,195,199,206,196,200,72,82,198,179,174,170,166,168,160,170,175,152,152,174,176,185,193,206,219,255,211,206,209,214,217,216,189,187,57,0,56,129,164,184,193,198,223,229,208,243,251,252,254,247,225,188,127,30,63,232,231,231,234,230,202,254,73,0,0,0,0,6,39,64,83,105,116,110,82,62,26,0,0,0,0,0,0,120,79,69,63,57,46,36,0,0,0,0,0,0,0,0,0,0,0,0,0,0,0,0,0,0,0,0,0,0,0,0,0,0,0,0,0,0,0,0,0,0,0,0,0,0,0,0,0,0,0,0,0,0,0,0,0,0,0,0,0,0,0,0,0,0,0,0,0,0,0,0,0,0,0,0,0,0,0,0,0,0,0,0,0,0,0,0,0,0,0,0,0,6
0,0,0,0,0,0,0,0,0,0,0,0,0,0,0,0,0,0,0,0,0,0,0,0,0,0,0,0,0,0,0,0,0,0,0,0,0,0,0,0,0,0,0,42,46,25,17,0,0,0,0,0,1,2,1,0,0,0,0,0,0,0,0,0,0,0,0,0,0,0,1,107,141,144,141,133,94,55,21,0,0,0,0,0,0,0,0,0,0,0,0,0,0,0,0,0,1,0,22,114,111,114,103,124,137,137,143,128,90,59,19,0,0,0,0,0,0,0,0,0,0,0,0,0,1,0,51,117,109,106,96,113,121,106,111,116,114,130,116,0,0,0,0,0,0,0,0,0,0,0,0,0,0,0,77,106,99,99,107,123,119,126,123,116,107,117,86,0,0,0,0,0,0,0,0,0,0,0,1,1,0,5,100,96,99,109,102,103,110,113,114,104,103,137,59,0,0,0,0,0,0,0,0,0,0,1,1,0,0,31,86,80,77,92,107,104,124,130,120,109,130,184,25,0,0,0,0,0,0,0,0,0,0,0,0,0,0,63,80,92,119,124,119,111,145,131,106,145,124,144,76,0,0,0,0,0,0,0,0,0,0,0,1,0,41,109,133,113,148,131,83,92,140,92,158,153,141,137,154,0,0,0,0,0,0,0,0,0,0,2,0,94,136,117,134,140,167,133,123,116,116,77,184,161,151,145,143,11,0,0,0,0,0,0,0,0,4,0,46,191,102,100,150,165,134,136,106,109,107,126,158,117,130,86,41,0,0,0,0,1,0,0,0,0,0,0,117,109,63,53,195,113,109,79,85,188,198,218,0,0,0,0,0,0,0,0,0,0,0,0,0,2,0,153,204,150,171,162,232,187,209,213,239,219,184,52,0,0,0,2,4,0,0,0,0,0,0,0,0,0,0,211,162,128,199,255,165,215,202,202,174,127,94,0,0,0,1,2,2,0,0,0,0,0,0,0,0,0,0,26,28,58,80,117,119,119,100,133,148,184,144,0,0,0,0,0,0,0,0,0,0,0,0,1,2,0,41,153,110,178,155,93,148,126,113,158,123,161,79,0,0,4,26,39,111,38,0,0,0,0,0,0,0,52,168,94,99,195,104,134,185,77,94,128,90,124,21,15,90,126,140,154,162,39,0,0,0,0,0,0,18,102,140,75,107,170,39,145,119,66,106,144,160,148,155,179,209,171,161,175,164,22,0,0,0,0,0,178,154,153,121,134,198,192,192,204,179,229,245,187,154,167,218,113,63,181,177,179,177,29,2,0,0,7,38,94,160,199,187,164,181,179,211,178,170,171,161,127,130,158,29,0,24,209,172,174,192,18,4,0,12,80,90,85,53,51,48,49,70,114,77,90,111,137,128,158,148,0,0,0,66,194,150,154,167,9,2,0,28,90,70,94,70,66,94,117,119,93,102,127,126,124,170,150,0,0,5,0,79,172,127,145,171,15,0,0,38,89,87,80,90,117,121,104,106,106,144,136,102,188,140,0,0,4,1,0,137,172,157,170,199,21,66,160,103,87,63,72,80,72,77,80,96,97,113,134,174,119,0,0,1,0,0,0,158,174,162,171,192,12,19,68,110,172,178,184,170,136,123,131,138,167,189,199,72,0,0,2,0,0,0,0,188,172,170,172,211,14,0,0,0,0,0,4,45,76,102,117,111,90,52,0,0,0,0,0,0,0,0,0,137,124,111,121,121,1,0,0,0,0,0,0,0,0,0,0,0,0,0,0,0,0,0,0,0,0,0,0,0,0,0,0,0,0,6
0,0,0,0,0,0,0,0,0,0,0,0,0,0,0,0,0,0,0,0,0,0,0,0,0,0,0,0,0,0,0,0,0,0,0,0,0,0,0,0,0,0,0,0,0,0,0,0,0,0,0,0,0,0,0,0,0,0,0,0,0,0,0,0,0,0,0,0,0,0,0,0,0,0,0,0,0,0,0,0,0,0,0,0,0,0,0,0,0,0,0,0,0,0,0,0,0,0,0,0,0,0,0,0,0,0,0,0,0,0,0,0,0,0,0,0,0,0,0,0,0,0,0,0,0,43,142,66,114,85,163,94,143,114,151,75,190,5,0,1,0,0,0,0,0,0,0,0,0,0,0,0,0,87,233,190,199,162,229,197,217,202,218,169,255,63,0,1,0,0,0,0,0,0,0,0,0,0,0,0,0,142,189,151,165,163,183,175,154,153,161,178,183,118,0,0,0,0,0,0,0,0,0,0,0,0,1,0,0,184,163,150,205,202,154,170,199,184,179,168,184,171,0,0,0,0,0,0,0,0,0,0,0,0,3,0,21,194,151,161,197,223,161,163,190,190,177,174,187,208,39,0,0,0,0,0,0,0,0,0,0,0,1,0,79,201,145,172,194,218,193,193,181,174,176,182,179,201,132,0,0,0,0,0,0,0,0,0,0,0,0,0,139,174,145,185,211,218,196,191,179,178,175,148,152,181,177,0,0,0,0,0,0,0,0,0,0,0,0,0,181,157,165,203,219,208,184,178,152,150,122,104,155,170,179,44,0,0,0,0,0,0,0,0,0,2,0,35,196,159,176,198,204,191,183,160,141,139,151,179,176,159,171,75,0,0,0,0,0,0,0,0,0,0,0,106,198,163,179,196,197,190,176,157,171,199,198,166,144,138,183,22,0,0,0,0,0,0,0,0,0,0,0,174,173,164,169,187,190,184,182,197,191,155,137,142,157,177,182,0,0,0,0,0,0,0,0,0,2,0,69,194,145,149,156,185,196,195,198,175,128,169,191,193,216,189,159,0,0,0,0,0,0,0,0,0,0,0,174,151,134,144,169,179,187,201,153,125,198,172,0,0,115,211,139,0,0,0,0,2,2,0,0,0,0,154,162,124,126,156,171,178,204,150,125,207,81,0,0,0,74,219,114,0,0,0,0,0,0,0,16,87,169,175,143,142,146,159,185,201,174,143,202,29,0,0,2,0,67,233,72,0,0,0,0,13,62,88,103,117,135,113,136,159,160,177,203,181,151,220,21,0,8,4,2,0,62,244,46,0,1,89,122,140,125,84,101,129,137,113,128,150,169,182,189,148,223,56,0,2,0,2,4,0,53,246,37,0,91,207,178,168,162,160,164,184,184,188,186,184,185,183,150,209,109,0,0,0,0,0,6,0,40,244,25,0,0,73,136,173,181,185,184,179,183,188,189,187,183,168,212,131,0,0,0,0,0,0,5,0,37,251,30,0,0,0,0,0,45,87,141,170,186,192,202,208,206,203,150,0,0,0,0,0,0,0,7,0,40,201,40,0,0,1,0,0,0,0,0,0,0,0,0,12,27,0,0,0,2,0,0,0,0,0,0,0,0,0,0,0,0,0,0,0,0,0,0,0,0,0,0,0,0,0,0,0,0,0,0,0,0,0,0,0,0,0,0,0,0,0,0,0,0,0,0,0,0,0,0,0,0,0,0,0,0,0,0,0,0,0,0,0,0,0,0,0,0,0,0,0,0,0,0,0,0,0,0,0,0,0,0,0,0,0,0,0,0,0,0,0,0,0,0,0,6
0,0,0,0,0,0,0,0,0,0,0,0,0,0,0,0,0,0,0,0,0,0,0,0,0,0,0,0,0,0,0,0,0,0,0,0,0,0,0,0,0,0,0,0,0,0,0,0,0,0,0,0,0,0,0,0,0,0,0,0,0,0,0,0,0,0,0,0,0,0,0,0,0,0,0,0,0,0,0,0,0,0,0,0,0,0,0,0,0,0,0,0,0,0,0,0,0,0,0,0,0,0,0,0,0,0,0,0,0,0,0,0,0,0,0,0,0,0,0,0,0,0,0,0,0,0,0,0,0,0,0,0,0,0,0,0,0,0,0,0,0,0,0,0,0,0,0,0,0,0,0,0,0,0,0,0,0,0,0,0,0,0,0,0,0,0,0,0,0,0,0,0,0,0,0,0,0,0,0,0,0,0,0,0,12,36,37,58,129,42,0,0,0,0,0,0,0,0,0,0,0,0,0,0,0,0,0,0,0,3,5,0,194,217,236,249,255,96,205,221,173,157,0,0,0,0,0,0,0,0,0,0,0,0,0,0,0,4,0,5,178,223,227,230,193,0,230,231,198,146,0,0,0,0,0,0,0,0,0,0,0,0,0,0,0,9,0,58,187,209,221,239,179,60,255,204,191,165,0,0,0,0,0,0,0,0,0,0,0,0,0,0,1,0,0,134,195,210,218,240,184,226,241,197,194,197,3,0,0,0,0,0,0,0,0,0,0,0,0,1,3,0,61,179,157,205,228,231,165,237,202,189,185,194,18,0,0,0,0,0,0,0,0,0,0,1,3,3,0,65,186,108,127,194,230,207,180,237,184,190,182,206,82,0,0,0,0,0,0,0,0,0,1,4,0,0,96,180,21,124,210,221,243,174,212,212,179,196,191,210,134,0,0,0,1,4,4,5,6,7,0,0,5,175,142,0,34,199,230,240,234,163,221,187,197,198,180,192,173,0,1,3,0,0,0,0,0,0,0,96,188,59,0,136,230,229,228,233,200,179,230,203,217,189,195,206,218,0,0,0,0,35,54,44,63,132,193,174,15,68,220,242,236,222,209,233,168,203,243,222,197,197,226,208,210,34,0,73,153,139,120,150,181,120,107,120,174,198,179,143,180,214,221,223,172,251,241,255,239,245,220,176,219,49,14,202,207,151,56,89,159,151,188,210,231,171,170,178,212,243,250,209,155,178,158,189,186,192,193,175,215,46,109,203,190,218,235,233,233,239,233,236,237,235,253,253,236,210,199,187,199,203,216,215,224,218,221,205,236,102,172,220,207,202,196,199,200,209,215,218,219,219,213,206,205,210,221,232,228,229,213,207,206,208,204,188,191,107,13,102,175,219,250,221,255,255,254,246,249,247,249,255,253,236,185,119,40,114,255,232,226,255,255,207,255,141,0,0,0,0,0,21,43,72,95,107,109,105,102,59,17,0,0,0,0,0,60,81,64,67,63,53,55,4,0,0,0,0,0,0,0,0,0,0,0,0,0,0,0,0,0,0,0,0,0,0,0,0,0,0,0,0,0,0,0,0,0,0,0,0,0,0,0,0,0,0,0,0,0,0,0,0,0,0,0,0,0,0,0,0,0,0,0,0,0,0,0,0,0,0,0,0,0,0,0,0,0,0,0,0,0,0,0,0,0,0,0,0,0,0,0,0,0,0,0,0,0,0,0,0,0,0,0,0,0,0,0,0,0,0,0,0,0,0,0,0,0,0,0,0,0,0,0,0,0,0,0,0,0,0,0,0,0,0,0,0,0,0,0,0,0,0,0,0,6
0,0,0,0,0,0,0,0,0,0,0,0,0,0,0,0,0,0,0,0,0,0,0,0,0,0,0,0,0,0,0,0,0,0,0,0,0,0,0,0,0,0,0,0,0,0,0,0,0,0,0,0,0,0,0,0,0,0,0,0,0,0,0,0,0,0,0,0,0,0,0,0,0,0,0,0,0,0,0,0,0,0,0,0,0,0,0,0,0,0,0,0,0,0,0,0,0,0,0,0,0,0,48,46,0,0,0,0,0,0,0,0,0,0,0,0,0,0,0,0,0,0,0,0,0,0,1,0,7,189,179,180,186,206,195,199,173,190,104,0,0,0,0,0,0,0,0,0,0,0,0,0,0,0,1,0,0,192,204,214,239,224,228,223,216,232,99,0,0,0,0,0,0,0,0,0,0,0,0,0,0,0,0,0,0,189,214,221,222,223,223,223,212,230,132,0,0,0,0,0,0,0,0,0,0,0,0,0,0,3,2,0,0,233,217,207,222,220,218,221,217,229,146,0,0,0,0,0,0,0,0,0,0,0,0,0,0,1,0,0,105,232,194,221,225,220,218,217,215,233,183,0,0,0,0,0,0,0,0,0,0,0,0,0,0,0,0,15,206,224,200,232,220,223,225,227,222,231,208,0,0,0,0,0,0,0,0,0,0,0,0,0,0,0,110,242,188,198,222,226,218,223,214,219,226,229,226,0,0,0,0,0,0,0,0,0,1,0,0,0,0,0,77,219,181,205,224,219,217,212,213,220,227,228,235,0,0,0,0,0,0,0,0,0,2,0,0,0,0,100,223,206,209,219,216,210,210,211,219,226,228,227,230,0,0,0,0,0,0,0,0,0,0,2,0,0,116,248,200,207,221,215,212,217,222,229,222,220,218,219,222,0,0,3,5,5,4,3,3,1,1,0,0,178,179,186,209,216,209,212,219,232,237,235,220,216,218,223,241,0,0,0,0,0,0,0,0,0,0,0,90,226,179,211,255,241,248,252,254,247,227,211,203,201,208,215,254,34,0,26,96,79,59,26,20,76,127,180,125,139,197,167,163,155,159,170,160,147,143,142,142,149,147,160,236,119,3,166,125,151,170,193,181,146,128,61,124,178,175,168,137,140,151,140,139,165,183,188,186,188,179,188,234,149,88,203,160,98,61,55,44,67,99,121,162,175,177,197,202,200,207,223,231,224,236,248,243,242,239,229,230,129,188,199,216,222,206,184,147,164,181,184,186,183,196,203,209,220,218,209,206,204,209,206,202,209,212,208,221,93,79,195,202,205,215,226,220,208,204,209,206,207,219,214,210,204,209,220,224,220,212,214,223,223,208,207,244,103,0,3,140,193,213,218,214,213,215,211,208,211,213,214,227,241,234,254,213,215,214,222,215,214,214,212,220,122,0,0,0,0,93,163,196,214,220,224,230,229,221,209,183,109,35,0,0,253,235,209,230,230,219,222,228,129,0,0,0,0,0,0,0,33,81,111,136,108,51,0,0,0,0,0,0,34,27,0,27,31,16,19,23,0,0,0,2,1,0,0,0,0,0,0,0,0,0,0,0,6,2,0,0,0,0,0,0,0,0,0,0,0,0,0,0,0,0,0,0,0,0,0,0,0,0,0,0,0,0,0,0,0,0,0,0,0,0,0,0,0,0,0,0,0,0,0,0,0,0,0,0,0,0,0,0,0,0,0,0,0,0,0,0,0,0,0,0,0,0,0,0,0,0,0,0,0,0,0,0,0,0,0,0,0,0,0,0,0,0,0,0,0,0,0,0,0,6
0,0,0,0,0,0,0,0,0,0,0,0,0,0,0,0,0,0,0,0,0,0,0,0,0,0,0,0,0,0,0,0,0,0,0,0,0,0,0,0,0,0,0,0,0,0,0,0,0,0,0,0,0,0,0,0,0,0,0,0,0,0,0,0,0,0,0,0,0,0,0,0,0,0,0,0,0,0,0,0,0,0,0,0,0,0,0,0,0,0,0,0,0,0,0,0,0,0,0,0,0,0,0,0,0,0,0,0,0,0,0,0,0,0,0,0,0,0,0,0,0,0,0,0,0,2,1,0,0,0,43,29,0,0,0,3,1,0,0,0,0,0,0,0,0,0,0,0,0,0,0,0,0,2,0,0,0,0,189,255,145,0,0,0,0,0,80,61,0,0,0,0,0,0,0,0,0,0,0,0,0,0,7,0,77,226,200,214,236,219,192,171,136,138,106,14,0,0,0,0,0,0,0,0,0,0,0,0,0,0,5,0,125,242,197,218,224,227,210,203,211,195,0,0,0,0,0,0,0,0,0,0,0,0,0,0,0,0,2,0,137,212,167,209,224,231,198,184,198,173,0,0,0,0,0,0,0,0,0,0,0,0,0,0,0,0,0,0,152,201,186,229,214,229,211,179,228,148,0,0,0,0,0,0,0,0,0,0,0,0,0,0,0,0,0,0,184,212,201,225,217,193,186,184,221,145,0,0,0,0,0,0,0,0,0,0,0,0,0,0,0,2,0,38,218,189,216,236,234,206,185,188,220,174,0,0,0,0,0,0,0,0,0,0,0,0,0,0,2,0,0,191,213,192,229,235,244,206,193,184,201,219,0,0,0,0,0,0,0,0,0,0,0,0,0,3,0,3,165,146,146,221,205,188,203,195,187,184,198,223,0,0,0,0,0,0,0,0,0,0,0,0,0,0,66,175,57,98,210,234,229,200,186,182,184,196,185,241,50,0,0,0,0,0,3,4,4,2,0,0,0,53,146,30,62,209,245,224,232,226,202,199,190,179,174,208,142,0,0,2,4,0,0,0,0,0,0,36,139,89,23,121,252,230,228,237,241,226,200,171,135,178,194,201,208,0,0,0,0,5,0,0,19,100,181,197,127,155,165,218,191,168,183,192,170,183,180,142,176,201,186,192,253,21,0,23,98,119,144,170,164,86,31,0,0,211,203,193,207,195,191,212,218,211,217,233,217,193,192,178,242,43,0,164,183,123,42,47,76,45,97,175,220,186,158,170,227,244,223,192,184,179,195,174,175,186,192,193,230,13,128,217,210,211,211,212,201,185,168,153,162,183,196,201,201,191,194,222,240,228,209,203,206,199,197,193,205,89,5,107,151,188,201,211,225,228,220,218,224,229,223,219,222,255,251,207,130,194,226,214,220,211,201,192,210,153,0,0,0,3,67,113,156,187,217,225,224,216,206,182,109,35,0,0,0,23,212,206,185,177,164,145,146,58,0,2,0,0,0,0,0,0,0,0,0,0,0,0,0,0,0,0,0,0,0,0,0,0,0,0,0,0,0,0,0,0,0,0,0,0,0,0,0,0,0,0,0,0,0,0,0,0,0,0,0,0,0,0,0,0,0,0,0,0,0,0,0,0,0,0,0,0,0,0,0,0,0,0,0,0,0,0,0,0,0,0,0,0,0,0,0,0,0,0,0,0,0,0,0,0,0,0,0,0,0,0,0,0,0,0,0,0,0,0,0,0,0,0,0,0,0,0,0,0,0,0,0,0,0,0,0,0,0,0,0,0,0,0,0,0,0,0,0,0,6
0,0,0,0,0,0,0,0,0,0,0,0,0,0,0,0,0,0,0,0,0,0,0,0,0,0,0,0,0,0,0,0,0,0,0,0,0,0,0,0,0,0,0,0,0,0,0,0,0,0,0,0,0,0,0,0,0,0,0,0,0,0,0,0,0,0,0,0,0,0,0,0,0,0,0,0,0,0,0,0,0,0,0,0,0,0,0,0,0,0,0,0,0,0,0,0,0,0,0,0,0,0,0,0,0,0,0,0,0,0,0,0,0,0,0,0,0,0,0,0,0,0,0,0,0,0,0,0,0,0,0,0,0,0,0,0,0,0,0,0,0,0,0,0,0,0,0,0,0,0,0,1,0,0,0,0,206,35,0,3,0,1,0,0,0,0,0,1,0,0,0,0,0,0,0,0,0,0,0,0,0,0,0,0,151,0,0,0,0,0,0,0,92,255,0,5,0,0,0,0,0,0,0,0,0,0,0,0,0,3,0,9,177,188,75,0,1,1,0,17,166,87,0,1,0,0,0,0,0,0,0,0,0,0,0,0,0,1,0,54,202,200,201,171,187,200,175,192,192,0,0,0,0,0,0,0,0,0,0,0,0,0,0,0,0,0,0,137,200,187,194,166,182,179,200,187,176,10,0,1,0,0,0,0,0,0,0,0,0,0,0,0,1,0,0,201,186,193,170,163,171,170,196,187,196,5,0,0,0,0,0,0,0,0,0,0,0,0,0,0,0,0,64,193,181,209,166,161,174,188,203,186,201,11,0,1,0,0,0,1,1,0,0,0,1,1,2,5,0,0,198,182,168,193,151,168,185,194,212,186,211,35,0,1,0,0,0,1,0,0,0,0,0,2,0,0,0,150,178,163,187,177,158,183,203,192,219,185,199,102,0,0,0,2,5,4,4,1,1,1,1,0,0,1,143,182,155,157,178,165,154,177,192,190,211,185,202,161,0,0,0,0,0,0,0,0,0,0,0,0,76,185,99,10,116,158,191,182,177,183,183,192,198,191,190,212,0,0,0,4,67,50,33,20,34,60,111,179,177,85,3,89,162,181,194,196,215,204,192,195,204,182,182,193,31,0,0,143,147,162,175,167,174,170,144,108,59,71,102,138,167,193,211,210,209,212,218,209,187,178,179,196,85,0,116,176,147,101,135,150,109,119,120,113,127,147,179,184,186,206,216,212,209,214,225,212,194,207,193,192,104,0,62,140,181,196,182,162,149,136,162,165,159,162,184,193,204,216,210,207,215,216,214,216,218,216,208,225,157,0,0,10,66,125,157,178,184,182,184,191,193,194,202,221,224,224,220,221,223,215,221,204,188,173,158,154,179,20,0,0,1,7,33,78,111,134,154,171,191,195,192,184,168,145,127,134,129,110,109,101,103,117,120,103,103,12,0,0,0,0,0,0,2,4,12,20,29,28,25,10,3,3,1,23,48,38,38,34,28,21,12,7,2,0,0,0,0,0,0,0,0,0,0,0,0,0,0,0,0,0,0,0,0,0,0,0,0,0,0,0,0,0,0,0,0,0,0,0,0,0,0,0,0,0,0,0,0,0,0,0,0,0,0,0,0,0,0,0,0,0,0,0,0,0,0,0,0,0,0,0,0,0,0,0,0,0,0,0,0,0,0,0,0,0,0,0,0,0,0,0,0,0,0,0,0,0,0,0,0,0,0,0,0,0,0,0,0,0,0,0,0,0,0,0,0,0,0,0,0,0,0,0,0,0,0,0,0,0,0,0,0,0,0,0,0,0,0,0,0,0,0,0,0,0,6
0,0,0,0,0,0,0,0,0,0,0,0,0,0,0,0,0,0,0,0,0,0,0,0,0,0,0,0,0,0,0,0,0,0,0,0,0,0,0,0,0,0,0,0,0,0,0,0,0,0,0,0,0,0,0,0,0,0,0,0,0,0,0,0,0,0,0,0,0,0,0,0,0,0,0,0,0,0,0,0,0,0,0,0,0,0,0,0,0,0,0,0,0,0,0,0,0,0,0,0,0,0,0,0,0,0,0,0,0,0,0,0,0,0,0,0,0,0,0,0,0,0,0,0,0,1,0,0,62,81,0,0,0,0,0,0,0,1,0,0,0,0,0,0,0,0,0,0,0,0,0,0,0,1,0,63,152,169,145,67,4,0,0,0,0,0,0,0,0,0,0,0,0,0,0,0,0,0,0,0,1,0,0,116,165,157,182,255,238,221,203,193,169,151,0,0,0,0,0,0,0,0,0,0,1,1,0,0,3,0,59,181,209,152,169,207,161,200,206,168,177,204,1,0,0,0,0,0,0,0,0,0,0,0,4,0,0,0,59,161,173,141,170,202,128,97,85,175,206,169,0,0,0,0,0,0,0,0,0,0,0,0,0,3,0,3,193,214,191,152,174,224,248,179,177,228,226,169,0,0,0,0,0,0,0,0,0,0,0,0,0,1,0,74,184,143,138,163,165,161,189,204,212,206,199,183,0,0,0,0,0,0,0,0,0,0,0,0,1,0,0,190,169,135,146,157,174,182,164,164,162,155,175,181,0,0,0,0,0,0,0,0,0,0,0,0,0,0,36,199,125,133,155,170,173,180,181,183,193,182,181,221,1,0,0,0,0,0,0,0,0,0,1,0,0,4,150,170,136,141,165,174,177,181,181,180,187,189,184,191,22,0,0,0,1,3,1,0,1,3,0,0,18,190,158,108,151,169,180,178,181,173,178,188,187,182,178,195,70,0,0,2,0,0,0,0,0,0,0,33,143,135,105,159,169,175,178,179,179,178,177,180,164,162,160,180,140,0,3,0,0,6,0,0,0,54,112,140,142,145,157,177,174,181,184,189,189,183,177,173,159,162,168,174,189,0,0,23,131,149,141,130,146,158,124,122,139,145,162,163,175,182,183,174,178,177,168,187,163,164,170,173,168,12,0,152,138,116,114,122,124,124,122,144,159,140,157,165,167,169,165,169,177,177,178,182,180,181,182,187,221,10,11,169,173,162,143,119,106,116,129,111,120,118,131,163,173,197,206,211,232,240,228,216,208,204,195,194,151,0,16,56,99,134,187,210,210,184,170,164,167,185,201,214,211,185,148,115,82,72,60,52,50,43,43,51,90,23,84,151,108,65,36,52,67,96,111,109,105,95,86,61,47,61,86,101,108,110,121,129,146,152,146,151,180,59,0,17,79,133,153,146,125,119,102,100,89,95,100,138,134,111,77,34,50,175,177,168,167,179,171,153,174,64,0,0,0,0,0,13,38,53,53,86,90,114,102,82,0,0,0,0,0,34,46,33,22,31,28,20,18,0,0,0,0,0,0,0,0,0,0,0,0,0,0,0,0,0,0,0,0,0,0,0,0,0,0,0,0,0,0,0,0,0,0,0,0,0,0,0,0,0,0,0,0,0,0,0,0,0,0,0,0,0,0,0,0,0,0,0,0,0,0,0,0,0,0,0,0,0,0,0,0,0,0,0,0,0,0,0,0,0,0,0,0,0,0,0,0,0,0,0,0,0,0,0,0,0,0,0,0,0,0,0,0,0,0,0,0,0,0,0,0,0,6
0,0,0,0,0,0,0,0,0,0,0,0,0,0,0,0,0,0,0,0,0,0,0,0,0,0,0,0,0,0,0,0,0,0,0,0,0,0,0,0,0,0,0,0,0,0,0,0,0,0,0,0,0,0,0,0,0,0,0,0,0,0,0,0,0,0,0,0,0,0,0,0,0,0,0,0,0,0,0,0,0,0,0,0,0,0,0,0,0,0,0,0,0,0,0,0,0,0,0,0,0,0,0,0,0,0,0,0,0,0,0,0,0,0,0,0,0,0,0,0,0,0,0,0,0,0,0,0,0,0,0,0,0,0,0,0,0,0,0,0,0,0,0,0,0,0,0,0,0,1,0,0,0,0,0,0,0,49,19,0,0,3,1,2,0,0,0,0,0,0,0,0,0,0,0,0,0,0,0,0,0,0,2,0,26,169,180,107,0,0,0,0,0,6,2,0,0,0,0,0,0,0,0,0,0,0,0,1,0,0,4,0,68,181,163,203,145,80,20,0,0,0,0,0,0,0,0,0,0,0,0,0,0,0,0,1,0,0,7,0,84,171,177,188,211,232,254,234,183,137,27,0,0,0,0,0,0,0,0,0,0,0,0,0,0,1,1,0,108,186,183,211,209,207,214,214,209,222,128,0,0,0,0,0,0,0,0,0,0,0,0,0,0,1,0,0,132,214,177,182,207,222,236,223,207,211,53,0,0,0,0,0,0,0,0,0,0,0,1,0,0,0,0,0,172,188,164,182,188,193,203,204,206,224,6,0,0,0,0,0,0,0,0,0,0,0,1,0,4,0,0,60,168,183,204,212,183,204,212,198,194,224,13,0,1,0,0,1,1,0,0,0,1,4,4,0,0,0,113,180,176,175,207,212,239,227,225,218,205,205,128,0,0,1,1,0,0,0,0,1,2,3,0,0,2,96,101,177,182,183,171,194,217,219,219,217,206,214,170,0,0,1,2,1,3,3,4,0,0,0,0,89,158,181,201,164,172,166,178,200,205,214,215,215,199,213,26,0,2,0,0,0,0,0,0,0,0,90,165,170,182,184,183,207,195,191,204,203,212,223,222,205,181,223,39,0,0,0,0,0,8,48,91,100,137,202,178,184,186,201,189,176,182,193,202,203,206,209,190,193,184,236,72,0,0,47,144,160,151,151,149,142,158,179,194,199,184,177,174,192,203,196,198,212,216,191,192,209,192,199,100,0,6,154,146,143,144,149,152,135,142,147,121,142,170,181,192,192,195,200,196,214,201,188,194,190,181,191,121,0,45,140,142,161,161,169,172,161,172,200,216,201,205,210,217,225,229,230,236,232,215,222,206,196,200,199,134,0,28,177,159,154,152,145,141,145,158,156,168,175,165,164,160,160,159,158,165,159,166,169,165,158,156,148,144,7,0,7,94,161,183,186,201,203,200,194,188,183,182,183,183,184,186,184,181,181,179,177,176,183,181,178,183,28,0,0,0,0,10,38,62,77,90,103,101,102,105,93,88,86,83,82,83,87,91,94,105,111,87,71,40,0,0,0,0,0,0,0,0,0,0,0,0,0,0,0,0,0,0,0,0,0,0,0,0,0,0,0,0,0,0,0,0,0,0,0,0,0,0,0,0,0,0,0,0,0,0,0,0,0,0,0,0,0,0,0,0,0,0,0,0,0,0,0,0,0,0,0,0,0,0,0,0,0,0,0,0,0,0,0,0,0,0,0,0,0,0,0,0,0,0,0,0,0,0,0,0,0,0,0,0,0,0,0,0,0,0,0,0,0,0,0,0,0,6
0,0,0,0,0,0,0,0,0,0,0,0,0,0,0,0,0,0,0,0,0,0,0,0,0,0,0,0,0,0,0,0,0,0,0,0,0,0,0,0,1,0,0,47,94,49,0,0,0,0,0,0,0,0,0,0,0,0,0,0,0,0,0,0,0,0,0,0,3,0,71,167,161,181,169,132,63,45,43,53,59,59,40,0,0,0,0,0,0,0,0,0,0,0,0,0,4,0,81,146,134,140,165,149,214,182,152,177,179,178,192,101,0,0,0,0,0,0,0,0,0,0,0,0,3,0,69,128,135,174,151,85,163,103,97,135,170,167,156,5,0,0,0,0,0,0,0,0,0,0,0,0,3,0,109,167,177,185,139,139,183,166,177,170,168,176,149,0,0,0,0,0,0,0,0,0,0,0,0,0,0,0,83,176,143,100,60,130,140,138,172,156,174,189,87,0,0,0,0,0,0,0,0,0,0,0,0,0,0,0,61,94,49,71,103,168,167,168,198,170,171,195,39,0,0,0,0,0,0,0,0,0,0,0,0,0,0,0,101,203,220,236,239,231,211,203,211,198,181,198,63,0,0,0,0,0,0,0,0,0,0,0,0,1,0,0,155,177,162,165,170,164,142,150,145,168,176,201,12,0,0,0,0,0,0,0,0,0,0,0,0,3,0,9,168,156,149,153,154,164,180,182,166,174,169,184,0,0,0,0,0,0,0,0,0,0,0,0,0,5,0,66,206,159,146,156,170,170,149,174,179,174,179,151,0,0,0,0,0,0,0,0,0,0,0,0,0,1,0,58,197,180,169,156,182,178,192,202,187,194,185,227,43,0,0,0,0,0,0,0,0,0,0,0,0,0,0,105,142,198,198,160,171,198,188,214,221,216,202,210,57,0,0,0,0,0,0,0,0,0,0,0,2,0,0,161,136,119,171,219,216,130,133,169,166,202,173,168,128,0,0,0,0,0,0,0,0,0,0,0,3,0,48,189,185,149,99,134,217,193,145,194,158,132,167,191,169,0,0,0,0,0,2,1,0,0,0,4,0,0,139,157,148,175,179,163,240,188,202,217,209,206,233,176,157,0,0,0,0,0,1,0,0,0,3,0,0,74,158,146,162,149,165,200,208,211,237,226,205,161,122,147,186,1,0,0,0,0,2,0,2,1,0,0,62,151,124,134,159,177,175,134,98,156,137,137,128,153,167,186,208,25,0,1,0,0,0,0,0,0,5,81,137,137,134,154,166,155,180,203,142,189,194,155,145,159,170,169,212,53,2,0,0,0,0,0,15,66,113,114,116,128,151,158,147,170,172,180,186,178,186,174,171,181,178,170,188,27,0,3,57,78,83,91,95,101,136,135,148,149,161,156,150,170,186,181,147,132,136,149,162,159,177,189,221,34,0,141,115,41,54,49,49,73,113,134,154,158,164,165,171,162,146,151,154,199,193,205,210,207,213,202,241,51,108,195,159,139,73,50,43,30,24,69,97,123,147,178,169,160,184,255,233,162,218,204,203,199,196,190,217,37,67,173,203,200,189,169,141,99,91,92,99,122,170,193,214,204,189,60,0,0,179,197,189,190,190,187,186,31,0,0,61,149,176,196,209,212,207,201,248,247,232,205,119,6,0,0,0,0,224,214,205,239,239,205,240,10,0,0,0,0,0,8,55,103,120,116,104,60,34,0,0,0,0,1,0,0,94,96,67,61,50,53,23,0,0,0,0,0,0,0,0,0,0,0,0,0,0,0,0,0,0,0,0,0,0,0,0,0,0,0,0,0,6
0,0,0,0,0,0,0,0,0,0,0,0,0,0,0,0,0,0,0,0,0,0,0,0,0,0,0,0,0,0,0,0,0,0,0,0,0,0,0,0,0,0,0,0,0,0,0,0,0,0,0,0,0,0,0,0,0,0,0,0,0,0,0,0,0,0,0,0,0,0,0,0,0,0,0,0,0,0,0,0,0,0,0,0,0,0,0,0,0,0,0,0,0,0,0,0,0,0,0,0,0,0,0,0,0,0,0,1,0,7,139,0,0,0,0,0,0,0,0,0,0,0,0,0,0,0,2,1,0,8,6,7,6,5,2,2,0,91,193,0,0,0,0,0,0,0,0,0,0,0,0,0,0,8,0,0,0,0,0,0,0,0,0,1,0,170,25,0,0,0,0,0,0,0,0,0,0,0,0,0,1,0,16,140,187,160,96,79,35,20,0,0,54,150,0,5,0,0,0,0,0,0,0,0,0,0,0,0,5,0,18,217,155,187,197,184,180,194,200,178,204,15,0,2,0,0,0,0,0,0,0,0,0,1,0,1,0,0,200,185,72,77,86,82,66,62,120,148,124,0,3,0,0,0,0,0,0,0,0,0,0,0,0,0,0,0,139,188,99,120,115,125,121,109,116,131,91,0,3,0,0,0,0,0,0,0,0,0,0,0,0,3,0,2,178,155,104,109,104,109,105,97,119,140,110,0,3,0,0,0,0,0,0,0,0,0,0,0,0,3,0,16,188,170,86,115,100,105,95,97,121,146,114,0,3,0,0,0,0,0,0,0,0,0,0,0,0,1,0,90,189,108,96,101,103,108,87,103,120,140,125,0,5,0,0,0,0,0,0,0,0,1,0,1,1,0,0,206,195,113,82,90,86,101,91,91,104,134,148,0,0,0,0,0,1,0,0,0,0,0,0,3,0,0,15,172,146,87,96,99,94,95,87,90,108,119,164,3,0,1,0,1,0,0,0,0,1,1,1,0,0,30,217,197,160,67,86,91,87,84,82,82,101,109,168,56,0,1,0,0,2,2,3,3,0,0,0,47,223,173,190,143,50,103,91,86,70,76,80,74,92,91,149,111,0,2,1,0,0,0,0,0,0,21,13,251,131,192,22,92,115,103,95,81,81,74,74,79,105,99,124,162,0,0,0,0,36,67,50,72,113,134,99,71,45,36,82,109,129,118,100,80,75,70,74,106,116,97,110,187,20,0,0,52,124,103,128,116,75,47,66,55,106,129,120,116,108,91,76,75,74,80,110,124,121,97,99,162,15,0,0,99,91,45,41,32,41,35,67,157,124,111,113,96,70,66,51,45,32,30,43,43,47,61,105,202,77,0,80,192,143,100,84,62,64,65,54,65,74,92,118,120,85,55,40,59,95,119,158,198,221,236,224,254,218,25,125,227,224,199,165,151,124,94,80,75,82,92,96,108,139,177,200,223,234,244,254,248,242,211,179,217,214,30,13,172,203,219,219,217,209,216,224,224,229,232,232,238,241,251,251,239,227,232,219,229,228,207,168,212,221,71,0,0,23,105,128,135,138,182,195,208,209,199,194,180,164,150,120,76,21,194,228,221,254,237,170,193,200,56,0,0,0,0,0,0,0,5,17,30,27,20,27,0,0,0,0,0,0,0,76,31,31,6,0,0,0,0,0,0,0,0,0,0,0,0,0,0,0,0,0,0,0,0,0,0,0,0,0,0,0,0,0,0,0,0,0,0,0,0,0,0,0,0,0,0,0,0,0,0,0,0,0,0,0,0,0,0,0,0,0,0,0,0,6
0,0,0,0,0,0,0,0,0,0,0,0,0,0,0,0,0,0,0,0,0,0,0,0,0,0,0,0,0,0,0,0,0,0,0,0,0,0,0,2,0,67,255,222,218,214,197,178,149,136,91,38,0,0,0,0,0,0,0,0,0,0,0,0,0,0,0,3,0,91,255,242,255,255,255,255,255,255,255,255,255,224,34,0,0,0,0,0,0,0,0,0,0,0,0,2,0,113,255,242,245,246,246,244,243,240,238,240,240,255,78,0,0,0,0,0,0,0,0,0,0,0,0,1,0,122,255,233,249,245,245,246,246,247,253,244,243,234,4,0,0,0,0,0,0,0,0,0,0,0,0,0,0,147,255,239,247,242,246,246,247,248,244,239,253,240,0,0,0,0,0,0,0,0,0,0,0,0,0,0,0,177,255,237,244,242,244,245,247,248,249,238,254,196,0,0,0,0,0,0,0,0,0,0,0,1,0,0,0,195,255,235,245,243,248,247,249,246,248,236,253,189,0,0,0,0,0,0,0,0,0,0,0,0,0,0,0,211,250,233,240,244,244,244,244,248,242,231,255,133,0,0,0,0,0,0,0,0,0,0,0,0,0,0,0,243,245,242,245,252,248,249,249,252,244,237,255,91,0,0,0,0,0,0,0,0,0,0,0,0,4,0,13,255,236,241,238,243,239,240,241,240,253,235,255,198,0,0,0,0,0,0,0,0,0,0,0,0,2,0,77,255,238,253,247,246,247,246,247,249,245,234,244,255,3,0,0,0,0,0,0,0,0,0,0,0,0,0,181,252,233,247,241,239,237,240,247,244,238,241,232,255,137,0,0,0,0,0,0,0,0,0,0,2,0,0,255,249,246,248,243,244,244,243,245,244,249,242,242,242,255,0,0,0,0,0,0,0,0,0,0,0,0,91,255,239,246,242,239,242,241,241,244,245,242,243,244,240,255,46,0,0,0,0,0,0,0,0,0,0,0,210,254,238,242,239,241,247,248,245,246,245,238,242,245,228,255,81,0,0,0,0,1,0,0,0,4,0,82,255,232,243,235,236,240,242,242,242,242,247,242,246,245,228,255,80,0,0,0,0,0,0,0,1,0,0,255,251,245,231,236,245,247,248,249,245,241,243,241,239,235,218,255,76,0,0,0,0,0,0,1,0,0,215,255,241,232,236,241,244,242,241,242,232,226,234,236,231,235,234,255,103,0,0,7,2,0,0,0,0,208,255,228,243,232,240,243,241,245,243,236,255,255,242,243,249,254,246,255,90,0,0,0,0,0,0,106,255,255,236,247,239,240,242,243,245,239,230,255,241,108,255,250,250,250,238,255,95,0,0,55,123,199,255,255,253,237,239,244,236,233,235,247,236,241,255,173,0,0,255,244,249,250,239,255,99,23,214,253,255,249,245,237,239,242,244,245,242,236,240,225,236,255,73,0,0,10,255,244,249,250,239,255,100,157,255,228,229,233,232,238,239,239,237,242,244,235,234,247,255,46,0,0,0,11,255,246,249,250,243,255,100,75,218,248,255,254,253,249,244,243,240,232,236,238,247,255,33,0,0,0,0,11,255,246,246,249,246,255,122,0,0,37,80,156,201,246,255,255,255,255,255,255,182,0,0,0,0,3,0,0,255,255,255,255,255,255,79,0,0,0,0,0,0,0,0,12,51,78,64,9,0,0,3,0,0,1,0,0,33,57,44,40,36,16,0,0,0,0,0,0,0,0,0,0,0,0,0,0,0,0,0,0,0,0,0,0,0,0,0,0,0,0,0,6
0,0,0,0,0,0,0,0,0,0,0,0,0,0,0,0,18,61,96,131,144,152,66,0,0,0,0,0,0,0,0,0,0,0,0,0,0,0,2,0,28,122,207,255,255,255,255,255,244,255,210,0,0,0,0,0,0,0,0,0,0,0,0,0,0,0,7,0,191,255,241,236,235,230,225,233,230,248,134,0,3,0,0,0,0,0,0,0,0,0,0,0,0,0,5,0,17,240,233,237,238,240,242,239,232,254,122,0,2,0,0,0,0,0,0,0,0,0,0,0,0,0,1,0,0,245,243,229,237,239,236,237,229,252,123,0,1,0,0,0,0,0,0,0,0,0,0,0,0,0,0,0,0,177,251,231,237,237,237,239,228,253,138,0,1,0,0,0,0,0,0,0,0,0,0,0,0,1,0,3,0,82,252,225,237,237,237,238,229,251,160,0,0,0,0,0,0,0,0,0,0,0,0,0,0,1,2,4,0,10,255,235,236,237,237,238,229,250,180,0,0,0,0,0,0,0,0,0,0,0,0,0,0,0,2,1,0,0,255,238,232,236,238,237,231,243,225,0,0,0,0,0,0,0,0,0,0,0,0,0,0,0,1,1,0,0,255,238,233,239,235,234,234,236,255,0,0,1,0,0,0,0,0,0,0,0,0,0,0,0,1,1,0,0,255,236,228,233,234,238,248,240,255,45,0,0,0,0,0,0,0,0,0,0,0,0,0,0,1,1,0,0,250,246,254,251,246,248,233,211,219,207,0,0,0,0,0,0,0,0,0,0,0,0,0,0,0,1,0,9,255,197,201,206,203,143,191,139,202,254,50,0,0,0,0,0,0,0,0,0,0,0,0,0,0,0,0,138,253,89,9,163,197,197,242,255,255,236,155,0,0,0,0,0,0,0,0,0,0,0,0,0,1,0,0,202,229,228,192,255,252,255,255,194,172,199,244,5,0,0,0,0,0,0,0,0,0,0,0,0,0,0,0,255,243,253,255,244,243,250,212,64,88,199,249,80,0,0,0,0,0,0,0,0,0,0,0,0,4,0,72,255,231,236,239,239,229,253,180,83,197,232,236,89,0,0,0,0,0,0,0,0,0,0,0,0,0,0,207,245,234,242,241,235,231,247,209,212,244,202,241,61,0,0,0,0,0,0,0,0,0,0,0,0,0,45,255,236,243,239,235,237,236,240,228,214,207,196,232,35,0,0,0,0,0,0,0,0,0,0,0,0,0,224,255,227,236,233,232,239,234,241,239,219,202,201,214,0,0,0,0,0,0,0,0,0,0,0,0,0,145,255,229,235,233,234,236,237,233,255,196,0,0,207,231,0,0,0,0,0,0,2,3,2,0,0,0,79,255,231,235,236,237,237,239,232,255,196,0,0,0,198,174,0,0,0,0,0,0,0,0,0,0,0,123,255,239,231,235,236,235,238,230,255,194,0,0,0,0,161,153,0,0,0,0,0,0,0,22,79,136,224,255,232,232,237,240,237,240,228,247,228,0,0,0,0,0,162,134,0,0,0,0,0,78,210,233,246,248,239,230,237,239,238,237,238,235,237,255,11,0,1,0,0,0,157,123,0,0,0,0,0,134,243,243,245,238,234,232,232,227,229,232,232,234,254,98,0,0,0,0,7,0,154,112,0,0,0,0,0,0,0,97,178,249,255,255,255,255,255,255,255,255,138,0,0,0,0,1,6,0,191,115,0,0,0,0,0,0,0,0,0,0,0,54,80,86,103,122,114,32,0,0,0,0,0,0,1,0,0,0,0,0,0,6
0,0,0,0,0,0,0,0,0,0,0,0,0,0,0,0,0,0,0,0,0,0,0,0,0,0,0,0,0,0,0,0,0,0,0,0,0,0,0,0,0,0,0,0,0,0,0,0,0,0,0,0,0,0,0,0,0,0,0,0,0,0,0,0,0,0,0,0,0,0,0,0,0,0,0,0,0,0,0,0,0,0,0,0,0,0,0,0,0,0,0,0,0,0,0,0,0,0,0,0,0,0,0,0,0,0,0,0,0,0,0,0,0,0,0,0,0,0,0,0,0,0,0,0,0,0,0,0,0,0,224,255,229,0,0,0,0,0,0,0,0,0,0,0,0,0,0,0,0,0,1,0,0,3,13,46,13,231,208,79,247,121,19,15,0,0,0,0,0,0,0,0,0,0,0,0,0,1,1,0,9,129,142,193,137,189,187,63,214,170,135,113,0,1,0,0,0,0,0,0,0,0,0,0,1,1,0,0,9,125,131,129,106,129,171,73,152,156,112,115,0,0,3,0,0,0,0,0,0,0,0,0,0,0,0,0,0,127,164,175,166,164,212,239,115,185,189,173,150,0,0,0,0,0,0,0,0,0,0,0,0,0,0,0,0,65,85,65,61,44,11,5,0,48,171,121,189,0,0,0,0,0,0,0,0,0,0,0,0,0,0,0,0,0,0,0,0,0,0,0,0,117,148,121,112,0,0,1,0,0,0,0,0,0,0,0,0,1,0,0,0,3,5,7,1,1,1,0,104,152,127,171,36,0,1,0,0,1,0,0,0,1,1,0,0,0,1,1,1,0,0,0,0,0,0,42,195,144,152,173,0,0,3,0,0,1,3,1,0,0,0,0,0,0,0,0,0,0,0,0,0,0,0,148,170,175,220,57,0,0,0,0,0,0,1,1,0,23,36,63,17,0,0,0,1,0,3,3,0,0,113,173,168,189,154,0,42,77,121,106,5,1,0,0,38,94,59,96,67,0,0,0,0,0,0,0,0,112,183,148,154,189,222,214,229,214,168,158,0,0,0,0,9,85,71,94,98,0,0,0,0,0,27,83,170,197,210,212,227,245,193,154,160,170,164,121,100,113,92,63,69,158,156,146,177,83,36,81,127,168,204,206,181,181,193,179,175,181,160,168,164,156,183,127,117,152,162,195,193,183,197,195,197,200,189,193,170,168,168,152,139,148,156,171,183,173,170,179,166,158,181,115,86,125,139,148,152,135,142,156,144,144,158,154,158,156,156,150,144,146,156,164,168,173,171,175,173,166,187,106,88,121,137,146,146,156,152,156,160,158,170,166,170,173,168,168,166,164,170,158,142,154,162,162,170,170,191,98,108,158,146,148,127,146,177,152,156,148,162,168,164,168,164,170,173,170,175,177,158,158,166,173,183,170,181,81,0,75,164,171,154,139,139,146,142,142,148,156,162,162,156,150,142,141,156,160,164,154,158,181,171,166,183,85,0,0,0,75,148,189,181,181,177,179,191,200,208,206,204,202,200,197,189,195,198,195,202,222,212,224,200,52,0,0,0,0,0,17,56,86,86,85,79,73,71,65,65,69,71,71,71,75,77,77,86,100,75,44,1,0,0,0,0,0,0,0,0,0,0,0,0,0,0,0,0,0,0,0,0,0,0,0,0,0,0,0,0,0,0,0,0,0,0,0,0,0,0,0,0,0,0,0,0,0,0,0,0,0,0,0,0,0,0,0,0,0,0,0,0,0,0,0,0,0,0,0,0,0,0,0,0,0,0,0,0,0,0,0,0,0,0,0,0,0,6
0,0,0,0,0,0,0,0,0,0,0,0,0,0,0,0,0,0,0,0,0,0,0,0,0,0,0,0,0,0,0,0,0,0,0,0,0,0,0,0,0,0,0,0,0,0,0,0,0,0,0,0,0,0,0,0,0,0,0,0,0,0,0,0,0,0,0,0,0,0,0,0,0,0,0,0,0,0,0,0,0,0,0,0,0,0,0,0,0,0,0,0,0,0,0,0,0,0,0,0,0,0,0,0,0,0,0,0,0,0,0,0,0,0,0,0,0,0,0,0,0,0,0,0,0,0,0,0,0,0,0,0,0,0,0,0,0,0,0,0,0,0,0,0,0,0,0,0,0,0,0,0,0,0,0,0,0,0,0,0,0,0,0,0,0,0,0,0,0,0,0,0,0,0,0,0,0,0,0,0,0,0,0,0,0,65,183,119,42,0,0,0,0,0,0,0,0,0,0,0,0,0,0,0,0,0,0,0,0,0,2,0,63,240,213,255,250,230,203,109,16,0,0,0,0,0,0,0,0,0,0,0,0,0,0,0,0,0,1,0,118,235,218,221,202,212,231,254,223,190,219,52,0,0,0,0,0,0,0,0,0,0,0,0,0,0,8,0,87,255,220,221,203,206,205,196,196,208,255,14,0,0,0,0,0,0,0,0,0,0,0,0,0,0,0,0,56,242,222,219,210,209,211,213,184,202,202,0,0,0,0,0,0,0,0,0,0,0,0,0,0,0,0,61,253,229,228,215,205,213,207,213,196,208,212,47,0,0,0,0,0,0,0,0,0,0,1,0,0,0,130,255,234,227,237,217,204,214,209,210,215,186,255,131,0,0,0,0,0,0,0,1,0,0,0,0,97,249,255,221,220,220,244,227,206,204,204,203,210,212,255,0,0,0,1,1,2,3,0,0,0,0,91,219,255,223,215,226,207,181,214,217,208,210,207,204,208,207,252,5,0,0,0,0,0,0,0,2,96,239,255,226,217,220,213,211,187,212,212,208,210,210,211,211,211,201,255,48,2,0,0,0,6,78,160,255,237,222,212,239,191,177,210,202,205,210,213,209,213,210,208,208,214,209,255,73,0,41,195,213,239,250,239,223,202,219,230,198,157,207,212,208,211,213,213,211,211,205,211,224,232,221,255,60,0,206,243,215,203,181,191,233,230,215,202,167,190,218,208,209,210,210,212,211,210,206,222,238,230,224,255,35,29,210,207,222,230,239,241,233,225,211,205,194,199,214,216,215,211,208,215,218,216,222,234,240,237,236,255,0,0,215,222,209,207,199,211,217,231,234,225,217,208,200,196,201,199,195,195,200,198,207,215,213,212,217,220,0,0,0,111,203,246,244,233,216,202,201,207,212,214,228,241,246,250,250,252,249,247,246,239,248,246,255,219,0,0,0,0,0,13,64,130,179,194,204,195,180,173,149,118,91,73,71,86,86,88,92,90,87,76,49,9,0,0,0,0,0,0,0,0,0,0,0,0,0,0,0,0,0,0,0,0,0,0,0,0,0,0,0,0,0,0,0,0,0,0,0,0,0,0,0,0,0,0,0,0,0,0,0,0,0,0,0,0,0,0,0,0,0,0,0,0,0,0,0,0,0,0,0,0,0,0,0,0,0,0,0,0,0,0,0,0,0,0,0,0,0,0,0,0,0,0,0,0,0,0,0,0,0,0,0,0,0,0,0,0,0,0,0,0,0,0,0,0,0,0,0,0,0,0,0,0,0,0,0,0,0,0,0,0,0,0,0,0,0,0,0,0,0,0,0,0,0,6
0,0,0,0,0,0,0,0,0,0,0,0,0,0,0,0,0,0,0,0,0,0,0,0,0,0,0,0,0,0,0,0,0,0,0,0,0,0,0,0,0,0,0,0,0,0,0,0,0,0,0,0,0,0,0,0,0,0,0,0,0,0,0,0,0,0,0,0,0,0,0,0,0,0,0,0,0,0,0,0,0,0,0,0,0,0,0,0,0,0,0,0,0,0,0,0,0,0,0,0,0,0,0,0,0,0,0,0,0,0,0,0,0,0,0,0,0,0,0,0,0,0,0,0,0,0,0,0,0,32,46,56,61,70,142,184,174,0,0,3,0,0,0,0,0,0,0,0,1,0,0,5,0,92,204,182,223,254,247,238,236,241,222,222,214,11,0,4,0,0,0,0,0,0,0,0,0,1,0,0,0,146,228,202,194,202,212,192,170,196,217,211,206,10,0,2,0,0,0,0,0,0,0,0,0,0,1,0,0,175,214,214,216,163,197,225,191,199,221,224,215,0,0,0,0,0,0,0,0,0,0,0,0,0,5,0,29,226,213,218,201,183,192,196,225,211,227,225,186,70,0,0,0,0,0,0,0,0,0,0,0,0,0,0,85,219,208,226,204,186,208,180,188,236,178,122,184,165,0,0,0,0,0,0,0,0,0,0,0,0,0,0,141,209,204,225,206,199,206,181,202,226,206,174,199,143,0,0,0,0,0,0,0,0,0,0,0,3,0,5,203,199,212,217,197,208,192,175,231,196,218,244,162,149,36,0,0,0,0,0,0,0,0,0,0,3,0,78,217,203,219,215,220,214,170,187,213,171,177,150,94,129,134,0,0,0,0,0,0,0,0,0,0,0,0,166,203,214,218,215,228,212,191,214,203,161,172,69,67,123,199,61,0,0,0,0,0,0,0,0,6,0,33,203,194,219,219,216,224,225,206,194,206,225,103,122,147,215,160,17,0,0,0,0,0,0,0,0,0,0,124,193,197,223,226,224,221,236,200,202,242,255,125,143,37,54,211,30,0,0,0,0,0,0,0,0,0,50,182,187,219,224,232,223,220,236,242,226,251,171,16,127,96,135,226,22,0,0,0,0,0,3,5,0,0,170,174,204,226,219,222,229,237,231,219,183,203,138,100,203,224,199,214,0,0,1,3,7,0,0,0,0,151,188,178,224,223,224,228,238,216,167,155,244,219,215,226,200,186,192,196,0,0,0,0,0,0,11,82,159,161,119,212,225,226,227,225,190,144,199,255,106,46,216,174,185,184,199,170,0,0,0,19,87,131,157,157,122,72,157,219,216,228,209,190,130,228,243,28,0,20,234,178,191,180,196,144,0,0,122,183,188,188,189,184,173,199,216,230,223,213,174,139,223,231,0,0,0,28,236,178,188,185,200,110,0,107,233,194,183,184,178,174,208,210,213,181,168,203,194,239,210,0,0,2,0,18,225,183,187,182,200,79,0,38,168,179,199,246,227,226,218,222,225,224,223,255,255,136,0,0,1,0,0,18,248,192,209,197,214,59,0,0,0,0,19,64,100,138,152,143,133,143,110,74,0,0,0,0,0,1,0,11,205,152,151,141,158,14,0,0,0,0,0,0,0,0,0,0,0,0,0,0,0,0,0,0,0,0,0,0,0,0,0,0,0,0,0,0,0,0,0,0,0,0,0,0,0,0,0,0,0,0,0,0,0,0,0,0,0,0,0,0,0,0,0,0,0,0,0,0,0,0,0,0,0,0,0,0,0,0,0,0,0,0,0,0,0,0,0,0,0,0,0,6
0,0,0,0,0,0,0,0,0,0,0,0,0,0,0,0,0,0,0,0,0,0,0,0,0,0,0,0,0,0,0,0,0,0,0,0,0,0,0,0,0,0,0,0,0,0,0,0,0,0,0,0,0,0,0,0,0,0,0,0,0,0,0,0,0,0,0,0,0,0,0,0,0,0,0,31,18,0,0,0,0,0,0,0,0,0,0,0,0,0,0,0,0,0,0,0,0,0,0,0,2,0,0,166,217,43,0,0,0,6,3,0,0,0,0,0,0,0,0,0,0,0,0,0,0,0,0,0,0,0,121,197,234,249,0,0,0,0,0,0,0,0,0,0,0,0,0,0,0,0,0,0,0,0,0,3,0,10,203,205,222,223,192,202,168,193,25,0,0,0,0,0,0,0,0,0,0,0,0,0,0,0,0,2,0,127,204,205,229,234,229,222,216,206,14,0,0,0,0,0,0,0,0,0,0,0,0,0,0,0,2,0,1,189,209,204,227,232,204,197,202,195,0,0,0,0,0,0,0,0,0,0,0,0,0,0,0,0,5,0,48,227,208,205,219,255,235,203,208,168,0,0,0,0,0,0,0,0,0,0,0,0,0,0,0,0,0,0,112,216,194,226,211,182,155,197,225,158,0,0,0,0,0,0,0,0,0,0,0,0,0,0,0,3,0,7,189,224,184,207,206,213,203,137,211,189,168,0,0,0,0,0,0,0,0,0,0,0,0,0,0,1,0,137,211,202,211,212,213,255,248,153,201,173,163,0,0,0,0,0,0,0,0,0,1,2,0,0,3,0,14,232,191,190,212,221,205,177,146,165,255,122,0,0,0,0,0,0,0,0,0,0,0,0,0,1,2,0,43,186,189,204,208,209,221,206,192,186,223,129,0,0,0,0,0,0,0,0,0,0,0,1,1,0,0,0,119,200,190,245,225,231,226,218,217,205,210,229,0,0,0,0,0,0,0,0,0,0,0,0,1,0,0,11,243,178,197,212,233,214,196,204,212,221,206,233,17,0,0,0,0,0,0,0,0,0,0,4,0,0,8,226,214,183,191,200,221,220,212,210,219,204,213,206,22,0,0,0,0,0,0,0,0,0,2,0,0,94,255,204,171,219,228,220,213,217,220,220,218,219,221,214,81,0,0,2,3,7,5,2,5,2,0,0,172,200,186,184,213,216,195,200,220,227,210,202,215,175,193,213,152,0,0,0,0,0,0,0,0,0,0,170,218,188,201,226,201,192,201,211,193,175,184,134,121,105,182,210,188,0,0,0,63,81,42,11,19,61,152,173,181,200,204,187,202,215,203,176,158,146,154,128,171,189,214,204,175,0,0,133,156,120,174,185,175,164,160,130,89,105,151,178,197,187,189,219,223,216,226,236,227,220,210,197,170,0,0,191,196,140,79,87,101,125,167,206,218,236,238,227,223,222,215,212,207,214,210,207,219,212,219,220,227,0,111,219,216,221,211,201,200,219,214,214,215,212,210,202,198,208,219,228,227,229,229,216,210,201,203,199,206,14,8,137,179,212,221,224,218,208,205,203,207,219,220,218,222,234,226,242,226,209,196,194,199,199,205,199,200,67,0,0,0,56,150,186,209,239,247,248,249,240,236,241,198,104,41,3,0,0,254,255,253,254,245,226,218,62,0,0,0,0,0,0,0,24,46,60,70,51,29,9,0,0,0,0,0,0,77,57,36,26,1,0,0,0,0,0,0,0,0,0,0,0,0,0,0,0,0,0,0,0,0,0,0,0,0,0,0,0,0,0,0,0,6
0,0,0,0,0,0,0,0,0,0,0,0,0,0,0,0,0,0,0,0,0,0,0,0,0,0,0,0,0,0,0,0,0,0,0,0,0,0,0,0,0,0,0,0,0,0,0,0,0,0,0,0,0,0,0,0,0,0,0,0,0,0,0,0,0,0,0,0,0,0,0,0,0,0,0,0,0,0,0,0,0,0,0,0,0,0,0,0,0,0,0,0,0,0,0,0,0,0,0,0,0,0,0,0,0,0,0,0,0,0,0,0,0,0,0,0,0,0,0,0,0,0,0,0,0,0,0,0,0,0,0,0,0,0,0,0,0,0,0,0,0,0,0,0,0,0,0,0,0,0,0,0,0,1,0,0,106,100,72,0,0,0,0,0,0,0,0,0,0,0,0,0,0,0,0,0,0,0,0,0,0,2,0,0,156,175,179,134,63,48,40,24,15,133,175,29,0,0,0,0,0,0,0,0,0,0,0,0,0,4,0,2,141,155,156,222,255,248,248,243,215,163,169,20,0,0,0,0,0,0,0,0,0,0,0,0,1,3,0,9,157,149,163,218,228,228,228,232,199,152,154,1,0,0,0,0,0,0,0,0,0,1,0,0,0,6,0,41,167,141,160,240,234,233,228,237,190,168,177,0,0,0,0,0,0,0,0,0,0,1,0,0,1,0,0,131,172,135,160,255,234,229,235,247,176,182,172,0,0,0,0,0,0,0,0,0,0,0,0,1,1,0,56,182,158,151,182,252,229,232,235,232,173,179,211,6,0,0,0,0,0,0,0,0,0,1,2,3,0,40,189,153,161,159,198,249,229,229,243,221,179,181,198,1,0,0,1,1,1,0,0,0,1,2,0,0,24,167,154,151,169,161,209,249,228,230,249,203,169,171,205,65,0,0,0,0,1,2,3,4,0,0,0,59,160,160,154,165,188,177,214,245,225,238,242,182,166,170,182,53,1,2,3,1,1,0,0,0,0,59,141,173,163,168,172,171,186,173,220,250,229,248,202,166,168,165,174,7,2,0,0,0,0,0,27,62,138,169,154,165,174,173,174,181,189,176,189,236,240,245,178,174,179,165,190,54,0,0,64,100,126,126,145,164,141,146,160,174,172,178,180,188,194,190,180,178,180,176,160,163,175,168,186,57,0,101,150,146,145,135,142,149,154,153,166,168,176,179,188,182,189,201,204,204,199,200,184,188,198,171,183,40,47,118,122,131,147,156,158,169,172,180,190,183,192,194,199,203,191,181,197,204,199,179,179,168,165,144,146,33,38,107,129,135,131,131,133,142,152,164,170,171,172,167,159,155,152,156,147,110,110,111,104,109,121,127,141,53,0,0,10,53,111,136,151,150,144,145,137,140,140,142,142,130,125,100,111,190,181,187,192,193,189,179,179,63,1,0,0,0,0,0,0,24,41,50,47,41,39,14,0,0,0,0,0,95,70,65,53,40,33,35,19,0,0,0,0,0,0,0,0,0,0,0,0,0,0,0,0,0,0,0,0,0,0,0,0,0,0,0,0,0,0,0,0,0,0,0,0,0,0,0,0,0,0,0,0,0,0,0,0,0,0,0,0,0,0,0,0,0,0,0,0,0,0,0,0,0,0,0,0,0,0,0,0,0,0,0,0,0,0,0,0,0,0,0,0,0,0,0,0,0,0,0,0,0,0,0,0,0,0,0,0,0,0,0,0,0,0,0,0,0,0,0,0,0,0,0,0,0,0,0,0,0,0,0,0,0,0,0,0,0,0,0,0,0,0,0,0,0,0,0,0,0,6
0,0,0,0,0,0,0,0,0,0,0,0,0,0,0,0,0,0,0,0,0,0,0,0,0,0,0,0,0,0,0,0,0,0,0,0,0,0,0,0,0,0,0,0,0,0,0,0,0,0,0,0,0,0,0,0,0,0,0,0,0,0,0,0,0,0,0,0,0,0,0,0,0,0,0,0,0,0,0,0,0,0,0,0,0,0,0,0,0,0,0,0,0,0,0,0,0,0,0,0,0,0,0,0,0,0,0,0,0,0,0,0,0,0,0,0,0,0,0,0,0,0,0,0,0,0,0,0,0,0,0,0,0,0,0,0,0,0,0,0,0,0,0,0,0,0,0,0,0,1,0,0,0,0,0,2,0,4,5,3,1,0,0,0,41,44,0,0,0,0,0,0,0,0,0,0,0,0,0,0,0,0,1,2,0,0,0,0,0,0,0,0,0,91,21,0,0,0,0,0,0,0,0,0,0,0,0,0,0,0,2,0,0,109,143,16,0,0,0,24,68,147,5,0,0,0,0,0,0,0,0,0,0,0,0,0,0,0,4,0,21,157,157,179,204,183,150,165,172,148,0,0,0,0,0,0,0,0,0,0,0,0,0,0,0,0,4,0,76,143,141,217,211,209,230,189,136,160,0,0,0,0,0,0,0,0,0,0,0,0,0,0,0,1,0,0,126,107,191,218,196,204,206,200,134,156,0,0,0,0,0,0,0,0,0,0,0,0,1,0,2,6,0,63,158,134,223,217,214,204,214,217,129,162,0,0,0,0,0,0,0,0,0,0,1,1,1,2,3,0,18,134,128,158,234,207,208,199,199,219,125,176,13,0,0,0,0,1,1,1,0,0,1,1,3,2,0,15,134,136,122,190,232,208,207,198,196,238,132,171,69,0,1,0,0,0,0,0,1,2,4,2,0,0,42,147,151,127,139,210,207,210,208,210,221,239,138,140,146,0,0,0,2,2,2,2,2,0,0,0,23,78,108,152,166,148,152,208,223,221,221,213,196,174,126,127,160,0,5,8,0,0,0,0,0,0,28,93,72,0,38,131,147,156,153,157,178,175,176,161,125,117,110,121,163,33,0,0,2,37,67,87,109,126,126,68,17,34,77,112,115,138,154,185,194,182,185,181,166,158,157,135,171,44,0,87,125,95,75,70,47,1,0,0,38,131,108,115,113,140,181,176,166,158,164,161,152,157,163,126,164,33,102,206,176,147,118,90,61,46,75,63,112,164,159,158,166,164,140,101,106,108,137,131,135,138,144,163,225,35,67,149,182,192,174,158,156,151,148,155,170,174,168,165,165,175,193,216,255,248,206,198,211,201,191,178,178,24,0,0,18,82,145,168,164,176,180,186,197,202,200,199,236,209,144,76,11,29,211,206,209,217,218,186,230,72,0,0,0,0,0,0,7,35,54,64,65,56,49,23,0,0,0,0,0,0,81,123,97,107,100,81,74,2,0,0,0,0,0,0,0,0,0,0,0,0,0,0,0,0,0,0,0,0,0,0,0,0,0,0,0,0,0,0,0,0,0,0,0,0,0,0,0,0,0,0,0,0,0,0,0,0,0,0,0,0,0,0,0,0,0,0,0,0,0,0,0,0,0,0,0,0,0,0,0,0,0,0,0,0,0,0,0,0,0,0,0,0,0,0,0,0,0,0,0,0,0,0,0,0,0,0,0,0,0,0,0,0,0,0,0,0,0,0,0,0,0,0,0,0,0,0,0,0,0,0,0,0,0,0,0,0,0,0,0,0,0,0,0,0,0,0,0,0,6
0,0,0,0,0,0,0,0,0,0,0,0,0,0,0,0,0,0,0,0,0,0,0,0,0,0,0,0,0,0,0,0,0,0,0,0,0,0,0,0,0,0,0,0,0,0,0,0,0,0,0,0,0,0,0,0,0,0,0,0,0,0,0,0,0,0,0,0,0,0,0,0,0,0,0,0,0,0,0,0,0,0,0,0,0,0,0,0,0,0,0,0,0,0,0,1,0,4,0,0,0,3,0,0,0,0,1,5,4,9,0,0,0,0,0,0,0,0,0,0,0,0,0,0,1,0,2,66,24,0,0,0,0,0,0,0,0,0,33,16,0,0,0,0,0,0,0,0,0,0,0,0,3,0,14,198,197,74,0,0,0,0,0,0,74,26,128,49,0,0,0,0,0,0,0,0,0,0,0,0,3,0,15,179,191,209,203,206,193,190,152,170,206,206,163,0,0,0,0,0,0,0,0,0,0,0,0,0,3,0,23,190,185,208,214,218,223,228,226,207,185,201,44,0,0,0,0,0,0,0,0,0,0,0,0,0,4,0,23,219,186,208,208,211,212,212,207,195,192,185,0,0,0,0,0,0,0,0,0,0,0,0,1,0,4,0,50,214,196,216,218,218,215,215,215,188,194,170,0,0,0,0,0,0,0,0,0,0,0,0,0,0,5,0,96,192,203,214,217,215,211,214,214,183,197,136,0,0,0,0,0,0,0,0,0,0,0,0,0,0,0,0,139,200,207,215,217,213,211,219,213,182,199,131,0,0,0,0,0,0,0,0,0,0,1,1,0,2,0,0,195,199,212,211,214,214,214,220,209,183,195,151,0,0,0,0,0,0,0,0,0,0,0,0,0,0,0,66,215,200,219,211,215,214,215,218,208,187,193,183,0,0,0,0,0,0,0,0,0,0,0,1,5,0,13,172,191,217,213,215,214,214,214,217,207,194,188,233,11,0,0,0,0,0,0,0,0,2,3,0,0,18,172,183,197,211,206,214,213,212,209,214,200,185,186,205,89,0,0,0,3,5,3,4,4,0,0,0,49,183,184,163,193,213,206,206,213,211,219,220,195,190,189,198,177,0,1,1,0,0,0,0,0,0,43,120,196,176,155,170,189,196,205,207,205,209,206,166,180,196,196,197,212,19,0,0,22,66,88,78,96,147,170,176,175,171,177,197,210,202,197,196,182,167,161,169,202,193,194,192,214,46,0,126,162,116,72,74,128,154,165,159,170,182,194,214,234,236,226,218,220,228,226,224,223,216,199,183,215,32,21,188,174,142,55,69,130,120,141,161,143,159,199,220,217,196,192,184,160,157,161,168,171,184,184,176,189,2,146,209,183,194,181,164,154,146,147,165,184,201,217,200,184,182,193,206,216,228,202,215,211,213,219,209,247,87,62,170,210,200,198,201,199,194,200,216,227,210,199,202,219,234,231,255,228,188,214,204,206,195,194,185,191,84,0,0,62,160,206,197,208,234,229,222,219,231,252,252,196,122,39,0,0,0,234,209,229,234,235,204,253,110,0,0,0,0,0,26,73,113,131,151,150,109,60,0,0,0,0,0,0,0,140,133,106,108,105,80,62,0,0,0,0,0,0,0,0,0,0,0,0,0,0,0,0,0,0,0,0,0,0,0,0,0,0,0,0,0,0,0,0,0,0,0,0,0,0,0,0,0,0,0,0,0,0,0,0,0,0,0,0,0,0,0,0,0,0,0,0,0,0,0,0,0,0,0,0,0,0,0,0,0,0,0,0,0,0,0,0,0,0,0,0,0,6
0,0,0,0,0,0,0,0,0,0,0,0,0,0,0,0,0,0,0,0,0,0,0,0,0,0,0,0,0,0,0,0,0,0,0,0,0,0,0,0,0,0,0,0,0,0,0,0,0,0,0,0,0,0,0,0,0,0,0,0,0,0,0,0,0,0,0,0,0,0,0,0,0,0,0,0,0,0,0,0,0,0,0,0,0,0,0,0,0,0,0,0,0,0,0,0,0,0,0,20,51,130,163,179,198,200,172,99,47,0,0,0,0,0,0,0,0,0,0,0,0,0,0,0,3,0,57,185,204,217,194,217,212,206,240,207,227,195,148,13,0,0,0,0,0,0,0,0,0,0,0,0,3,0,1,166,183,204,195,218,201,184,190,163,173,195,207,36,0,0,0,0,0,0,0,0,0,0,0,0,1,0,0,174,171,182,182,201,197,200,202,214,202,204,157,0,0,0,0,0,0,0,0,0,0,0,0,0,0,0,0,148,184,199,194,214,197,209,206,219,204,207,110,0,0,0,0,0,0,0,0,0,0,0,0,0,0,0,0,117,188,167,195,199,218,245,235,233,221,199,39,0,0,0,0,0,0,0,0,0,0,0,0,0,0,1,0,80,210,158,193,172,186,213,210,208,205,212,5,0,0,0,0,0,0,0,0,0,0,0,0,0,0,0,0,49,197,183,177,179,167,165,195,202,195,192,0,0,0,0,0,0,0,0,0,0,0,0,0,0,0,0,0,121,181,160,178,197,173,183,205,211,202,199,0,0,0,0,0,0,0,0,0,0,0,0,0,0,0,0,79,214,164,164,193,199,212,209,192,195,199,200,0,0,0,0,0,0,0,0,0,0,0,0,0,7,0,3,196,183,200,235,194,196,198,230,244,214,200,203,7,0,0,0,0,0,0,0,0,0,0,0,4,0,0,137,185,190,196,209,173,193,188,198,212,213,188,185,46,0,0,0,0,0,0,0,0,1,3,0,0,0,133,166,135,204,239,194,212,196,198,198,181,185,180,200,114,0,1,0,1,3,4,6,7,0,0,0,52,151,143,122,147,162,199,224,215,185,192,175,218,205,197,197,167,0,0,2,0,0,0,0,0,0,26,128,151,116,115,141,172,174,175,211,239,255,214,178,202,202,202,190,196,1,1,0,0,15,43,56,73,112,158,130,108,142,157,172,184,180,183,195,184,224,242,208,214,216,197,190,202,15,0,19,157,179,185,181,157,129,113,124,142,151,171,183,194,194,188,195,198,203,196,187,198,190,198,188,189,15,0,152,142,113,110,111,113,128,145,152,158,162,173,187,185,198,201,206,198,198,185,198,208,210,208,189,216,60,62,178,175,165,160,142,146,151,163,155,166,175,186,199,203,204,204,199,209,214,214,224,219,214,211,198,230,86,62,180,187,188,195,199,193,187,175,175,187,195,202,205,205,207,215,226,255,231,199,201,188,187,186,177,174,62,0,57,161,200,204,196,196,188,180,186,195,198,205,212,217,197,190,133,29,107,182,167,185,184,188,185,203,100,0,0,0,55,140,211,185,201,205,210,210,202,240,182,41,0,0,0,0,98,231,211,215,216,205,189,181,48,0,0,0,0,0,0,0,34,47,54,53,27,3,0,0,0,0,0,0,19,87,55,0,0,0,0,0,0,0,0,0,0,0,0,0,0,0,0,0,0,0,0,0,0,0,0,0,0,0,0,0,0,0,0,0,0,0,0,0,0,0,0,0,0,0,0,0,0,0,0,0,0,0,0,0,0,0,0,0,0,0,0,0,0,6
0,0,0,0,0,0,0,0,0,0,0,0,0,0,0,0,0,0,0,0,0,0,0,0,0,0,0,0,0,0,0,0,0,0,0,0,0,0,0,0,0,1,3,5,2,2,2,2,2,2,0,0,107,9,0,2,0,0,0,0,0,0,0,0,0,0,0,0,0,0,0,0,0,0,0,0,0,0,0,0,255,67,0,6,0,0,0,0,0,0,0,0,0,1,0,0,0,0,0,9,38,79,105,101,100,97,53,0,164,41,0,5,0,0,0,0,0,0,0,0,0,0,1,2,0,205,219,231,245,249,247,252,251,250,255,248,244,28,0,3,0,0,0,0,0,0,0,0,0,0,0,0,0,193,244,231,229,229,229,231,228,228,230,228,243,24,0,3,0,0,0,0,0,0,0,0,0,0,0,0,0,192,236,234,236,233,231,236,232,234,234,228,248,35,0,3,0,0,0,0,0,0,0,0,0,0,0,0,0,225,228,227,240,234,228,228,228,229,231,228,249,54,0,4,0,0,0,0,0,0,0,0,0,0,2,0,0,251,224,233,242,240,232,231,231,232,226,222,244,72,0,3,0,0,0,0,0,0,0,0,0,0,3,0,25,255,224,243,234,232,233,231,231,233,231,218,249,116,0,1,0,0,0,0,0,0,0,0,0,0,2,0,93,235,224,240,235,231,233,230,230,231,231,221,245,193,0,0,0,0,0,0,0,0,0,0,0,0,1,0,188,242,234,235,236,233,231,231,231,233,234,231,231,255,0,0,0,0,0,0,0,0,0,0,0,2,0,15,255,235,237,225,232,234,230,231,232,234,228,231,226,250,122,0,0,0,0,0,0,0,0,0,1,0,0,119,250,223,223,213,225,232,233,233,234,233,238,231,230,237,232,0,0,0,0,0,0,0,0,4,0,0,73,247,232,227,231,229,234,230,233,232,233,234,225,230,225,229,255,28,0,0,0,0,0,0,1,0,0,35,205,242,230,231,228,227,237,232,230,232,231,232,231,226,218,227,255,86,0,0,0,0,1,4,0,6,162,254,186,212,242,223,225,223,224,222,214,235,226,225,232,225,226,223,255,113,0,0,0,0,0,7,0,93,255,231,233,255,236,227,227,227,224,218,211,234,232,233,238,241,240,227,255,73,0,0,0,1,1,7,0,72,232,235,229,247,232,223,224,222,221,217,216,234,234,237,238,235,233,224,255,92,0,1,4,0,0,0,0,52,255,239,231,239,235,224,219,219,224,227,225,242,247,235,235,231,229,225,255,95,0,0,0,0,0,23,75,133,234,251,235,235,232,228,230,216,234,227,255,255,215,245,225,233,234,226,255,79,0,0,81,157,178,146,166,115,156,254,234,234,235,236,226,229,229,252,255,9,56,255,224,234,233,226,255,73,25,192,237,163,189,175,193,230,253,238,235,227,222,225,226,238,245,162,0,0,88,255,227,234,230,225,255,74,108,218,196,201,194,197,222,249,226,223,228,216,222,226,247,255,73,0,0,0,100,248,229,234,231,229,255,74,110,233,225,225,210,221,222,213,216,218,220,225,238,250,216,8,0,0,2,0,103,243,222,231,234,231,252,90,0,76,150,206,246,254,255,255,255,255,255,255,239,118,0,0,0,1,5,0,114,255,237,255,255,239,255,80,0,0,0,0,0,0,12,44,61,64,51,9,0,0,0,0,0,0,0,0,19,99,55,59,52,54,41,0,0,0,0,0,0,0,0,0,0,0,0,0,0,0,0,0,0,0,0,0,0,0,0,0,0,0,0,0,6
0,0,0,0,0,0,0,0,0,0,0,0,0,0,0,0,0,0,0,0,0,0,0,0,0,0,0,0,0,0,0,0,0,0,0,0,0,0,0,0,0,0,0,0,0,0,0,0,0,0,0,0,0,0,0,0,0,0,0,0,0,0,0,0,0,0,0,0,0,0,0,0,0,0,0,0,0,0,0,0,0,0,0,0,0,0,0,0,0,0,0,0,0,0,0,0,0,0,0,0,0,0,0,0,0,0,0,0,0,0,0,0,0,0,0,0,0,0,0,0,0,0,0,0,0,0,2,0,0,0,0,0,0,0,0,0,0,53,0,0,0,0,0,0,0,0,0,0,0,0,0,0,0,2,0,0,205,214,173,44,4,0,0,0,0,185,28,0,0,0,0,0,0,0,0,0,0,0,0,0,0,2,0,0,195,228,223,225,254,245,224,198,148,177,11,0,0,0,0,0,0,0,0,0,0,0,0,0,0,1,0,0,202,214,205,208,213,216,222,231,232,225,20,0,0,0,0,0,0,0,0,0,0,0,0,0,0,3,0,25,199,205,222,217,215,213,212,216,210,223,31,0,0,0,0,0,0,0,0,0,0,0,0,0,0,0,0,118,206,206,231,213,215,220,220,223,215,229,40,0,0,0,0,0,0,0,0,0,0,0,0,0,0,0,0,185,178,223,225,212,216,219,220,221,214,233,60,0,0,0,0,0,0,0,0,0,0,0,0,0,0,0,94,200,180,228,223,216,217,218,223,221,214,235,87,0,0,0,0,0,0,0,0,0,2,4,0,0,0,54,197,177,192,227,218,214,218,223,223,219,207,235,147,0,0,0,0,0,0,0,0,0,0,2,0,0,41,190,182,168,199,234,216,211,217,219,218,221,218,233,237,0,0,0,0,0,0,0,0,2,5,0,0,84,147,97,151,166,201,230,214,216,216,221,227,227,228,231,255,0,0,0,1,2,3,4,3,0,0,0,129,132,0,91,174,187,212,242,225,239,224,225,228,217,215,217,255,47,1,4,0,0,0,0,0,0,76,176,126,0,76,148,143,149,159,184,199,187,162,224,220,211,213,204,255,92,0,0,0,0,45,87,131,149,129,44,19,108,152,130,107,116,136,157,176,179,178,228,219,219,223,214,255,79,0,24,144,129,132,108,62,25,9,38,110,136,110,120,158,195,212,212,208,203,193,228,231,226,230,227,255,39,0,179,215,191,189,195,185,185,192,178,163,150,153,183,215,224,223,223,227,230,226,243,241,240,233,215,240,64,71,194,179,197,200,205,211,210,220,231,231,244,250,245,240,228,220,198,176,165,160,152,142,140,140,127,150,59,115,213,203,192,189,174,175,182,186,189,189,192,182,176,167,138,126,130,135,139,148,151,157,159,172,175,195,109,0,26,114,188,197,215,219,214,219,215,219,212,225,222,233,228,238,231,233,232,220,236,213,237,234,227,230,131,0,0,0,0,0,34,41,79,141,100,192,97,198,74,150,65,86,73,44,74,14,73,1,38,41,22,3,0,0,1,3,0,0,0,0,0,0,0,0,0,0,0,0,0,0,0,0,0,0,0,0,0,0,0,0,0,0,0,0,0,0,0,0,0,0,0,0,0,0,0,0,0,0,0,0,0,0,0,0,0,0,0,0,0,0,0,0,0,0,0,0,0,0,0,0,0,0,0,0,0,0,0,0,0,0,0,0,0,0,0,0,0,0,0,0,0,0,0,0,0,0,0,0,0,0,0,0,0,0,0,0,0,0,0,0,0,0,0,0,0,6
0,0,0,0,0,0,0,0,0,0,0,0,0,0,0,0,0,0,0,0,0,0,0,0,0,0,0,0,0,0,0,0,0,0,0,0,0,0,0,0,0,0,0,0,0,0,0,0,0,0,0,0,0,0,0,0,0,0,0,0,0,0,0,0,0,0,0,0,0,0,0,0,0,0,0,0,0,0,0,0,0,0,0,0,0,0,0,0,0,0,0,0,0,0,0,0,0,0,0,0,0,0,0,0,0,0,0,0,0,0,0,0,0,0,0,0,0,0,0,0,0,0,0,0,0,0,0,0,0,0,0,0,0,0,0,0,0,0,0,0,0,0,0,0,0,0,0,0,0,1,0,0,0,0,0,33,74,2,0,0,0,0,0,0,0,0,0,0,0,0,0,0,0,0,0,0,0,0,1,0,0,0,0,195,212,209,111,35,32,8,21,94,145,164,149,0,0,0,0,0,0,0,0,0,1,2,2,0,0,0,56,202,180,182,206,207,250,255,214,232,191,206,180,0,0,0,0,0,0,0,0,0,0,1,0,3,0,16,246,181,121,171,158,148,173,126,155,187,178,167,188,1,0,0,0,0,0,0,0,0,0,1,0,2,0,99,215,141,150,198,159,173,175,118,137,180,179,148,182,51,0,0,0,0,0,0,0,0,0,1,1,0,0,204,213,196,205,220,194,205,202,235,214,196,196,168,196,36,0,0,0,0,1,0,0,0,0,2,0,0,149,225,195,196,191,184,194,196,197,194,205,214,215,188,203,36,0,0,0,0,0,1,0,0,4,0,0,135,227,199,192,186,188,183,184,178,176,176,189,183,186,161,187,66,0,0,0,0,1,2,3,0,0,0,143,220,201,206,209,189,194,192,186,187,196,195,188,178,190,159,182,107,1,4,0,0,0,0,0,0,27,204,212,194,196,198,198,164,176,182,182,190,180,158,179,183,187,143,167,136,0,0,0,0,0,3,26,144,250,201,194,201,163,167,199,174,164,155,179,190,175,170,183,176,161,121,167,158,0,71,201,179,223,229,240,225,188,186,194,197,183,173,182,176,179,190,199,186,166,175,180,172,168,129,192,128,19,210,204,211,195,178,172,176,190,196,190,195,190,181,173,184,202,196,171,183,194,203,197,196,198,174,232,63,36,213,167,192,204,198,180,179,190,187,179,184,187,190,196,204,205,204,222,214,211,195,189,186,187,148,210,64,182,204,171,187,204,206,214,206,188,181,182,197,210,221,210,206,203,212,218,176,156,170,163,167,163,124,186,53,83,202,202,197,190,194,190,196,196,188,190,198,197,195,196,227,196,152,58,217,202,158,166,152,130,102,179,48,0,6,95,161,203,215,229,220,217,236,234,233,220,213,128,53,0,0,0,35,215,223,213,228,219,197,237,49,0,0,0,0,0,1,48,40,60,88,62,47,53,13,0,0,0,2,1,0,10,41,31,39,41,34,43,0,0,0,0,0,0,0,0,0,0,0,0,0,0,0,0,0,0,0,0,0,0,0,0,0,0,0,0,0,0,0,0,0,0,0,0,0,0,0,0,0,0,0,0,0,0,0,0,0,0,0,0,0,0,0,0,0,0,0,0,0,0,0,0,0,0,0,0,0,0,0,0,0,0,0,0,0,0,0,0,0,0,0,0,0,0,0,0,0,0,0,0,0,0,0,0,0,0,0,0,0,0,0,0,0,0,0,0,0,0,0,0,0,0,0,0,0,0,0,0,0,0,0,0,0,0,0,0,0,0,0,0,0,0,0,0,0,0,0,0,0,6
0,0,0,0,0,0,0,0,0,0,0,0,0,0,0,0,0,0,0,0,0,0,0,0,0,0,0,0,0,0,0,0,0,0,0,0,0,0,0,0,0,0,0,0,0,0,0,0,0,0,0,0,0,0,0,0,0,0,0,0,0,0,0,0,0,0,0,0,0,0,0,0,0,0,0,0,0,0,0,0,0,0,0,0,0,0,0,0,0,0,0,0,0,0,0,0,0,0,0,0,0,0,0,0,0,0,0,0,0,0,0,0,0,0,0,0,0,0,0,0,0,0,0,0,0,0,0,0,0,0,0,0,0,0,0,0,0,0,0,0,0,0,0,0,0,0,0,0,0,0,1,1,0,0,12,30,30,36,28,45,36,60,44,49,18,0,0,0,0,0,0,0,0,0,0,0,1,1,1,1,0,53,113,123,118,142,122,158,123,157,142,147,145,40,0,1,0,0,0,0,0,0,0,0,0,1,1,0,8,112,117,121,116,156,116,169,122,148,133,136,138,113,0,0,0,0,0,0,0,0,0,0,0,0,1,0,66,110,110,124,130,144,107,165,126,141,139,135,134,144,25,0,0,0,0,0,0,0,0,0,0,1,0,16,119,106,131,95,137,125,126,157,123,141,156,113,136,146,54,0,0,0,0,0,0,0,0,0,0,2,0,64,141,113,145,118,159,139,142,163,143,152,166,146,156,152,67,0,0,0,0,0,0,0,0,0,1,0,3,94,166,128,172,142,174,165,156,178,153,154,161,142,150,153,60,0,0,0,0,0,0,0,0,0,2,0,10,92,148,101,165,113,158,147,122,160,116,138,152,111,135,138,60,0,0,0,0,0,0,2,2,0,0,0,87,136,141,153,147,157,160,171,156,151,160,159,164,152,145,160,82,0,0,0,1,1,1,0,0,0,6,42,140,176,174,208,200,186,173,184,178,176,164,156,145,143,123,139,80,0,0,0,1,0,0,2,20,46,80,87,56,50,61,70,88,112,125,124,127,139,137,135,127,129,113,108,70,0,3,0,0,5,42,61,79,85,84,79,92,89,86,84,90,104,116,120,128,125,149,144,146,136,136,147,121,3,1,0,30,81,87,87,95,97,92,96,97,87,99,115,117,112,119,139,142,142,142,138,138,156,150,119,117,14,0,28,105,104,95,110,115,101,103,106,109,130,133,135,123,127,136,134,144,137,127,142,159,150,119,128,135,15,0,72,111,98,116,119,127,119,139,139,145,133,132,145,132,143,144,135,145,138,151,161,144,123,137,135,126,23,2,126,103,96,101,103,111,104,114,119,132,138,145,151,147,150,151,148,152,150,159,150,138,146,135,109,106,3,93,203,180,186,182,178,171,173,176,168,165,154,142,138,149,143,144,142,145,145,135,131,144,149,159,155,162,40,35,144,179,193,209,208,213,218,224,232,230,228,231,255,254,252,253,251,252,253,252,253,252,223,222,218,221,106,0,0,0,17,28,25,50,77,96,105,112,125,141,146,147,152,164,159,156,154,150,149,100,91,80,85,81,0,0,0,0,0,0,0,0,0,0,0,0,0,0,0,0,0,0,0,0,0,0,0,0,0,0,0,0,0,0,0,0,0,0,0,0,0,0,0,0,0,0,0,0,0,0,0,0,0,0,0,0,0,0,0,0,0,0,0,0,0,0,0,0,0,0,0,0,0,0,0,0,0,0,0,0,0,0,0,0,0,0,0,0,0,0,0,0,0,0,0,0,0,0,0,0,0,0,0,0,0,0,0,0,0,0,0,0,0,0,0,0,0,6
0,0,0,0,0,0,0,0,0,0,0,0,0,0,0,0,0,0,0,0,0,0,0,0,0,0,0,0,0,0,0,0,0,0,0,0,0,0,0,0,0,0,0,0,0,0,0,0,0,0,0,0,0,0,0,0,0,0,0,0,0,0,0,0,0,0,0,0,0,0,0,0,0,0,0,0,0,0,0,0,0,0,0,0,0,0,0,0,0,0,0,0,0,0,0,1,0,1,0,0,35,9,0,0,0,0,0,1,0,26,175,0,0,0,0,0,0,0,0,0,0,0,0,1,0,3,0,40,171,162,31,0,0,0,0,0,0,0,161,0,0,0,0,0,0,0,0,0,0,0,0,0,0,3,0,4,122,163,175,158,165,161,179,158,127,102,92,0,0,0,0,0,0,0,0,0,0,0,0,0,1,4,0,15,135,137,168,173,179,181,182,178,183,194,98,0,0,0,0,0,0,0,0,0,0,0,0,0,1,3,0,16,122,125,159,174,180,176,167,164,167,182,57,0,0,0,0,0,0,0,0,0,0,0,0,0,0,3,0,49,126,139,162,176,174,173,169,167,171,170,23,0,0,0,0,0,0,0,0,0,0,0,0,0,0,3,0,87,135,136,169,179,170,172,174,170,172,179,1,0,0,0,0,0,0,0,0,0,0,0,0,1,0,0,0,116,134,140,168,183,170,173,173,175,174,169,0,0,0,0,0,0,0,0,0,0,0,0,0,0,2,0,17,149,120,145,172,176,173,172,174,172,174,168,0,0,0,0,0,0,0,0,0,0,0,0,0,1,1,0,80,139,96,146,174,174,182,178,172,175,169,183,7,0,0,0,0,0,0,0,0,0,0,1,1,3,0,8,122,112,123,151,170,180,186,178,169,176,167,169,52,0,0,0,0,0,0,0,0,0,0,1,1,0,0,80,130,124,140,158,170,179,181,169,170,169,169,167,117,0,0,0,0,0,0,0,0,0,0,2,0,0,62,139,129,138,145,164,164,170,173,169,173,174,163,163,164,0,0,0,0,0,0,0,1,1,0,0,0,75,138,135,139,137,142,168,161,170,167,169,175,171,163,159,179,31,1,1,0,0,2,2,0,0,0,13,85,137,135,147,150,146,142,161,165,174,170,169,173,171,178,156,162,52,1,2,1,0,0,0,0,15,76,115,126,135,143,159,152,143,148,169,158,170,169,173,175,175,183,154,154,47,0,0,0,0,13,38,73,111,117,126,128,142,143,139,140,140,145,162,169,174,164,160,152,151,154,147,198,79,0,3,75,100,108,115,122,114,119,129,141,136,134,130,128,141,146,136,141,157,160,173,198,214,223,215,226,75,54,154,97,90,104,112,123,132,135,139,134,134,140,145,138,129,136,168,249,238,234,230,225,224,222,216,206,27,13,160,205,165,128,119,102,112,128,136,132,145,128,116,140,163,195,215,111,0,102,227,211,213,215,208,201,17,0,0,39,135,190,200,190,195,161,141,146,131,152,186,208,213,67,0,0,0,117,248,219,227,226,230,254,0,3,0,0,0,0,31,90,148,192,196,200,204,197,134,23,0,0,0,7,0,61,208,193,184,171,163,82,0,0,0,0,0,0,0,0,0,0,0,0,0,0,0,0,0,0,0,0,0,0,0,0,0,0,0,0,0,0,0,0,0,0,0,0,0,0,0,0,0,0,0,0,0,0,0,0,0,0,0,0,0,0,0,0,0,0,0,0,0,0,0,0,0,0,0,0,0,0,0,0,0,0,0,0,0,0,0,0,0,0,0,0,0,6
0,0,0,0,0,0,0,0,0,0,0,0,0,0,127,0,0,50,44,43,36,20,0,0,0,0,0,0,0,0,0,0,0,0,0,0,0,0,0,0,0,164,255,135,100,255,239,255,255,255,237,0,0,0,0,0,0,0,0,0,0,0,0,0,0,0,1,0,0,170,202,217,225,228,222,206,218,232,254,0,0,0,0,0,0,0,0,0,0,0,0,0,0,0,0,0,0,188,225,219,232,232,232,218,234,241,237,0,0,0,0,0,0,0,0,0,0,0,0,0,0,0,0,0,0,207,238,235,247,244,249,228,243,246,254,31,0,0,0,0,0,0,0,0,0,0,0,0,0,0,5,0,78,252,191,209,216,220,192,170,204,197,245,169,0,0,0,0,0,0,0,0,0,0,0,0,0,0,3,0,45,254,215,208,200,181,207,205,202,218,249,167,0,0,0,0,0,0,0,0,0,0,0,0,0,0,3,0,45,254,231,239,243,240,211,202,239,244,233,140,0,0,0,0,0,0,0,0,0,0,0,0,0,0,1,0,94,253,216,230,236,237,241,246,239,187,219,191,0,0,0,0,0,0,0,0,0,0,0,0,0,0,0,0,145,250,223,234,237,239,229,224,197,209,224,255,0,0,0,0,0,0,0,0,0,0,0,0,0,0,0,0,202,233,221,231,234,236,233,222,226,236,223,255,117,0,0,0,0,0,0,0,0,0,0,0,0,1,0,0,242,221,225,232,239,235,233,228,233,244,229,253,179,0,0,0,0,0,0,0,0,0,1,0,0,2,0,57,253,222,229,236,233,228,231,231,226,232,229,255,119,0,0,0,0,0,0,0,0,0,0,0,0,0,0,133,251,220,238,232,224,233,235,233,229,221,237,226,0,0,0,0,0,0,0,0,0,0,0,0,1,0,0,195,239,228,234,226,235,239,234,233,233,217,215,211,0,0,0,0,0,0,0,0,0,0,0,1,0,0,23,240,223,231,226,229,230,224,224,216,229,197,240,246,0,0,0,0,0,0,0,0,0,0,0,0,0,0,134,250,218,219,225,229,218,219,214,214,205,210,247,220,0,0,0,0,0,0,0,0,0,0,0,1,0,0,228,226,213,220,224,219,218,225,221,208,204,237,241,219,0,0,0,0,0,0,0,0,0,0,0,0,0,147,229,218,218,218,217,216,214,222,221,198,209,248,239,217,0,0,0,0,0,0,0,0,1,0,0,17,151,221,191,220,228,219,223,220,217,212,254,106,159,245,240,209,0,0,0,0,0,0,0,0,0,0,128,230,218,209,211,203,204,206,206,208,206,216,243,0,178,239,247,191,0,0,0,0,0,0,0,0,0,213,229,201,211,218,226,199,194,198,197,203,199,246,138,0,235,246,248,193,0,0,0,0,0,0,0,0,96,254,202,220,222,220,214,203,203,207,208,216,204,234,104,0,54,203,228,111,0,0,0,0,0,0,0,0,56,248,209,217,205,203,197,193,198,213,209,208,187,240,93,0,0,0,9,0,0,0,0,0,0,0,0,0,128,234,214,219,215,212,207,209,211,214,211,195,200,255,19,0,4,0,0,3,0,0,0,0,0,0,0,0,181,241,236,239,238,234,237,236,235,229,223,232,247,187,0,0,0,1,3,0,0,0,0,0,0,0,0,0,0,83,161,198,223,229,235,222,208,191,207,215,96,0,0,0,0,0,0,0,0,0,0,0,0,0,0,0,0,0,0,0,0,0,0,0,0,0,0,0,0,0,0,0,2,0,0,0,0,0,0,0,6
0,0,0,0,0,0,0,0,0,0,0,0,0,0,0,0,0,0,0,0,0,0,0,0,0,0,0,0,0,0,0,0,0,0,0,0,0,0,0,0,0,0,0,0,0,0,0,0,0,0,0,0,0,0,0,0,0,0,0,0,0,0,0,0,0,0,0,0,0,0,0,0,0,0,0,0,0,0,0,0,0,0,0,0,0,0,0,0,0,0,0,0,0,0,0,0,0,0,0,0,0,0,0,0,0,0,0,0,0,0,0,0,0,0,0,0,0,0,0,0,0,0,0,0,0,0,0,0,0,0,0,0,0,0,0,0,0,0,0,0,0,0,0,0,0,0,0,0,0,0,0,0,0,0,0,0,90,156,64,0,0,0,0,0,3,48,0,1,0,0,0,0,0,0,0,0,0,0,0,0,0,1,0,0,196,208,207,183,160,136,93,8,159,151,0,4,0,0,0,0,0,0,0,0,0,0,0,0,0,2,0,25,202,190,211,226,235,240,240,226,218,97,0,1,0,0,0,0,0,0,0,0,0,0,0,0,0,3,0,60,213,206,215,217,211,218,215,216,209,76,0,2,0,0,0,0,0,0,0,0,0,0,0,0,0,0,0,97,218,216,217,233,227,227,226,219,207,50,0,2,0,0,0,0,0,0,0,0,0,0,0,0,2,0,0,184,214,224,231,234,235,228,218,222,240,64,0,2,0,0,0,0,0,0,0,0,0,0,0,0,0,0,74,254,215,218,237,236,237,231,220,224,217,91,0,0,0,0,0,0,0,0,0,0,0,0,0,3,0,9,233,186,209,227,226,235,234,229,226,231,217,145,0,0,0,0,0,0,0,0,0,0,0,0,4,0,0,165,130,170,228,234,229,230,228,227,236,219,211,203,0,0,0,0,0,0,0,0,0,0,1,4,0,0,160,113,61,208,228,226,228,234,239,244,229,211,214,242,40,0,1,0,2,3,2,0,4,4,0,0,0,137,101,28,195,184,173,233,223,229,225,209,186,208,217,219,117,0,0,3,0,0,0,0,0,0,0,49,182,142,104,223,231,222,184,215,220,230,220,195,209,219,215,218,157,0,0,0,0,38,29,3,21,101,182,151,14,125,227,209,215,224,230,220,220,214,216,217,235,228,224,223,187,0,0,60,138,117,172,194,186,141,100,86,158,227,190,208,226,230,224,219,215,224,228,220,218,225,222,218,186,0,34,187,209,156,146,158,94,41,97,187,201,193,222,226,226,227,212,198,204,208,200,191,183,161,140,132,145,25,69,157,178,208,205,205,211,223,230,219,205,206,223,219,204,209,204,204,189,160,153,142,145,142,154,152,165,47,0,3,75,126,157,175,190,186,194,202,202,200,193,180,170,146,74,25,0,4,206,220,201,194,191,174,172,69,0,0,0,0,0,0,19,45,65,86,95,91,81,39,1,0,0,0,0,0,48,52,27,20,10,3,0,0,0,0,0,0,0,0,0,0,0,0,0,0,0,0,0,0,0,0,0,0,0,0,0,0,0,0,0,0,0,0,0,0,0,0,0,0,0,0,0,0,0,0,0,0,0,0,0,0,0,0,0,0,0,0,0,0,0,0,0,0,0,0,0,0,0,0,0,0,0,0,0,0,0,0,0,0,0,0,0,0,0,0,0,0,0,0,0,0,0,0,0,0,0,0,0,0,0,0,0,0,0,0,0,0,0,0,0,0,0,0,0,0,0,0,0,0,0,0,0,0,0,0,0,0,0,0,0,0,0,0,0,0,0,0,0,0,0,0,0,0,6
0,0,0,0,0,0,0,0,0,0,0,0,0,0,1,3,0,0,0,0,0,102,60,13,0,0,1,0,0,0,0,0,0,0,0,0,0,0,0,0,0,0,0,0,10,37,61,100,114,170,125,167,208,0,0,2,0,0,0,0,0,0,0,0,0,0,0,0,2,0,10,126,146,164,191,210,200,165,179,200,246,74,0,5,0,0,0,0,0,0,0,0,0,0,0,0,2,0,0,165,187,191,196,181,189,216,194,208,166,155,0,0,0,0,0,0,0,0,0,0,0,0,0,0,3,0,42,213,238,241,241,228,171,49,89,251,132,159,5,0,0,0,0,0,0,0,0,0,0,0,0,3,0,40,235,224,142,102,82,79,116,250,254,223,184,171,19,0,0,0,0,0,0,0,0,0,0,0,1,0,0,169,139,0,0,0,0,85,203,209,205,224,215,222,10,0,0,0,0,0,0,0,0,0,0,1,5,0,41,210,132,4,76,203,255,189,14,0,191,226,214,204,0,0,0,0,0,0,0,0,0,0,0,0,0,0,0,168,200,212,255,255,225,152,118,254,253,221,211,226,132,0,0,0,0,0,0,0,0,0,0,0,0,0,0,158,61,243,49,0,155,254,255,201,111,241,218,191,251,14,0,0,0,0,0,0,0,0,0,0,3,0,0,207,127,225,155,0,0,222,243,186,81,241,222,97,220,138,0,0,0,0,0,0,0,0,0,0,6,0,141,230,229,211,255,206,49,228,224,238,205,208,212,234,226,176,0,0,0,0,0,0,0,0,0,4,0,4,212,163,0,120,212,235,255,143,0,249,202,214,211,207,208,185,0,0,0,0,0,0,0,0,0,4,0,0,203,186,0,0,0,148,213,229,182,224,211,214,216,209,230,169,0,0,0,0,0,0,0,0,0,0,0,0,135,195,244,224,172,211,199,227,255,212,213,209,207,205,243,88,0,0,0,0,0,1,0,0,0,0,0,0,0,161,196,195,250,254,198,0,170,215,220,246,215,210,208,0,0,0,0,0,0,1,0,0,0,0,0,132,182,208,152,0,0,176,255,29,129,249,192,58,162,233,180,0,0,0,0,0,0,0,0,1,0,0,129,214,188,207,205,0,0,19,206,188,255,128,0,0,0,220,147,0,0,0,0,0,1,2,0,6,0,35,215,165,148,225,241,255,120,154,221,223,40,0,0,4,0,189,117,0,0,0,0,0,0,0,4,0,0,207,205,0,0,70,229,201,216,220,229,71,0,0,3,0,0,185,90,0,0,0,0,0,1,3,0,0,0,194,206,232,239,99,158,216,160,221,110,0,0,0,0,0,0,181,77,0,0,0,0,0,0,0,0,79,211,137,203,215,205,244,211,206,220,218,22,0,0,0,0,5,0,187,69,0,0,0,0,5,0,76,166,186,166,0,255,198,247,212,188,204,227,79,0,0,0,0,1,1,0,190,60,0,0,5,7,5,0,109,197,169,214,136,254,0,107,254,179,227,170,0,0,1,1,0,1,0,0,194,32,0,0,0,0,0,0,37,204,192,196,203,233,0,0,77,240,213,0,0,5,0,0,2,0,0,0,193,21,0,0,78,130,120,153,153,216,217,181,175,124,0,118,229,215,47,0,1,0,0,0,0,2,0,0,193,12,0,0,61,101,110,162,158,166,195,210,218,220,255,255,180,0,0,0,0,0,0,0,0,4,0,32,207,6,0,0,0,0,0,0,0,0,0,0,27,35,12,0,0,0,1,0,0,0,0,0,0,2,0,0,71,0,0,6
0,0,0,0,0,0,0,0,0,0,0,0,0,0,0,0,0,0,0,0,0,0,0,0,0,0,0,0,0,0,0,0,0,0,0,0,0,0,0,0,0,0,0,0,0,0,0,0,0,0,0,0,0,0,0,0,0,0,0,0,0,0,0,0,0,0,0,0,0,2,6,5,2,1,0,1,5,0,128,156,0,0,1,0,0,0,0,0,0,0,0,0,0,1,0,0,0,0,0,0,0,0,0,0,0,0,14,170,57,0,4,0,0,0,0,0,0,0,0,0,0,0,0,3,0,2,92,66,0,0,0,0,0,8,119,205,149,0,2,0,0,0,0,0,0,0,0,0,0,1,0,7,0,111,210,217,183,203,221,232,237,246,243,239,178,0,0,1,0,0,0,0,0,0,0,0,0,1,0,5,0,131,192,213,219,208,214,213,219,217,230,235,212,18,0,4,0,0,0,0,0,0,0,0,0,0,0,5,0,146,186,213,219,189,207,209,206,214,229,225,220,70,0,0,0,0,0,0,0,0,0,0,0,0,0,0,0,163,184,211,218,197,209,213,213,214,232,221,240,133,0,0,0,0,0,0,0,0,0,0,0,0,2,0,0,208,184,228,215,202,210,213,213,219,233,227,236,203,0,0,0,0,0,0,0,0,0,0,0,0,5,0,54,226,178,232,214,206,210,211,209,226,211,221,229,219,15,0,0,0,0,0,0,0,0,0,0,0,6,0,122,196,167,232,216,203,212,214,210,247,185,165,205,221,144,0,0,0,0,0,0,0,0,0,0,4,0,0,197,183,181,236,213,203,215,215,213,242,110,127,177,226,213,0,0,0,0,0,0,0,0,0,0,11,0,54,226,174,174,224,209,208,216,210,218,218,152,253,241,231,223,88,0,0,0,0,0,0,0,0,0,6,0,143,197,164,166,224,217,210,211,219,204,219,223,243,234,228,209,129,0,0,0,0,0,0,0,0,3,0,6,197,185,186,179,206,222,200,206,205,228,226,253,253,221,231,195,149,0,0,0,0,0,0,0,0,3,0,106,193,179,215,174,191,250,211,207,219,207,105,144,87,167,255,209,154,0,0,0,0,0,0,0,2,0,0,181,139,184,208,75,36,179,215,211,192,119,179,217,224,254,185,190,158,0,0,0,0,0,0,2,7,0,92,182,159,209,110,50,18,9,132,228,223,255,255,253,250,234,200,231,162,0,0,2,4,4,7,0,0,22,178,120,201,106,29,68,100,210,255,220,245,212,206,208,205,241,200,199,156,2,0,0,0,0,0,0,0,136,109,118,217,14,24,40,189,250,223,187,211,206,252,245,238,253,219,191,156,0,0,1,35,57,58,51,120,167,181,228,84,4,128,233,245,206,175,247,152,41,255,235,238,250,189,198,143,0,108,155,165,161,188,195,205,222,240,63,39,154,228,237,197,190,254,144,0,25,255,229,239,243,187,202,145,78,153,191,196,201,200,247,171,129,30,98,221,244,229,180,203,242,43,0,0,75,252,230,237,251,215,199,144,112,207,205,211,210,159,58,76,158,187,240,240,205,195,210,182,0,0,2,0,48,244,232,232,238,217,191,143,0,92,171,193,215,255,255,255,246,245,236,221,199,217,85,0,0,2,3,0,43,255,238,244,255,234,240,166,0,0,0,0,22,51,90,117,130,121,112,82,39,0,0,0,0,0,1,0,3,158,132,122,123,109,105,19,0,0,0,0,0,0,0,0,0,0,0,0,0,0,0,0,0,0,0,0,0,0,0,0,0,0,0,0,6
0,0,0,0,0,0,0,0,0,0,0,0,0,0,0,0,0,0,0,0,0,0,0,0,0,0,0,0,0,0,0,0,0,0,0,0,0,0,0,0,0,0,0,0,0,0,0,0,0,0,0,0,0,0,0,0,0,0,0,0,0,0,0,0,0,0,0,0,0,0,0,0,0,0,0,0,0,0,0,0,0,0,0,0,0,0,0,0,0,0,0,0,0,0,0,0,0,0,0,0,0,0,0,0,0,0,0,0,0,0,0,0,0,0,0,0,0,0,0,0,0,0,0,0,0,0,0,0,0,0,0,0,0,0,0,0,0,0,0,0,0,0,0,0,0,0,0,0,0,0,0,0,0,0,0,0,33,0,0,0,0,0,0,5,0,0,0,0,0,0,0,0,0,0,0,0,0,0,0,0,1,0,0,138,248,198,7,0,0,0,0,0,0,7,0,0,0,0,0,0,0,0,0,0,0,0,0,0,2,0,31,218,197,223,254,84,0,0,0,60,185,234,47,0,0,0,0,0,0,0,0,0,0,0,0,0,2,0,90,207,197,217,243,255,231,222,255,255,243,249,34,0,0,0,0,0,0,0,0,0,0,0,0,0,0,0,129,223,198,242,249,238,255,251,243,239,246,229,0,0,0,0,0,0,0,0,0,0,0,0,0,0,0,0,199,217,197,228,245,248,247,246,252,240,243,196,0,0,0,0,0,0,0,0,0,0,0,0,0,0,0,81,226,196,212,205,213,223,231,227,225,206,210,133,0,0,0,0,0,0,0,0,0,0,0,0,1,0,29,202,188,207,230,231,217,209,211,206,200,188,211,185,0,0,0,0,0,0,0,0,0,0,0,0,0,33,189,191,196,225,231,233,231,228,227,216,210,201,207,245,8,0,0,0,0,0,0,0,0,0,0,0,34,184,207,185,217,233,231,228,229,228,223,211,209,223,204,245,58,0,0,0,0,0,0,0,2,0,0,0,202,191,189,196,213,228,227,232,231,219,211,217,226,218,227,245,153,0,4,3,6,0,0,0,0,0,0,115,189,185,192,205,223,229,224,214,202,194,184,205,178,171,214,220,219,0,1,0,0,0,0,0,34,98,138,156,186,181,183,193,188,176,183,190,196,198,206,219,195,203,221,212,223,41,0,15,84,101,126,134,125,90,96,156,154,172,204,213,211,207,209,231,232,225,228,227,239,239,238,210,225,45,0,192,181,44,0,18,68,95,152,171,183,209,232,246,232,222,202,204,192,194,190,189,191,191,199,196,203,8,0,176,201,206,216,208,212,212,200,207,232,242,236,217,187,189,194,209,221,205,199,195,187,184,186,188,205,40,87,176,177,187,191,194,193,199,211,213,214,205,190,189,211,225,215,195,163,187,174,164,167,172,177,169,212,93,0,44,107,152,170,183,186,196,208,209,212,209,195,198,150,71,22,0,0,180,230,208,222,215,221,216,234,87,0,0,0,0,0,0,0,17,29,36,32,20,6,0,0,0,0,0,0,46,49,37,39,31,29,32,8,0,0,0,0,0,0,0,0,0,0,0,0,0,0,0,0,0,0,0,0,0,0,0,0,0,0,0,0,0,0,0,0,0,0,0,0,0,0,0,0,0,0,0,0,0,0,0,0,0,0,0,0,0,0,0,0,0,0,0,0,0,0,0,0,0,0,0,0,0,0,0,0,0,0,0,0,0,0,0,0,0,0,0,0,0,0,0,0,0,0,0,0,0,0,0,0,0,0,0,0,0,0,0,0,0,0,0,0,0,0,0,0,0,6
0,0,0,0,0,0,0,0,0,0,0,0,0,0,0,0,0,0,0,0,0,0,0,0,0,0,0,0,0,0,0,0,0,0,0,0,0,0,0,0,0,0,0,0,0,0,0,0,0,0,0,0,0,0,0,0,0,0,0,0,0,0,0,0,0,0,0,0,0,0,0,0,0,0,0,0,0,0,0,0,0,0,0,0,0,0,0,0,0,0,0,0,0,0,0,0,0,0,0,0,0,0,0,0,0,0,0,0,0,0,0,0,0,0,0,0,0,0,0,0,0,0,0,0,0,0,0,0,0,0,0,0,0,0,0,1,0,0,0,0,0,0,0,0,0,0,0,0,0,0,0,0,0,0,0,0,0,131,224,77,0,0,0,0,0,1,0,0,0,0,0,0,0,0,0,0,0,0,0,0,0,0,0,0,112,203,216,238,236,191,165,71,0,0,0,0,0,0,0,0,0,0,0,0,0,0,1,1,0,2,0,0,192,200,210,228,245,248,245,248,186,40,0,0,0,0,0,0,0,0,0,0,0,1,1,0,0,0,0,162,208,198,216,240,235,231,234,227,254,239,0,0,0,0,0,0,0,0,0,0,1,1,0,0,2,0,95,232,146,224,221,232,237,239,240,236,241,187,0,0,0,0,0,0,0,0,0,0,1,1,1,0,0,0,156,203,197,217,217,223,234,234,236,235,244,203,0,0,0,0,0,0,0,0,0,0,0,0,0,0,0,89,246,206,240,227,217,199,209,217,217,199,219,238,16,0,0,0,0,0,3,0,1,1,2,0,4,0,120,233,197,218,253,197,163,219,187,184,199,197,192,212,20,0,0,0,0,0,0,3,1,0,0,5,0,0,219,187,225,195,167,209,225,225,227,212,201,200,204,232,28,0,0,0,0,0,0,1,4,3,0,0,47,171,197,178,139,224,202,183,236,192,185,189,198,197,210,209,54,0,0,0,2,3,1,0,0,0,0,43,182,214,199,216,209,228,204,134,199,191,198,215,218,217,211,212,95,0,0,1,0,0,0,0,27,71,131,246,198,166,210,194,157,237,211,198,206,211,217,220,213,217,212,213,155,0,0,0,12,47,21,98,255,230,227,187,208,133,227,203,167,222,205,214,198,198,205,204,200,207,212,211,190,0,0,99,159,85,94,150,129,70,99,123,151,128,207,197,201,203,201,205,217,227,224,226,224,224,216,209,204,0,0,179,209,157,150,159,52,83,146,175,188,210,216,217,221,222,222,210,209,204,207,204,209,213,210,205,203,0,14,134,192,218,227,222,226,229,234,225,222,224,220,223,214,206,206,209,212,216,214,214,208,213,204,199,192,8,42,120,106,127,148,158,168,182,196,202,215,203,189,177,175,168,158,153,148,136,125,122,125,123,134,121,120,49,2,45,89,94,105,103,97,92,95,94,101,107,107,103,100,98,99,104,107,105,107,109,112,106,101,97,117,34,0,0,0,3,15,24,43,55,60,56,62,69,73,66,62,61,62,62,61,62,69,72,64,66,61,62,49,0,0,0,0,0,0,0,0,0,0,0,0,0,0,0,0,0,0,0,0,0,0,0,0,0,0,0,0,0,0,0,0,0,0,0,0,0,0,0,0,0,0,0,0,0,0,0,0,0,0,0,0,0,0,0,0,0,0,0,0,0,0,0,0,0,0,0,0,0,0,0,0,0,0,0,0,0,0,0,0,0,0,0,0,0,0,0,0,0,0,0,0,0,0,0,0,0,0,0,0,0,0,0,0,0,0,0,0,0,0,0,0,0,6
0,0,0,0,0,0,0,0,0,0,0,0,0,0,0,0,0,0,0,0,0,0,0,0,0,0,0,0,0,0,0,0,0,0,0,0,0,0,0,0,0,0,0,0,0,0,0,0,0,0,0,0,0,0,0,0,0,0,0,0,0,0,0,0,0,0,0,0,0,0,0,0,0,0,0,0,0,0,0,0,0,0,0,0,0,0,0,0,0,0,0,0,0,0,0,0,0,0,0,0,0,0,0,0,0,0,0,0,0,0,0,0,0,0,0,0,0,0,0,0,0,1,0,0,0,3,0,12,124,99,108,123,112,105,73,55,32,0,0,0,0,0,0,0,0,0,0,0,0,0,0,0,0,3,0,55,204,139,161,180,168,248,235,224,229,171,181,61,0,0,0,0,0,0,0,0,0,1,0,0,0,3,0,87,175,125,143,151,125,179,164,181,188,181,186,82,0,0,0,0,0,0,0,0,0,0,0,1,0,0,0,125,152,124,133,143,161,189,102,171,176,158,178,15,0,0,0,0,0,0,0,0,0,0,0,1,0,0,0,152,148,156,174,176,160,190,159,174,148,142,162,0,0,0,0,0,0,0,0,0,0,0,0,0,0,0,31,158,148,159,161,150,167,175,211,228,195,168,131,0,0,0,0,0,0,0,0,0,0,0,0,0,0,0,96,175,135,169,165,151,171,176,183,198,193,168,83,0,0,0,0,0,0,0,0,0,0,0,1,0,0,235,166,114,135,166,167,190,172,172,168,165,170,192,76,0,0,0,0,0,1,0,0,1,0,0,8,0,69,226,192,184,134,180,192,201,159,189,174,158,140,179,60,0,0,0,0,0,0,0,0,0,0,3,0,0,69,198,206,239,255,176,146,186,212,204,189,181,160,171,102,0,0,0,0,0,0,1,1,0,0,0,0,96,142,167,235,228,183,171,188,131,164,203,206,175,134,157,156,0,0,0,2,3,1,0,0,0,0,15,137,172,148,153,167,217,157,179,144,143,143,146,153,180,155,151,177,21,0,0,0,0,0,0,0,13,93,172,175,138,167,167,148,199,174,166,157,150,161,180,164,161,193,176,158,89,0,0,11,38,55,73,114,157,156,151,149,144,153,149,179,162,196,169,131,177,155,193,189,144,148,152,144,113,0,107,147,126,141,153,140,128,129,142,152,147,142,123,137,156,164,198,217,223,197,190,167,169,148,146,160,120,22,170,124,130,146,130,139,146,141,131,142,135,141,130,124,129,158,152,149,165,147,179,162,149,148,148,165,98,149,167,142,138,131,114,125,152,135,134,132,119,137,132,150,143,132,166,152,155,158,179,179,187,180,178,249,71,166,220,217,196,175,138,114,121,126,123,115,117,134,126,148,171,205,203,161,190,219,224,217,215,203,205,230,34,0,102,168,216,226,220,205,199,199,186,181,194,208,221,196,178,88,4,0,103,237,204,212,203,203,207,230,56,0,0,0,0,83,149,199,189,203,205,205,192,199,89,0,0,0,0,0,107,212,198,240,232,229,184,225,35,0,0,0,0,0,0,0,0,0,0,0,0,0,0,0,0,0,0,0,0,0,0,0,0,0,0,0,0,0,0,0,0,0,0,0,0,0,0,0,0,0,0,0,0,0,0,0,0,0,0,0,0,0,0,0,0,0,0,0,0,0,0,0,0,0,0,0,0,0,0,0,0,0,0,0,0,0,0,0,0,0,0,0,0,0,0,0,0,0,0,0,0,0,0,0,0,0,0,0,0,0,0,0,0,0,0,0,0,0,0,0,0,6
0,0,0,0,0,0,0,0,0,0,0,0,0,0,0,0,0,0,0,0,0,0,0,0,0,0,0,0,0,0,0,0,0,0,0,0,0,0,0,0,0,0,0,0,0,0,0,0,0,0,0,64,173,33,0,1,0,0,0,0,0,0,0,0,0,4,0,41,154,189,203,213,222,222,223,207,198,119,21,183,251,83,0,1,0,0,0,0,0,0,0,0,0,9,0,89,243,209,194,187,188,185,195,247,253,255,1,111,239,99,0,0,0,0,0,0,0,0,0,0,0,8,0,18,122,112,97,18,0,0,0,0,0,47,77,152,239,174,0,0,0,0,0,0,0,0,0,0,0,6,0,199,255,234,245,255,255,218,143,51,0,0,1,209,248,192,0,0,0,0,0,0,0,0,0,0,0,2,0,38,71,66,108,144,176,213,255,255,117,2,73,237,246,194,0,0,0,0,0,0,0,0,0,0,0,0,0,0,0,0,0,0,0,25,96,154,138,0,68,244,230,253,67,0,0,0,0,0,0,0,0,0,4,0,48,233,232,255,192,99,2,0,0,0,71,190,223,226,240,249,219,0,0,0,0,0,0,0,0,0,5,0,5,161,157,240,229,253,253,255,185,51,62,243,252,238,239,238,255,14,0,0,0,0,0,0,0,0,0,0,3,0,0,0,0,0,76,233,180,0,52,255,238,238,240,232,255,79,0,0,0,0,0,0,0,2,0,1,255,243,255,160,30,0,0,0,16,13,65,200,254,236,232,231,255,82,0,0,1,0,0,0,0,1,0,0,45,138,240,255,255,255,157,68,136,192,255,245,239,236,236,229,253,98,0,0,0,0,0,0,0,3,0,72,32,0,0,0,33,197,154,0,32,177,241,230,237,229,237,231,250,107,0,0,0,0,0,0,1,3,0,235,255,255,169,41,0,0,72,14,55,255,235,239,235,234,236,234,255,0,0,0,0,0,0,0,1,0,0,9,83,193,255,253,255,124,94,180,194,240,237,234,231,239,231,250,195,0,0,0,0,0,0,0,6,0,110,232,102,0,0,120,200,3,4,188,253,228,238,253,255,255,235,254,84,0,0,0,0,0,0,0,6,0,32,214,250,179,68,0,14,3,11,255,225,240,255,146,11,0,137,253,13,0,0,0,0,0,0,0,0,0,0,0,222,234,247,133,145,219,209,207,252,243,15,0,0,0,114,238,0,0,0,0,0,0,1,0,10,145,35,0,0,97,71,0,146,229,240,250,217,0,0,3,0,0,140,213,0,0,0,0,0,0,5,0,38,255,226,154,52,19,11,0,91,217,238,205,0,0,6,0,0,0,153,188,0,0,0,0,0,0,0,74,35,95,173,180,111,206,191,130,220,244,235,22,0,2,0,0,0,0,161,175,0,0,2,3,6,1,0,255,206,62,113,0,0,139,239,240,226,249,108,0,0,1,2,0,6,0,168,157,0,0,0,0,0,0,0,19,0,196,126,36,6,230,233,229,244,213,0,0,1,1,1,2,6,0,176,136,0,1,0,14,14,33,45,28,1,139,214,255,163,249,231,232,241,29,0,3,0,0,2,3,7,0,180,123,0,2,100,180,187,177,175,185,181,255,236,232,238,230,237,253,128,0,0,0,0,0,0,0,8,0,194,110,0,7,0,20,56,101,124,176,212,211,225,229,230,225,251,125,0,0,2,0,0,0,0,0,5,0,175,89,0,6,0,0,0,0,0,0,0,0,1,10,13,0,0,0,0,0,0,0,0,0,0,0,1,0,9,0,0,1,6
0,0,0,0,0,0,0,0,0,0,0,0,0,0,0,0,0,0,0,0,0,0,0,0,0,0,0,0,0,0,0,0,0,0,0,0,0,0,0,0,0,0,0,0,0,0,0,0,0,0,0,0,0,0,0,0,0,0,0,0,0,0,0,0,0,0,0,0,0,0,0,0,0,0,0,0,0,0,0,0,0,0,0,0,0,0,0,0,0,0,0,0,0,0,0,0,0,0,0,0,0,0,0,0,0,0,0,0,0,0,0,0,0,0,0,0,0,0,0,0,0,0,0,0,0,0,0,0,0,0,0,0,0,1,0,0,0,0,143,74,0,0,0,0,0,0,0,0,0,0,0,0,0,0,0,0,0,2,5,6,2,0,0,2,0,57,249,68,0,0,0,0,0,0,0,0,0,0,0,0,0,0,0,0,0,0,0,0,0,0,0,0,0,193,188,0,0,0,0,0,0,0,0,0,0,0,0,0,0,0,3,0,0,0,139,28,0,0,0,0,14,248,70,0,0,0,0,0,0,0,0,0,0,0,0,0,0,0,3,0,71,209,223,216,217,206,170,88,147,204,0,0,0,0,0,0,0,0,0,0,0,0,0,0,0,0,3,0,146,254,215,216,226,232,240,236,242,185,0,0,0,0,0,0,0,0,0,0,0,0,0,0,0,0,0,0,255,220,214,214,206,202,215,213,225,150,0,0,0,0,0,0,0,0,0,0,0,0,0,0,0,0,0,142,241,220,204,207,222,230,225,209,218,160,0,0,0,0,0,0,3,1,0,0,0,4,0,4,0,0,228,222,225,203,219,217,221,220,215,216,212,233,0,0,0,0,0,0,0,2,1,0,0,0,6,0,0,151,222,212,215,203,217,219,219,216,210,212,208,214,22,0,0,0,0,0,0,2,0,3,0,0,0,0,109,255,207,208,202,216,230,225,216,212,221,235,222,234,97,0,0,0,0,0,0,0,2,0,0,0,9,148,252,192,195,213,216,209,214,215,209,215,228,228,213,224,175,0,0,0,0,1,0,0,0,0,24,144,233,236,195,195,215,206,208,204,204,210,210,204,204,198,187,208,217,0,2,1,0,0,0,0,48,215,238,204,192,186,199,200,204,213,206,213,212,223,227,210,206,212,204,207,243,11,4,0,0,0,12,102,224,209,194,194,204,213,201,200,208,214,206,205,211,222,214,197,195,209,200,192,220,53,0,2,121,177,191,204,191,191,200,202,197,205,206,205,201,199,196,201,210,209,194,190,198,208,204,205,231,84,0,58,201,211,211,202,202,217,221,215,215,220,221,226,224,228,228,227,232,223,219,252,243,241,230,203,209,71,0,5,11,40,90,122,149,181,198,214,222,221,221,229,210,196,172,143,121,98,85,65,41,25,8,3,3,1,2,12,16,0,0,0,0,0,0,0,8,14,11,0,0,0,0,0,0,0,0,0,0,1,8,13,16,24,0,12,22,27,27,23,21,15,6,1,0,0,1,5,7,11,21,22,25,23,24,26,24,26,30,32,29,32,0,0,0,0,2,7,11,18,20,24,24,25,27,29,26,28,28,28,27,24,22,21,17,17,16,13,12,9,0,0,0,0,0,0,0,0,0,0,0,0,0,0,0,0,0,0,0,0,0,0,0,0,0,0,0,0,0,0,0,0,0,0,0,0,0,0,0,0,0,0,0,0,0,0,0,0,0,0,0,0,0,0,0,0,0,0,0,0,0,0,0,0,0,0,0,0,0,0,0,0,0,0,0,0,0,0,0,0,0,0,0,0,6
0,0,0,0,0,0,0,0,0,0,0,0,0,0,0,0,0,0,0,0,0,0,0,0,0,0,0,0,0,0,0,0,0,0,0,0,0,0,0,0,0,0,0,0,0,0,0,0,0,0,0,0,0,0,0,0,0,0,0,0,0,0,0,0,0,0,0,0,0,0,0,0,0,0,0,0,0,0,0,0,0,0,0,0,0,0,0,0,0,0,0,0,0,0,0,2,0,44,135,112,149,128,93,118,124,114,72,46,37,0,0,0,0,0,0,0,0,0,0,0,0,0,0,2,0,86,172,167,182,219,185,195,183,255,202,217,221,184,20,0,0,0,0,0,0,0,0,0,0,0,0,0,0,141,142,145,118,149,179,152,119,201,176,196,214,186,21,0,0,0,0,0,0,0,0,0,0,0,3,0,17,146,92,168,156,139,156,185,153,169,208,211,205,138,70,0,0,0,0,0,0,0,0,0,2,0,6,0,68,137,99,224,160,130,167,175,202,231,214,214,220,102,149,0,0,0,0,0,0,0,0,0,0,1,1,0,90,85,115,144,143,115,149,166,112,115,139,200,225,144,211,0,0,0,0,0,0,0,0,0,0,1,0,0,68,154,140,162,160,118,143,172,176,127,110,143,165,186,213,22,0,0,0,0,0,0,0,0,0,3,0,26,155,131,145,229,238,161,186,167,119,164,155,210,210,201,226,116,0,0,0,0,0,0,0,0,0,5,0,113,230,175,164,217,199,146,174,165,182,240,237,218,212,225,215,94,0,0,0,0,0,0,0,0,4,0,5,149,164,178,188,212,200,173,171,140,180,220,250,135,154,209,193,0,0,0,0,0,0,0,0,0,4,0,93,103,107,153,110,201,219,163,173,109,111,106,206,188,219,210,241,5,0,0,0,0,0,0,0,2,0,0,147,113,100,98,106,154,172,172,207,120,111,153,197,251,234,208,206,0,0,0,0,0,0,0,0,4,0,93,157,84,86,138,107,182,123,102,147,153,143,185,147,198,207,178,181,0,0,0,0,1,3,6,2,0,0,111,113,83,138,110,131,139,132,112,167,171,145,168,183,185,190,214,116,0,0,4,6,2,0,0,0,0,90,104,134,156,175,129,123,134,169,123,160,220,200,203,200,208,177,202,98,0,0,0,0,0,0,20,137,102,73,93,108,137,110,119,100,114,107,151,204,174,57,197,201,198,186,197,63,0,0,0,102,161,105,204,204,164,79,83,164,120,118,137,103,134,180,196,133,0,0,209,189,186,172,186,28,0,27,87,87,196,171,201,213,193,149,62,120,99,76,110,146,168,188,43,0,0,4,206,178,190,188,177,9,0,94,145,131,121,110,101,159,200,240,220,63,88,121,136,173,193,22,0,2,0,27,191,187,187,191,181,0,0,112,194,170,169,152,124,113,89,102,134,59,130,185,176,188,17,0,0,2,0,24,178,186,176,169,165,0,0,11,145,165,166,190,176,181,187,180,150,202,162,156,201,50,0,0,0,4,0,23,200,194,182,188,153,0,0,0,0,15,64,141,178,177,194,190,192,197,191,196,67,0,4,4,3,2,0,11,188,200,194,224,188,0,0,0,0,0,0,0,0,25,50,86,143,165,157,25,0,0,0,0,0,2,0,0,93,132,120,94,35,0,0,0,0,0,0,0,0,0,0,0,0,0,0,0,0,0,0,0,0,0,0,0,0,0,0,0,0,0,0,0,0,0,0,0,0,0,0,0,0,0,0,0,0,0,0,0,0,0,0,0,0,0,0,0,0,0,0,6
0,0,0,0,0,0,0,0,0,0,0,0,0,0,0,0,0,0,0,0,0,0,0,0,0,0,0,0,0,0,0,0,0,0,0,0,0,0,0,0,0,0,0,0,0,0,0,0,0,0,0,0,0,0,0,0,0,0,0,0,0,0,0,0,0,0,0,0,0,0,0,0,0,0,0,0,0,0,0,0,0,0,0,0,0,0,0,0,0,0,0,0,0,0,0,0,1,0,2,29,47,79,68,51,23,45,14,10,0,0,0,0,0,0,0,0,0,0,0,0,0,1,0,0,0,0,46,101,101,135,103,125,136,79,76,106,103,71,57,26,0,0,0,0,0,0,0,0,0,0,0,1,0,0,78,117,128,128,131,122,113,153,97,108,139,115,93,56,0,0,0,0,0,0,0,0,0,0,0,1,0,0,102,122,140,157,122,115,104,135,130,131,141,120,87,23,0,0,0,0,0,0,0,0,0,1,0,0,0,0,89,109,85,65,86,123,68,84,85,93,124,130,115,23,0,0,0,0,0,0,0,0,0,0,0,1,0,6,157,163,113,37,96,106,73,76,61,70,131,84,74,6,0,0,0,0,0,0,0,0,0,1,1,1,0,0,139,206,211,203,189,183,163,173,158,122,100,87,106,47,0,0,0,0,0,0,0,0,0,0,0,1,0,0,0,167,236,244,255,252,248,246,239,228,196,179,152,24,0,0,0,0,0,0,0,0,0,0,0,0,1,0,0,175,206,204,214,215,215,219,213,212,211,186,0,0,0,0,0,0,0,0,0,0,2,3,0,0,1,0,12,203,190,186,192,207,213,204,189,168,178,174,0,0,0,0,0,0,0,0,0,0,0,0,0,6,0,0,152,190,158,184,198,201,197,196,184,170,174,173,0,0,0,0,0,0,0,0,0,0,1,1,0,0,0,120,167,151,156,168,163,191,192,185,184,190,189,190,0,0,0,0,0,1,2,3,3,1,0,0,0,25,132,195,151,151,162,167,175,203,211,208,218,204,183,180,0,0,0,0,3,0,0,0,0,0,0,41,115,109,114,136,164,185,185,190,190,196,211,176,185,215,184,158,0,0,1,0,0,6,17,18,29,70,108,136,142,132,117,117,124,141,180,204,202,181,168,153,170,204,176,170,3,0,0,0,52,124,125,120,122,128,130,124,125,150,161,159,157,146,142,136,156,169,175,186,181,175,156,178,13,0,0,51,128,122,125,120,112,117,122,142,154,165,167,165,187,200,189,180,180,178,174,176,173,170,165,164,24,0,15,96,111,143,159,162,159,153,136,142,163,174,170,172,186,204,203,195,175,183,189,172,174,179,168,162,39,0,45,147,118,107,120,135,159,190,196,184,201,197,197,203,197,217,229,224,193,197,196,181,192,187,170,161,53,0,0,90,147,152,150,143,129,104,120,134,146,161,158,153,146,152,153,156,159,152,143,134,128,123,129,136,128,0,0,0,6,67,130,167,192,180,167,158,137,152,153,153,167,183,175,176,197,201,197,193,193,180,151,156,147,0,2,1,0,0,0,0,23,48,81,100,118,134,141,141,145,161,152,157,158,141,118,112,111,103,96,89,30,0,0,0,0,0,0,0,0,0,0,0,0,0,0,0,0,0,0,0,0,0,0,0,0,0,0,0,0,0,0,0,0,0,0,0,0,0,0,0,0,0,0,0,0,0,0,0,0,0,0,0,0,0,0,0,0,0,0,0,0,0,0,0,0,0,0,0,0,0,0,0,0,0,0,0,0,0,0,0,0,0,0,0,0,0,6
0,0,0,0,0,0,0,0,0,0,0,0,0,0,0,0,0,0,0,0,0,0,0,0,0,0,0,0,0,0,0,0,0,0,0,0,0,0,0,0,0,0,0,0,0,0,0,0,0,0,0,0,0,0,0,0,0,0,0,0,0,0,0,0,0,0,0,0,0,0,0,0,0,0,0,0,0,0,0,0,0,0,2,29,0,0,0,0,0,0,0,0,0,0,0,0,3,0,20,191,163,148,152,145,133,109,83,64,48,6,138,140,0,0,0,0,0,0,0,0,0,0,0,0,4,0,44,216,206,215,223,223,228,223,220,212,207,204,183,0,0,0,0,0,0,0,0,0,0,0,0,0,5,0,57,229,201,206,216,219,218,209,200,200,204,212,182,0,0,0,0,0,0,0,0,0,0,0,0,0,5,0,66,221,203,215,212,219,220,211,204,205,190,207,110,0,0,0,0,0,0,0,0,0,0,0,0,0,4,0,73,199,197,205,201,208,207,206,203,204,178,228,51,0,0,0,0,0,0,0,0,0,0,0,0,0,4,0,69,214,192,197,206,204,209,213,204,198,179,218,29,0,0,0,0,0,0,0,0,0,0,0,0,0,0,0,83,209,185,212,214,205,214,211,205,204,184,216,20,0,0,0,0,0,0,0,0,0,0,0,0,0,0,0,108,212,178,211,211,214,206,200,216,219,199,230,34,0,0,0,0,0,0,0,0,0,0,0,0,0,0,0,107,213,185,208,198,207,199,203,205,200,197,214,73,0,0,0,0,0,0,1,0,0,1,1,0,2,0,0,163,189,205,212,199,209,208,200,197,211,190,197,123,0,1,1,1,1,1,0,0,0,0,0,1,0,0,78,190,189,218,206,198,199,196,203,212,212,176,198,147,0,1,1,0,1,1,0,0,1,0,3,0,0,32,184,161,176,200,211,205,198,204,208,203,185,175,194,181,0,0,1,2,0,0,0,1,1,0,0,0,42,166,173,192,194,199,218,209,200,220,206,178,191,188,179,228,33,1,0,0,0,0,0,0,0,0,3,128,193,173,192,216,224,212,196,201,194,209,197,200,204,188,173,223,54,0,3,155,178,145,129,96,91,96,181,211,176,186,204,213,221,234,213,214,216,221,185,178,185,183,182,221,42,0,133,209,178,178,192,194,197,185,186,185,199,216,213,211,219,215,218,219,219,220,178,176,186,193,205,233,41,42,200,177,191,194,175,159,168,173,188,206,213,212,214,206,208,206,209,201,223,228,209,221,215,205,183,199,24,121,227,209,198,181,190,198,184,188,198,204,218,214,220,208,208,215,227,220,228,194,173,173,159,171,176,220,21,96,241,230,218,218,213,199,205,207,212,205,208,209,214,213,211,219,245,228,158,194,207,212,221,220,222,239,9,0,125,228,242,228,223,220,226,218,208,209,199,201,215,223,222,215,119,0,1,222,228,219,216,220,213,207,8,0,0,26,178,228,237,222,216,223,226,229,228,226,223,236,146,10,0,0,0,251,238,223,216,216,224,221,0,0,0,0,0,39,150,204,254,235,239,230,228,231,221,71,0,0,2,0,0,138,182,107,150,121,95,21,0,0,0,1,0,0,0,0,47,64,99,131,85,43,0,0,0,2,0,0,0,0,0,0,0,0,0,0,0,0,0,0,0,0,0,0,0,0,0,0,0,0,0,0,0,0,0,0,0,0,0,0,0,0,0,0,0,0,0,0,0,0,0,0,0,0,0,0,0,0,0,0,0,0,0,0,0,0,0,0,0,0,0,0,0,6
0,0,0,0,0,0,0,0,0,0,0,0,0,0,0,0,0,0,0,0,0,0,0,0,0,0,0,0,0,0,0,0,0,0,0,0,0,0,0,0,0,0,0,0,0,0,0,0,0,0,0,0,0,0,0,0,0,0,0,0,0,0,0,0,0,0,0,0,0,0,0,0,0,0,0,0,0,0,0,0,0,0,0,0,0,0,0,0,0,0,0,0,0,0,0,0,0,3,0,0,0,0,0,0,0,0,0,0,0,0,95,33,0,0,0,0,0,0,0,0,0,0,0,0,0,3,0,0,211,242,218,179,148,114,84,50,11,0,70,33,0,0,0,0,0,0,0,0,0,0,0,0,0,5,0,0,238,248,230,233,255,255,255,255,255,233,238,36,0,0,0,0,0,0,0,0,0,0,0,0,0,2,0,87,235,226,218,205,181,187,197,205,203,209,215,0,0,0,0,0,0,0,0,0,0,0,0,0,0,3,0,131,255,219,241,218,202,214,218,220,195,207,185,0,0,0,0,0,0,0,0,0,0,0,0,0,0,0,0,188,255,228,219,210,241,238,237,237,196,228,154,0,0,0,0,0,0,0,0,0,0,0,0,0,1,0,20,255,226,233,225,220,243,228,204,208,203,239,121,0,0,0,0,0,0,0,0,0,0,0,0,0,0,0,207,255,216,247,239,200,208,241,224,198,179,237,111,0,0,0,0,0,0,0,0,0,0,0,0,0,0,117,222,219,254,235,238,224,178,173,201,220,192,231,128,0,0,0,0,0,0,0,0,1,0,0,0,0,75,255,64,106,249,234,233,247,229,194,169,174,168,213,151,0,0,0,0,0,0,0,0,0,0,0,0,76,255,177,136,255,255,238,234,243,251,246,238,210,198,222,169,0,0,0,0,0,0,0,0,0,2,0,75,252,205,58,165,191,184,221,232,250,224,215,230,225,199,205,214,0,0,0,0,1,0,0,1,1,0,0,211,219,99,172,94,64,72,125,155,154,170,211,176,202,201,198,231,33,0,0,0,0,0,0,0,0,0,82,140,85,186,176,95,74,69,50,50,107,182,145,115,182,192,193,219,66,0,0,0,0,0,0,0,16,109,191,144,99,176,218,236,225,230,193,178,210,213,195,227,227,198,190,217,100,0,58,159,152,137,163,213,252,201,112,143,135,122,172,212,219,232,229,208,214,226,221,219,213,225,209,238,74,0,206,255,231,195,159,138,62,45,80,75,65,60,71,164,219,232,228,236,223,218,202,194,182,168,144,122,16,20,151,179,212,225,221,210,231,185,139,139,175,237,255,255,213,147,87,48,23,1,0,0,0,0,0,0,0,27,6,0,1,27,76,116,168,211,226,223,205,163,88,19,0,0,0,1,7,21,26,25,27,34,26,29,19,34,43,44,28,12,2,0,0,0,0,0,0,0,0,5,17,27,32,25,27,8,15,15,14,16,14,11,8,35,35,36,29,28,35,20,24,8,21,20,23,20,17,22,28,21,14,18,10,55,11,16,19,13,23,14,21,0,24,37,53,67,71,66,46,93,45,46,53,32,83,30,2,4,0,0,0,61,39,93,78,73,76,73,39,0,0,0,0,0,1,29,18,48,30,33,8,17,21,2,0,0,0,1,0,0,2,7,13,7,5,6,0,0,0,0,0,0,0,0,0,0,0,0,0,0,0,0,0,0,0,0,0,0,0,0,0,0,0,0,0,0,0,0,0,0,0,0,0,0,0,0,0,0,0,0,0,0,0,0,0,0,0,0,0,0,0,0,0,6
0,0,0,0,0,0,0,0,0,0,0,0,0,0,0,0,0,0,0,0,0,0,0,0,0,0,0,0,0,0,0,0,0,0,0,0,0,0,0,0,0,0,0,0,0,0,0,0,0,0,0,0,0,0,0,0,0,0,0,0,0,0,0,0,0,0,1,0,0,0,0,0,0,0,0,0,0,0,0,0,0,128,63,0,0,0,0,0,0,0,0,0,0,1,1,2,0,78,206,39,0,0,0,0,0,0,0,0,0,141,78,0,0,0,0,0,0,0,0,0,0,1,0,2,0,80,173,178,159,184,199,199,206,207,201,207,172,198,18,0,0,0,0,0,0,0,0,0,0,0,0,2,0,120,155,187,205,206,211,214,218,219,214,208,201,170,0,0,0,0,0,0,0,0,0,0,0,0,0,1,0,128,157,194,190,197,201,202,205,206,199,201,198,185,9,0,0,0,0,0,0,0,0,0,0,1,1,0,2,140,156,198,189,195,194,199,206,198,199,214,202,205,34,0,0,0,0,0,0,0,0,0,0,0,5,0,34,144,168,210,182,186,197,206,201,194,199,220,203,211,105,0,0,0,0,0,0,0,0,0,0,0,3,0,70,147,181,202,177,190,206,197,187,197,211,215,193,198,173,0,0,0,0,0,0,0,0,0,0,0,0,0,106,152,199,176,182,193,189,185,198,215,205,187,184,189,203,0,1,1,0,0,0,0,0,0,0,5,0,14,143,152,195,168,190,189,181,195,214,202,190,173,169,165,197,35,1,1,0,0,0,0,0,0,0,3,0,74,156,143,194,173,176,161,174,199,212,187,168,165,164,176,216,64,0,0,0,0,0,0,0,0,0,1,0,143,138,157,202,173,172,153,166,194,198,177,151,160,173,189,215,67,0,0,0,0,0,1,0,0,2,0,32,153,107,174,180,164,177,184,186,191,190,172,173,191,198,189,210,59,0,0,0,0,1,0,0,0,2,0,74,127,107,182,164,165,174,195,191,189,207,201,198,198,191,181,216,52,0,0,1,0,1,0,0,1,0,0,99,120,128,184,161,177,184,186,189,201,206,195,184,182,191,198,186,0,0,0,1,0,0,1,0,3,0,46,141,116,153,187,173,187,187,197,194,189,190,165,189,206,201,207,127,0,0,0,0,0,1,3,5,0,3,119,128,128,165,189,180,191,191,198,184,203,208,220,227,214,197,208,64,0,0,0,0,0,0,0,0,15,81,119,109,140,170,197,182,190,198,186,236,168,116,247,195,199,201,198,15,0,2,0,0,0,19,55,73,93,97,109,127,145,162,195,190,186,191,235,185,0,86,255,197,202,206,195,0,0,0,5,70,99,120,123,102,94,111,122,148,165,173,184,207,189,203,180,0,0,120,251,201,201,208,139,0,0,1,105,126,111,111,102,98,118,134,147,169,177,182,186,184,210,207,0,0,0,115,219,195,199,212,72,0,0,67,174,172,166,151,147,131,127,145,155,166,169,184,189,210,222,1,0,1,0,119,211,190,199,193,1,0,2,0,76,144,184,203,212,216,215,244,237,240,215,219,223,194,0,0,3,0,0,148,226,208,219,212,0,0,1,0,0,0,1,30,59,101,119,134,143,134,130,122,60,0,0,0,0,0,0,85,156,140,153,86,0,0,0,0,0,0,0,0,0,0,0,0,0,0,0,0,0,0,0,0,0,0,0,0,0,0,0,0,0,0,0,0,0,0,0,0,0,0,0,0,0,0,0,0,0,0,0,0,0,0,0,0,0,0,0,0,0,0,0,6
0,0,0,0,0,0,0,0,0,0,0,0,0,0,0,0,0,0,0,0,0,0,0,0,0,0,0,0,0,0,0,0,0,0,0,0,0,0,0,1,0,0,144,87,0,0,0,0,47,114,0,0,2,0,0,0,0,0,0,0,0,0,0,0,0,0,0,2,0,0,207,238,0,0,119,198,215,233,79,0,4,0,0,0,0,0,0,0,0,0,0,0,0,0,0,5,0,4,173,180,77,231,234,225,213,219,187,0,0,0,0,0,0,0,0,0,0,0,0,0,0,0,0,5,0,59,196,215,154,183,215,209,231,203,56,0,1,2,0,0,0,0,0,0,0,0,0,0,0,0,3,0,11,228,202,207,206,118,255,255,136,0,0,0,2,0,0,0,0,0,0,0,0,0,0,0,0,0,5,0,29,223,186,214,255,144,131,41,0,0,79,12,0,2,0,0,0,0,0,0,0,0,0,0,0,0,6,0,41,230,211,202,0,0,0,0,0,216,198,87,41,0,0,0,0,0,0,0,0,0,0,0,0,0,5,0,100,233,195,234,166,0,0,64,209,218,207,50,152,0,0,0,0,0,0,0,0,0,0,0,0,0,5,0,69,197,194,236,252,164,228,255,232,199,219,182,171,30,0,0,0,0,0,0,0,0,0,0,0,0,4,0,106,231,231,227,117,229,235,210,225,220,198,155,255,90,0,0,0,0,0,0,0,0,0,0,0,0,0,0,136,189,117,253,148,137,236,231,208,196,208,227,221,174,0,0,0,0,0,0,0,0,0,0,0,1,0,0,170,226,212,210,250,117,156,160,208,213,210,203,218,221,2,0,0,0,0,0,0,0,0,0,0,4,0,33,219,212,208,255,250,198,195,214,216,207,185,189,218,230,37,0,0,0,0,0,0,0,0,0,0,3,0,122,214,206,227,127,0,0,104,220,213,198,208,226,219,220,70,0,0,0,0,0,0,0,0,0,2,0,0,186,188,215,190,89,32,5,0,49,245,227,239,232,195,221,127,0,0,0,0,0,0,0,2,0,4,0,41,218,199,208,200,203,185,173,169,203,244,216,198,201,195,229,115,0,0,0,0,0,0,0,1,0,0,0,123,214,190,197,197,213,218,222,213,222,206,181,201,213,202,219,58,0,0,0,0,0,0,0,0,2,0,0,195,195,194,196,198,214,229,230,229,186,194,233,220,229,202,218,31,0,0,0,0,0,0,1,1,0,0,104,215,194,198,189,214,226,230,202,176,243,248,153,238,225,203,212,10,0,0,0,0,4,4,3,3,0,39,195,192,202,190,207,227,224,213,167,233,255,0,61,255,215,204,204,0,0,0,5,1,0,0,0,0,39,196,194,191,195,194,225,228,224,176,213,255,13,0,137,255,210,199,192,0,0,0,0,0,11,54,104,175,206,88,135,204,181,219,224,227,204,192,255,47,0,0,152,230,207,199,181,0,0,0,0,116,187,176,160,61,8,28,96,192,204,234,219,234,209,255,107,0,0,0,179,227,204,201,158,0,0,0,67,183,185,174,154,114,159,209,186,202,224,222,228,220,233,182,0,0,0,0,204,222,199,199,133,0,0,0,176,214,202,205,207,215,232,227,233,226,224,228,223,232,229,0,0,3,0,0,212,212,196,214,107,0,0,0,20,116,187,219,231,235,236,239,247,252,254,246,255,197,0,0,0,0,0,3,251,219,198,230,91,0,0,0,0,0,0,0,33,49,85,114,140,149,142,128,65,0,0,0,0,3,0,3,190,181,179,195,43,0,0,6
0,0,0,0,0,0,0,0,0,0,0,0,0,0,0,0,0,0,0,0,0,0,0,0,0,0,0,0,0,0,0,0,0,0,0,0,0,0,0,0,0,0,0,0,0,0,0,0,0,0,0,0,0,0,0,0,0,0,0,0,0,0,0,0,0,0,0,0,0,0,0,0,0,0,0,0,0,0,0,0,0,0,0,0,0,0,0,0,0,0,0,0,0,0,0,0,0,0,0,0,0,0,0,0,0,0,0,0,0,0,0,0,0,0,0,0,0,0,0,0,0,0,0,0,0,0,0,0,0,0,0,0,0,0,0,0,0,0,0,0,0,0,0,0,0,0,0,0,0,0,0,0,0,0,0,0,7,3,1,2,0,0,0,0,6,0,42,76,0,0,0,0,0,0,0,0,0,0,0,0,0,0,0,0,0,0,0,0,1,2,1,0,0,0,144,79,0,0,0,0,0,0,0,0,0,0,0,0,0,0,2,0,146,171,148,0,0,0,0,0,9,76,102,0,0,0,0,0,0,0,0,0,0,0,0,0,0,1,0,0,208,251,247,156,91,123,109,152,233,255,94,0,0,0,0,0,0,0,0,0,0,0,0,0,0,1,0,0,221,220,221,225,239,243,244,223,231,247,40,0,0,0,0,0,0,0,0,0,0,0,0,0,0,3,0,49,235,217,228,195,193,204,195,214,232,246,30,0,0,0,0,0,0,0,0,0,0,0,0,0,0,1,0,102,242,215,219,203,204,214,204,220,235,245,27,0,0,0,0,0,0,0,0,0,0,0,0,0,0,0,0,204,227,214,211,206,206,210,216,223,237,248,29,0,0,0,0,0,0,0,0,0,0,0,0,0,0,0,92,255,216,223,211,205,210,215,213,222,237,250,53,0,0,0,0,0,0,0,0,0,0,0,0,0,0,83,255,224,226,225,213,206,214,216,216,225,234,253,146,0,0,0,0,0,0,0,1,1,0,0,0,0,126,255,222,221,225,232,217,205,215,216,208,225,230,242,231,0,0,2,6,1,0,0,0,0,0,0,43,206,255,220,229,225,222,229,217,199,209,202,199,227,235,231,255,15,0,0,0,0,0,0,0,0,63,209,255,233,217,221,224,223,224,229,230,225,217,216,230,240,239,231,255,62,0,0,69,155,192,224,223,238,255,231,220,220,230,229,231,230,230,226,232,247,224,234,241,231,234,229,255,120,0,179,244,234,231,221,226,224,214,224,226,219,227,226,230,230,228,232,240,246,236,237,242,239,248,235,255,107,42,188,186,200,215,226,227,229,240,234,234,233,233,233,246,254,254,249,243,247,241,243,246,241,234,224,255,42,67,223,181,175,176,173,183,199,212,222,222,224,228,225,214,202,196,201,213,186,161,165,163,164,163,152,193,40,0,0,70,151,185,202,208,201,190,184,193,190,188,198,208,219,207,180,124,194,255,235,247,244,245,238,255,64,0,0,0,0,0,0,37,69,111,135,143,142,140,114,68,29,0,0,0,0,96,71,69,62,53,48,57,0,0,0,0,0,0,0,0,0,0,0,0,0,0,0,0,0,0,0,0,0,0,0,0,0,0,0,0,0,0,0,0,0,0,0,0,0,0,0,0,0,0,0,0,0,0,0,0,0,0,0,0,0,0,0,0,0,0,0,0,0,0,0,0,0,0,0,0,0,0,0,0,0,0,0,0,0,0,0,0,0,0,0,0,0,0,0,0,0,0,0,0,0,0,0,0,0,0,0,0,0,0,0,0,0,0,0,0,0,0,0,0,0,6
0,0,0,0,0,0,0,0,0,0,0,0,0,0,0,0,0,0,0,0,0,0,0,0,0,0,0,0,0,0,0,0,0,0,0,0,0,0,0,0,0,0,0,0,0,0,0,0,0,0,0,0,0,0,0,0,0,0,0,0,0,0,0,0,0,0,0,0,0,0,45,183,138,110,71,40,21,0,0,0,1,1,0,0,0,0,0,0,0,0,0,0,0,0,0,0,2,0,40,183,178,181,174,193,190,178,83,0,0,0,0,0,0,0,0,0,0,0,0,0,0,0,0,0,1,0,14,186,166,133,112,136,128,145,140,118,161,172,132,0,0,0,0,0,0,0,0,0,0,0,0,0,0,0,2,189,169,138,123,134,140,153,143,181,202,197,212,57,0,0,0,0,0,0,0,0,0,0,0,0,1,0,0,191,173,120,138,162,145,175,209,168,186,202,208,17,0,0,0,0,0,0,0,0,0,0,0,0,0,0,0,170,174,128,161,144,149,192,199,197,196,205,218,0,0,0,0,0,0,0,0,0,0,0,0,0,0,0,0,158,179,149,145,130,157,202,204,190,191,211,189,0,0,0,0,0,0,0,0,0,0,0,0,0,0,0,0,205,173,151,147,169,181,202,199,179,193,216,193,0,0,0,0,0,0,0,0,0,0,0,0,0,0,0,0,167,184,147,162,161,169,204,199,183,205,218,201,0,0,0,0,0,0,0,0,0,0,1,1,0,0,0,155,193,185,173,178,187,195,206,197,200,218,179,216,0,0,0,0,0,0,0,0,0,0,3,0,2,0,17,218,190,158,166,181,186,200,209,198,207,193,153,243,40,0,0,0,0,0,0,0,0,0,0,1,0,0,175,203,143,169,170,172,164,191,206,209,188,171,161,233,94,1,1,0,0,0,0,0,0,0,0,0,0,133,251,136,115,156,176,186,192,196,181,175,168,183,162,216,135,1,0,0,0,0,0,0,0,0,0,0,38,242,165,105,134,182,171,178,186,198,195,175,178,176,159,198,147,0,1,0,0,1,0,0,0,0,0,19,207,192,134,108,145,171,179,183,202,190,191,181,176,163,159,216,100,1,1,0,1,0,0,2,0,0,49,223,190,163,98,88,140,158,163,175,201,198,195,183,187,184,167,229,31,0,0,1,3,0,0,0,0,104,237,192,183,129,90,100,138,145,151,183,197,193,189,190,178,169,188,252,13,0,0,0,0,0,0,33,179,236,189,185,150,78,89,100,119,143,154,187,195,194,177,164,181,200,216,251,0,0,0,0,79,119,169,223,225,185,173,159,136,131,149,148,143,145,162,196,227,204,184,246,212,220,223,163,0,0,94,219,197,195,203,193,187,194,188,175,163,169,177,156,148,167,189,209,210,35,0,106,216,149,42,0,0,0,184,220,205,213,236,230,211,204,202,193,178,176,160,141,177,183,203,203,1,0,0,0,0,0,0,0,0,24,222,212,194,136,134,142,146,154,176,185,182,169,167,173,187,205,222,17,0,1,0,5,0,0,5,1,0,0,161,217,255,244,209,195,168,142,134,136,152,186,217,239,227,164,16,0,0,0,0,0,1,0,0,2,0,0,0,0,57,102,138,159,176,182,178,169,152,140,105,46,0,0,0,0,0,0,0,0,0,0,0,0,0,0,0,0,0,0,0,0,0,0,0,0,0,0,0,0,0,0,0,0,0,0,0,0,0,0,0,0,0,0,0,0,0,0,0,0,0,0,0,0,0,0,0,0,0,0,0,0,0,0,0,0,0,0,0,0,0,6
0,0,0,0,0,0,0,0,0,0,0,0,5,0,15,196,206,187,184,191,206,226,233,232,232,197,0,0,0,0,0,0,0,0,0,0,0,0,0,0,6,0,31,245,224,228,238,236,233,231,228,224,231,237,8,0,0,0,0,0,0,0,0,0,0,0,0,0,5,0,8,222,220,230,232,227,226,230,235,227,234,218,0,0,0,0,0,0,0,0,0,0,0,0,0,0,5,0,9,233,234,237,237,238,237,236,236,233,244,165,0,0,0,0,0,0,0,0,0,0,0,0,0,0,3,0,17,241,235,236,236,236,236,236,237,233,254,101,0,1,0,0,0,0,0,0,0,0,0,0,0,0,3,0,39,248,234,237,238,238,238,237,242,231,255,50,0,3,0,0,0,0,0,0,0,0,0,0,0,0,2,0,52,250,231,239,239,238,238,238,239,236,248,28,0,2,0,0,0,0,0,0,0,0,0,0,0,0,3,0,103,248,230,240,238,238,238,238,237,236,244,22,0,3,0,0,0,0,0,0,0,0,0,0,0,0,1,0,146,248,233,239,237,239,238,238,238,239,248,16,0,2,0,0,0,0,0,0,0,0,0,0,0,0,0,0,196,249,234,236,238,237,238,239,239,236,248,71,0,1,0,0,0,0,0,0,0,0,0,0,0,0,0,0,255,237,234,238,237,237,238,239,244,232,246,165,0,0,0,0,0,0,0,0,0,0,0,1,0,4,0,77,242,225,237,237,234,237,239,240,243,234,240,255,0,0,0,0,0,0,0,0,0,0,0,1,0,0,0,234,229,219,232,230,235,238,239,241,233,242,235,251,178,0,0,0,0,0,0,0,0,0,0,0,0,0,139,242,217,226,234,236,237,238,239,240,234,235,236,236,255,0,0,0,0,0,0,0,0,0,0,1,0,41,235,221,219,229,231,232,235,236,236,236,232,233,233,230,246,77,0,0,0,0,0,0,0,0,1,0,0,255,230,224,230,235,232,231,232,233,235,233,229,233,235,231,252,112,0,0,0,0,0,3,3,0,0,0,239,238,226,238,233,235,235,233,231,233,234,229,229,237,239,233,250,129,0,1,5,0,0,0,0,0,56,250,235,221,221,226,236,230,228,228,227,231,236,234,233,238,240,238,255,73,0,0,0,0,0,0,53,193,234,228,218,222,226,221,224,225,229,232,237,240,242,240,240,245,245,245,255,0,0,0,65,163,193,242,237,234,218,224,226,224,227,224,222,236,242,239,241,246,248,245,245,245,242,244,255,0,0,120,228,232,223,219,217,221,221,223,223,228,225,228,232,237,242,243,245,246,244,242,241,244,238,244,254,0,0,150,237,213,219,219,222,225,228,231,231,229,230,235,242,241,244,247,244,243,243,243,241,243,237,244,245,0,0,101,248,233,238,236,234,230,225,224,223,225,232,241,245,244,243,243,243,242,241,240,242,242,235,246,233,0,0,69,247,231,239,239,244,245,243,236,235,238,243,245,240,241,240,240,242,242,241,240,241,243,236,249,220,0,0,73,251,239,231,235,238,243,244,243,243,243,240,238,239,240,241,241,241,240,240,239,237,236,238,249,211,0,0,0,110,212,246,244,239,234,236,235,235,237,240,236,235,237,239,241,239,238,238,237,240,241,234,252,200,0,0,0,0,0,116,226,255,255,255,255,255,255,255,255,255,255,255,255,255,255,255,255,255,255,239,255,158,0,0,0,0,0,0,0,28,94,134,152,147,144,143,136,126,124,118,116,91,90,90,88,94,81,74,78,16,0,6
0,0,0,0,0,0,0,0,0,0,0,0,0,0,0,0,0,0,0,0,0,0,0,0,0,0,0,0,0,0,0,0,0,0,0,0,0,0,0,0,0,0,0,0,0,0,0,0,0,0,0,0,0,0,0,0,0,0,0,0,0,0,0,0,0,0,0,0,0,0,0,0,0,0,0,0,0,0,0,0,0,0,0,0,0,0,0,0,0,0,0,0,0,0,0,0,0,0,0,0,0,0,0,0,0,0,0,0,0,0,0,0,0,0,0,0,0,0,0,0,0,0,0,0,0,0,0,0,0,0,0,0,0,0,0,0,0,0,0,0,0,0,0,0,0,0,0,0,1,1,1,0,1,0,1,0,12,142,75,0,0,0,0,0,0,2,0,0,0,0,0,0,0,0,0,0,0,2,1,0,1,1,0,2,69,42,218,178,0,8,5,0,0,0,0,0,0,0,0,0,0,0,0,0,0,1,0,2,0,4,0,31,82,70,48,89,205,208,225,127,115,136,43,0,0,0,0,0,0,0,0,0,0,1,1,0,1,0,0,86,89,135,97,60,205,222,219,230,235,228,90,0,0,0,0,0,0,0,0,0,0,1,1,1,0,0,21,90,94,93,96,95,246,237,231,224,213,208,43,0,0,0,0,0,0,0,0,0,0,1,0,1,0,145,136,112,74,104,91,87,209,233,235,228,202,200,36,0,0,0,0,1,1,0,0,0,1,2,2,0,1,129,80,111,95,74,84,102,94,95,96,96,87,115,34,0,0,1,2,1,1,0,1,0,0,3,0,0,78,93,29,59,74,84,109,134,128,120,123,125,103,119,61,0,0,0,0,1,1,3,3,0,2,0,7,70,70,95,76,89,100,118,126,130,123,122,120,126,107,126,78,0,0,0,0,0,0,0,0,0,0,18,71,80,46,70,89,100,109,107,125,131,128,129,123,132,129,134,86,0,0,0,6,24,30,23,23,39,67,71,49,72,90,104,107,112,112,126,134,134,138,138,126,116,127,125,97,1,0,14,75,80,85,76,79,76,72,68,87,107,111,111,115,128,131,131,128,123,117,115,109,114,130,112,108,12,0,54,96,71,64,69,73,61,62,82,90,94,98,106,112,117,124,131,132,123,146,168,136,117,131,96,113,16,17,95,73,80,83,82,80,78,83,83,87,94,98,115,129,135,136,131,129,129,138,149,130,122,123,107,112,4,76,161,147,126,103,92,82,75,87,84,94,104,113,118,118,114,111,104,111,113,105,105,108,105,94,97,103,8,0,52,168,175,182,173,157,137,122,114,122,131,130,152,163,170,186,202,190,198,186,186,182,178,181,184,183,134,0,0,0,18,114,164,211,237,244,254,246,253,241,250,249,249,236,227,228,225,235,228,236,237,195,180,204,114,0,0,0,0,0,0,0,25,47,80,68,71,68,43,16,18,7,4,14,12,21,23,34,20,20,7,1,0,0,0,0,0,0,0,0,0,0,0,0,0,0,0,0,0,0,0,0,0,0,0,0,0,0,0,0,0,0,0,0,0,0,0,0,0,0,0,0,0,0,0,0,0,0,0,0,0,0,0,0,0,0,0,0,0,0,0,0,0,0,0,0,0,0,0,0,0,0,0,0,0,0,0,0,0,0,0,0,0,0,0,0,0,0,0,0,0,0,0,0,0,0,0,0,0,0,0,0,0,0,0,0,0,0,0,0,0,0,0,0,0,0,0,0,0,0,0,0,0,0,0,0,0,0,0,0,0,0,0,0,0,0,0,0,0,0,0,0,0,6
0,0,0,0,0,0,0,0,0,0,0,0,0,0,0,0,0,0,0,0,0,0,0,0,0,0,0,0,0,0,0,0,0,0,0,0,0,0,0,0,0,0,0,0,0,0,0,0,0,0,0,0,0,0,0,0,0,0,0,0,0,0,0,0,0,0,0,0,0,0,0,0,0,0,0,0,0,0,0,0,0,0,0,0,0,0,0,0,0,0,0,0,0,0,0,0,0,0,0,0,0,0,0,0,0,0,0,0,0,0,0,0,0,0,0,0,0,0,0,0,0,0,0,0,0,2,0,70,140,107,0,0,0,0,0,71,39,5,0,0,0,0,0,0,0,0,0,0,0,0,0,0,1,1,0,196,210,206,211,188,233,218,238,225,209,215,72,0,0,0,0,0,0,0,0,0,0,0,0,0,1,0,0,191,190,188,208,207,205,214,213,200,204,209,22,0,0,0,0,0,0,0,0,0,0,0,0,0,1,0,0,183,190,193,200,191,203,212,207,200,216,194,0,0,0,0,0,0,0,0,0,0,0,0,0,0,2,0,0,193,184,202,203,200,203,215,210,200,215,126,0,0,0,0,0,0,0,0,0,0,0,0,0,0,3,0,0,202,186,200,202,201,207,215,208,200,215,74,0,1,0,0,0,0,0,0,0,0,0,0,0,0,0,0,51,212,185,204,200,204,209,219,203,199,243,33,0,2,0,0,0,0,0,0,0,0,0,1,0,1,0,0,156,199,183,213,201,206,210,219,197,200,246,25,0,2,0,0,0,0,0,0,0,0,1,2,0,1,0,60,208,172,192,210,204,206,212,216,198,200,239,48,0,1,0,0,0,0,0,0,0,0,0,0,5,0,0,192,187,178,199,212,203,207,212,214,200,198,215,105,0,0,0,0,0,0,0,0,0,0,0,3,0,0,151,207,161,188,201,212,203,209,212,211,201,191,216,173,0,0,1,0,1,1,1,1,4,5,3,0,0,118,205,153,167,188,202,210,205,210,215,213,208,210,206,208,24,0,2,2,0,0,0,0,0,0,0,0,143,180,142,168,179,186,198,203,203,206,210,194,205,210,201,215,131,0,0,0,0,0,0,0,18,63,135,207,173,111,169,187,180,189,206,203,201,203,203,193,203,201,204,212,182,0,0,56,145,144,162,159,186,157,122,54,42,148,177,179,204,210,220,227,221,212,212,214,210,203,198,209,144,0,0,142,183,150,74,9,15,15,32,78,167,187,190,211,216,207,197,184,186,197,199,203,206,206,200,215,127,0,59,195,185,192,191,200,190,194,213,228,225,219,220,202,198,199,208,219,225,216,210,213,211,212,204,200,203,40,79,188,206,201,203,205,207,207,210,211,208,207,205,216,224,225,252,220,200,189,187,181,187,196,196,189,213,100,0,10,103,168,213,221,203,233,228,223,235,239,244,216,143,71,36,0,44,255,235,237,243,243,237,198,219,46,0,0,0,0,0,22,55,78,94,122,106,75,68,0,0,0,0,0,0,97,56,59,59,44,20,9,0,0,0,0,0,0,0,0,0,0,0,0,0,0,0,0,0,0,0,0,0,0,0,0,0,0,0,0,0,0,0,0,0,0,0,0,0,0,0,0,0,0,0,0,0,0,0,0,0,0,0,0,0,0,0,0,0,0,0,0,0,0,0,0,0,0,0,0,0,0,0,0,0,0,0,0,0,0,0,0,0,0,0,0,0,0,0,0,0,0,0,0,0,0,0,0,0,0,0,0,0,0,0,0,0,0,0,0,0,0,0,0,0,0,6
0,0,0,0,0,0,0,0,0,0,0,0,0,0,0,0,0,0,0,0,0,0,0,0,0,0,0,0,0,0,0,0,0,0,0,0,0,0,0,0,0,0,0,0,0,0,0,0,0,0,0,0,0,0,0,0,0,0,0,0,0,0,0,0,0,0,0,0,0,0,0,0,0,0,0,0,0,0,0,0,0,0,0,0,0,0,0,0,0,0,0,0,0,0,0,0,0,0,0,0,0,0,0,0,0,0,0,0,0,0,0,0,0,0,0,0,0,0,0,0,0,0,0,0,0,0,0,0,0,0,0,0,0,0,0,0,0,0,0,0,0,0,0,0,0,0,0,0,0,0,0,0,0,0,0,0,0,0,0,0,0,0,0,0,0,0,0,0,0,0,0,0,0,0,0,0,0,0,0,0,0,0,0,0,0,0,0,0,0,0,0,0,0,0,0,0,0,0,0,0,0,0,0,0,0,0,1,0,0,0,0,48,161,120,81,0,0,0,0,0,0,0,83,0,0,0,0,0,0,0,0,0,0,1,1,0,0,0,0,112,236,218,216,232,192,169,162,154,136,129,153,147,0,0,0,0,0,0,0,0,0,0,0,0,0,0,0,177,202,196,218,232,247,247,239,229,232,198,149,97,0,0,0,0,0,0,0,0,0,0,0,2,0,0,211,225,186,194,216,221,221,227,224,221,206,204,181,0,0,0,0,0,0,0,0,0,0,0,6,0,77,181,174,171,225,235,255,248,232,232,229,223,208,212,33,0,0,2,1,0,1,0,0,0,2,10,0,6,214,159,145,199,190,198,212,232,244,240,240,239,215,215,132,0,0,1,1,1,1,1,0,2,0,0,15,177,155,130,181,194,199,214,210,220,220,220,224,221,207,204,138,0,1,3,5,3,5,3,6,0,0,52,188,178,150,204,191,196,231,235,239,241,237,237,227,227,207,210,177,0,0,0,0,0,0,0,0,26,171,157,169,114,149,144,166,190,232,223,223,236,235,228,229,214,218,194,225,21,0,31,79,79,97,104,116,178,155,125,124,122,134,167,170,192,203,211,223,233,233,228,223,210,203,194,203,76,34,162,175,151,137,138,133,103,117,186,186,218,225,224,228,231,237,239,236,228,227,232,227,220,214,194,195,97,70,118,138,163,163,153,137,142,136,177,204,220,231,241,235,231,227,223,227,227,228,231,232,231,231,218,210,93,71,109,105,107,118,138,146,182,204,206,207,204,212,219,240,243,229,215,210,206,188,173,167,157,146,129,141,60,0,36,96,132,137,133,133,125,116,117,113,109,116,107,104,105,103,100,103,101,101,105,108,108,116,112,130,83,0,0,0,0,0,44,66,85,118,130,129,132,134,132,124,117,121,125,120,118,117,116,114,116,113,108,109,14,0,0,0,0,0,0,0,0,0,0,0,0,0,0,0,0,0,0,0,0,0,0,0,0,0,0,0,0,0,0,0,0,0,0,0,0,0,0,0,0,0,0,0,0,0,0,0,0,0,0,0,0,0,0,0,0,0,0,0,0,0,0,0,0,0,0,0,0,0,0,0,0,0,0,0,0,0,0,0,0,0,0,0,0,0,0,0,0,0,0,0,0,0,0,0,0,0,0,0,0,0,0,0,0,0,0,0,0,0,0,0,0,0,0,0,0,0,0,0,0,0,0,0,0,0,0,0,0,0,0,0,0,0,0,0,0,0,0,0,0,0,0,0,0,0,0,0,0,0,0,0,0,0,0,0,0,0,0,0,0,0,0,0,0,0,0,0,0,6
0,0,0,0,0,0,0,0,0,0,0,0,0,0,0,0,0,0,0,0,0,0,0,0,0,0,0,0,0,0,0,0,0,0,0,0,0,0,0,0,0,0,0,0,0,0,0,0,0,0,0,0,0,0,0,0,0,0,0,0,0,0,0,0,0,0,0,0,0,0,0,0,0,0,0,0,0,0,0,0,0,0,0,0,0,0,0,0,0,0,0,0,0,0,0,0,0,0,0,0,0,0,0,0,0,0,0,0,0,0,0,0,0,0,0,0,0,0,0,0,0,0,0,0,0,0,0,0,0,85,113,0,2,2,1,0,0,2,4,1,0,0,0,0,0,0,0,0,0,0,0,0,0,1,0,0,10,146,204,0,0,0,0,0,4,0,0,0,0,0,0,0,0,0,0,0,0,0,0,0,1,0,0,151,216,205,217,161,83,18,0,0,0,11,64,0,0,0,0,0,0,0,0,0,0,0,0,0,5,0,86,217,189,212,234,205,196,196,166,113,89,172,126,0,0,0,0,0,0,0,0,0,0,0,0,0,1,0,114,228,184,209,221,168,172,182,191,196,191,5,0,0,0,0,0,0,0,0,0,0,0,0,0,1,0,0,154,179,182,238,203,155,155,153,164,158,181,20,0,2,0,0,0,0,0,0,0,0,0,0,0,2,0,8,255,196,192,238,197,166,161,159,157,151,189,27,0,4,0,0,0,0,0,0,0,0,0,0,2,0,0,150,188,150,229,247,185,159,170,166,168,154,195,56,0,3,1,1,0,0,0,0,0,0,0,2,0,0,50,253,193,190,248,229,160,160,157,154,164,141,191,117,0,0,0,0,0,0,1,0,0,0,0,0,0,98,255,104,189,234,248,207,150,165,159,157,159,155,181,165,0,0,1,0,0,0,0,0,0,1,1,0,84,199,196,201,243,239,243,185,150,164,166,178,183,165,174,173,0,0,0,0,2,4,5,6,1,1,0,0,255,176,185,244,243,240,234,169,171,181,185,176,115,123,159,196,36,0,0,0,0,0,0,0,0,0,0,75,156,183,235,244,245,235,224,184,172,175,172,122,113,165,166,194,85,0,0,0,43,119,150,107,116,116,69,151,223,221,234,226,222,217,220,213,198,176,172,142,149,172,164,196,107,0,0,37,150,98,91,188,140,97,112,160,178,186,188,201,202,186,195,218,228,213,188,151,148,159,147,187,127,0,0,100,194,189,71,72,125,174,225,205,204,210,229,230,232,215,194,210,214,210,189,168,161,165,146,184,126,0,43,170,171,190,210,234,236,218,217,225,222,217,214,212,195,174,169,192,180,164,158,166,155,159,163,188,159,0,52,180,176,167,171,185,200,207,215,215,215,217,180,174,169,171,182,183,191,200,204,207,209,207,197,200,201,50,10,103,138,148,174,182,186,189,186,188,188,191,188,188,190,191,217,210,214,176,175,176,169,167,172,168,170,63,0,0,3,29,70,107,149,161,171,186,181,179,175,167,143,103,71,28,66,163,158,162,159,153,164,164,183,72,2,0,0,0,0,0,0,9,20,25,41,38,23,15,0,0,0,0,0,49,64,51,51,42,38,30,30,0,0,0,0,0,0,0,0,0,0,0,0,0,0,0,0,0,0,0,0,0,0,0,0,0,0,0,0,0,0,0,0,0,0,0,0,0,0,0,0,0,0,0,0,0,0,0,0,0,0,0,0,0,0,0,0,0,0,0,0,0,0,0,0,0,0,0,0,0,0,0,0,0,0,0,0,0,0,0,0,0,0,0,0,0,6
0,0,0,0,0,0,0,0,0,0,0,0,0,0,0,0,0,0,0,0,0,0,0,0,0,0,0,0,0,0,0,0,0,0,0,0,0,0,0,0,0,0,0,0,0,0,0,0,0,0,0,0,0,0,0,0,0,0,0,0,0,0,0,0,0,0,0,0,0,0,0,0,0,0,0,0,0,0,0,0,0,0,0,0,0,0,0,0,0,0,0,0,0,0,0,0,0,0,0,0,0,0,0,0,0,0,0,0,0,0,0,0,0,0,0,0,0,0,0,0,0,0,1,0,2,0,39,87,97,123,146,148,159,168,162,146,154,148,0,0,0,0,0,0,0,0,0,0,0,0,1,1,3,0,111,180,150,160,173,173,168,169,177,179,183,161,0,0,0,0,0,0,0,0,0,0,0,0,0,0,4,0,79,149,166,149,156,172,167,175,166,148,175,135,0,0,0,0,0,0,0,0,0,0,0,1,1,0,6,0,95,181,129,129,160,166,161,162,168,158,168,134,0,0,0,0,0,0,0,0,0,0,0,0,1,1,4,0,125,139,114,159,170,164,166,165,164,159,174,146,0,0,0,0,0,0,0,0,0,0,0,0,0,2,0,0,135,105,153,166,171,173,167,164,169,158,173,146,0,0,0,0,0,0,0,0,0,0,0,0,0,2,0,23,125,161,183,170,171,174,167,167,172,167,168,165,0,0,0,0,0,0,0,0,0,0,0,0,0,1,0,80,140,164,179,180,173,174,170,177,174,177,155,196,30,0,0,0,0,0,0,0,0,0,0,0,3,0,1,144,160,138,157,173,181,171,169,169,160,165,153,181,94,0,0,0,0,0,0,0,1,1,0,0,4,0,71,160,137,132,155,172,179,171,169,166,168,167,153,146,158,0,0,0,0,0,0,0,0,0,0,3,0,3,143,119,117,132,154,161,171,167,170,171,165,157,147,140,187,26,1,1,1,0,0,0,0,0,1,2,0,89,146,128,133,143,147,149,161,151,156,162,148,154,157,153,186,66,0,0,0,0,1,0,0,0,3,0,20,151,115,134,132,141,148,155,162,140,143,149,142,156,157,144,170,70,1,2,1,1,1,0,0,3,0,0,129,134,128,144,138,142,152,166,169,152,150,158,159,165,169,174,192,58,0,1,3,3,2,2,0,0,0,89,151,128,136,132,135,151,165,172,168,166,159,155,167,175,180,168,197,52,3,2,0,0,0,0,0,20,130,157,118,130,130,134,141,152,162,156,158,202,207,178,171,166,159,148,187,43,0,0,2,28,51,85,112,144,139,117,125,133,135,152,146,146,148,189,244,159,187,164,153,162,172,160,195,41,5,84,128,138,147,151,143,125,125,138,130,135,147,152,153,151,224,215,25,0,181,162,159,155,161,149,192,30,115,176,144,136,124,125,125,133,138,141,134,148,158,152,157,198,156,0,0,102,210,170,167,169,157,138,191,23,27,144,161,187,187,204,188,162,132,136,147,147,156,170,255,141,0,0,0,121,177,156,155,149,141,147,197,10,0,0,0,12,64,94,133,162,185,191,191,192,190,167,58,0,0,0,0,164,212,193,206,203,204,194,202,0,0,0,0,0,0,0,0,0,0,0,0,0,0,0,0,0,0,0,0,0,0,0,0,0,0,0,0,0,0,0,0,0,0,0,0,0,0,0,0,0,0,0,0,0,0,0,0,0,0,0,0,0,0,0,0,0,0,0,0,0,0,0,0,0,0,0,0,0,0,0,0,0,0,0,0,0,0,0,0,0,0,0,0,0,6
0,0,0,0,0,0,0,0,0,0,0,0,0,0,0,0,0,0,0,0,0,0,0,0,0,0,0,0,0,0,0,0,0,0,0,0,0,0,0,0,0,0,0,0,0,0,0,0,0,0,0,0,0,0,0,0,0,0,0,0,0,0,0,0,0,0,0,0,0,0,0,0,0,0,0,0,0,0,0,0,0,0,0,0,0,0,0,0,0,0,0,0,0,0,0,0,0,0,0,0,0,0,0,0,0,0,0,0,0,0,0,0,0,0,0,0,0,0,0,0,0,0,0,0,0,0,0,0,0,0,0,0,0,0,0,0,0,0,44,86,0,0,0,0,0,0,0,0,0,0,0,0,0,0,41,65,64,71,61,24,0,5,0,0,0,0,39,106,0,0,0,0,0,0,0,0,0,0,0,0,1,0,138,191,180,165,164,216,180,209,179,173,159,157,172,8,0,0,0,0,0,0,0,0,0,0,0,1,0,0,138,142,134,104,112,173,176,183,194,204,170,168,132,0,0,0,0,0,0,0,0,0,0,0,0,1,0,0,106,95,103,125,154,130,182,208,136,192,164,153,22,0,0,0,0,0,0,0,0,0,0,0,0,2,0,3,120,120,100,137,171,116,196,194,116,196,152,189,65,0,0,0,0,0,0,0,0,0,0,0,0,2,0,2,142,122,105,120,133,203,221,213,214,221,171,182,0,0,0,0,0,0,1,0,1,0,0,0,0,2,0,5,156,126,130,138,131,129,163,179,176,161,146,167,0,0,1,1,1,0,1,0,1,1,0,1,0,2,0,37,170,114,111,118,107,87,89,109,119,110,163,149,0,0,0,0,0,0,0,0,0,0,0,0,2,0,15,128,140,124,111,115,106,119,134,142,121,132,156,151,0,0,2,2,1,0,0,0,1,0,0,2,0,3,105,89,117,125,165,175,164,142,137,135,121,134,146,171,0,0,0,0,0,0,0,0,2,1,2,0,0,60,147,161,117,125,219,90,189,188,138,128,135,147,153,163,10,0,1,1,1,0,0,1,0,0,0,6,81,52,62,142,144,196,147,86,203,154,121,144,57,92,161,174,32,0,1,0,0,0,0,0,0,19,58,98,88,59,95,118,117,170,205,204,188,112,138,136,75,126,168,187,72,0,0,39,114,105,100,77,82,91,86,34,15,100,115,94,106,139,196,232,181,172,183,168,201,175,167,199,82,0,0,138,130,46,20,73,48,6,7,30,92,129,139,142,159,163,138,145,136,143,171,175,158,157,177,197,22,0,68,185,170,148,90,85,74,76,121,148,164,161,168,173,157,136,147,159,175,194,188,203,205,220,207,213,87,0,34,147,186,195,201,193,172,157,158,166,170,170,166,175,189,206,213,255,235,197,188,187,185,180,171,179,105,0,0,0,41,110,165,172,188,194,195,196,200,231,234,242,201,145,80,36,0,164,235,201,213,219,180,188,122,0,0,0,0,0,0,0,31,52,75,94,89,62,50,16,0,0,0,0,0,48,90,64,62,59,44,44,9,0,0,0,0,0,0,0,0,0,0,0,0,0,0,0,0,0,0,0,0,0,0,0,0,0,0,0,0,0,0,0,0,0,0,0,0,0,0,0,0,0,0,0,0,0,0,0,0,0,0,0,0,0,0,0,0,0,0,0,0,0,0,0,0,0,0,0,0,0,0,0,0,0,0,0,0,0,0,0,0,0,0,0,0,0,0,0,0,0,0,0,0,0,0,0,0,0,0,0,0,0,0,0,0,0,0,0,0,0,0,0,0,0,6
0,0,0,0,0,0,0,0,0,0,0,0,0,0,0,0,0,0,0,0,0,0,0,0,0,0,0,0,0,0,0,0,0,0,0,0,0,0,0,0,0,0,0,0,0,0,0,0,0,0,0,0,0,0,0,0,0,0,0,0,0,0,0,0,0,0,0,0,0,0,0,0,0,0,0,0,0,0,0,0,0,0,0,0,0,0,0,0,0,0,0,0,0,0,0,0,0,0,0,0,0,0,0,0,0,0,0,0,0,0,0,0,0,0,0,0,0,0,0,0,0,0,0,2,0,38,167,157,144,117,101,100,92,86,71,63,70,21,0,0,0,0,0,0,0,0,0,0,0,0,0,3,0,44,220,213,227,230,255,231,231,230,231,218,218,74,0,2,0,0,0,0,0,0,0,0,0,1,0,0,0,50,160,165,193,216,225,228,232,236,215,205,208,19,0,1,0,0,0,0,0,0,0,0,0,0,0,0,0,33,29,26,23,34,40,46,58,63,88,90,117,50,0,0,0,0,0,0,0,0,0,0,0,0,0,0,0,99,173,131,132,95,81,77,64,53,41,40,76,36,0,0,0,0,0,0,0,0,0,0,0,0,0,0,0,159,216,231,255,253,252,253,252,249,237,222,215,0,0,1,0,0,0,0,0,0,0,0,0,0,0,0,0,187,186,196,200,203,211,216,218,219,222,212,228,0,0,1,0,0,0,0,0,0,0,0,0,0,2,0,52,228,193,210,217,214,219,223,223,223,220,199,235,46,0,1,0,0,0,0,0,0,0,0,0,1,0,0,160,215,188,210,221,225,228,227,225,227,218,201,218,153,0,0,0,0,0,0,0,0,0,0,0,3,0,39,228,190,197,217,232,230,226,222,219,222,221,213,219,234,7,0,0,0,0,0,0,0,0,0,0,0,0,155,207,185,195,214,224,222,224,227,224,226,218,208,213,223,114,0,0,0,0,0,0,0,0,0,1,0,49,223,178,193,206,212,212,219,228,233,212,195,169,177,219,213,195,0,0,0,0,0,1,0,2,0,0,0,169,215,207,202,213,215,218,218,206,203,200,196,206,228,224,203,206,0,0,1,4,1,0,0,0,0,0,147,183,133,209,221,213,227,222,211,187,209,242,239,238,237,223,211,225,22,0,0,0,0,0,0,18,85,188,155,136,137,115,198,219,216,211,211,222,233,221,216,223,212,191,157,141,12,0,0,36,66,111,136,158,134,157,137,153,182,131,96,165,214,223,222,216,219,215,191,153,124,119,122,117,0,0,149,183,153,108,71,52,28,85,145,162,162,190,185,184,223,211,221,220,165,94,121,112,103,111,107,110,0,0,177,208,201,193,181,201,203,185,185,177,162,191,218,223,210,207,153,64,0,0,146,134,130,138,143,151,4,64,154,154,182,197,206,215,216,220,223,223,226,224,209,195,144,66,0,0,0,0,133,121,114,122,121,125,0,1,33,69,110,132,152,159,165,175,185,191,177,157,132,87,4,0,0,0,0,0,134,143,128,135,139,140,16,0,0,0,0,10,33,50,71,73,68,68,76,60,13,0,0,1,2,1,0,0,47,48,37,29,24,6,0,0,0,0,0,0,0,0,0,0,0,0,0,0,0,0,0,0,0,0,0,0,0,0,0,0,0,0,0,0,0,0,0,0,0,0,0,0,0,0,0,0,0,0,0,0,0,0,0,0,0,0,0,0,0,0,0,0,0,0,0,0,0,0,0,0,0,0,0,0,0,0,0,0,0,0,0,0,0,0,0,0,0,0,0,6
0,0,0,0,0,0,0,0,0,0,0,0,0,0,0,0,0,0,0,0,0,0,0,0,0,0,0,0,0,0,0,0,0,0,0,0,0,0,0,0,0,0,0,0,0,0,0,0,0,0,0,0,0,0,0,0,0,0,0,0,0,0,0,0,0,0,0,0,0,0,0,0,0,0,0,0,0,0,0,0,0,0,0,0,0,0,0,0,0,0,0,0,0,0,0,0,0,0,0,0,0,0,0,0,0,0,0,0,0,0,0,0,0,0,0,0,0,0,0,0,0,0,0,0,0,0,0,0,0,0,0,0,0,0,0,0,0,0,0,0,0,0,0,0,0,0,0,0,0,0,0,0,0,0,0,0,0,0,0,0,0,0,0,0,0,0,0,0,0,0,0,0,0,0,0,0,0,0,0,0,0,0,0,0,1,0,28,13,0,1,0,0,0,0,0,0,0,0,0,0,0,0,0,0,0,0,0,0,0,0,0,3,0,23,223,177,136,242,203,201,172,10,46,0,0,0,0,0,0,0,0,0,0,0,0,0,0,0,1,0,0,175,197,191,204,230,230,203,195,127,121,0,0,0,0,0,0,0,0,0,0,0,0,0,0,0,5,0,20,186,186,208,223,221,217,191,192,95,0,0,0,0,0,0,0,0,0,0,0,0,0,0,0,2,0,0,192,195,180,208,219,235,215,190,216,0,0,1,0,0,0,0,0,0,0,0,0,0,0,2,2,0,0,102,227,115,164,227,230,236,215,183,220,13,0,0,0,0,0,0,0,0,0,0,0,2,4,0,0,0,60,213,166,180,214,234,235,235,214,200,220,90,0,0,0,0,0,0,0,0,0,0,2,6,0,0,31,185,240,155,156,199,228,239,235,224,224,199,203,185,0,0,0,0,0,2,2,4,7,4,0,0,28,223,231,129,65,0,126,225,231,232,228,224,220,212,199,210,30,0,0,2,1,0,0,0,0,0,4,114,165,100,9,19,76,172,244,232,228,224,221,223,203,215,200,211,129,0,5,0,0,0,3,0,33,105,151,122,114,119,161,212,255,254,235,227,233,235,233,224,208,212,210,204,186,0,0,0,98,147,168,194,212,128,12,0,131,236,228,233,230,230,234,230,223,222,232,243,245,241,218,199,196,0,0,169,190,123,36,27,58,72,85,150,169,178,204,227,229,229,216,203,188,180,181,188,191,206,206,201,199,0,102,194,184,210,215,206,201,206,226,213,204,180,188,225,218,213,203,188,200,216,229,226,213,206,216,210,223,73,180,213,206,201,196,201,208,215,216,209,208,211,212,210,211,218,227,233,233,225,212,209,209,202,197,195,194,163,20,110,184,181,197,208,211,211,210,224,231,224,223,239,238,205,159,123,68,117,247,209,225,225,231,230,241,202,0,0,0,0,28,37,68,112,140,154,156,145,135,54,0,0,0,0,0,0,181,166,153,152,133,114,92,29,0,0,0,0,0,0,0,0,0,0,0,0,0,0,0,0,0,0,0,0,0,0,0,0,0,0,0,0,0,0,0,0,0,0,0,0,0,0,0,0,0,0,0,0,0,0,0,0,0,0,0,0,0,0,0,0,0,0,0,0,0,0,0,0,0,0,0,0,0,0,0,0,0,0,0,0,0,0,0,0,0,0,0,0,0,0,0,0,0,0,0,0,0,0,0,0,0,0,0,0,0,0,0,0,0,0,0,0,0,0,0,0,0,0,0,0,0,0,0,0,0,0,0,0,0,0,0,0,0,0,0,0,0,0,0,0,0,0,0,0,6
0,0,0,0,0,0,0,0,0,0,0,0,0,0,0,0,0,0,0,0,0,0,0,0,0,0,0,0,0,0,0,0,0,0,0,0,0,0,0,0,0,0,0,0,0,0,0,0,0,0,0,0,0,0,0,0,0,0,0,0,0,0,0,0,0,0,0,0,0,0,0,0,0,0,0,0,0,0,0,0,0,0,0,0,0,0,0,0,0,0,0,0,0,0,0,0,1,3,0,0,0,0,0,16,1,0,0,0,0,0,96,75,0,0,0,0,0,0,0,0,0,0,0,0,0,0,0,0,0,96,211,255,255,255,242,223,179,143,179,34,0,0,0,0,0,0,0,0,0,0,0,0,0,0,0,0,174,226,218,226,224,227,231,234,242,245,3,0,0,0,0,0,0,0,0,0,0,0,0,0,0,1,0,24,255,205,215,224,216,223,219,221,234,197,0,0,0,0,0,0,0,0,0,0,1,1,0,0,0,0,0,206,220,207,224,221,220,222,227,216,238,139,0,1,0,0,0,0,0,0,0,0,1,0,1,2,5,0,14,255,211,221,223,228,229,225,228,219,255,147,0,0,0,0,0,0,0,0,0,0,0,1,1,0,0,0,185,245,203,225,225,230,231,229,233,216,247,186,0,1,0,0,0,0,0,0,0,0,0,3,0,0,0,47,255,206,215,217,225,228,226,224,226,217,231,244,0,0,0,0,0,0,0,0,0,0,0,1,2,0,9,255,227,202,218,225,226,228,224,225,220,226,213,255,111,0,0,0,0,0,0,0,0,0,0,0,0,0,168,255,197,212,225,226,225,225,226,225,225,227,213,226,186,0,0,0,0,0,0,0,0,0,0,3,0,0,247,211,206,225,225,223,225,224,225,225,225,221,209,212,245,0,0,0,0,0,0,0,0,0,0,0,15,224,215,204,228,226,226,226,223,223,223,221,211,209,209,202,255,38,0,0,0,0,0,0,0,0,0,79,232,217,218,222,226,224,224,225,223,222,220,220,216,215,221,212,255,87,0,2,5,2,0,0,0,0,169,242,225,197,218,222,221,225,225,223,223,223,222,222,225,225,228,217,255,76,0,0,0,0,0,0,49,210,252,185,207,217,224,222,222,224,226,227,226,226,226,225,226,225,224,218,255,36,0,12,103,143,186,213,248,203,197,220,219,222,225,223,224,224,225,222,221,221,220,219,221,219,220,218,249,3,67,232,233,216,210,209,197,188,207,211,212,218,221,223,225,226,227,228,229,229,229,229,230,230,229,233,240,0,25,148,173,202,214,217,230,232,232,234,255,255,255,255,255,255,251,244,241,236,232,228,223,225,221,199,182,0,9,0,0,0,13,42,64,70,70,69,61,51,43,23,8,0,0,0,0,0,0,0,0,0,0,0,2,0,38,38,22,12,0,0,0,0,0,0,0,0,0,0,0,0,5,3,4,5,6,7,7,7,7,8,34,0,12,34,35,35,34,33,27,27,32,28,20,18,22,23,20,21,22,20,20,20,20,21,24,24,23,26,20,0,0,3,8,19,19,26,27,26,25,24,23,24,26,22,18,19,20,16,16,16,17,16,15,15,14,19,2,0,0,0,0,0,0,0,0,0,0,0,0,0,0,0,0,0,0,0,0,0,0,0,0,0,0,0,0,0,0,0,0,0,0,0,0,0,0,0,0,0,0,0,0,0,0,0,0,0,0,0,0,0,0,0,0,0,0,0,0,0,0,0,0,0,0,0,0,0,0,0,0,0,0,0,0,0,0,0,0,0,0,0,0,0,6
0,0,0,0,0,0,0,0,0,0,0,0,0,0,0,0,0,0,0,0,0,0,0,0,0,0,0,0,0,0,0,0,0,0,0,0,0,0,0,0,0,0,0,0,0,0,0,0,0,0,0,0,0,0,0,0,0,0,0,0,0,0,0,0,0,0,0,0,0,0,0,0,0,0,0,0,0,0,0,0,0,0,0,0,0,0,0,0,0,0,0,0,0,0,0,0,0,0,0,0,0,0,0,0,0,0,0,0,0,0,0,0,0,0,0,0,0,0,0,0,0,0,0,0,0,0,0,0,0,0,0,0,0,0,0,0,0,0,0,0,0,0,0,0,0,0,0,0,0,0,0,0,1,1,0,0,191,160,164,101,101,99,97,99,102,46,0,0,0,0,0,0,0,0,0,0,0,1,0,0,0,4,0,74,214,163,219,213,250,237,234,211,213,192,6,0,0,0,0,0,0,0,0,0,0,0,0,0,1,4,0,125,186,152,209,194,177,172,180,178,186,185,26,0,0,0,0,0,0,0,0,0,0,0,0,0,1,0,0,225,180,130,205,211,189,199,195,191,185,219,113,0,0,0,0,0,0,0,0,0,1,1,0,0,0,0,121,191,167,144,135,175,185,186,185,167,150,161,26,0,0,0,0,0,0,0,0,0,0,0,0,4,0,31,185,175,161,167,152,129,130,122,124,125,118,180,37,0,0,0,0,0,1,0,0,0,1,1,9,0,0,219,174,178,164,144,147,160,166,169,169,167,147,164,94,0,0,1,0,0,0,0,0,0,0,4,0,0,195,181,161,172,147,150,147,146,147,157,157,164,163,161,130,0,1,3,4,4,3,6,7,4,0,0,24,209,169,166,161,143,153,163,166,174,174,169,161,147,122,138,160,0,0,0,0,0,0,0,0,0,0,31,202,180,149,157,147,161,169,171,174,166,150,136,129,129,129,141,174,12,0,29,125,125,97,62,59,105,155,209,161,132,150,153,152,171,157,152,141,138,135,141,135,125,133,146,172,41,0,211,172,160,172,172,172,164,153,153,166,138,160,160,153,150,141,129,136,144,143,139,139,125,124,135,169,71,83,171,143,144,124,130,139,144,139,141,158,150,144,133,136,139,141,138,144,146,143,144,149,143,139,149,172,54,189,161,147,155,158,152,146,147,150,141,138,141,147,144,150,153,153,161,180,194,192,185,167,155,144,133,155,96,147,225,191,158,149,152,143,143,149,150,144,144,152,161,158,166,181,197,197,181,169,171,171,175,167,161,177,132,0,43,164,200,206,188,172,155,150,150,153,152,161,163,174,194,217,169,63,219,233,211,211,206,200,191,214,122,0,0,0,0,60,155,214,239,200,195,216,192,197,199,255,83,0,0,0,83,203,189,200,214,206,197,199,76,1,0,1,0,0,0,0,0,40,93,59,105,73,41,0,0,0,7,0,0,37,4,13,23,13,7,6,0,0,0,0,0,0,0,0,0,0,0,0,0,0,0,0,0,0,0,0,0,0,0,0,0,0,0,0,0,0,0,0,0,0,0,0,0,0,0,0,0,0,0,0,0,0,0,0,0,0,0,0,0,0,0,0,0,0,0,0,0,0,0,0,0,0,0,0,0,0,0,0,0,0,0,0,0,0,0,0,0,0,0,0,0,0,0,0,0,0,0,0,0,0,0,0,0,0,0,0,0,0,0,0,0,0,0,0,0,0,0,0,0,0,0,0,0,0,0,0,0,0,0,0,0,0,0,0,0,0,0,0,0,0,0,0,0,0,0,0,0,6
0,0,0,0,0,0,0,0,0,0,0,0,0,0,0,0,0,0,0,0,0,0,0,0,0,0,0,0,0,0,0,0,0,0,0,0,0,0,0,0,0,0,0,0,0,0,0,0,0,0,0,0,0,0,0,0,0,0,0,0,0,0,0,0,0,0,0,0,0,0,0,0,0,0,0,0,0,0,0,0,0,0,0,0,0,0,0,0,0,0,0,0,0,0,0,1,0,4,3,0,0,0,35,22,14,28,117,206,0,0,3,0,0,0,0,0,0,0,0,0,0,1,0,0,0,0,0,31,149,180,212,206,244,209,216,194,0,0,3,0,0,0,0,0,0,0,0,0,0,1,0,5,0,98,157,183,160,224,228,227,233,233,235,187,114,0,5,0,0,0,0,0,0,0,0,0,0,1,0,5,0,184,255,219,132,222,236,233,231,227,188,224,167,0,5,0,0,0,0,0,0,0,0,0,0,1,0,0,0,173,184,192,208,175,172,162,181,108,199,158,0,0,1,0,0,0,0,0,0,0,0,0,0,0,0,0,0,0,0,0,147,113,184,119,59,116,255,0,0,0,0,1,0,0,0,0,0,0,0,0,0,0,0,0,0,0,0,0,0,0,109,127,109,255,67,0,5,1,8,1,0,0,0,0,0,0,0,0,0,0,0,0,0,1,0,0,0,0,152,81,114,224,0,0,0,0,0,0,0,0,0,0,0,0,0,0,0,0,0,0,0,0,0,3,0,29,140,33,255,143,0,0,0,92,227,55,0,0,0,0,0,0,0,1,0,0,0,0,0,0,0,6,0,48,248,165,255,25,39,198,225,235,237,60,0,0,0,0,2,0,0,1,0,0,0,0,0,0,0,6,0,68,155,109,211,226,255,246,237,217,97,1,0,0,0,0,1,0,2,6,2,0,0,0,0,0,0,3,0,43,95,35,216,255,201,161,190,221,120,0,0,0,0,0,3,5,0,0,0,0,0,0,0,0,0,0,0,136,247,200,237,119,148,77,154,168,15,0,0,0,1,1,0,0,0,62,0,0,2,0,0,0,0,0,125,243,226,119,162,49,90,135,231,122,21,0,1,3,2,0,1,116,175,241,199,0,0,0,0,0,0,133,247,193,191,147,150,162,117,143,243,73,21,0,0,0,0,0,178,236,213,210,254,85,0,5,0,0,130,249,237,171,84,200,174,141,17,181,173,90,0,0,8,37,21,0,151,227,216,218,221,210,0,0,0,151,253,208,252,221,56,162,185,102,155,218,86,96,0,1,135,236,212,234,205,226,230,241,141,4,1,96,254,254,229,177,105,160,99,214,252,241,255,224,199,112,0,4,0,155,186,201,252,250,201,243,255,242,255,233,78,102,87,38,68,222,255,241,236,206,74,158,123,24,0,3,0,133,159,80,119,190,97,91,52,111,189,202,45,158,179,176,255,255,223,218,251,166,2,82,108,13,0,1,0,56,255,158,73,68,110,142,119,14,33,120,58,183,221,247,254,77,0,181,255,26,61,81,81,0,0,0,2,0,69,249,252,210,255,255,255,239,239,162,34,226,255,118,0,0,0,208,248,211,55,149,175,0,4,0,0,0,0,0,49,145,192,216,232,233,234,234,202,123,0,0,0,0,0,179,208,208,192,205,77,0,6,0,0,0,0,0,0,0,0,0,0,0,0,0,0,0,0,0,0,0,0,0,0,0,0,0,0,0,0,0,0,0,0,0,0,0,0,0,0,0,0,0,0,0,0,0,0,0,0,0,0,0,0,0,0,0,0,0,6
0,0,0,0,0,0,0,0,0,0,0,0,0,0,0,0,0,0,0,0,0,0,0,0,0,0,0,0,0,0,0,0,0,0,0,0,0,0,0,0,0,0,0,0,0,0,0,0,0,0,0,0,0,0,0,0,0,0,0,0,0,0,0,0,0,0,0,0,0,0,0,0,0,0,0,0,0,0,0,0,0,0,0,0,0,0,0,0,0,0,0,0,0,0,0,0,0,0,0,0,0,0,0,0,0,0,0,0,0,0,0,0,0,0,0,0,0,0,0,0,0,0,0,0,0,0,0,0,0,0,0,0,0,0,0,0,0,0,0,0,0,0,0,0,0,0,0,0,0,0,0,0,0,54,58,48,44,42,15,0,0,61,61,33,21,16,0,0,0,0,0,0,0,0,0,0,0,0,1,0,0,116,132,120,106,82,108,83,105,131,122,134,134,134,151,67,0,0,0,0,0,0,0,0,0,0,1,0,0,114,112,111,108,87,103,99,200,94,103,102,105,112,126,29,0,0,0,0,0,0,0,0,0,0,0,0,0,114,108,106,116,97,135,79,90,96,96,91,91,109,106,0,0,0,0,0,0,0,0,0,0,0,1,0,3,79,74,93,105,79,132,44,91,99,96,97,94,132,45,0,0,0,0,0,0,0,0,0,0,0,1,0,4,90,67,64,82,93,119,27,93,87,82,87,105,108,0,0,0,0,0,0,0,0,0,0,0,0,0,0,0,112,90,79,97,122,138,106,125,91,109,105,120,119,0,0,1,0,0,0,0,0,0,0,0,0,1,0,15,109,94,88,106,90,112,157,99,68,76,76,71,103,0,0,0,0,0,0,0,0,0,1,0,0,7,0,102,171,128,125,85,32,42,54,38,74,76,102,158,161,0,0,1,0,0,0,0,0,0,0,0,1,0,0,146,158,163,177,151,137,138,129,161,167,184,177,204,175,0,0,0,0,1,0,0,0,0,0,0,3,0,67,161,160,161,161,158,155,138,154,181,161,174,190,193,193,13,0,3,0,0,0,1,1,1,0,3,0,1,77,138,181,181,167,172,119,180,198,148,181,160,193,198,203,39,0,1,0,0,0,0,0,0,0,0,10,65,48,13,42,99,145,196,196,155,154,134,189,181,167,192,184,9,0,0,29,67,67,48,29,21,25,48,76,44,24,42,64,56,48,59,109,190,222,196,172,174,171,190,148,10,0,4,88,42,32,50,61,68,64,61,38,39,59,61,77,88,100,102,103,80,123,149,184,181,186,174,134,24,0,51,134,106,82,38,36,44,45,50,61,64,79,82,91,103,106,90,90,99,131,96,106,134,164,166,175,38,0,10,103,134,149,132,126,116,100,82,71,67,77,88,90,102,126,151,167,166,169,138,146,155,186,196,187,91,0,0,0,13,59,129,154,140,148,157,189,187,193,198,193,181,160,143,106,99,212,215,250,255,215,213,235,149,0,3,0,0,0,0,0,3,27,50,59,53,51,51,29,3,0,0,0,0,145,123,112,111,109,99,117,54,0,0,0,0,0,0,0,0,0,0,0,0,0,0,0,0,0,0,0,0,0,0,0,0,0,0,0,0,0,0,0,0,0,0,0,0,0,0,0,0,0,0,0,0,0,0,0,0,0,0,0,0,0,0,0,0,0,0,0,0,0,0,0,0,0,0,0,0,0,0,0,0,0,0,0,0,0,0,0,0,0,0,0,0,0,0,0,0,0,0,0,0,0,0,0,0,0,0,0,0,0,0,0,0,0,0,0,0,0,0,0,0,0,6
0,0,0,0,0,0,0,0,0,0,0,0,0,0,0,0,0,0,0,0,0,0,0,0,0,0,0,0,0,0,0,0,0,0,0,0,0,0,0,0,0,0,0,0,0,0,0,0,0,0,0,0,0,0,0,0,0,0,0,0,0,0,0,0,0,0,0,0,0,0,0,0,0,0,0,0,0,0,0,0,0,0,0,0,0,0,0,0,0,0,0,0,0,0,0,0,0,0,0,0,30,0,0,0,0,0,0,0,0,0,0,0,0,0,0,0,0,0,0,0,0,0,0,0,0,2,0,0,195,201,193,214,172,121,93,67,79,8,0,2,0,0,0,0,0,0,0,0,0,0,0,0,0,3,0,10,208,188,183,229,239,240,243,236,247,73,0,6,0,0,0,0,0,0,0,0,0,0,0,0,0,8,0,144,222,203,212,221,219,221,219,209,235,105,0,1,0,0,0,0,0,0,0,0,0,0,0,0,0,0,0,145,202,180,232,222,224,221,217,220,237,149,0,0,0,0,0,0,0,0,0,0,0,0,0,0,3,0,16,251,217,194,226,230,225,221,217,219,233,179,0,0,0,0,0,0,0,0,0,0,0,0,0,0,2,0,0,240,196,225,226,227,224,221,220,219,229,203,0,0,0,0,0,0,0,0,0,0,0,0,0,0,0,0,0,234,198,207,226,219,223,219,217,209,227,211,0,0,0,0,0,0,0,0,0,0,0,0,0,0,0,0,159,245,224,230,219,219,224,220,227,217,232,214,0,0,0,0,0,0,0,0,0,0,1,0,10,0,0,21,225,184,184,216,230,229,224,222,223,227,224,216,8,0,0,0,0,0,0,0,0,0,1,3,0,0,103,235,210,215,224,231,218,217,228,227,227,233,217,231,95,0,0,0,0,0,0,0,0,2,0,0,21,144,218,206,170,216,209,217,244,222,227,247,233,223,211,225,126,0,0,0,0,0,0,0,1,0,0,79,255,222,170,192,204,208,233,226,204,238,204,216,214,208,215,225,179,0,2,3,8,11,2,0,0,0,91,248,174,203,179,201,223,221,219,234,231,227,216,196,201,221,213,209,230,0,0,0,0,0,0,0,36,164,241,190,169,204,217,224,221,223,223,219,221,230,227,213,213,212,202,206,248,15,0,0,72,112,125,177,223,207,177,204,212,211,213,214,217,219,222,225,221,214,216,224,216,211,207,210,244,19,0,139,189,179,185,200,190,197,221,189,192,205,211,215,214,215,219,218,220,228,221,218,223,233,222,212,226,17,0,185,189,164,145,166,175,195,205,205,223,219,210,215,224,222,232,236,236,226,220,222,216,219,204,200,241,47,75,209,213,221,214,222,223,201,188,199,203,210,222,226,223,221,223,216,228,203,206,207,207,199,202,186,214,59,90,194,201,201,205,206,211,214,220,209,212,209,214,207,216,220,240,211,142,200,164,143,126,131,145,160,179,66,0,46,151,198,229,227,224,223,226,224,224,225,237,250,160,89,21,0,0,120,242,203,200,223,238,205,255,78,0,0,0,0,27,74,72,135,102,154,116,133,67,37,0,0,0,0,0,0,165,135,73,63,56,45,26,0,0,0,0,0,0,0,0,0,0,0,0,0,0,0,0,0,0,0,0,0,0,0,0,0,0,0,0,0,0,0,0,0,0,0,0,0,0,0,0,0,0,0,0,0,0,0,0,0,0,0,0,0,0,0,0,0,0,0,0,0,0,0,0,0,0,0,0,0,0,0,0,0,0,0,0,0,0,0,0,0,0,0,0,0,6
0,0,0,0,0,0,0,0,0,0,0,0,0,0,0,0,0,0,0,0,0,0,0,0,0,0,0,0,0,0,0,0,0,0,0,0,0,0,0,0,0,0,0,0,0,0,0,0,0,0,0,0,0,0,0,0,0,0,0,0,0,0,0,0,0,0,0,0,0,0,0,0,0,0,0,0,0,0,0,0,0,0,0,0,0,0,0,0,0,0,0,0,0,0,0,0,0,0,0,0,0,0,0,0,0,0,0,0,0,0,0,0,0,0,0,0,0,0,0,0,0,0,0,0,0,0,0,0,0,0,0,0,0,0,0,0,0,0,0,0,0,0,0,0,0,0,0,0,0,0,0,0,0,0,0,0,0,0,0,0,0,0,0,0,0,0,0,0,0,0,0,0,0,0,0,0,0,0,1,1,0,1,2,0,0,0,0,0,0,0,0,0,0,0,3,27,0,0,0,0,0,0,0,0,0,0,0,0,0,0,1,0,87,165,89,0,0,0,0,0,0,0,64,107,0,0,0,0,0,0,0,0,0,1,0,1,0,0,1,0,170,173,188,166,144,115,70,136,200,143,170,0,0,0,0,0,0,0,0,0,0,0,0,1,0,6,0,43,183,156,172,202,213,224,224,193,177,196,156,0,0,0,0,0,0,0,0,0,0,0,0,0,0,0,0,124,160,162,192,198,198,202,207,182,164,189,64,0,0,0,0,0,0,0,0,0,0,0,0,0,0,0,76,144,139,165,198,199,210,207,216,187,165,213,28,0,1,0,0,0,0,1,0,0,1,2,1,0,0,57,131,126,143,175,208,200,207,206,218,188,163,215,36,0,0,0,0,0,1,0,0,2,2,5,0,0,71,144,117,133,142,190,208,203,207,198,216,193,161,214,88,0,0,1,0,0,0,1,4,3,0,0,3,104,101,62,119,131,154,207,198,202,207,199,221,190,161,181,161,0,0,1,2,2,4,1,0,0,0,61,124,41,17,71,109,144,181,209,194,193,198,198,227,178,163,174,194,0,2,0,0,0,0,0,0,34,77,77,18,48,117,147,155,155,194,205,196,198,199,206,204,144,165,171,200,13,0,0,15,36,46,60,75,81,77,67,90,149,145,151,165,168,187,203,196,193,185,168,155,155,181,170,203,12,0,89,109,90,71,92,111,115,130,124,101,132,158,174,193,189,177,167,164,161,160,160,162,165,154,155,174,0,57,178,152,146,144,144,145,144,143,136,135,141,166,171,168,165,172,174,188,192,176,175,182,187,197,205,225,0,22,112,164,188,199,195,194,187,185,184,184,190,197,204,214,216,208,242,200,196,236,232,231,232,226,220,210,1,0,0,0,16,58,104,153,181,200,214,214,199,190,156,101,49,7,0,0,23,248,232,235,228,218,215,255,18,0,0,0,0,0,0,0,0,0,0,0,0,0,0,0,0,0,0,0,0,47,14,16,7,6,7,0,0,0,0,0,0,0,0,0,0,0,0,0,0,0,0,0,0,0,0,0,0,0,0,0,0,0,0,0,0,0,0,0,0,0,0,0,0,0,0,0,0,0,0,0,0,0,0,0,0,0,0,0,0,0,0,0,0,0,0,0,0,0,0,0,0,0,0,0,0,0,0,0,0,0,0,0,0,0,0,0,0,0,0,0,0,0,0,0,0,0,0,0,0,0,0,0,0,0,0,0,0,0,0,0,0,0,0,0,0,0,0,0,0,0,0,0,0,0,0,0,0,0,0,0,0,0,0,0,0,0,0,0,0,0,0,0,0,0,0,0,0,6
0,0,0,0,0,0,0,0,0,0,0,0,0,0,0,0,0,0,0,0,0,0,0,0,0,0,0,0,0,0,0,0,0,0,0,0,0,0,0,0,0,0,0,0,0,0,0,0,0,0,0,0,0,0,0,0,0,0,0,0,0,0,0,0,0,0,0,0,0,0,0,0,0,0,0,0,0,0,0,0,0,0,0,0,0,0,0,0,0,0,0,0,0,0,0,0,0,0,0,0,0,0,0,0,0,0,0,0,0,0,0,0,0,0,0,0,0,0,0,0,0,0,0,0,0,0,0,0,0,0,0,0,0,0,0,0,0,0,0,0,0,0,0,0,0,0,0,0,0,0,0,0,0,0,0,0,0,0,0,0,0,0,0,2,0,51,11,0,0,0,0,0,0,0,0,0,0,0,0,0,0,0,0,0,42,25,0,0,1,1,1,0,0,106,164,0,0,0,0,0,0,0,0,0,0,0,0,0,0,3,0,0,202,221,135,0,0,0,0,0,6,114,176,0,0,0,0,0,0,0,0,0,0,0,0,0,0,5,0,16,231,204,198,90,42,28,0,122,202,214,145,0,0,0,0,0,0,0,0,0,0,0,0,0,0,8,0,61,240,207,187,242,237,244,239,210,189,222,121,0,0,0,0,0,0,0,0,0,0,0,0,0,0,0,0,145,241,197,197,186,188,184,206,198,196,223,62,0,0,0,0,0,0,0,0,0,0,0,0,0,0,0,0,255,222,197,209,191,189,190,206,207,187,216,112,0,0,0,0,0,0,0,0,0,0,0,0,3,0,0,176,232,207,198,204,194,192,193,198,208,184,215,153,0,0,0,0,0,0,0,0,0,0,0,0,0,0,168,233,210,208,201,193,190,189,188,187,211,191,219,183,0,0,0,0,0,0,0,0,0,1,1,0,0,195,234,211,213,199,207,187,198,189,194,184,209,176,202,211,0,0,0,0,0,0,2,1,0,0,0,21,234,229,208,210,205,200,203,191,197,189,194,193,214,177,182,223,31,0,1,6,5,0,0,0,0,0,125,254,215,197,203,206,199,200,201,187,191,194,199,210,194,168,184,232,90,0,0,0,0,0,0,16,117,232,225,201,198,199,198,197,214,194,208,203,200,197,192,187,183,195,177,232,152,0,0,45,110,152,215,255,222,211,199,204,207,203,207,208,217,198,195,189,189,189,191,204,197,194,171,229,170,20,218,221,223,225,214,210,200,194,202,210,204,192,203,211,214,192,185,217,218,213,214,212,184,191,198,250,139,136,230,188,197,198,197,203,206,205,205,201,197,194,193,199,205,219,204,205,222,220,214,215,216,219,186,219,109,172,222,200,200,193,200,197,193,194,188,184,192,201,194,197,205,210,209,221,209,189,173,173,173,166,131,185,110,87,179,208,236,237,233,225,221,218,215,222,225,220,242,238,221,207,196,168,190,241,232,243,243,233,187,226,145,0,0,0,15,51,71,107,129,148,163,163,153,139,78,43,5,0,0,0,0,122,177,126,119,97,56,58,5,0,0,0,0,0,0,0,0,0,0,0,0,0,0,0,0,0,0,0,0,0,0,0,0,0,0,0,0,0,0,0,0,0,0,0,0,0,0,0,0,0,0,0,0,0,0,0,0,0,0,0,0,0,0,0,0,0,0,0,0,0,0,0,0,0,0,0,0,0,0,0,0,0,0,0,0,0,0,0,0,0,0,0,0,0,0,0,0,0,0,0,0,0,0,0,0,0,0,0,0,0,0,0,0,0,0,0,0,0,0,0,0,6
0,0,0,0,0,0,0,0,0,0,0,0,0,0,0,0,0,0,0,0,0,0,0,0,0,0,0,0,0,0,0,0,0,0,0,0,0,0,0,0,0,0,0,0,0,0,0,0,0,0,0,0,0,0,0,0,0,0,0,0,0,0,0,0,0,0,0,0,0,0,0,0,0,0,0,0,0,0,0,0,0,0,0,0,0,0,0,0,0,0,0,0,0,0,0,0,0,0,0,0,0,0,0,0,0,0,0,0,0,0,0,0,0,0,0,0,0,0,0,0,0,0,0,0,0,0,0,0,0,0,0,0,0,0,0,0,0,0,0,0,0,0,0,0,0,0,0,0,0,0,0,0,0,0,0,0,0,0,0,0,0,0,0,0,0,0,0,0,0,0,0,0,0,0,0,0,0,0,0,0,0,0,0,0,0,0,52,102,103,96,70,25,0,0,0,0,0,0,0,0,0,0,0,0,0,0,0,0,0,0,0,15,138,231,214,209,201,202,195,189,177,142,4,0,0,0,0,0,0,0,0,0,0,0,0,0,2,0,116,221,229,212,201,202,194,188,178,177,177,185,89,0,0,0,0,0,0,0,0,0,0,0,0,1,0,0,158,212,207,209,202,207,187,204,212,170,157,168,65,0,0,0,0,0,0,0,0,0,0,0,0,3,0,5,178,208,206,203,215,210,214,214,153,157,198,194,76,0,0,0,0,0,0,0,0,0,0,0,2,0,0,82,208,208,208,214,212,212,215,170,184,225,191,184,170,0,0,0,0,0,0,0,0,0,0,3,0,2,32,194,216,209,221,206,194,189,171,185,220,173,175,173,160,0,0,0,0,0,0,0,0,2,1,0,14,60,117,210,189,203,207,197,185,169,197,229,188,168,200,173,162,15,0,0,0,2,2,4,0,0,0,17,106,67,166,204,195,210,188,188,182,171,224,216,181,163,165,152,194,36,0,1,0,0,0,0,0,38,108,139,160,71,177,221,208,190,141,137,133,128,95,97,115,103,138,170,191,54,7,0,0,11,28,63,126,147,129,89,158,66,165,203,182,139,126,147,154,163,138,152,165,148,137,119,133,42,0,0,123,165,164,148,156,157,138,113,222,79,88,145,139,138,141,139,146,173,189,182,181,171,170,189,200,42,89,129,75,71,88,98,133,162,200,140,219,255,141,173,172,144,166,204,226,227,221,225,226,227,224,238,207,0,61,172,201,179,133,97,42,34,82,101,70,171,181,150,190,232,220,195,60,162,225,209,212,210,202,225,144,0,0,0,29,109,168,188,203,239,197,213,188,184,208,220,183,104,0,0,0,141,252,227,235,234,232,245,61,0,0,0,0,0,0,0,19,70,98,114,129,97,75,7,0,0,0,0,0,47,137,100,110,114,116,100,0,0,0,0,0,0,0,0,0,0,0,0,0,0,0,0,0,0,0,0,0,0,0,0,0,0,0,0,0,0,0,0,0,0,0,0,0,0,0,0,0,0,0,0,0,0,0,0,0,0,0,0,0,0,0,0,0,0,0,0,0,0,0,0,0,0,0,0,0,0,0,0,0,0,0,0,0,0,0,0,0,0,0,0,0,0,0,0,0,0,0,0,0,0,0,0,0,0,0,0,0,0,0,0,0,0,0,0,0,0,0,0,0,0,0,0,0,0,0,0,0,0,0,0,0,0,0,0,0,0,0,0,0,0,0,0,0,0,0,0,0,0,0,0,0,0,0,0,0,0,0,0,0,0,0,0,0,0,0,0,0,0,0,0,0,0,0,0,0,0,6
0,0,0,0,0,0,0,0,0,0,0,0,0,0,0,0,0,0,0,0,0,0,0,0,0,0,0,0,0,0,0,0,0,0,0,0,0,0,4,0,14,230,209,215,222,215,157,141,191,200,197,169,110,51,34,0,0,0,0,0,0,0,0,0,0,0,4,0,10,232,225,234,244,239,225,246,230,248,255,255,255,249,255,17,0,0,0,0,0,0,0,0,0,0,3,0,0,220,224,230,231,237,204,227,232,192,192,243,235,234,216,0,0,0,0,0,0,0,0,0,0,0,2,0,0,224,234,230,238,247,219,244,249,201,223,250,237,240,233,0,0,0,0,0,0,0,0,0,0,0,1,0,0,249,233,226,243,229,225,238,193,205,247,244,240,245,185,0,0,0,0,0,0,0,0,0,0,0,0,0,0,224,240,230,249,230,215,239,245,196,243,245,235,252,125,0,0,0,0,0,0,0,0,0,0,0,1,0,0,229,240,231,237,226,221,223,209,240,252,241,234,249,40,0,0,0,0,0,0,0,0,0,0,0,0,0,0,222,234,231,234,214,219,233,182,224,243,238,238,232,6,0,0,0,0,0,0,0,0,0,0,0,0,0,0,188,239,228,236,219,228,203,221,230,249,234,243,219,0,0,0,0,0,0,0,0,0,0,0,4,0,0,0,190,240,227,240,216,239,214,229,254,240,239,240,246,0,0,0,0,0,0,0,0,0,0,0,0,0,0,0,177,239,233,236,218,254,197,210,248,243,237,247,226,0,0,0,0,0,0,0,0,0,0,0,0,0,0,0,181,236,231,235,232,227,200,210,253,246,234,247,211,0,0,0,0,0,0,0,0,0,0,0,0,0,0,0,249,233,232,231,225,215,210,217,249,241,241,239,243,0,0,0,0,0,0,0,0,0,0,2,0,8,0,71,236,234,242,212,221,214,196,225,255,249,225,241,227,6,0,0,1,0,0,0,0,0,0,0,10,0,3,239,234,231,236,190,241,250,232,241,255,133,175,227,246,103,0,0,1,1,5,2,4,5,1,0,0,21,250,239,224,240,210,199,253,177,176,255,246,209,250,232,254,179,0,1,0,0,0,0,0,0,0,0,114,255,232,213,227,231,197,233,220,182,223,255,221,235,235,237,246,233,0,0,0,0,16,45,61,67,153,245,241,229,214,203,236,232,209,247,186,216,254,230,226,246,238,231,240,255,0,0,85,220,230,239,239,239,241,232,223,227,235,230,222,218,223,232,231,241,234,225,247,237,239,241,235,246,51,17,243,238,230,227,230,231,229,227,234,235,238,243,241,240,241,237,233,232,228,232,248,236,238,248,240,252,72,98,222,232,244,242,239,234,234,234,232,235,236,234,241,246,253,252,251,253,240,252,255,252,247,242,228,255,52,167,185,186,197,222,232,255,255,254,255,255,255,255,255,250,247,242,236,231,218,218,211,202,194,182,170,200,78,41,188,217,198,192,196,197,199,209,205,202,200,182,188,193,194,195,193,182,179,188,183,192,198,201,202,203,124,0,0,30,140,216,185,245,216,200,204,216,209,205,224,251,240,255,255,216,217,226,217,218,225,218,206,194,105,1,0,0,0,0,0,50,88,60,97,144,101,89,117,53,22,24,36,57,83,129,148,84,87,67,15,7,0,0,1,1,0,0,0,0,0,0,0,0,0,0,0,0,0,0,0,0,0,0,0,0,0,0,0,0,0,0,0,0,0,0,0,0,0,0,0,0,0,0,0,0,0,0,0,0,0,0,0,0,0,0,0,0,0,6
0,0,0,0,0,0,0,0,0,0,0,0,0,0,0,0,0,0,0,0,0,0,0,0,0,0,0,0,0,0,0,0,0,0,0,0,0,0,0,0,0,0,0,0,0,0,0,0,0,2,0,86,38,0,4,0,0,0,0,0,0,0,0,0,0,0,0,0,0,0,0,0,0,0,1,0,3,0,0,230,166,0,4,0,0,0,0,0,0,0,0,0,0,0,0,0,0,0,0,0,0,0,1,2,2,0,131,233,158,0,8,0,0,0,0,0,0,0,0,0,0,0,0,0,0,0,0,0,0,0,0,5,0,44,231,207,43,0,9,0,0,0,0,0,0,0,0,0,0,0,0,0,1,0,1,1,2,1,4,0,0,192,255,191,0,0,2,0,0,0,0,0,0,0,0,0,0,0,0,0,0,0,0,0,0,0,0,0,151,205,219,17,0,8,0,3,0,0,0,0,0,0,0,0,0,1,1,0,0,0,0,10,20,20,0,56,255,224,33,0,3,0,0,0,0,0,0,0,0,0,0,0,0,0,0,13,38,43,45,44,47,50,0,198,255,186,0,0,2,0,0,31,0,0,0,0,0,0,0,0,2,0,109,198,210,216,214,205,190,180,181,245,252,22,0,0,0,0,180,194,0,0,0,0,0,0,0,4,0,22,253,255,246,250,249,252,254,255,255,251,247,0,0,19,143,219,255,149,0,0,0,0,0,0,0,5,0,185,180,13,38,16,14,18,18,8,212,255,195,0,174,255,255,249,255,99,0,0,0,0,0,0,1,0,0,255,10,0,0,0,0,0,0,0,229,254,225,255,255,255,249,247,255,63,0,0,0,0,1,0,4,0,2,240,95,0,0,2,2,5,0,33,250,252,255,57,181,255,251,251,255,52,0,0,0,0,3,10,0,0,0,234,208,15,0,0,0,0,0,32,255,223,36,0,228,255,251,253,255,21,0,0,0,4,0,0,0,82,142,214,255,150,0,0,0,0,0,214,206,0,0,0,234,255,250,254,255,2,0,0,0,0,0,64,217,255,255,247,250,231,102,0,0,0,184,212,0,0,0,0,236,255,250,255,255,0,1,7,0,43,255,250,255,203,114,255,255,253,224,57,0,146,240,3,0,0,0,0,232,255,250,255,255,0,0,0,0,255,255,33,255,255,0,0,250,255,250,144,62,251,89,0,7,0,0,0,232,255,248,255,254,0,0,0,30,255,181,0,189,255,203,0,0,147,252,229,237,194,0,1,0,0,0,0,233,255,247,255,237,0,213,255,255,247,255,252,212,255,254,4,0,0,180,255,223,0,0,6,0,0,0,0,234,255,247,255,221,0,238,254,245,251,245,255,244,248,255,246,245,255,244,255,145,0,0,0,0,0,0,0,234,255,247,255,205,0,149,251,246,250,249,248,255,255,254,255,255,254,254,249,39,0,4,0,0,1,0,0,237,255,248,255,186,0,124,255,241,248,250,252,254,255,255,249,252,250,255,218,0,0,0,0,0,2,0,0,238,255,247,255,160,0,38,246,255,255,255,255,250,244,249,248,248,247,255,70,0,11,0,0,0,2,0,0,209,255,244,255,142,0,0,0,57,198,255,255,255,255,255,255,255,255,180,0,4,1,4,0,0,2,0,0,255,255,255,255,142,0,0,0,0,0,0,28,89,128,151,151,122,56,0,0,2,0,0,0,1,0,5,0,63,143,105,142,28,0,0,0,0,0,0,0,0,0,0,0,0,0,0,0,0,0,0,0,0,0,0,0,0,0,0,0,0,0,6
0,0,0,0,0,0,0,0,0,0,0,0,0,0,0,0,0,0,0,0,0,0,0,0,0,0,0,0,0,0,0,0,0,0,0,0,0,0,0,0,0,0,0,0,0,0,0,0,0,0,0,0,0,0,0,0,0,0,0,0,0,0,0,0,0,0,0,0,0,0,0,0,0,0,0,0,0,0,0,0,0,0,0,0,0,0,0,0,0,0,0,0,0,0,0,0,0,0,0,0,0,0,0,0,0,0,0,0,0,0,0,0,0,0,0,0,0,0,0,0,0,0,0,0,0,0,0,0,0,0,0,0,0,0,0,0,0,0,0,0,0,0,0,0,0,0,0,0,0,0,0,0,0,0,0,0,0,0,0,0,0,0,0,0,0,0,0,0,0,0,0,0,0,0,0,0,0,0,0,0,0,0,0,0,21,168,157,138,153,58,12,0,0,76,158,0,0,0,0,0,0,0,0,0,0,0,0,0,0,2,0,0,173,190,111,168,204,230,247,243,223,202,185,0,0,0,0,0,0,0,0,0,0,0,0,0,0,1,0,65,190,104,97,183,212,221,219,209,202,196,157,0,0,0,0,0,0,0,0,0,0,0,0,0,2,0,0,180,141,135,188,226,231,228,221,216,180,190,185,0,0,0,0,0,0,0,0,0,0,0,0,1,0,0,164,210,148,172,223,232,221,213,225,210,181,192,216,0,0,0,0,0,0,0,0,0,0,2,1,2,0,96,202,159,189,202,237,232,232,242,230,190,192,191,225,25,0,0,0,0,0,1,0,0,0,0,0,0,20,169,136,135,183,219,221,217,199,213,209,184,205,194,216,81,0,0,0,0,0,0,0,0,0,0,0,25,181,187,141,154,174,219,205,184,176,189,209,197,204,208,224,128,0,0,0,0,0,0,0,2,2,0,0,194,177,170,188,224,243,240,236,225,221,202,186,176,176,200,217,143,0,0,5,6,5,2,0,0,0,0,131,172,131,125,178,212,223,219,224,215,195,200,221,233,240,227,192,151,3,0,0,0,0,0,0,0,76,172,212,100,34,94,156,207,221,231,234,234,241,222,211,216,207,184,200,133,0,0,42,52,41,24,51,151,201,205,82,15,146,229,238,253,255,216,196,174,172,161,148,148,154,162,214,81,0,131,162,150,205,210,203,189,149,45,0,220,239,220,230,214,189,164,180,215,223,198,204,204,206,215,196,0,55,204,171,151,125,68,90,101,46,57,208,212,205,221,208,191,230,221,173,126,29,117,237,203,201,199,167,0,29,201,189,202,224,197,203,220,243,251,231,219,204,207,203,157,71,0,0,0,0,159,224,209,209,214,167,0,0,0,15,71,124,154,147,142,137,155,179,167,105,61,5,0,0,0,0,0,0,116,159,134,124,132,65,0,0,0,0,0,0,0,0,0,0,0,0,0,0,0,0,0,0,0,0,0,0,0,0,0,0,0,0,0,0,0,0,0,0,0,0,0,0,0,0,0,0,0,0,0,0,0,0,0,0,0,0,0,0,0,0,0,0,0,0,0,0,0,0,0,0,0,0,0,0,0,0,0,0,0,0,0,0,0,0,0,0,0,0,0,0,0,0,0,0,0,0,0,0,0,0,0,0,0,0,0,0,0,0,0,0,0,0,0,0,0,0,0,0,0,0,0,0,0,0,0,0,0,0,0,0,0,0,0,0,0,0,0,0,0,0,0,0,0,0,0,0,0,0,0,0,0,0,0,0,0,0,0,0,0,0,0,0,0,0,0,0,0,0,0,0,0,0,0,6
0,0,0,0,0,0,0,0,0,0,0,0,0,0,0,0,0,0,0,0,0,0,0,0,0,0,0,0,0,0,0,0,0,0,0,0,0,0,0,0,0,0,0,0,0,0,0,0,0,0,0,0,0,0,0,0,0,0,0,0,0,0,0,0,0,0,0,0,0,2,0,63,232,188,211,158,124,91,39,0,0,0,0,0,0,0,0,0,0,0,0,0,0,0,0,0,0,1,0,114,202,224,255,255,255,255,255,255,255,193,165,74,0,0,0,0,0,0,0,0,0,0,0,0,0,0,0,154,204,239,248,229,242,241,245,249,255,239,230,88,0,0,0,0,0,0,0,0,0,0,0,0,1,0,0,180,215,248,241,249,251,246,250,248,248,214,185,0,0,0,0,0,0,0,0,0,0,0,0,0,4,0,17,206,228,249,244,252,247,241,249,255,238,210,175,0,0,0,0,0,0,0,0,0,0,0,0,0,1,0,63,217,211,251,251,248,248,245,248,255,225,226,117,0,0,0,0,0,0,0,0,0,0,0,0,0,0,0,128,232,178,254,249,247,246,243,243,255,205,228,44,0,0,0,0,0,0,0,0,0,0,0,0,2,0,0,188,219,202,252,246,242,242,242,253,247,175,246,14,0,0,0,0,0,0,0,0,0,0,0,0,2,0,57,241,198,232,247,248,243,245,241,255,228,177,237,0,0,0,0,0,0,0,0,0,0,0,0,0,0,0,138,231,186,247,247,248,241,238,254,237,172,179,232,12,0,0,0,0,0,0,0,0,0,0,0,4,0,9,232,192,209,247,249,242,227,249,195,160,190,191,253,71,0,0,0,0,0,0,0,0,0,0,0,0,0,111,239,176,242,247,248,239,236,251,193,204,220,225,211,147,0,0,0,0,0,0,0,0,0,3,0,10,111,201,209,194,253,249,239,240,255,230,236,242,248,244,243,199,0,0,0,0,0,0,0,0,0,0,0,133,196,229,186,204,255,241,233,237,192,218,249,243,245,243,246,232,4,0,0,0,0,0,0,0,0,0,0,123,203,158,198,208,250,249,232,203,236,255,245,246,242,248,236,232,28,0,0,0,0,0,0,3,0,0,41,198,160,216,209,238,255,240,226,250,246,253,255,255,255,255,220,222,12,0,0,3,5,0,0,0,0,77,213,231,206,178,228,218,215,190,221,255,235,198,184,169,161,154,173,201,0,1,0,0,0,0,0,51,173,212,209,231,210,165,201,224,218,219,231,191,162,182,177,195,216,217,225,209,0,0,0,0,51,83,179,222,181,204,249,236,207,234,255,242,198,206,179,205,227,142,126,255,245,241,228,202,0,0,113,168,178,196,170,148,206,249,250,247,250,255,255,207,163,204,218,149,6,0,94,241,231,218,215,205,0,126,211,202,206,208,219,234,244,246,246,242,248,236,195,163,233,125,0,0,0,0,166,233,221,205,211,203,0,147,218,219,230,213,205,221,236,245,243,248,237,182,190,242,73,0,0,2,0,0,173,205,195,192,196,203,0,0,79,164,212,230,245,255,255,255,255,255,240,223,201,39,0,0,1,0,0,0,242,224,222,226,220,227,0,0,0,0,0,31,71,98,104,92,83,68,42,33,0,0,0,0,0,2,0,0,133,169,149,145,140,76,0,0,0,0,0,0,0,0,0,0,0,0,0,0,0,0,0,0,0,0,0,0,0,0,0,0,0,0,0,0,0,0,0,0,0,0,0,0,0,0,0,0,0,0,0,0,0,0,0,0,0,0,0,0,0,0,0,6
0,0,0,0,0,0,0,0,0,0,0,0,0,0,0,0,0,0,0,0,0,0,0,0,0,0,0,0,0,0,0,0,0,0,0,0,0,0,0,0,0,0,0,0,0,0,0,0,0,0,0,0,0,0,0,0,0,0,0,0,0,0,0,0,0,0,0,0,0,0,0,0,0,0,0,0,0,0,0,0,0,0,0,0,0,0,0,0,0,0,0,0,0,0,0,0,0,0,0,0,0,0,0,0,0,0,0,0,0,0,0,0,0,0,0,0,0,0,0,0,0,0,0,0,0,0,0,0,0,0,0,0,0,0,0,0,0,0,0,0,0,0,0,0,0,0,0,0,0,0,0,0,0,0,0,0,0,0,0,0,0,0,0,0,0,0,0,0,0,0,0,0,0,0,0,0,0,0,0,0,0,0,0,0,0,16,68,38,11,0,0,0,0,0,0,25,0,0,0,0,0,0,0,0,0,0,0,0,0,0,0,73,187,190,212,232,226,225,203,175,146,75,44,150,0,0,0,0,0,0,0,0,0,0,3,0,0,20,100,217,163,156,160,165,165,172,182,187,194,186,210,48,0,0,0,0,0,0,0,0,0,0,2,0,69,28,72,183,190,168,182,178,184,183,178,172,181,192,221,0,0,0,0,0,0,0,0,0,0,1,0,0,19,64,136,164,185,172,171,173,183,183,180,181,181,202,186,0,0,0,0,0,0,0,0,0,0,0,1,0,0,150,178,155,192,173,178,190,189,183,180,187,179,204,193,0,0,0,0,0,0,0,0,0,0,0,0,0,139,181,182,176,174,169,190,190,196,184,178,184,186,188,226,0,0,0,0,0,0,6,4,0,0,0,58,169,207,174,167,172,197,203,195,194,196,192,184,180,187,185,232,41,0,1,3,2,0,0,0,0,8,139,222,204,161,173,190,203,188,185,187,182,186,186,185,181,188,186,217,106,0,0,0,0,0,0,32,129,212,222,158,171,183,183,189,183,179,181,183,181,182,180,174,169,185,182,204,179,0,7,89,103,147,208,220,222,185,162,172,192,184,182,183,186,193,197,188,177,182,182,180,178,180,177,202,207,6,184,198,199,203,187,169,170,186,182,172,169,183,188,188,186,181,179,180,183,186,192,193,197,182,178,213,212,94,217,161,160,162,160,178,180,188,183,177,195,200,196,200,200,196,185,180,188,203,207,201,203,189,188,253,161,39,166,203,208,201,193,182,168,170,174,176,177,178,195,203,211,217,225,255,243,234,230,227,224,221,218,247,108,0,0,56,122,168,204,221,233,222,200,206,209,207,242,232,202,164,128,96,84,102,105,104,99,100,86,115,92,0,0,0,0,0,12,27,49,83,89,96,91,91,49,17,4,0,0,0,9,86,87,78,86,86,79,112,88,0,0,0,0,0,0,0,0,0,0,0,0,0,0,0,0,0,0,0,0,13,1,1,4,1,2,1,0,0,0,0,0,0,0,0,0,0,0,0,0,0,0,0,0,0,0,0,0,0,0,0,0,0,0,0,0,0,0,0,0,0,0,0,0,0,0,0,0,0,0,0,0,0,0,0,0,0,0,0,0,0,0,0,0,0,0,0,0,0,0,0,0,0,0,0,0,0,0,0,0,0,0,0,0,0,0,0,0,0,0,0,0,0,0,0,0,0,0,0,0,0,0,0,0,0,0,0,0,0,0,0,0,0,0,0,0,0,0,0,0,0,0,0,0,0,0,0,0,0,0,0,0,0,0,0,0,0,0,0,0,0,0,0,0,0,0,0,0,6
0,0,0,0,0,0,0,0,0,0,0,0,0,0,0,0,0,0,0,0,0,0,0,0,0,0,0,0,0,0,0,0,0,0,0,0,0,0,0,0,0,0,0,0,0,0,0,0,0,0,0,0,0,0,0,0,0,0,0,0,0,0,0,0,0,0,0,0,0,0,0,0,0,0,0,0,0,0,0,0,0,0,0,0,0,0,0,0,0,0,0,0,0,0,0,0,0,0,0,0,0,0,0,0,0,0,0,0,0,0,0,0,0,0,0,0,0,0,0,0,0,0,0,0,0,1,0,0,145,149,3,0,0,0,0,0,9,7,3,0,0,0,0,0,0,0,0,0,0,0,0,0,0,2,0,0,214,237,230,80,0,0,0,0,0,0,0,0,0,0,0,0,0,0,0,0,0,0,0,0,0,3,0,0,214,192,218,241,177,162,135,112,68,37,23,0,0,0,0,0,0,0,0,0,0,0,0,0,0,4,0,22,209,187,207,221,239,243,239,226,214,209,176,0,0,0,0,0,0,0,0,0,0,0,0,0,0,6,0,72,211,190,217,216,221,225,218,201,194,198,163,0,0,0,0,0,0,0,0,0,0,0,0,0,0,7,0,61,208,188,211,218,229,234,232,207,192,215,166,0,0,0,0,0,0,0,0,0,0,0,0,0,0,3,0,0,255,189,207,218,229,234,231,206,180,219,145,0,0,0,0,0,0,0,0,0,0,0,0,0,0,6,0,58,235,177,213,218,229,232,225,205,184,211,143,0,0,0,0,0,0,0,0,0,0,0,1,0,0,0,0,192,220,192,212,215,224,226,224,205,188,211,133,0,0,0,0,0,0,0,0,0,0,0,0,0,5,0,77,227,178,196,213,212,222,229,225,202,192,207,139,0,0,0,0,0,0,0,0,0,0,1,0,7,0,0,202,205,170,197,218,222,228,227,210,194,196,203,186,0,0,0,0,0,0,0,0,0,0,0,3,0,0,160,208,142,197,226,222,213,211,210,202,200,201,205,214,0,1,0,0,0,1,3,2,4,5,4,0,51,203,183,125,195,237,225,221,215,208,208,205,210,203,203,205,0,1,2,1,0,0,0,0,0,0,0,50,235,135,114,192,224,223,206,197,184,187,197,211,206,203,202,233,14,0,0,0,0,0,0,8,46,59,149,124,24,78,186,210,187,183,168,150,149,181,205,196,193,204,202,231,43,0,18,111,141,141,150,128,147,136,124,136,160,205,210,201,201,189,193,203,202,211,216,218,217,214,198,227,63,0,138,173,111,31,117,96,111,150,156,170,205,185,186,185,200,213,217,223,217,210,212,213,205,191,185,216,38,69,205,193,190,186,191,204,178,157,166,180,171,184,204,222,226,205,179,178,184,179,187,185,188,194,193,232,35,24,149,202,213,206,207,203,204,200,197,196,205,219,214,197,194,203,250,255,233,216,204,200,201,204,196,226,53,0,0,32,136,206,239,218,224,248,240,236,232,228,226,246,255,214,140,27,57,253,211,221,223,231,212,255,91,0,0,0,0,0,19,65,116,146,169,185,185,182,164,124,36,0,0,0,0,204,160,162,155,139,120,110,14,0,0,0,0,0,0,0,0,0,0,0,0,0,0,0,0,0,0,0,0,0,0,0,0,0,0,0,0,0,0,0,0,0,0,0,0,0,0,0,0,0,0,0,0,0,0,0,0,0,0,0,0,0,0,0,0,0,0,0,0,0,0,0,0,0,0,0,0,0,0,0,0,0,0,0,0,0,0,0,0,0,0,0,0,6
0,0,0,0,0,0,0,0,0,0,0,0,0,0,0,0,0,0,0,0,0,0,0,0,0,0,0,0,0,0,0,0,0,0,0,0,0,0,0,0,0,0,0,0,0,0,0,0,0,0,0,0,0,0,0,0,0,0,0,0,0,0,0,0,0,0,0,0,0,0,0,11,27,30,32,43,55,65,73,64,63,30,0,1,0,0,0,0,0,0,0,0,0,0,0,2,0,52,123,126,129,132,130,136,136,137,137,127,138,93,0,3,0,0,0,0,0,0,0,0,0,1,0,2,0,44,115,101,109,130,133,134,125,117,119,121,133,65,0,3,0,0,0,0,0,0,0,0,0,0,0,2,0,33,115,95,128,137,140,139,133,126,123,124,139,54,0,3,0,0,0,0,0,0,0,0,0,0,0,2,0,32,105,101,124,128,138,137,131,131,132,115,153,38,0,3,0,0,0,0,0,0,0,0,0,1,0,3,0,42,111,105,126,144,148,135,128,130,122,119,155,31,0,0,0,0,0,0,0,0,0,0,0,2,0,1,0,57,106,113,142,131,99,79,100,121,135,121,145,49,0,0,0,0,0,0,0,0,0,0,0,2,1,0,0,80,108,102,87,90,120,137,140,138,125,127,150,87,0,0,0,0,0,0,0,0,0,0,0,0,1,0,0,99,81,99,134,152,141,123,115,121,122,131,135,126,0,0,0,0,0,0,0,0,0,0,0,1,1,0,0,87,122,139,133,118,91,106,120,127,141,145,132,153,48,0,0,0,0,0,0,0,0,0,2,3,0,0,58,156,120,105,128,135,127,131,131,135,132,145,136,134,109,0,0,0,0,0,0,0,0,1,0,4,0,24,200,212,192,249,118,115,129,127,125,109,115,135,143,133,135,0,1,0,0,0,0,0,0,1,0,0,0,54,183,188,203,222,255,154,129,138,110,102,126,135,136,132,148,28,0,0,0,0,0,0,0,0,2,0,17,195,145,190,240,172,247,226,139,101,113,128,129,131,119,136,157,48,0,0,0,0,0,0,1,0,3,0,35,219,183,219,246,182,213,243,242,208,184,139,108,106,118,130,149,22,0,0,0,0,0,1,0,3,0,15,50,174,199,208,181,216,234,234,240,230,194,176,177,162,144,137,148,18,0,0,0,0,1,1,3,0,0,78,71,124,201,222,230,240,240,246,228,186,180,210,216,174,111,124,141,21,0,0,1,0,0,0,0,2,79,89,88,88,147,205,222,182,182,211,195,207,249,106,37,133,105,115,150,23,1,0,0,0,0,22,49,81,74,88,101,105,119,126,140,118,69,163,234,98,0,0,13,153,121,124,149,28,0,0,27,50,68,49,53,69,80,91,108,132,123,131,110,102,226,202,0,0,0,0,53,143,120,120,147,33,0,67,95,87,80,66,40,65,105,103,112,124,125,94,137,199,123,0,0,2,1,0,58,146,112,118,148,36,70,147,122,117,113,106,97,93,83,81,93,106,124,173,188,48,0,0,1,0,3,0,63,129,114,104,136,34,49,114,141,149,151,153,150,175,182,187,165,185,186,147,0,0,5,2,0,1,4,0,86,152,133,115,156,61,0,0,0,0,10,32,47,60,75,75,74,57,0,0,0,0,0,0,0,0,2,0,96,152,138,138,162,60,0,0,0,0,0,0,0,0,0,0,0,0,0,0,0,0,0,0,0,0,0,0,0,0,0,0,0,0,0,0,0,0,0,0,0,0,0,0,0,0,0,0,0,0,0,0,0,0,0,0,0,0,0,0,0,0,6
0,0,0,0,0,0,0,0,0,0,0,0,0,0,0,0,0,0,0,0,0,0,0,0,0,0,0,0,0,0,0,0,0,0,0,0,0,0,0,0,0,0,0,0,0,0,0,0,0,0,0,0,0,0,0,0,0,0,0,0,0,0,0,0,0,0,0,0,0,0,0,0,0,0,0,0,0,0,0,0,0,0,0,0,0,0,0,0,0,0,0,0,0,0,0,1,0,0,0,0,0,0,79,49,75,30,0,0,0,0,0,0,0,0,0,0,0,0,0,0,0,1,2,0,12,68,68,76,66,83,157,137,144,151,88,102,92,103,60,0,0,0,0,0,0,0,0,0,0,0,2,0,18,125,146,153,156,156,138,133,143,176,163,157,151,165,94,0,0,0,0,0,0,0,0,0,0,0,1,1,0,100,132,132,133,139,134,135,146,165,144,138,131,138,25,0,0,0,0,0,0,0,0,0,0,1,1,1,0,108,126,115,121,142,139,130,132,164,142,142,137,143,23,0,0,0,0,0,0,0,0,0,0,1,0,1,0,93,126,110,126,138,142,130,133,154,154,143,143,161,0,0,0,0,0,0,0,0,0,0,0,0,0,2,0,69,131,120,130,135,138,135,144,162,160,144,145,138,0,0,0,0,0,0,0,0,0,0,0,1,0,3,0,52,138,124,132,132,128,128,136,150,139,134,142,142,0,0,0,0,0,0,0,0,0,0,0,0,0,2,0,40,135,123,137,148,145,128,120,126,131,129,143,144,0,0,0,0,0,1,0,0,0,0,0,0,0,1,0,41,126,144,143,146,129,111,119,145,129,131,135,151,16,0,1,0,0,0,0,0,0,0,0,0,0,2,0,54,125,146,123,139,102,115,148,143,131,130,130,164,15,0,0,0,0,0,0,0,0,0,0,0,0,0,0,86,132,125,123,115,92,131,143,124,128,129,140,166,4,0,0,0,0,1,0,0,0,0,0,0,2,0,17,94,101,106,102,106,126,146,131,136,136,138,126,143,49,0,2,0,1,0,2,0,0,0,0,2,0,0,63,57,63,92,108,132,134,136,139,146,148,133,111,144,82,0,1,0,0,0,1,1,1,0,1,0,0,54,52,52,96,117,129,132,128,121,146,149,144,131,120,145,119,0,0,0,1,1,2,2,2,0,0,7,71,49,61,102,126,132,128,126,142,138,151,137,121,125,126,142,149,0,0,0,0,0,0,0,0,0,29,78,26,50,106,112,124,129,142,138,133,143,143,118,123,126,121,124,154,19,0,0,17,32,24,31,43,73,85,63,57,87,102,115,120,128,140,148,131,126,130,137,160,149,131,121,150,23,0,40,68,54,78,89,91,83,73,65,61,80,123,135,138,145,145,143,126,118,117,116,129,131,133,144,174,18,35,130,105,83,66,68,74,82,91,90,112,139,147,140,130,115,110,115,130,152,179,190,192,205,206,181,191,58,45,153,185,181,157,144,130,119,108,105,108,114,112,131,142,161,185,201,228,204,174,161,156,140,148,147,159,52,0,0,46,111,156,181,197,194,186,180,181,172,186,191,227,191,106,35,0,100,180,166,189,199,220,190,255,89,1,0,0,0,0,0,35,73,106,133,150,130,86,40,0,0,0,0,0,98,187,131,121,105,79,61,46,0,0,0,0,0,0,0,0,0,0,0,0,0,0,0,0,0,0,0,0,0,0,0,0,0,0,0,0,0,0,0,0,0,0,0,0,0,0,0,0,0,0,0,0,0,0,0,0,0,0,0,0,0,0,0,0,0,6
0,0,0,0,0,0,0,0,0,0,0,0,0,0,0,0,0,0,0,0,0,0,0,0,0,0,0,0,0,0,0,0,0,0,0,0,0,0,0,0,0,0,0,0,0,0,0,0,0,0,0,0,0,0,0,0,0,0,0,0,0,0,0,0,0,0,0,0,0,0,0,0,0,0,0,0,0,0,0,0,0,0,0,0,0,0,0,0,0,0,0,0,0,0,0,0,0,0,0,24,38,0,0,0,0,0,0,0,0,0,0,0,0,0,0,0,0,0,0,0,0,0,0,0,4,0,91,193,208,227,227,227,236,211,170,170,187,177,142,0,0,0,0,0,0,0,0,0,0,0,0,0,0,0,199,217,203,216,204,193,204,203,189,203,210,224,114,0,0,0,0,0,0,0,0,0,0,0,0,0,0,0,184,212,211,193,210,187,187,212,209,193,193,217,0,0,0,0,0,0,0,0,0,0,0,0,0,1,0,0,184,215,208,201,216,191,204,206,206,227,183,200,178,21,0,0,0,0,0,0,0,0,0,0,0,2,0,0,210,215,213,218,209,190,212,192,190,210,177,212,255,157,0,0,0,0,0,0,0,0,0,0,0,3,0,1,246,205,200,214,196,194,215,216,219,223,177,240,32,0,0,0,0,0,0,0,0,0,0,0,0,1,0,69,234,214,204,213,193,199,214,214,222,218,215,232,0,0,0,0,0,0,0,0,0,0,0,1,0,0,0,163,220,173,208,216,180,216,203,211,221,189,202,226,0,0,0,0,0,0,0,0,0,0,0,1,7,0,0,243,201,136,208,179,191,204,203,203,215,210,205,255,16,0,0,0,0,0,0,0,0,0,0,4,0,0,205,236,210,222,198,147,202,199,205,214,210,216,206,241,37,0,0,0,0,0,0,0,0,0,3,0,0,184,240,211,215,202,111,183,210,212,197,213,212,204,209,242,113,0,0,0,0,0,0,0,0,0,0,0,215,243,206,208,207,127,162,219,205,213,209,218,201,209,212,238,173,0,0,0,0,0,2,1,1,0,0,54,232,216,218,214,143,93,215,204,206,204,213,214,205,202,203,238,139,0,0,0,3,2,1,0,0,0,16,183,212,216,201,108,102,202,188,207,213,220,217,208,209,211,215,238,133,0,1,5,0,0,0,0,27,122,255,219,209,226,199,118,167,216,202,226,207,210,207,215,227,229,211,220,174,0,0,0,0,0,3,53,157,174,199,217,228,201,199,189,183,207,198,208,214,207,214,213,207,200,191,220,196,0,0,154,205,95,84,96,152,202,221,255,225,159,107,191,208,203,210,208,216,250,254,211,200,212,213,192,77,0,51,240,227,231,255,255,255,255,237,199,148,162,187,210,209,209,215,225,255,176,23,128,232,149,49,0,0,0,114,210,217,200,106,90,75,60,55,83,168,223,217,210,209,223,229,254,99,0,0,0,0,0,0,0,4,0,181,255,239,233,211,214,206,206,213,218,217,218,220,226,223,220,169,23,0,0,3,0,0,6,11,0,1,0,0,147,229,213,253,254,255,255,255,255,237,233,221,177,122,31,0,0,0,0,0,4,2,0,0,1,2,0,0,0,0,18,35,37,53,67,57,45,28,6,0,0,0,0,0,0,0,0,0,0,0,0,0,0,0,0,0,0,0,0,0,0,0,0,0,0,0,0,0,0,0,0,0,0,0,0,0,0,0,0,0,0,0,0,0,0,0,0,0,0,0,0,0,0,0,0,0,0,0,0,0,0,0,0,0,0,0,0,0,0,0,0,6
0,0,0,0,0,0,0,0,0,0,0,0,0,0,0,0,0,0,0,0,0,0,0,0,0,0,0,0,0,0,0,0,0,0,0,0,0,0,0,0,0,0,0,0,0,0,0,0,0,0,0,0,0,0,0,0,0,0,0,0,0,0,0,0,0,0,0,0,0,0,0,0,0,0,0,0,0,0,0,0,0,0,0,0,0,0,0,0,0,0,0,0,0,0,0,1,2,0,0,7,18,38,56,71,91,86,80,71,47,64,0,0,0,0,0,0,0,0,0,0,0,0,0,0,0,0,159,196,213,252,250,249,251,253,255,233,221,227,151,0,0,0,0,0,0,0,0,0,0,0,0,1,0,0,160,208,202,207,212,206,209,222,222,215,204,223,176,0,0,0,0,0,0,0,0,0,0,0,0,2,0,0,179,203,209,214,219,216,209,218,215,209,219,171,60,0,0,0,0,0,0,0,0,0,0,0,0,2,0,0,174,203,209,214,213,206,208,217,213,199,223,157,76,0,0,0,0,0,0,0,0,0,0,1,0,1,0,0,183,194,210,221,214,205,212,210,213,202,224,143,46,56,0,0,0,0,0,0,0,0,0,0,0,4,0,0,216,199,213,219,215,200,212,215,214,216,232,177,0,7,0,0,0,0,0,0,0,0,0,0,1,5,0,8,208,196,199,214,215,194,219,226,220,220,227,232,0,0,0,0,0,0,0,0,0,0,0,0,0,0,0,105,211,185,200,210,208,195,214,211,219,208,209,233,28,0,0,0,0,0,0,0,1,0,0,0,3,0,2,200,185,196,199,204,212,204,211,220,220,212,214,237,121,0,0,0,0,0,1,0,1,1,1,1,6,0,117,191,175,206,203,214,215,208,219,216,218,220,219,228,225,0,0,0,0,1,0,0,0,0,1,4,0,7,213,183,180,194,199,215,217,216,221,210,218,218,214,219,250,24,1,0,0,0,0,0,0,0,0,0,0,134,195,174,186,198,206,209,218,226,217,210,208,214,212,204,239,80,1,0,0,0,0,0,0,2,0,0,36,221,175,186,190,205,212,214,212,213,201,192,202,209,211,196,233,76,0,0,3,5,5,6,3,0,0,14,193,176,162,185,188,193,207,220,208,200,193,190,201,201,210,205,238,57,2,0,0,0,0,0,0,0,46,182,197,164,171,196,194,192,196,210,202,193,217,222,211,206,211,195,231,71,0,0,25,76,74,91,113,157,193,172,173,187,188,199,197,204,206,206,204,232,229,199,206,209,210,199,234,53,0,138,167,174,175,193,189,179,165,154,165,182,194,203,202,203,208,238,255,208,213,211,214,222,213,204,247,53,49,195,175,168,162,163,160,166,179,187,191,189,192,198,208,211,219,245,55,0,225,225,214,217,211,208,247,46,86,217,210,195,179,174,178,188,186,192,205,203,192,196,210,224,244,6,0,0,250,212,212,215,213,210,215,36,1,89,149,196,216,214,197,184,189,192,187,183,192,200,230,244,8,0,0,4,215,211,211,211,212,207,215,28,0,0,0,2,77,159,227,251,251,242,236,233,219,226,228,8,0,3,0,17,228,223,224,250,224,219,252,18,2,0,0,0,0,0,0,14,51,78,102,105,99,71,0,0,0,0,0,0,89,67,65,64,63,62,57,0,0,0,0,0,0,0,0,0,0,0,0,0,0,0,0,0,0,0,0,0,0,0,0,0,0,0,0,0,0,0,0,0,0,0,0,0,0,0,0,0,0,0,0,0,0,0,0,0,0,0,0,0,0,0,0,0,6
0,0,0,0,0,0,0,0,0,0,0,0,0,0,0,0,0,0,0,0,0,0,0,0,0,0,0,0,0,0,0,0,0,0,0,0,0,0,0,0,0,0,0,0,0,0,0,0,0,0,0,0,0,0,0,0,0,0,0,0,0,0,0,0,0,0,0,0,0,0,0,0,0,0,0,0,0,0,0,0,0,0,0,0,4,4,4,4,4,4,4,4,4,5,5,4,4,4,2,5,7,15,10,7,2,2,5,7,8,11,0,0,4,4,4,4,4,4,4,4,4,5,5,4,5,4,8,7,0,0,0,0,1,10,9,0,0,0,29,30,4,4,4,4,4,4,4,4,4,5,5,4,5,8,4,0,67,147,50,0,0,0,0,0,0,24,231,88,4,4,4,4,4,4,4,4,4,5,5,4,4,2,2,0,176,223,220,206,135,150,133,205,201,217,88,0,4,4,4,4,4,4,4,4,4,5,5,4,5,7,0,0,183,197,210,217,224,225,228,223,203,217,31,0,4,4,4,4,4,4,4,4,4,5,5,4,4,7,0,38,201,200,215,208,202,205,205,212,200,218,49,0,4,4,4,4,4,4,4,4,4,5,5,4,2,14,0,111,212,200,234,233,244,241,234,216,200,219,54,0,4,4,4,4,4,4,4,4,4,4,5,3,5,0,0,191,205,210,214,83,93,98,99,214,203,221,86,0,4,4,4,4,4,4,4,4,5,5,3,5,7,0,75,247,188,215,207,33,63,62,55,226,204,223,120,0,4,4,4,4,4,4,4,4,5,6,1,5,0,0,209,188,168,238,191,38,83,70,74,237,200,223,120,0,4,4,4,4,4,4,4,4,2,3,5,0,0,152,210,168,214,245,164,20,58,45,73,226,200,225,115,0,4,4,4,3,3,3,3,3,8,8,0,0,117,215,198,221,219,219,225,226,229,226,229,223,203,223,144,0,4,5,8,10,10,9,6,5,0,0,0,119,208,186,203,203,215,215,224,231,223,230,237,215,200,218,194,0,6,8,0,0,0,0,0,0,0,63,176,208,181,197,207,213,220,213,221,220,225,252,233,188,221,212,233,0,0,0,19,69,83,80,68,81,168,190,171,179,202,203,208,213,216,208,230,236,228,181,45,155,241,208,255,35,0,138,203,151,124,112,134,143,152,154,174,208,214,216,219,216,218,214,204,179,143,102,147,219,225,204,255,36,13,195,187,171,130,89,124,172,199,223,226,214,223,232,231,225,227,226,223,225,227,246,254,238,206,202,229,0,94,229,207,203,206,211,216,212,215,220,214,223,226,215,202,192,198,198,197,192,192,187,189,200,191,212,179,0,0,122,185,221,220,220,220,220,215,217,217,211,209,215,222,225,225,255,240,205,205,211,211,207,206,217,199,0,0,0,0,42,135,186,227,210,221,229,231,227,224,244,201,186,167,108,126,226,212,213,213,213,207,208,212,0,5,8,0,0,0,0,0,11,33,43,41,36,40,0,0,0,0,0,32,202,179,190,194,194,187,194,153,0,4,1,6,10,5,0,0,0,0,0,0,0,0,0,0,9,6,0,0,0,0,0,0,0,0,0,0,0,0,0,0,0,0,0,0,0,0,0,0,0,0,0,0,0,0,0,0,0,0,0,0,0,0,0,0,0,0,0,0,0,0,0,0,0,0,0,0,0,0,0,0,0,0,0,0,0,0,0,0,0,0,0,0,0,0,0,0,0,0,0,0,0,0,0,0,0,0,0,0,0,0,0,0,0,0,0,0,0,0,0,0,0,6
0,0,0,0,0,0,0,0,0,0,0,0,2,0,29,78,37,35,5,29,44,23,0,18,40,26,15,1,0,0,0,0,0,0,0,0,0,0,0,0,3,0,65,180,167,185,194,186,228,249,204,193,193,157,197,62,0,0,0,0,0,0,0,0,0,0,0,0,3,0,2,159,175,183,199,166,86,111,173,177,162,177,158,0,0,0,0,0,0,0,0,0,0,0,0,0,3,0,8,201,157,141,108,130,158,129,132,132,84,144,151,0,0,0,0,0,0,0,0,0,0,0,0,0,2,0,0,151,191,197,176,200,206,211,185,175,175,208,106,0,0,0,0,0,0,0,0,0,0,1,0,0,3,0,58,209,159,125,163,138,127,126,126,109,143,180,1,0,0,0,0,0,0,0,0,0,0,1,0,0,2,0,8,222,204,255,241,241,239,217,193,132,146,173,11,0,0,0,0,0,0,0,0,0,0,0,0,0,0,0,34,180,74,132,160,141,123,139,184,210,201,206,0,0,0,0,0,0,0,0,0,0,0,0,0,1,0,0,166,241,238,185,156,146,159,150,133,102,124,118,0,0,0,0,0,0,0,0,0,0,0,0,0,0,0,0,99,161,181,226,241,241,236,233,210,204,186,184,0,0,0,0,0,0,0,0,0,0,0,0,0,2,0,31,253,178,171,172,167,169,175,162,135,133,162,116,0,0,0,0,0,0,0,0,0,0,0,0,0,0,0,107,190,193,238,228,225,212,211,208,196,216,232,49,0,0,0,0,0,0,0,0,0,0,0,1,1,0,0,197,175,157,151,149,166,187,184,160,190,154,193,77,0,0,0,0,0,0,0,0,0,0,0,0,4,0,2,196,140,151,185,191,174,176,158,168,159,136,165,164,0,0,0,0,0,0,0,0,0,0,0,0,0,0,93,192,173,189,204,181,161,190,172,147,210,143,182,142,0,0,0,0,0,0,0,0,0,0,0,0,0,0,125,180,151,178,209,218,183,192,178,169,202,133,186,98,0,0,0,0,0,0,0,0,0,0,1,3,0,0,156,199,174,144,100,172,244,240,242,210,219,177,170,129,0,0,0,0,0,0,0,0,0,0,0,2,0,67,196,180,211,221,184,162,126,151,169,160,135,117,97,160,12,0,0,0,0,0,0,0,0,3,0,0,26,182,169,176,164,173,219,241,202,154,145,142,133,131,112,186,33,0,0,0,2,2,2,2,0,0,0,15,150,161,142,163,186,167,156,171,190,201,176,147,151,140,149,180,19,0,0,1,0,0,0,0,0,13,70,144,133,134,155,151,174,175,168,166,161,146,178,178,173,166,163,176,17,0,0,0,12,46,56,70,107,139,150,127,137,154,166,163,167,165,178,181,167,166,175,172,173,168,158,182,33,0,0,80,122,92,120,131,138,123,125,147,157,168,166,159,182,194,168,160,190,214,191,171,163,157,147,172,22,0,21,174,165,121,92,99,124,132,142,163,157,161,163,178,179,172,184,225,188,96,130,173,155,160,158,177,17,0,89,171,173,183,181,162,150,151,159,168,166,164,171,175,173,188,179,51,0,0,114,183,157,155,151,175,19,0,0,93,149,167,174,178,175,172,174,168,163,167,157,163,216,110,0,0,0,0,161,163,153,155,149,153,16,0,0,0,1,66,141,165,190,195,195,191,181,184,187,167,36,0,0,0,0,0,134,184,163,191,160,184,26,0,0,0,0,0,0,0,16,37,51,72,80,61,48,0,0,0,0,0,1,0,0,34,24,18,14,13,0,0,6
0,0,0,0,0,0,0,0,0,0,0,0,0,0,0,0,0,0,0,0,0,0,0,0,0,0,0,0,0,0,0,0,0,0,0,0,0,0,0,0,0,0,0,0,0,0,0,0,0,0,0,0,0,0,0,0,0,0,0,0,0,0,0,0,0,0,0,0,0,0,0,0,0,0,0,0,0,0,0,0,0,0,0,0,0,0,0,0,0,0,0,0,0,0,0,0,0,0,0,0,0,0,0,0,0,0,0,0,0,0,0,0,0,0,0,0,0,0,0,0,0,0,0,0,0,0,0,0,0,0,0,0,0,0,0,0,0,0,0,0,0,0,0,0,0,0,0,0,0,0,0,0,0,0,0,2,2,2,2,1,0,0,0,0,0,57,10,0,0,0,0,0,0,0,0,0,0,0,0,0,0,0,0,0,0,0,0,0,0,1,2,0,4,129,0,0,0,0,0,0,0,0,0,0,0,0,0,0,0,4,0,16,87,79,44,0,0,0,0,0,26,60,0,0,0,0,0,0,0,0,0,0,0,0,0,0,0,2,0,120,232,225,254,195,174,147,150,204,203,58,0,2,0,0,0,0,0,0,0,0,0,0,0,0,0,0,0,169,209,202,209,231,240,247,233,225,238,88,0,1,0,0,0,0,0,0,0,0,0,0,0,0,1,0,0,206,199,212,212,207,199,200,219,216,222,139,0,0,0,0,0,0,0,0,0,0,0,1,0,0,0,0,57,222,211,221,212,218,215,212,222,210,219,181,0,0,0,0,0,0,0,0,0,0,0,2,0,0,0,0,149,228,220,220,214,216,211,220,217,214,232,204,0,0,0,0,0,0,0,0,0,0,0,0,0,5,0,19,238,213,219,214,211,217,217,231,216,220,229,254,31,0,0,0,0,0,0,0,0,0,0,0,3,0,0,180,244,206,222,206,212,216,217,233,218,240,226,231,139,0,0,0,0,0,0,1,1,1,0,0,0,0,166,232,204,207,219,207,210,211,207,230,224,228,229,231,213,0,0,2,2,0,0,0,0,0,0,0,71,203,224,206,210,211,201,207,211,213,216,219,207,201,210,233,245,29,0,0,0,0,0,0,0,16,81,191,240,218,215,215,210,197,220,239,233,235,227,212,212,198,201,224,249,70,0,0,65,127,156,174,203,235,246,228,211,211,214,219,228,211,229,243,240,243,245,246,249,237,253,217,234,58,5,166,201,201,206,206,211,212,206,215,214,208,216,219,239,243,227,223,209,190,193,200,205,209,232,203,232,26,95,251,221,212,208,207,204,208,213,205,212,210,214,225,213,197,173,181,198,198,187,186,188,189,196,207,241,35,14,139,171,204,223,227,228,227,227,229,227,228,231,224,223,255,255,255,240,216,238,229,232,231,234,224,226,105,0,0,0,2,35,71,120,158,189,230,251,251,230,206,171,105,46,15,0,0,238,212,192,183,168,151,122,34,1,0,0,0,0,0,0,0,0,0,0,0,0,0,0,0,0,0,0,0,0,0,0,0,0,0,0,0,0,0,0,0,0,0,0,0,0,0,0,0,0,0,0,0,0,0,0,0,0,0,0,0,0,0,0,0,0,0,0,0,0,0,0,0,0,0,0,0,0,0,0,0,0,0,0,0,0,0,0,0,0,0,0,0,0,0,0,0,0,0,0,0,0,0,0,0,0,0,0,0,0,0,0,0,0,0,0,0,0,0,0,0,0,0,0,0,0,0,0,0,0,0,0,0,0,0,0,0,0,0,0,0,0,0,0,0,0,0,0,0,6
0,0,0,0,0,0,0,0,0,0,0,0,0,0,0,0,0,0,0,0,0,0,0,0,0,0,0,0,0,0,0,0,0,0,0,0,0,2,1,0,0,37,34,53,107,89,51,45,76,41,69,50,45,0,0,0,0,0,0,0,0,0,0,0,0,1,5,0,64,248,255,180,255,248,229,234,186,102,192,252,233,220,62,0,0,0,0,0,0,0,0,0,0,0,4,0,38,208,81,147,225,194,187,107,31,93,187,220,225,246,44,0,0,0,0,0,0,0,0,0,0,0,3,0,0,141,36,130,235,180,173,37,66,61,77,216,235,205,0,0,0,0,0,0,0,0,0,0,0,0,1,0,0,164,255,204,202,191,181,103,255,254,242,229,233,212,0,0,0,0,0,0,0,0,0,0,0,0,1,0,0,196,245,233,229,247,222,134,127,244,235,222,243,167,0,0,0,0,0,0,0,0,0,0,0,0,1,0,0,178,242,218,225,247,216,0,36,199,253,238,242,151,0,0,0,0,0,0,0,0,0,0,0,0,1,0,0,254,230,227,231,244,215,100,181,175,154,82,234,192,0,0,0,0,0,0,0,0,0,0,0,0,1,0,42,255,226,234,223,229,227,150,129,164,150,85,228,225,0,0,0,0,0,0,0,0,0,0,0,0,4,0,124,242,204,214,217,236,224,118,149,104,118,218,172,255,78,0,0,0,0,0,0,0,0,0,0,1,7,0,167,238,215,221,218,239,217,127,78,63,71,141,96,76,183,0,0,0,0,0,0,0,0,0,0,2,0,0,214,218,231,253,251,229,219,108,70,107,133,180,121,124,210,28,0,0,0,0,0,0,0,0,0,3,0,73,239,218,194,159,198,255,223,116,68,93,207,251,227,197,214,143,0,0,0,0,0,0,0,0,0,0,0,199,237,79,2,58,13,146,194,90,147,178,184,132,149,203,179,153,0,0,0,0,0,0,0,0,1,0,49,212,180,0,93,134,47,8,210,103,37,41,16,20,235,198,84,87,0,0,0,0,1,0,0,0,0,0,220,181,168,74,178,174,118,94,173,137,182,133,134,226,249,104,174,69,0,0,0,0,0,2,3,0,0,93,220,202,92,84,176,169,120,209,145,173,140,236,252,255,163,114,192,52,0,1,4,0,0,0,0,0,66,116,33,89,100,113,160,108,103,186,70,197,199,208,223,169,132,143,136,59,0,0,0,0,0,0,47,114,179,215,121,39,176,168,150,111,160,78,13,255,180,80,255,79,70,195,143,83,0,0,17,108,143,141,148,170,192,73,41,155,143,184,156,118,133,139,227,146,0,0,200,213,129,130,139,68,0,127,167,157,172,62,27,84,83,27,136,173,158,164,159,131,178,244,49,0,0,31,124,138,168,183,254,163,117,219,178,161,169,191,115,100,46,108,213,136,149,162,163,193,187,0,0,7,0,62,235,207,182,153,255,171,49,191,233,241,253,136,70,166,124,185,118,153,168,165,188,201,0,0,2,2,0,71,225,154,154,153,200,172,0,0,32,128,209,211,162,176,165,158,162,188,189,205,160,0,0,7,0,1,0,62,184,129,5,132,204,190,0,0,0,0,0,15,80,141,180,201,218,200,156,71,0,0,0,0,0,5,0,86,240,208,182,228,185,96,0,0,1,0,0,0,0,0,0,0,0,0,0,0,0,2,4,2,0,2,0,0,0,0,0,0,0,0,0,0,0,0,0,0,0,0,0,0,0,0,0,0,0,0,0,0,0,0,0,0,0,0,0,0,0,0,6
0,0,0,0,0,0,0,0,0,0,0,0,0,0,0,0,0,0,0,0,0,0,0,0,0,0,0,0,0,0,0,0,0,0,0,0,0,0,0,0,0,0,0,0,0,0,0,0,0,0,0,0,0,0,0,0,0,0,0,0,0,0,0,0,0,0,0,0,0,0,0,0,0,0,0,0,0,0,0,0,0,0,0,0,0,0,0,0,0,0,0,0,0,0,0,0,0,0,0,0,0,0,0,0,0,0,0,0,0,0,0,0,0,0,0,0,0,0,0,0,0,0,0,0,0,0,0,0,0,0,0,0,0,0,0,0,0,0,0,0,0,0,0,0,0,0,0,0,0,0,0,0,0,0,0,0,13,157,2,0,0,0,0,0,1,0,1,0,0,0,0,0,0,0,0,0,0,0,0,0,0,0,0,0,174,214,209,118,0,1,2,0,0,25,0,0,0,0,0,0,0,0,0,0,0,0,0,0,0,0,0,116,204,175,191,241,0,0,0,0,98,214,5,0,0,0,0,0,0,0,0,0,0,0,0,0,0,0,165,230,207,132,145,232,147,100,58,104,209,240,37,0,0,0,0,0,0,0,0,0,0,0,0,0,0,25,223,197,195,221,237,230,255,255,255,249,242,213,0,0,0,0,0,0,0,0,0,0,0,0,0,0,5,212,218,199,205,212,230,243,213,208,227,226,221,235,46,0,0,0,0,0,0,0,0,0,1,0,0,0,238,218,178,183,218,203,225,241,240,246,241,233,239,215,4,0,0,0,0,0,0,0,0,0,2,0,0,154,220,170,175,209,222,188,227,227,219,228,226,214,229,110,81,0,0,0,0,0,0,0,0,0,0,0,142,222,166,172,203,222,204,219,231,205,209,203,191,194,198,240,255,0,0,0,0,0,0,0,3,0,0,85,254,178,190,203,222,215,200,214,221,204,200,196,201,208,217,212,241,14,0,0,2,1,0,0,0,0,200,207,193,191,220,216,218,199,209,219,216,222,226,211,221,235,225,218,252,74,5,6,0,0,0,0,0,167,238,159,202,202,201,215,211,216,221,230,231,232,224,219,239,226,231,222,250,127,0,0,0,32,90,192,197,191,182,219,207,197,203,206,221,222,228,226,228,231,224,227,236,227,231,221,246,120,35,168,173,191,195,189,187,175,195,194,194,199,200,210,212,220,225,230,232,229,227,229,230,226,227,217,226,106,44,130,129,144,162,188,189,199,236,228,240,221,230,235,237,242,246,246,243,255,255,255,255,255,233,223,255,92,0,0,0,0,0,22,35,65,94,98,108,122,123,126,125,116,99,82,73,62,61,64,51,51,53,45,38,0,12,32,32,25,18,11,1,0,0,0,0,0,0,0,0,0,0,0,0,3,7,8,9,10,5,3,9,0,0,0,2,11,17,27,37,42,54,55,51,48,46,39,37,35,42,42,39,39,39,38,35,37,32,27,18,0,0,0,0,0,0,0,0,0,0,0,0,0,0,0,0,0,0,0,0,0,0,0,0,0,0,0,0,0,0,0,0,0,0,0,0,0,0,0,0,0,0,0,0,0,0,0,0,0,0,0,0,0,0,0,0,0,0,0,0,0,0,0,0,0,0,0,0,0,0,0,0,0,0,0,0,0,0,0,0,0,0,0,0,0,0,0,0,0,0,0,0,0,0,0,0,0,0,0,0,0,0,0,0,0,0,0,0,0,0,0,0,0,0,0,0,0,0,0,0,0,0,0,0,0,0,0,0,0,0,0,0,0,0,0,0,0,0,0,0,0,6
0,0,0,0,0,0,0,0,0,0,0,0,0,0,0,0,0,0,0,0,0,0,0,0,0,0,0,0,0,0,0,0,0,0,0,0,0,0,0,0,0,0,0,0,0,0,0,0,0,0,0,0,0,0,0,0,0,0,0,0,0,0,0,0,0,0,0,0,0,0,0,0,0,0,0,0,0,0,0,0,0,0,0,0,0,0,0,0,0,0,0,0,0,0,0,0,0,0,0,0,0,0,0,0,0,0,0,0,0,0,0,0,0,0,0,0,0,0,0,0,0,0,0,0,0,0,12,56,37,12,0,0,11,27,35,24,8,21,0,0,0,0,0,0,0,0,0,0,0,0,0,0,3,65,115,67,54,118,92,29,52,163,235,153,90,141,52,0,0,0,0,0,0,0,0,0,0,1,0,27,106,123,98,56,92,91,24,86,186,153,103,52,92,149,130,0,0,0,0,0,0,0,0,0,0,1,0,77,101,112,166,83,56,44,112,253,191,15,70,117,129,158,155,0,0,0,0,0,0,0,0,0,0,1,0,26,95,94,66,131,183,134,170,148,199,205,67,122,147,158,142,0,0,0,0,0,0,0,0,0,0,0,0,0,0,0,0,206,189,153,255,74,255,217,117,123,146,159,120,0,0,0,0,0,0,0,0,0,0,0,0,0,0,0,61,241,168,202,177,67,193,144,217,116,141,140,83,0,0,0,0,0,0,0,0,0,0,0,0,0,0,19,242,195,194,175,136,169,221,106,103,108,90,90,61,0,0,0,0,0,0,0,0,0,0,1,0,0,0,106,168,231,215,114,95,124,162,163,83,99,108,112,69,0,0,0,0,0,0,0,0,0,0,0,1,0,115,223,85,87,85,176,164,77,88,91,114,95,95,122,94,0,0,0,0,0,0,0,0,0,0,0,0,27,200,141,135,102,110,120,159,99,107,105,105,99,111,100,114,0,0,0,0,0,0,0,0,0,0,0,129,143,100,68,68,212,124,105,112,97,99,104,100,104,112,96,138,10,2,3,4,0,1,0,0,0,0,155,211,163,153,192,61,88,100,123,125,113,96,105,98,99,110,97,127,31,0,0,0,0,0,0,0,9,43,88,47,142,113,152,110,115,107,95,122,122,107,93,98,107,118,110,163,99,0,6,78,58,22,20,50,79,91,81,81,94,149,81,115,124,107,106,122,130,104,106,133,138,147,152,196,105,0,198,178,147,132,113,84,81,92,92,108,96,117,156,95,115,100,102,104,125,136,155,151,153,154,158,170,116,61,212,176,164,171,180,163,131,108,115,120,129,126,136,145,133,129,138,146,145,174,184,158,173,186,184,235,98,87,235,189,187,179,170,159,155,151,129,116,112,129,131,145,150,148,143,172,205,167,126,195,221,151,90,27,0,4,228,243,210,188,175,178,169,167,164,161,164,162,154,164,155,163,182,194,25,0,0,0,0,0,0,0,0,0,0,74,175,215,233,214,212,195,194,176,173,177,177,171,205,164,115,32,0,0,0,0,0,1,3,2,0,0,0,0,0,0,51,0,91,182,61,148,138,59,143,37,21,0,0,0,1,1,1,1,6,0,0,0,0,0,0,0,0,0,0,0,0,0,0,0,0,0,0,0,0,0,0,0,0,0,0,0,0,0,0,0,0,0,0,0,0,0,0,0,0,0,0,0,0,0,0,0,0,0,0,0,0,0,0,0,0,0,0,0,0,0,0,0,0,0,0,0,0,0,0,0,0,0,0,0,0,0,0,0,0,0,0,0,0,0,0,0,0,6
0,0,0,0,0,0,0,0,0,0,0,0,0,0,0,0,0,0,0,0,0,0,0,0,0,0,0,0,0,0,0,0,0,0,0,0,0,0,0,0,0,0,0,0,0,0,0,0,0,0,0,0,0,0,0,0,0,0,0,0,0,0,0,0,0,0,0,0,0,0,0,0,0,0,0,0,0,0,0,0,0,0,0,0,0,0,0,0,0,0,0,0,0,0,0,0,0,0,0,0,0,0,0,0,0,0,0,0,0,0,0,0,0,0,0,0,0,0,0,0,0,0,0,0,0,0,3,0,19,150,0,0,0,0,0,0,0,0,0,0,0,0,0,0,0,0,0,0,0,0,0,0,0,0,2,0,50,200,149,69,31,0,0,0,0,0,0,0,0,0,0,0,0,0,0,0,1,1,1,0,0,0,2,0,185,190,190,242,243,232,222,182,219,58,0,3,0,0,0,0,0,0,0,0,1,1,0,0,0,4,0,8,219,184,183,186,193,199,202,193,188,95,0,0,0,0,0,0,0,0,0,0,0,0,0,1,0,1,0,83,223,172,187,196,196,190,192,185,180,102,0,0,0,0,0,0,0,0,0,0,0,0,0,0,2,0,0,176,199,177,194,193,194,200,195,182,205,116,0,0,0,0,0,0,0,0,0,0,0,0,0,1,1,0,1,221,165,181,195,196,195,195,194,183,192,163,0,0,0,0,0,0,0,0,0,0,1,0,1,2,0,0,135,205,142,189,190,199,197,190,183,187,183,220,35,0,0,0,0,0,0,0,0,0,0,0,0,0,0,7,226,152,144,196,192,193,190,188,191,200,198,218,109,0,0,0,0,0,0,0,0,0,0,0,0,0,12,189,187,134,192,190,194,196,197,201,206,208,202,218,159,0,0,0,0,0,0,0,0,0,1,1,0,1,166,213,140,172,202,191,196,202,204,204,200,199,203,211,170,0,0,7,0,3,1,1,2,1,5,0,0,181,201,145,177,210,197,201,197,199,192,193,200,202,208,210,191,0,0,0,0,0,0,0,0,0,0,0,43,209,133,180,212,192,193,196,193,190,188,198,201,207,209,206,209,0,0,59,165,152,103,49,10,9,33,82,156,202,159,182,188,177,178,183,191,204,207,200,207,214,210,206,211,16,0,154,208,184,186,214,205,190,189,187,205,196,200,200,200,204,215,217,193,194,198,196,214,217,210,206,183,0,70,211,199,193,182,175,169,162,166,169,172,155,192,212,213,201,196,194,200,209,218,217,213,218,221,211,209,0,26,184,206,220,218,203,187,172,149,165,176,176,201,212,210,224,235,255,252,216,200,199,194,199,204,196,190,35,0,0,27,106,170,226,215,219,217,219,223,224,230,229,233,239,130,66,50,206,204,207,211,218,219,214,211,59,0,0,0,0,0,0,39,101,155,172,176,174,173,155,51,0,0,0,0,62,171,162,129,122,108,89,89,15,0,3,0,0,0,0,0,0,0,0,0,0,0,0,0,0,0,0,0,0,0,0,0,0,0,0,0,0,0,0,0,0,0,0,0,0,0,0,0,0,0,0,0,0,0,0,0,0,0,0,0,0,0,0,0,0,0,0,0,0,0,0,0,0,0,0,0,0,0,0,0,0,0,0,0,0,0,0,0,0,0,0,0,0,0,0,0,0,0,0,0,0,0,0,0,0,0,0,0,0,0,0,0,0,0,0,0,0,0,0,0,0,0,0,0,0,0,0,0,0,0,0,0,0,0,0,0,0,0,0,0,0,0,0,0,0,0,0,0,0,6
0,0,0,0,0,0,0,0,0,0,0,0,0,0,0,0,0,0,0,0,0,0,0,0,0,0,0,0,0,0,0,0,0,0,0,0,0,0,0,0,0,0,0,0,0,0,0,0,0,0,0,0,0,0,0,0,0,0,0,0,0,0,0,0,0,0,0,0,0,0,0,0,0,0,0,0,0,0,0,0,0,0,0,0,0,0,0,0,0,0,0,0,0,0,0,0,0,0,1,1,2,2,2,1,0,0,0,0,0,55,40,0,0,0,0,0,0,0,0,0,0,0,0,0,0,3,0,0,0,0,0,0,0,0,0,76,169,204,64,0,0,0,0,0,0,0,0,0,0,0,0,0,0,0,0,0,0,0,15,30,120,167,219,215,204,206,50,0,0,0,0,0,0,0,0,0,0,0,0,1,0,0,148,175,195,209,239,214,232,218,201,192,188,210,135,0,0,0,0,0,0,0,0,0,0,1,0,1,0,0,169,197,196,204,211,224,227,201,187,194,195,204,180,0,0,0,0,0,0,0,0,0,0,0,0,1,0,16,198,189,189,209,218,237,232,185,194,197,194,206,217,0,0,0,0,0,0,0,0,0,0,0,0,3,0,56,216,193,197,201,218,241,209,187,202,201,206,206,229,42,0,0,0,0,0,0,0,0,0,0,0,0,0,100,225,190,190,190,230,226,204,212,213,214,227,225,225,115,0,0,0,0,0,0,0,0,0,0,0,0,0,184,212,187,174,220,244,222,229,231,219,180,194,234,221,146,0,0,0,0,0,0,0,0,0,0,1,0,89,232,190,183,200,242,227,238,237,207,139,119,188,215,213,152,0,0,0,0,0,0,0,0,0,2,0,0,205,203,185,189,228,229,224,231,215,193,201,232,225,187,210,145,0,0,0,0,0,0,0,0,0,4,0,99,231,181,188,208,222,232,231,229,217,222,222,193,174,178,199,113,0,0,0,0,0,0,0,0,0,0,0,189,192,193,204,205,217,230,232,231,212,187,189,220,228,196,201,72,0,0,0,0,1,0,0,0,0,0,100,212,188,192,194,195,218,234,226,192,183,224,213,102,3,157,238,30,1,2,0,0,1,0,3,0,0,17,194,199,186,183,198,210,228,224,182,186,233,123,0,0,0,111,205,7,0,0,0,3,0,0,0,0,4,151,199,196,187,208,213,216,234,195,190,235,61,0,0,4,0,118,199,0,1,1,0,0,0,0,20,94,178,199,192,187,206,207,219,231,207,180,236,40,0,3,0,0,0,119,187,0,0,0,0,20,77,134,165,122,98,168,189,194,200,209,224,232,189,239,60,0,1,0,0,2,0,118,188,0,0,58,132,164,173,165,158,116,119,157,169,187,210,228,239,202,227,133,0,0,0,0,0,2,0,116,183,0,104,219,210,201,192,190,190,195,205,195,204,217,224,221,210,204,218,0,0,4,3,0,0,2,0,112,175,0,0,24,72,139,181,207,212,222,229,236,245,246,240,233,239,255,49,0,1,1,0,0,0,1,0,111,171,0,0,0,0,0,0,0,2,30,43,64,91,112,130,147,133,24,0,0,0,0,1,2,0,2,0,107,158,0,0,0,0,0,0,0,0,0,0,0,0,0,0,0,0,0,0,0,0,0,0,0,0,0,0,0,0,0,0,0,0,0,0,0,0,0,0,0,0,0,0,0,0,0,0,0,0,0,0,0,0,0,0,0,0,0,0,0,0,0,0,0,0,0,0,0,0,0,0,0,0,0,0,0,0,0,0,0,0,0,0,0,0,0,6
0,0,0,0,0,0,0,0,0,0,0,0,0,0,0,0,0,0,0,0,0,0,0,0,0,0,0,0,0,0,0,0,0,0,0,0,0,0,0,0,0,0,0,0,0,0,0,0,0,0,0,0,0,0,0,0,0,0,0,0,0,0,0,0,0,0,0,0,0,0,0,0,0,0,0,0,0,0,0,0,0,0,0,0,0,0,0,0,0,0,0,0,0,0,0,0,0,0,0,0,0,0,0,0,0,0,0,0,0,0,0,0,0,0,0,0,0,0,0,0,0,0,0,0,0,0,0,0,0,0,0,0,0,0,0,0,0,0,0,0,0,0,0,0,0,0,0,0,0,0,0,0,8,2,0,0,0,0,0,20,71,117,142,77,0,6,0,0,0,0,0,0,0,0,0,0,0,0,1,0,68,128,116,95,35,71,148,192,178,138,155,106,0,5,0,0,0,0,0,0,0,0,0,0,0,1,0,0,82,117,145,153,178,183,172,156,135,147,136,57,0,0,0,0,0,0,0,0,0,0,0,0,0,1,0,2,105,127,135,121,137,135,136,161,156,168,150,60,20,0,2,0,0,0,0,0,0,0,0,0,0,2,0,1,103,118,125,128,140,142,152,157,148,151,147,66,97,0,3,0,0,0,0,0,0,0,0,0,0,1,0,31,113,107,100,106,127,140,153,142,145,143,157,67,131,0,0,0,0,0,0,0,0,0,0,0,0,3,0,67,115,92,102,122,135,145,161,135,120,132,153,91,113,53,0,3,1,1,0,0,0,0,0,0,2,0,0,80,106,90,116,131,140,148,162,153,116,106,123,131,82,110,0,2,0,1,0,0,0,0,0,0,0,0,26,110,111,117,133,136,136,150,145,133,138,113,112,136,35,106,0,0,0,0,0,0,0,0,0,0,0,0,63,105,123,137,140,136,133,137,128,122,126,135,135,152,65,47,38,0,0,0,0,0,0,0,1,0,0,52,95,102,126,141,141,136,136,136,140,145,141,135,121,126,55,13,123,17,0,0,0,1,1,1,0,0,37,101,103,110,125,140,143,133,141,151,150,133,121,140,165,218,32,0,22,2,0,0,0,0,0,0,0,42,97,96,106,107,115,132,138,138,131,135,141,162,191,198,193,193,0,0,0,0,0,0,1,10,11,21,43,75,82,88,106,112,120,131,146,127,191,196,207,206,197,178,182,132,0,0,1,0,0,36,60,57,52,51,58,63,80,87,111,120,138,125,131,237,180,0,130,206,186,186,190,76,0,1,0,0,40,106,76,63,61,62,63,83,93,105,125,133,113,137,212,95,0,0,163,207,186,186,181,28,0,5,0,0,80,190,178,146,117,91,87,88,92,110,102,125,162,200,28,0,0,0,132,193,177,185,187,0,0,1,0,0,0,10,110,162,193,198,191,203,183,193,186,255,168,0,0,5,0,0,142,207,182,200,150,0,0,0,0,0,0,0,0,0,6,53,108,152,158,153,111,45,0,0,1,0,0,0,42,81,45,65,17,0,0,0,0,0,0,0,0,0,0,0,0,0,0,0,0,0,0,0,0,0,0,0,0,0,0,0,0,0,0,0,0,0,0,0,0,0,0,0,0,0,0,0,0,0,0,0,0,0,0,0,0,0,0,0,0,0,0,0,0,0,0,0,0,0,0,0,0,0,0,0,0,0,0,0,0,0,0,0,0,0,0,0,0,0,0,0,0,0,0,0,0,0,0,0,0,0,0,0,0,0,0,0,0,0,0,0,0,0,0,0,0,0,0,0,0,0,6
0,0,0,0,0,0,0,0,0,0,0,0,0,0,0,0,0,0,0,0,0,0,0,0,0,0,0,0,0,0,0,0,0,0,0,0,0,0,0,0,0,0,0,0,0,0,0,0,0,0,0,0,0,0,0,0,0,0,0,0,0,0,0,0,0,0,0,0,0,0,0,0,0,0,0,0,0,0,0,0,0,0,0,0,0,0,0,0,0,0,0,0,0,0,0,0,0,0,0,0,0,0,0,0,0,0,0,0,0,0,0,0,0,0,0,0,0,0,0,0,0,0,0,0,0,3,0,0,142,108,57,32,0,0,0,0,1,0,0,0,0,0,0,0,0,0,0,0,0,0,0,0,0,4,0,15,202,200,208,213,208,202,24,0,0,0,2,0,0,0,0,0,0,0,0,0,0,0,0,0,0,3,0,48,206,188,189,202,211,245,81,0,0,0,0,0,0,0,0,0,0,0,0,0,0,0,0,0,0,4,0,76,207,186,182,200,204,214,103,130,255,178,182,61,0,0,0,0,0,0,0,0,0,0,0,0,0,0,0,107,198,168,182,218,195,173,239,243,208,217,234,101,0,0,0,0,0,0,0,0,0,0,0,0,2,0,6,200,187,178,206,203,175,188,236,212,203,204,203,10,0,0,0,0,0,0,0,0,0,1,0,0,0,0,59,233,176,187,209,216,224,219,214,224,214,210,218,0,0,0,0,0,0,0,0,0,0,0,0,0,0,0,115,211,181,207,212,218,221,232,240,235,213,215,173,0,0,0,0,0,0,0,0,0,0,0,0,2,0,9,188,202,187,203,218,234,165,182,186,214,195,208,153,0,0,0,0,0,0,0,0,0,0,1,0,0,0,159,214,189,201,209,225,213,159,240,222,213,204,215,145,0,0,0,0,1,0,0,2,3,0,0,0,1,149,222,191,202,209,209,235,215,178,203,196,190,171,208,176,0,0,2,4,0,0,0,0,0,0,0,49,170,203,183,170,204,209,211,204,221,220,200,242,233,204,212,214,0,3,0,0,0,0,0,4,19,36,110,143,151,186,172,164,172,197,206,209,208,239,234,206,195,200,218,234,34,0,0,94,112,106,118,76,89,163,151,136,169,178,166,161,152,182,214,217,207,182,165,178,152,179,209,236,67,0,99,196,121,35,7,35,106,168,180,191,181,192,206,223,220,224,231,226,218,219,216,222,226,222,191,216,49,32,188,199,201,185,191,186,191,183,187,198,212,220,227,218,201,198,193,200,200,213,215,203,214,223,211,249,59,13,118,151,189,207,210,194,187,195,192,198,216,224,211,210,220,236,236,226,225,214,210,207,200,190,175,196,103,73,200,114,102,89,133,188,208,219,228,234,250,237,220,204,174,147,131,129,111,105,101,101,105,108,105,129,68,0,82,198,219,192,139,92,81,94,96,114,117,100,107,130,144,154,155,144,128,139,126,130,121,125,121,142,70,0,0,0,8,84,141,215,204,202,206,166,173,207,165,89,60,11,0,0,12,215,185,181,206,206,207,235,139,1,0,0,0,0,0,0,0,30,67,42,54,54,0,0,0,0,0,0,20,109,69,54,85,60,46,47,0,0,0,0,0,0,0,0,0,0,0,0,0,0,0,0,0,0,0,0,0,0,0,0,0,0,0,0,0,0,0,0,0,0,0,0,0,0,0,0,0,0,0,0,0,0,0,0,0,0,0,0,0,0,0,0,0,0,0,0,0,0,0,0,0,0,0,0,0,0,0,0,0,0,0,0,0,0,0,0,0,0,0,0,0,6
0,0,0,0,0,0,0,0,0,0,0,0,0,0,0,0,0,0,0,0,0,0,0,0,0,0,0,0,0,0,0,0,0,0,0,0,0,0,0,0,0,0,0,0,0,0,0,0,0,0,0,0,0,0,0,0,0,0,0,0,0,0,0,0,0,0,0,0,0,0,0,0,0,0,0,0,0,0,0,0,0,0,0,0,0,0,0,0,0,0,0,0,0,0,0,0,0,0,0,0,0,0,0,0,0,0,0,0,0,0,0,0,0,0,0,0,0,0,0,0,0,0,0,0,0,0,0,0,0,0,0,0,0,0,0,0,0,0,0,0,0,0,0,0,0,0,0,0,0,0,0,0,0,1,0,0,58,0,0,0,0,0,0,0,0,0,0,0,0,0,0,0,0,0,0,0,0,0,0,0,0,3,0,46,209,203,169,85,46,34,0,0,0,0,0,0,0,0,0,0,0,0,0,0,0,0,0,0,0,0,0,80,196,219,209,174,182,197,176,148,155,126,0,0,0,0,0,0,0,0,0,0,0,0,0,0,1,0,0,165,219,172,181,203,194,171,203,188,189,125,0,0,0,0,0,0,0,0,0,0,0,0,0,0,0,0,54,216,178,181,220,210,212,221,212,201,192,90,0,0,0,0,0,0,0,0,0,0,0,0,2,0,0,33,138,177,187,208,240,200,196,196,184,190,201,255,21,0,0,0,0,0,0,0,0,0,0,0,2,0,0,166,194,174,164,161,163,204,218,203,200,193,184,192,0,0,0,0,0,0,2,0,0,0,0,3,0,0,130,166,122,158,136,77,89,138,210,198,192,184,185,205,0,0,1,0,0,0,0,0,0,0,0,0,0,100,163,160,152,157,176,82,70,148,177,186,186,196,202,196,56,0,0,1,5,4,3,5,4,0,0,0,81,172,173,129,150,166,161,160,154,209,213,210,220,208,188,173,122,0,0,0,0,0,0,0,0,0,0,43,195,129,123,160,182,181,192,203,209,200,198,185,163,165,166,187,182,0,0,0,19,43,54,74,91,108,124,142,126,144,173,178,184,185,160,160,150,150,147,162,142,161,168,186,181,0,0,22,142,120,124,125,121,118,117,118,148,164,164,161,154,161,170,173,180,200,190,181,165,170,181,173,222,40,0,138,140,121,101,104,114,118,124,118,137,160,163,169,169,178,190,196,195,203,209,198,210,197,209,187,221,42,0,88,172,177,180,174,152,153,156,162,166,179,184,181,195,219,229,220,213,224,225,204,203,189,162,145,128,4,131,123,68,98,128,182,226,229,232,238,236,240,240,228,188,164,134,122,115,77,73,74,72,78,89,90,126,28,8,184,184,152,113,68,44,62,89,101,108,88,82,105,115,147,168,160,153,211,196,209,211,211,201,198,194,64,0,0,5,100,188,219,228,202,179,164,168,194,204,157,137,83,35,0,0,241,209,198,225,205,203,194,188,72,0,0,0,0,0,0,9,37,73,90,80,82,28,0,0,0,0,0,0,45,100,80,64,64,52,50,52,0,0,0,0,0,0,0,0,0,0,0,0,0,0,0,0,0,0,0,0,0,0,0,0,0,0,0,0,0,0,0,0,0,0,0,0,0,0,0,0,0,0,0,0,0,0,0,0,0,0,0,0,0,0,0,0,0,0,0,0,0,0,0,0,0,0,0,0,0,0,0,0,0,0,0,0,0,0,0,0,0,0,0,0,0,0,0,0,0,0,0,0,0,0,0,0,0,0,0,0,0,0,0,0,0,0,0,0,0,0,0,0,0,6
0,0,0,0,0,0,0,0,0,0,0,0,0,0,0,0,0,0,0,0,0,0,0,0,0,0,0,0,0,0,0,0,0,0,0,0,0,0,0,0,0,0,0,0,0,0,0,0,0,0,0,0,0,0,0,0,0,0,0,0,0,0,0,0,0,0,0,0,0,0,0,0,0,0,0,0,0,0,0,0,0,0,0,0,0,0,0,0,0,0,0,0,0,0,0,0,0,0,0,0,0,0,0,0,0,0,0,0,0,0,0,0,0,0,0,0,0,0,0,0,0,0,0,0,0,0,0,0,0,0,0,0,0,0,0,0,0,0,0,0,0,0,0,0,0,0,0,0,0,0,0,0,0,0,2,0,14,99,93,0,2,0,0,0,0,0,167,96,0,0,0,0,0,0,0,0,0,0,0,0,0,0,0,0,48,73,195,121,0,0,0,0,0,0,138,42,0,0,0,0,0,0,0,0,0,0,0,0,0,0,0,17,68,34,90,121,119,113,90,31,82,144,144,5,0,0,0,0,0,0,0,0,0,0,0,0,0,0,0,28,56,85,119,76,138,141,153,161,161,167,144,17,0,0,0,0,0,0,0,0,0,0,0,0,0,0,0,48,51,104,138,130,150,158,161,170,155,144,141,17,0,0,0,0,0,0,0,0,0,0,0,0,0,0,28,82,56,136,133,141,167,164,175,158,150,141,167,19,0,0,0,0,0,0,0,0,0,0,0,0,0,2,53,76,73,147,147,138,164,175,170,158,147,141,184,22,0,0,0,0,0,2,0,0,0,0,0,0,0,22,59,65,82,113,136,170,155,175,175,155,147,144,164,31,0,0,0,0,0,0,0,0,0,0,0,0,19,51,70,79,90,110,76,161,147,167,150,153,150,138,155,48,0,0,0,0,0,0,0,0,0,0,0,14,48,65,76,82,102,82,110,195,147,164,133,130,133,127,150,79,0,0,2,0,0,0,0,0,0,0,25,48,56,62,70,85,116,65,147,198,147,138,96,93,93,104,138,96,0,0,0,0,0,0,0,0,17,36,48,56,59,62,70,90,85,65,195,158,136,99,73,85,85,90,119,119,0,2,14,11,17,17,17,36,48,51,53,56,59,62,76,93,65,136,255,133,119,76,102,119,130,127,124,93,0,36,48,48,53,56,53,51,51,48,48,53,62,76,76,79,110,153,90,93,96,99,138,136,133,136,153,141,65,76,53,42,39,45,53,68,62,45,56,76,90,99,110,104,127,153,161,187,189,198,212,204,198,201,198,178,87,138,127,107,90,56,31,34,34,36,51,99,133,161,181,195,221,235,223,189,187,164,164,141,141,144,124,107,0,19,87,130,155,161,155,153,150,158,181,195,204,195,170,130,99,25,0,0,150,127,155,155,153,161,172,172,0,0,0,0,11,70,119,144,175,175,147,93,39,2,0,0,0,0,0,0,178,164,147,150,150,155,136,65,0,0,0,0,0,0,0,0,0,0,0,0,0,0,0,0,0,0,0,0,0,0,0,0,0,0,0,0,0,0,0,0,0,0,0,0,0,0,0,0,0,0,0,0,0,0,0,0,0,0,0,0,0,0,0,0,0,0,0,0,0,0,0,0,0,0,0,0,0,0,0,0,0,0,0,0,0,0,0,0,0,0,0,0,0,0,0,0,0,0,0,0,0,0,0,0,0,0,0,0,0,0,0,0,0,0,0,0,0,0,0,0,0,0,0,0,0,0,0,0,0,0,0,0,0,0,0,0,0,0,0,0,0,0,0,0,0,0,0,0,6
0,0,0,0,0,0,0,0,0,0,0,0,0,0,0,0,0,0,0,0,0,0,0,0,0,0,0,0,0,0,0,0,0,0,0,0,0,0,0,0,0,0,0,0,0,0,0,0,0,0,0,0,0,0,0,0,0,0,0,0,0,0,0,0,0,0,0,0,0,0,0,0,0,0,0,0,0,0,0,0,0,0,0,0,0,0,0,0,0,0,0,0,0,0,0,0,0,0,0,0,0,0,0,0,0,0,0,0,0,0,0,0,0,0,0,0,0,0,0,0,0,0,0,0,0,0,0,0,0,0,0,0,0,0,0,0,0,0,0,0,0,0,0,0,0,0,0,0,0,0,0,0,0,0,0,0,0,36,19,0,0,2,2,0,2,1,0,0,0,0,0,0,0,0,0,0,0,0,0,0,0,0,0,0,25,92,177,28,0,0,0,0,0,0,0,0,0,0,0,0,0,0,0,0,0,0,0,0,0,0,0,145,152,81,185,156,67,16,0,0,0,0,0,0,0,0,0,0,0,0,0,0,0,0,0,0,1,0,58,190,142,133,196,224,219,237,232,177,217,52,0,0,0,0,0,0,0,0,0,0,0,0,0,0,0,0,33,182,106,159,219,205,210,208,216,209,207,92,0,0,0,0,0,0,0,0,0,0,0,0,0,1,0,61,229,217,155,120,214,232,229,232,218,215,217,121,0,0,0,0,0,0,0,0,0,0,0,0,0,0,0,99,104,31,156,160,123,142,170,169,156,148,189,112,0,0,0,0,0,0,0,0,0,0,0,0,0,0,111,224,133,57,147,173,182,163,159,148,135,120,132,148,0,0,0,0,0,0,0,0,0,0,0,0,0,74,146,73,145,152,166,161,166,168,163,163,161,157,161,173,18,0,0,0,0,1,1,1,1,1,0,0,0,196,153,74,150,161,156,166,166,170,167,168,159,149,139,167,57,0,0,0,0,0,0,0,0,0,0,39,67,92,142,162,168,163,168,174,182,173,180,180,153,155,148,174,88,0,1,0,5,23,15,11,11,33,59,69,86,113,136,148,150,155,157,153,166,178,177,160,160,167,161,170,115,0,0,14,63,64,76,79,77,72,61,47,104,138,128,148,166,178,180,170,142,169,155,152,178,168,160,164,131,0,0,97,115,77,70,58,52,59,74,101,120,122,138,155,169,183,187,193,203,170,169,189,185,191,188,181,134,0,38,81,98,112,133,150,162,160,159,169,173,197,190,180,168,148,135,126,132,140,123,120,118,107,105,112,126,16,145,160,147,134,122,122,119,100,94,93,83,85,86,92,115,128,149,168,169,174,176,178,185,200,189,182,196,108,0,23,58,125,166,185,211,216,228,226,230,230,238,217,216,195,187,182,198,228,229,255,237,238,197,212,201,136,0,0,0,0,0,0,0,14,35,33,54,65,47,0,0,0,0,0,0,0,0,17,12,21,17,56,38,0,0,0,0,0,0,0,0,0,0,0,0,0,0,0,0,0,0,0,0,0,0,0,0,0,0,0,0,0,0,0,0,0,0,0,0,0,0,0,0,0,0,0,0,0,0,0,0,0,0,0,0,0,0,0,0,0,0,0,0,0,0,0,0,0,0,0,0,0,0,0,0,0,0,0,0,0,0,0,0,0,0,0,0,0,0,0,0,0,0,0,0,0,0,0,0,0,0,0,0,0,0,0,0,0,0,0,0,0,0,0,0,0,0,0,0,0,0,0,0,0,0,0,0,0,0,0,0,0,0,0,0,0,0,0,0,0,0,0,0,0,6
0,0,0,0,0,0,0,0,0,0,0,0,0,0,0,0,0,0,0,0,0,0,0,0,0,0,0,0,0,0,0,0,0,0,0,0,0,0,0,0,0,0,0,0,0,0,0,0,0,0,0,0,0,0,0,0,0,0,0,0,0,0,0,0,0,2,0,0,0,69,118,95,92,109,33,0,0,0,0,0,0,0,0,0,0,0,0,0,0,0,0,0,0,0,0,0,0,239,246,230,244,255,238,0,145,240,217,199,255,43,0,5,0,0,0,0,0,0,0,0,0,0,2,0,0,220,218,219,230,236,230,3,255,243,248,181,173,84,0,6,0,0,0,0,0,0,0,0,0,0,3,0,0,231,220,235,236,250,195,26,222,228,238,183,185,97,0,2,0,0,0,0,0,0,0,0,0,0,3,0,0,244,223,232,230,237,243,229,238,240,229,225,255,56,0,2,0,0,0,0,0,0,0,0,0,0,3,0,0,250,224,228,225,235,236,136,241,234,229,219,233,62,0,2,0,0,0,0,0,0,0,0,0,0,2,0,32,255,217,229,230,231,238,238,238,229,226,224,239,81,0,1,0,0,0,0,0,0,0,0,0,0,2,0,90,255,209,227,228,236,223,222,238,227,243,232,255,84,0,1,0,0,0,0,0,0,0,0,0,0,2,0,140,232,213,227,229,237,234,231,228,254,226,103,250,145,0,0,0,0,0,0,0,0,0,0,0,0,0,0,197,230,219,228,227,251,195,212,253,245,54,228,239,228,27,0,0,0,0,0,0,0,0,0,0,3,0,0,243,224,222,228,224,255,159,209,255,123,187,187,222,224,133,0,0,0,0,0,0,0,0,0,0,3,0,63,255,211,226,227,226,253,163,231,239,186,64,0,243,227,187,13,0,0,0,0,0,0,0,0,0,1,0,130,255,212,224,226,226,247,152,230,235,209,96,168,248,217,203,70,0,0,0,0,0,0,0,0,0,0,0,225,219,215,221,223,226,241,149,235,235,226,255,255,179,198,225,107,0,0,0,0,2,1,0,0,0,0,113,255,206,216,216,221,225,232,164,238,229,226,218,187,195,185,224,118,0,0,0,0,0,0,0,0,0,25,255,208,211,220,218,217,230,223,167,241,231,175,159,177,183,194,224,108,0,0,0,0,0,0,3,0,0,209,232,208,212,212,220,217,240,194,135,253,221,197,233,236,201,186,235,121,0,1,4,3,0,0,0,0,164,246,202,207,221,210,218,224,232,206,194,236,255,159,48,218,199,189,234,129,0,0,0,0,0,0,0,137,249,208,208,213,217,221,223,223,226,229,255,248,61,0,0,227,211,184,226,135,0,0,27,85,140,174,222,238,209,212,214,216,216,219,222,231,223,237,208,0,0,0,0,234,214,189,220,143,10,175,208,217,214,206,200,201,210,209,213,215,218,226,229,222,235,210,0,0,5,0,0,219,212,186,217,154,131,252,221,213,211,206,205,205,203,208,213,216,217,226,216,243,208,0,0,6,0,0,0,204,213,190,216,170,3,115,177,221,236,235,230,222,218,213,215,219,224,230,246,220,0,0,0,0,3,0,0,183,207,192,205,176,0,0,0,17,72,146,207,239,255,255,255,255,255,238,127,0,0,1,0,0,1,0,0,209,230,230,255,227,0,1,0,0,0,0,0,0,13,46,54,44,20,0,0,0,0,0,0,0,1,0,0,87,109,78,75,46,0,0,0,0,0,0,0,0,0,0,0,0,0,0,0,0,0,0,0,0,0,0,0,0,0,0,0,0,6
0,0,0,0,0,0,0,0,0,0,0,0,0,0,0,0,0,0,0,0,0,0,0,0,0,0,0,0,0,0,0,0,0,0,0,0,0,0,0,0,0,0,0,0,0,0,0,0,0,0,0,0,0,0,0,0,0,0,0,0,0,0,0,0,0,0,0,0,0,0,0,0,0,0,0,0,0,0,0,0,0,0,0,0,0,0,0,0,0,0,0,0,0,0,0,0,0,0,0,0,0,0,0,0,0,0,0,0,0,0,0,0,0,0,0,0,0,0,0,0,0,0,0,0,0,0,0,0,0,0,0,0,0,0,0,0,0,0,0,0,0,0,0,0,0,0,0,0,0,0,0,0,0,0,0,0,0,0,0,0,0,0,0,0,0,0,0,0,0,0,0,0,0,0,0,0,0,0,0,0,0,0,0,50,70,75,14,0,0,0,0,0,0,0,55,78,0,0,0,0,0,0,0,0,0,0,0,0,0,0,0,226,255,247,255,219,214,154,163,212,128,134,97,104,0,0,0,0,0,0,0,0,0,0,0,0,0,0,0,196,237,228,226,223,231,239,250,251,255,41,0,0,0,0,0,0,0,0,0,0,0,0,0,0,2,0,0,255,230,233,221,209,211,213,233,241,220,0,0,2,0,0,0,0,0,0,0,0,0,0,0,0,1,0,37,255,225,225,220,218,220,225,244,254,234,0,0,0,0,0,0,0,0,0,0,0,0,0,0,0,0,0,143,243,221,230,212,219,226,234,243,249,223,0,0,0,0,0,0,0,1,1,0,0,0,0,0,4,0,0,255,227,225,227,213,220,223,236,236,251,218,0,0,0,0,0,0,0,0,0,0,0,0,3,4,0,0,169,255,221,230,227,214,222,225,236,238,247,229,0,0,0,0,0,0,0,2,0,2,4,0,0,0,0,160,255,224,232,233,222,217,225,228,235,241,242,254,0,0,1,0,2,0,0,0,0,0,0,0,43,142,242,250,212,218,233,232,222,213,223,225,234,240,237,248,56,0,2,1,0,0,0,0,0,45,133,229,255,254,218,201,213,225,233,228,223,225,233,236,236,242,236,255,167,0,0,0,0,133,175,233,248,226,234,223,215,204,222,230,223,224,228,233,235,239,246,247,244,238,237,249,229,0,0,0,227,255,240,229,225,221,217,223,227,223,225,224,221,219,220,227,229,237,246,240,246,248,241,255,252,0,0,41,127,158,198,230,239,237,249,244,240,241,241,243,253,254,254,255,255,255,255,253,252,251,240,223,157,0,0,78,220,164,154,127,140,156,183,201,210,215,213,211,198,186,172,160,152,147,146,139,127,127,125,161,169,0,0,0,0,62,143,201,204,193,180,179,185,177,179,185,202,216,231,244,251,255,255,255,255,255,255,231,255,19,0,0,0,0,0,0,0,35,65,86,101,117,132,137,113,106,103,95,96,97,88,82,79,65,57,41,34,0,0,0,0,0,0,0,0,0,0,0,0,0,0,0,0,0,0,0,0,0,0,0,0,0,0,0,0,0,0,0,0,0,0,0,0,0,0,0,0,0,0,0,0,0,0,0,0,0,0,0,0,0,0,0,0,0,0,0,0,0,0,0,0,0,0,0,0,0,0,0,0,0,0,0,0,0,0,0,0,0,0,0,0,0,0,0,0,0,0,0,0,0,0,0,0,0,0,0,0,0,0,0,0,0,0,0,0,0,0,0,0,0,0,0,0,0,0,0,0,0,0,0,0,0,0,0,0,0,0,0,0,0,0,0,0,0,0,0,0,0,0,6
0,0,0,0,0,0,0,0,0,0,0,0,0,0,0,0,0,0,0,0,0,0,0,0,0,0,0,0,0,0,0,0,0,0,0,0,0,0,0,0,0,0,0,0,0,0,0,0,0,0,0,0,0,0,0,0,0,0,0,0,0,0,0,0,0,0,0,0,0,0,0,0,0,0,0,0,0,0,0,0,0,0,0,0,0,0,0,0,0,0,0,0,0,0,0,0,0,0,0,0,0,0,0,0,0,0,0,0,0,0,0,0,0,0,0,0,0,0,0,0,0,0,0,0,0,0,0,0,0,0,0,0,0,0,0,0,0,0,0,0,0,0,0,0,0,0,0,0,0,0,0,0,0,0,0,0,0,0,0,0,0,0,0,0,0,0,0,0,0,0,0,0,0,0,0,0,0,0,0,0,0,0,0,0,0,130,110,60,0,0,0,1,1,0,0,0,0,0,0,0,0,0,0,0,0,0,0,0,0,0,0,0,112,153,129,201,161,0,0,0,0,0,1,0,0,0,0,0,0,0,0,0,0,0,0,0,0,3,0,0,201,215,204,224,228,227,100,23,0,0,0,0,0,0,0,0,0,0,0,0,0,0,0,0,0,3,0,73,197,155,203,185,211,224,231,216,179,149,5,0,0,0,0,0,0,0,0,0,0,0,0,0,0,0,0,163,205,181,240,205,177,194,204,213,217,204,12,0,0,0,0,0,0,0,0,0,0,0,1,0,0,7,173,191,221,224,205,236,220,215,209,209,208,198,0,0,0,0,0,0,0,0,0,0,3,5,0,0,26,197,199,102,176,182,200,205,214,227,231,226,209,206,49,0,0,0,0,0,0,0,3,4,0,0,0,87,134,103,175,197,215,220,223,225,221,221,214,226,207,214,119,0,0,0,0,1,1,10,0,0,0,65,83,117,155,193,198,198,219,223,225,223,218,209,218,216,213,214,186,0,1,3,0,0,0,0,0,116,190,126,144,191,185,179,209,222,222,219,207,203,205,198,200,218,220,214,220,0,0,0,0,0,11,61,166,161,113,198,190,179,212,232,227,224,223,223,221,215,216,212,226,202,196,214,227,18,0,74,120,144,181,161,134,129,138,181,188,219,210,199,197,198,198,200,204,203,201,198,204,191,210,215,235,25,92,199,179,167,154,104,144,158,131,157,181,181,190,213,213,218,224,224,215,217,218,217,219,228,233,210,221,30,178,187,207,209,212,211,219,197,212,219,225,235,229,218,213,204,194,191,196,196,196,194,203,201,201,201,221,118,165,201,188,192,192,192,196,207,206,197,190,190,193,184,189,195,200,202,201,201,201,201,204,205,196,196,201,168,27,158,228,211,212,237,223,209,215,218,218,216,216,220,221,220,220,220,219,220,221,222,221,227,237,238,255,176,0,0,0,38,97,114,141,158,166,167,167,167,167,165,164,164,164,163,160,161,160,160,158,149,127,92,67,0,0,0,0,0,0,0,0,0,0,0,0,0,0,0,0,0,0,0,0,0,0,0,0,0,0,0,0,0,0,0,0,0,0,0,0,0,0,0,0,0,0,0,0,0,0,0,0,0,0,0,0,0,0,0,0,0,0,0,0,0,0,0,0,0,0,0,0,0,0,0,0,0,0,0,0,0,0,0,0,0,0,0,0,0,0,0,0,0,0,0,0,0,0,0,0,0,0,0,0,0,0,0,0,0,0,0,0,0,0,0,0,0,0,0,0,0,0,0,0,0,0,0,0,0,0,0,0,0,0,0,0,0,0,0,0,0,0,0,0,0,6
0,0,0,0,0,0,0,0,0,0,0,0,0,0,0,0,0,0,0,0,0,0,0,0,0,0,0,0,0,0,0,0,0,0,0,0,0,0,0,0,36,38,24,34,77,76,94,113,98,100,98,94,57,0,0,0,0,0,0,0,0,0,0,0,0,2,0,1,214,204,173,181,219,188,190,201,164,180,200,219,167,1,0,1,0,0,0,0,0,0,0,0,0,2,0,0,176,158,158,167,184,152,166,207,165,143,155,165,174,0,0,1,0,0,0,0,0,0,0,0,0,1,0,0,176,170,174,180,191,179,159,180,197,180,170,174,188,4,0,0,0,0,0,0,0,0,0,0,0,1,0,0,177,184,189,173,172,186,147,160,151,152,178,168,192,22,0,0,0,0,0,0,0,0,0,0,0,0,0,0,181,190,184,187,187,179,173,198,225,159,164,168,188,32,0,0,0,0,0,0,0,0,0,0,0,0,0,4,177,152,173,193,180,167,187,183,232,182,174,197,204,83,0,0,0,0,0,0,0,0,0,0,0,0,0,32,187,158,174,165,171,179,176,166,232,183,172,183,174,153,0,0,0,0,0,0,0,0,0,0,0,4,0,53,195,175,186,183,184,181,160,192,242,196,165,164,170,216,19,0,0,0,0,0,0,0,0,0,0,1,0,63,193,166,153,195,189,157,141,149,201,191,170,173,175,207,90,0,0,0,0,0,0,0,0,0,0,0,0,117,183,148,171,192,177,183,198,233,197,184,187,165,164,195,137,0,0,0,0,0,0,0,0,0,3,0,0,177,178,175,174,189,180,175,187,255,197,180,172,164,172,167,165,8,0,0,0,0,0,0,0,0,2,0,0,166,169,173,187,182,184,194,194,229,180,200,173,182,175,171,187,40,0,0,0,0,0,0,0,0,2,0,0,160,155,167,187,196,164,159,169,218,178,214,188,189,163,153,160,35,0,0,0,0,0,0,0,0,1,0,34,190,149,157,189,189,158,163,179,197,172,198,186,154,124,148,155,26,0,0,0,0,2,1,0,0,0,0,110,196,161,165,183,181,191,192,215,202,180,187,187,179,176,173,161,10,0,0,0,0,2,0,0,1,0,1,172,167,171,160,177,182,179,171,184,191,175,197,166,194,189,182,172,0,0,0,0,0,0,2,1,1,0,63,193,163,172,165,177,188,173,165,176,206,177,180,165,187,187,204,169,0,0,0,0,0,0,0,0,0,0,149,175,169,169,167,169,178,169,155,161,219,153,109,177,193,187,186,154,0,0,1,2,0,0,0,0,0,79,175,155,167,164,164,163,181,174,146,177,203,142,129,132,203,177,183,152,0,0,0,0,0,0,0,1,86,150,165,157,154,158,160,163,189,164,188,204,68,174,145,78,213,186,190,147,0,0,0,24,58,76,110,105,146,159,171,174,167,154,141,158,159,183,192,44,47,108,183,91,200,190,188,140,0,29,171,178,156,133,150,117,122,159,159,160,160,152,143,169,144,214,14,27,85,119,133,133,202,184,190,137,0,85,174,156,156,151,153,155,155,164,167,160,169,167,157,146,214,102,0,32,160,121,53,182,211,181,184,121,0,86,189,194,187,171,156,149,153,152,148,144,155,144,140,203,156,0,0,30,148,36,91,178,183,174,175,112,0,0,79,156,200,229,236,226,214,206,184,176,177,158,214,155,0,0,0,16,192,71,111,198,210,197,207,131,0,0,0,0,0,13,35,56,77,103,117,132,137,127,56,0,0,0,0,0,53,13,0,47,127,101,123,52,0,6
0,0,0,0,0,0,0,0,0,0,0,0,0,0,0,0,0,0,0,0,0,0,0,0,0,0,0,0,0,0,0,0,0,0,0,0,0,0,0,0,0,0,0,0,0,0,0,0,0,0,0,0,0,0,0,0,0,0,0,0,0,0,0,0,0,0,0,0,0,0,6,0,64,160,51,26,27,11,9,0,0,0,2,0,0,0,0,0,0,0,0,0,0,0,0,0,0,0,8,0,114,210,204,247,248,251,250,205,190,198,164,0,0,0,0,0,0,0,0,0,0,0,0,0,0,1,0,0,179,204,191,205,206,207,203,205,194,203,99,0,0,0,0,0,0,0,0,0,0,0,0,0,0,6,0,46,202,198,200,209,207,197,199,197,189,195,34,0,0,0,0,0,0,0,0,0,0,0,0,0,0,6,0,57,208,187,193,205,202,203,207,197,193,212,0,0,0,0,0,0,0,0,0,0,0,0,0,0,0,3,0,10,195,188,196,207,202,198,200,191,194,156,0,0,0,0,0,0,0,0,0,0,0,0,0,0,0,6,0,137,209,190,191,205,207,202,202,186,191,102,0,0,0,0,0,0,0,0,0,0,0,0,0,0,0,4,0,148,202,175,197,195,185,191,192,183,194,61,0,4,0,0,0,0,0,0,0,0,0,0,0,0,0,8,0,81,204,171,204,191,183,194,188,185,227,21,0,4,0,0,0,0,0,0,0,0,0,0,0,0,0,0,0,164,206,172,204,187,189,202,194,184,217,17,0,4,0,0,0,0,0,0,0,0,0,0,1,2,2,0,0,181,176,179,204,186,187,199,189,180,225,17,0,4,0,0,0,0,0,0,0,0,0,0,0,1,5,0,93,210,179,199,202,187,193,194,189,182,203,30,0,5,0,0,0,0,0,0,0,0,0,3,0,3,0,0,167,178,167,202,191,187,198,197,200,189,211,98,0,0,0,0,0,0,0,0,0,0,0,1,1,3,0,146,201,142,188,198,195,190,188,185,189,194,203,181,0,0,0,0,0,0,0,0,0,0,0,1,3,0,66,211,160,156,165,172,186,192,190,197,205,201,204,205,0,0,0,0,0,0,0,0,0,0,0,6,0,65,255,149,122,174,179,188,188,194,190,195,198,201,194,198,2,0,0,0,1,1,0,0,1,3,11,0,93,201,91,124,185,206,198,192,198,187,200,204,196,207,188,188,49,0,0,2,0,0,0,2,0,0,0,10,188,114,86,183,207,203,197,197,178,153,189,176,163,171,182,191,111,0,1,0,0,0,0,0,0,23,85,164,82,124,184,182,133,150,196,185,175,197,214,188,179,180,185,187,159,0,0,22,142,156,140,119,145,179,158,156,167,189,199,197,195,188,183,170,184,186,212,217,198,193,180,187,161,0,0,144,163,122,109,156,135,115,88,163,162,165,182,195,204,217,221,213,194,184,198,183,191,202,213,210,227,23,11,184,197,179,154,114,94,139,125,143,180,182,177,190,196,196,202,206,211,205,225,222,216,207,199,191,209,79,87,204,205,206,210,206,191,181,169,175,170,166,181,194,207,218,226,255,231,203,202,190,181,181,184,186,186,54,0,40,112,169,183,198,207,211,241,242,242,239,236,245,228,163,97,24,0,227,232,209,217,219,218,195,252,107,0,0,0,0,12,33,62,98,117,128,137,124,103,83,6,0,0,0,0,116,156,145,160,157,146,148,117,0,0,0,0,0,0,0,0,0,0,0,0,0,0,0,0,0,0,0,0,0,0,0,0,0,0,0,0,0,6
0,0,0,0,0,0,0,0,0,0,0,0,0,0,0,0,0,0,0,0,0,0,0,0,0,0,0,0,0,0,0,0,0,0,0,0,0,0,0,0,0,0,0,0,0,0,0,0,0,0,0,0,0,0,0,0,0,0,0,0,0,0,0,0,0,0,0,0,0,0,0,0,0,0,0,0,0,0,0,0,0,0,0,0,0,0,0,0,0,0,0,0,0,0,0,0,0,0,0,0,0,0,0,0,0,0,0,0,0,0,0,0,0,0,0,0,0,0,0,0,0,0,0,0,0,0,0,19,19,0,0,0,0,0,0,0,0,9,5,0,0,0,0,0,0,0,0,0,0,0,0,0,0,0,0,183,237,170,129,144,143,150,139,178,215,222,103,0,0,0,0,0,0,0,0,0,0,0,0,0,0,4,0,154,249,221,239,240,245,250,241,232,253,202,0,0,0,0,0,0,0,0,0,0,0,0,0,0,0,0,0,151,246,214,220,217,216,222,209,220,221,188,0,0,0,0,0,0,0,0,0,0,0,0,0,0,1,0,0,174,235,210,237,229,230,237,219,233,184,206,0,0,0,0,0,0,0,0,0,0,0,0,0,0,0,0,0,216,239,226,231,227,234,235,218,236,187,206,0,0,0,0,0,0,0,0,0,0,0,0,0,0,0,0,75,234,227,236,230,232,233,232,223,243,206,197,0,0,0,0,0,0,0,0,0,0,0,1,0,1,0,9,161,234,224,235,229,239,233,231,237,255,236,212,0,0,0,0,0,0,0,0,0,0,0,0,0,0,0,136,196,226,225,224,234,233,236,227,217,79,174,218,46,0,0,0,0,0,0,0,0,0,1,0,0,0,121,196,222,224,235,226,228,221,247,222,173,189,232,235,125,0,0,0,0,1,0,1,3,0,0,0,0,155,200,239,221,234,223,238,238,248,208,168,252,251,229,244,199,0,0,3,0,0,0,0,0,0,0,67,169,111,147,228,174,234,203,229,198,198,164,227,225,216,226,228,225,26,0,0,0,0,0,0,31,88,142,122,105,209,251,242,203,195,201,229,205,249,252,252,250,251,254,222,223,50,0,50,95,119,129,145,152,129,131,105,221,221,185,203,236,255,255,237,208,241,224,212,208,201,203,196,215,23,1,213,213,205,140,228,184,151,236,247,215,217,231,229,212,174,165,143,152,158,163,163,173,176,186,199,234,31,51,199,212,222,211,222,249,252,241,224,217,251,249,248,208,177,192,200,213,219,225,223,219,223,225,207,235,74,70,219,198,188,185,186,191,198,202,206,209,199,185,186,182,206,205,204,206,207,194,203,200,203,206,202,201,70,8,157,190,222,229,224,219,213,211,202,204,205,212,214,220,223,225,229,224,223,219,217,217,219,219,215,223,84,0,0,0,23,60,94,159,194,218,238,235,234,230,222,218,198,191,190,178,177,179,172,167,150,133,125,123,20,0,1,0,0,0,0,0,0,0,0,0,0,0,0,0,0,0,0,0,0,0,0,0,0,0,0,0,0,0,0,0,0,0,0,0,0,0,0,0,0,0,0,0,0,0,0,0,0,0,0,0,0,0,0,0,0,0,0,0,0,0,0,0,0,0,0,0,0,0,0,0,0,0,0,0,0,0,0,0,0,0,0,0,0,0,0,0,0,0,0,0,0,0,0,0,0,0,0,0,0,0,0,0,0,0,0,0,0,0,0,0,0,0,0,0,0,0,0,0,0,0,0,0,0,0,0,0,0,0,0,0,0,0,0,0,0,0,0,0,0,6
0,0,0,0,0,0,0,0,0,0,0,0,0,0,0,0,0,0,0,0,0,0,0,0,0,0,0,0,0,0,0,0,0,0,0,0,0,0,0,0,0,0,0,0,0,0,0,0,0,0,0,0,0,0,0,0,0,0,0,0,0,0,0,0,0,0,0,0,0,0,0,0,0,0,0,0,0,0,0,0,0,0,0,0,0,0,0,0,0,0,0,0,0,0,0,0,0,0,0,0,0,0,6,24,62,88,100,97,75,64,122,0,0,0,0,0,0,0,0,0,0,0,0,0,0,1,0,4,186,190,242,238,248,252,253,252,252,208,255,82,0,0,0,0,0,0,0,0,0,0,0,0,0,6,0,29,237,212,200,197,198,204,209,197,200,196,214,34,0,0,0,0,0,0,0,0,0,0,0,0,0,8,0,50,227,213,205,196,199,220,227,208,200,206,248,0,0,0,0,0,0,0,0,0,0,0,0,1,0,0,0,0,123,194,207,196,204,217,219,203,200,212,208,0,0,0,0,0,0,0,0,0,0,0,0,0,0,1,0,0,119,222,213,197,205,218,218,202,194,222,163,0,0,0,0,0,0,0,0,0,0,0,0,0,0,0,0,0,76,215,209,194,207,222,207,201,193,229,85,0,0,0,0,0,0,0,0,0,0,1,0,0,0,0,0,0,115,202,217,188,214,221,201,203,190,233,46,0,0,0,0,0,0,0,0,0,0,0,0,0,0,0,0,0,122,217,205,190,230,207,200,204,191,239,57,0,0,0,0,0,0,0,0,0,0,0,0,0,2,0,0,85,238,181,198,204,224,200,201,207,197,238,74,0,0,0,0,0,0,0,0,0,1,0,0,2,0,0,85,255,161,192,210,221,209,199,206,202,204,230,184,0,0,0,0,0,0,0,0,0,0,0,0,0,0,46,255,149,164,228,219,211,199,202,205,210,209,222,231,0,0,0,0,0,0,0,0,0,0,0,0,0,133,251,118,173,232,209,208,192,202,209,211,215,216,218,211,0,0,0,1,3,5,3,3,3,0,0,0,158,228,148,215,225,211,202,203,205,216,218,232,230,217,204,236,16,0,5,0,0,0,0,0,0,0,15,180,155,144,217,229,210,206,208,216,221,222,226,229,220,216,206,245,49,0,0,0,10,3,0,0,21,121,168,128,227,237,227,218,218,212,213,220,224,220,228,226,227,213,203,242,83,0,98,151,136,179,154,196,187,122,118,232,217,216,200,209,207,222,215,225,224,229,235,236,243,233,218,243,44,0,225,199,43,57,87,174,83,115,212,215,195,204,206,217,217,211,192,195,191,208,211,201,205,214,203,224,11,51,215,232,229,202,135,182,165,225,232,229,240,238,240,223,218,227,209,201,212,227,224,209,217,224,215,254,82,109,240,213,213,220,222,232,224,224,223,222,220,224,202,188,211,228,250,255,255,251,215,225,222,225,213,230,33,0,131,215,229,223,211,216,211,215,224,219,212,217,228,243,249,253,172,65,18,230,217,205,208,213,212,224,105,0,0,1,87,199,243,255,255,253,253,252,255,255,255,185,60,0,0,0,0,132,255,228,255,255,217,249,64,0,0,0,0,0,0,44,96,143,148,139,114,70,0,0,0,0,0,3,0,2,69,26,24,5,0,0,0,0,0,0,0,0,0,0,0,0,0,0,0,0,0,0,0,0,0,0,0,0,0,0,0,0,0,0,0,0,0,0,0,0,0,0,0,0,0,0,0,0,0,0,0,0,0,0,0,0,0,0,0,0,0,0,0,6
0,0,0,0,0,0,0,0,0,0,0,0,0,0,0,0,0,0,0,0,0,0,0,0,0,0,0,0,0,0,0,0,0,0,0,0,0,0,0,0,0,0,0,0,0,0,0,0,0,0,0,0,0,0,0,0,0,0,0,0,0,0,0,0,0,0,0,0,0,0,0,0,0,0,0,0,0,0,0,0,0,0,0,0,0,0,0,0,0,0,0,0,0,0,0,0,0,0,0,0,0,0,0,0,0,0,0,0,0,0,0,0,0,0,0,0,0,0,0,0,0,0,0,0,0,0,0,0,0,0,0,0,0,0,1,2,0,0,47,50,0,0,0,0,0,0,0,0,0,0,0,0,0,0,0,4,0,119,188,110,0,0,0,0,0,0,81,56,0,0,0,0,0,0,0,0,0,0,0,0,0,0,2,0,0,187,204,200,141,138,121,99,73,99,133,0,0,0,0,0,0,0,0,0,0,0,0,0,0,0,2,0,70,199,181,212,226,231,235,236,226,227,95,0,0,0,0,0,0,0,0,0,0,0,0,0,0,0,0,0,156,195,190,222,208,211,215,222,206,201,51,0,0,0,0,0,0,0,0,0,0,0,0,0,0,1,0,7,202,185,201,217,213,223,221,230,203,204,61,0,0,0,0,0,0,0,0,0,0,0,0,0,0,0,0,103,211,183,216,213,216,223,220,226,201,209,85,0,0,0,0,0,0,0,0,0,0,0,0,0,0,0,0,210,191,199,221,214,222,223,224,224,187,237,82,0,0,0,0,0,0,0,0,0,0,1,0,0,0,0,123,231,178,203,219,214,221,222,223,221,187,237,69,0,0,0,0,0,0,0,0,0,0,0,0,0,0,45,232,188,187,212,219,219,223,223,225,220,188,237,98,0,0,0,0,0,0,0,0,0,0,0,0,0,14,207,198,185,190,219,219,223,224,224,224,216,197,207,149,0,0,0,0,0,0,0,0,0,3,0,0,9,193,207,192,185,202,221,218,224,226,226,224,212,218,199,192,0,1,0,0,0,1,2,6,0,0,0,40,192,184,173,187,188,213,228,222,227,220,217,212,212,216,189,230,1,0,1,6,4,0,0,0,0,0,113,203,181,183,169,180,185,198,205,209,208,214,215,212,211,203,186,233,49,0,0,0,0,0,0,33,111,199,179,178,191,194,191,197,201,211,218,216,207,219,223,227,219,210,191,229,95,0,0,54,121,155,183,198,116,125,186,184,179,181,201,206,207,210,205,212,213,221,221,218,226,219,186,205,55,0,153,171,96,49,46,0,0,67,160,160,180,176,186,215,226,199,167,172,173,174,179,181,183,190,196,227,17,87,203,181,176,166,153,129,119,136,159,159,170,198,219,200,191,191,200,239,252,223,212,213,207,207,197,218,24,32,165,206,212,209,205,199,184,179,180,191,203,207,203,210,222,255,237,179,96,186,195,190,192,193,187,193,41,0,0,44,121,183,207,199,209,213,217,255,252,249,233,179,91,15,0,0,0,217,255,232,240,238,192,228,50,0,0,0,0,0,0,21,50,70,83,70,56,23,0,0,0,0,0,0,0,45,42,37,33,23,17,0,0,0,0,0,0,0,0,0,0,0,0,0,0,0,0,0,0,0,0,0,0,0,0,0,0,0,0,0,0,0,0,0,0,0,0,0,0,0,0,0,0,0,0,0,0,0,0,0,0,0,0,0,0,0,0,0,0,0,0,0,0,0,0,0,0,0,0,0,0,0,0,0,0,0,0,0,0,0,0,0,0,0,0,0,0,6
0,0,0,0,0,0,0,0,0,0,0,0,0,0,0,0,0,0,0,0,0,0,0,0,0,0,0,0,0,0,0,0,0,0,0,0,0,0,0,0,0,0,0,0,0,0,0,0,0,0,0,0,0,0,0,0,0,0,0,0,0,0,0,0,0,0,0,0,0,0,0,0,0,0,0,0,0,0,0,0,0,0,0,0,0,0,0,0,0,0,0,0,0,0,0,0,0,0,0,0,0,0,0,0,0,0,0,0,0,0,0,0,0,0,0,0,0,0,0,0,0,0,1,0,0,0,0,15,167,224,36,2,39,106,116,62,44,30,9,0,0,0,0,0,0,0,0,0,0,0,0,0,70,158,219,255,231,242,255,255,255,255,253,255,251,245,233,97,0,0,0,0,0,0,0,0,0,6,0,52,236,248,234,234,232,229,219,233,232,232,233,238,239,239,255,114,0,0,0,0,0,0,0,0,0,11,0,104,242,215,217,216,218,216,228,235,238,234,238,251,248,241,255,84,0,0,0,0,0,0,0,0,3,6,0,9,227,224,216,218,222,237,246,243,240,241,250,248,244,241,254,50,0,0,0,0,0,0,0,0,2,0,0,11,255,238,255,255,254,235,230,233,247,250,248,248,244,241,255,33,0,0,0,0,0,0,0,0,0,0,0,0,235,236,237,238,232,225,233,232,239,239,240,236,240,236,255,0,0,0,0,0,0,0,0,3,0,204,255,242,235,236,230,238,239,245,240,242,237,238,240,245,235,250,188,0,0,0,0,0,1,0,2,0,0,10,118,189,240,247,241,245,238,235,236,243,241,232,233,234,236,255,58,0,0,0,0,3,9,3,0,0,0,0,57,233,250,249,248,248,248,247,242,239,243,241,243,247,241,255,71,0,0,0,2,0,0,0,0,0,30,255,255,244,250,241,235,236,242,244,230,221,232,242,249,249,238,255,112,0,0,2,0,0,89,97,214,255,226,247,209,227,254,247,246,245,243,244,246,237,230,236,244,250,243,254,178,0,0,0,64,224,255,245,246,247,248,224,152,235,247,249,246,249,246,244,249,249,237,240,246,246,240,247,241,0,0,0,194,252,235,227,225,242,250,249,173,239,236,254,253,252,253,255,251,244,234,241,236,240,240,238,226,0,0,218,228,215,236,231,221,239,245,247,246,232,236,233,234,232,231,235,230,222,218,234,237,236,240,246,230,0,38,198,197,215,230,225,221,212,194,203,218,212,220,222,224,224,227,233,236,241,243,252,253,252,233,213,211,17,71,128,117,137,168,192,216,229,234,245,243,248,243,241,234,227,223,221,207,199,181,177,180,167,147,135,168,40,73,189,131,138,126,129,123,131,145,153,156,153,145,144,143,141,139,141,142,142,143,149,152,156,156,152,188,47,42,164,161,154,161,156,148,144,141,140,140,145,150,153,154,157,159,160,161,161,162,161,156,156,157,149,178,70,0,1,72,135,174,181,185,176,170,167,162,160,161,161,162,161,160,162,168,167,168,169,174,172,180,185,192,51,1,0,0,0,15,30,74,104,123,136,142,147,147,145,144,142,141,138,130,128,125,124,114,106,92,61,28,0,0,0,0,0,0,0,0,0,0,0,0,0,0,0,0,0,0,0,0,0,0,0,0,0,0,0,0,0,0,0,0,0,0,0,0,0,0,0,0,0,0,0,0,0,0,0,0,0,0,0,0,0,0,0,0,0,0,0,0,0,0,0,0,0,0,0,0,0,0,0,0,0,0,0,0,0,0,0,0,0,0,0,0,0,6
0,0,0,0,0,0,0,0,0,0,0,3,0,4,169,188,217,228,219,214,208,175,171,126,0,0,0,0,0,0,0,0,0,0,0,0,0,0,0,4,0,19,245,210,221,228,211,240,225,199,219,169,0,0,0,0,0,0,0,0,0,0,0,0,0,0,0,4,0,23,194,199,209,223,214,235,212,193,211,81,0,0,0,0,0,0,0,0,0,0,0,0,0,0,0,5,0,48,201,198,217,233,231,244,204,190,200,27,0,0,0,0,0,0,0,0,0,0,0,0,0,0,0,5,0,66,205,198,221,233,226,219,190,198,224,0,0,0,0,0,0,0,0,0,0,0,0,0,0,0,0,5,0,84,207,197,216,227,227,221,189,204,202,0,0,0,0,0,0,0,0,0,0,0,0,0,0,0,0,6,0,99,206,198,225,228,224,220,185,208,150,0,0,0,0,0,0,0,0,0,0,0,0,0,0,0,0,5,0,115,207,198,226,226,224,213,189,202,106,0,0,0,0,0,0,0,0,0,0,0,0,0,0,0,1,4,0,133,206,200,226,224,234,216,185,201,89,0,0,0,0,0,0,0,0,0,0,0,0,0,0,0,1,0,0,159,205,207,228,226,228,204,179,210,123,0,0,0,0,0,0,0,0,0,0,0,0,0,0,0,2,0,0,183,204,207,228,224,224,201,188,207,192,0,0,0,0,0,0,0,0,0,0,0,0,0,0,0,4,0,9,214,200,209,233,220,224,208,199,204,208,44,0,0,0,0,0,0,0,0,0,0,0,0,0,0,6,0,88,199,195,210,231,217,212,207,218,215,217,172,0,0,0,0,0,0,0,0,0,0,0,0,0,0,0,0,154,202,196,215,225,216,219,221,217,210,213,228,36,0,0,0,0,0,0,0,0,0,0,0,0,4,0,15,196,199,204,212,221,219,232,215,192,210,212,221,91,0,0,0,0,0,0,0,0,0,0,0,0,4,0,120,207,191,189,204,224,220,228,224,225,236,197,215,120,0,0,0,0,0,0,0,0,0,0,0,1,0,0,184,193,177,199,228,226,216,237,234,223,212,183,217,89,0,0,0,0,0,0,0,0,0,0,0,3,0,18,196,191,195,219,233,224,226,224,192,173,179,189,237,63,0,0,0,0,0,0,0,0,0,0,0,4,0,48,210,194,210,216,223,227,212,174,192,205,227,212,228,58,0,0,0,0,0,0,0,0,0,3,5,0,0,145,200,196,207,221,236,210,173,231,145,200,219,206,226,47,0,0,0,0,0,0,0,3,4,0,0,0,65,220,187,194,205,219,204,164,236,147,0,188,220,205,228,45,0,0,0,0,0,0,0,0,0,0,3,103,219,193,208,223,212,218,187,225,157,0,0,207,217,201,226,41,0,0,0,0,0,0,0,57,112,139,180,214,193,192,195,193,221,228,202,213,0,0,0,197,215,198,225,35,0,0,0,0,0,0,77,195,180,174,93,47,145,156,172,200,224,202,207,44,0,0,0,193,213,198,222,27,0,0,0,0,0,0,149,190,191,191,187,169,173,198,220,224,207,211,156,0,0,0,0,192,213,198,223,19,0,0,0,0,0,0,122,199,197,195,197,201,224,230,220,205,199,233,0,0,0,0,0,190,211,198,219,10,0,0,0,0,0,0,0,55,174,219,226,209,200,199,198,196,255,37,0,6,0,0,0,188,212,201,234,15,0,0,0,0,0,0,0,0,0,0,60,114,161,184,191,204,62,0,0,0,0,0,0,171,214,192,172,0,0,0,0,6
0,0,0,0,0,0,0,0,0,0,0,0,0,0,0,0,0,0,0,0,0,0,0,0,0,0,0,0,0,0,0,0,0,0,0,0,0,0,0,0,0,0,0,0,0,0,0,0,0,0,0,0,0,0,0,0,0,0,0,0,0,0,0,0,0,0,0,0,0,0,0,0,0,0,0,0,0,0,0,0,0,0,0,0,0,0,0,0,0,0,0,0,0,0,0,0,1,0,0,0,0,1,0,0,0,0,0,0,0,2,180,5,0,0,0,0,0,0,0,0,1,0,0,0,0,0,118,139,138,138,183,59,10,136,116,111,91,112,186,22,0,0,0,0,0,0,0,0,1,0,0,0,0,0,135,155,148,154,233,4,62,193,179,177,183,185,56,0,0,0,0,0,0,0,0,0,0,0,0,1,1,0,112,141,135,173,107,0,152,172,163,162,172,152,0,0,0,0,0,0,0,0,0,0,0,0,0,2,2,0,119,150,152,172,9,0,219,173,177,161,173,135,0,0,0,0,0,0,0,0,0,0,0,0,0,3,0,0,149,148,147,163,172,174,235,191,178,162,176,79,0,1,0,0,0,0,0,0,0,0,0,0,0,3,0,27,144,115,115,175,171,149,189,196,150,148,177,115,0,1,0,0,0,0,0,0,0,0,0,0,0,4,0,51,173,132,129,179,146,134,212,211,187,143,168,165,0,1,0,0,0,0,0,0,0,0,0,0,0,0,0,96,151,134,184,190,197,179,212,176,130,150,185,108,0,1,0,0,0,0,0,0,0,1,1,2,0,0,20,141,143,124,172,153,0,203,219,177,155,195,189,22,0,0,0,0,0,0,0,0,0,0,0,3,0,18,132,160,147,172,224,67,0,223,214,214,187,167,185,80,0,0,0,0,0,0,0,1,0,1,3,0,0,105,163,140,99,173,207,18,42,224,190,214,184,156,163,166,0,0,0,0,0,0,0,0,1,1,0,0,70,162,148,91,126,223,158,130,158,196,153,161,175,161,129,179,41,0,0,0,0,0,2,3,0,0,0,64,123,151,184,172,168,172,107,127,169,165,150,147,167,165,149,164,93,0,0,2,1,0,0,0,7,68,116,132,108,130,189,245,220,178,161,179,189,172,154,144,150,146,148,180,75,0,0,0,0,0,14,76,126,136,122,112,129,129,128,162,188,196,193,181,167,167,177,171,172,176,192,205,144,0,0,22,71,112,136,136,115,108,113,119,139,143,151,163,175,188,169,186,189,208,210,209,208,213,210,207,190,0,16,139,134,118,111,111,116,117,125,132,130,131,132,153,165,193,210,216,254,232,196,204,202,203,202,204,173,0,116,160,143,144,154,136,125,140,147,149,151,162,184,189,197,209,222,243,120,158,221,203,200,200,201,203,175,0,177,199,189,185,183,174,162,164,162,172,181,186,196,207,217,224,90,0,0,110,224,201,198,195,200,201,167,0,51,144,187,184,193,200,229,221,220,221,207,209,209,216,106,0,0,0,0,141,239,214,241,238,214,214,204,0,0,0,0,0,40,57,94,122,135,137,144,112,61,0,0,0,7,0,0,55,132,98,103,100,102,103,91,0,0,0,0,0,0,0,0,0,0,0,0,0,0,0,0,0,0,0,0,0,0,0,0,0,0,0,0,0,0,0,0,0,0,0,0,0,0,0,0,0,0,0,0,0,0,0,0,0,0,0,0,0,0,0,0,0,0,0,0,0,0,0,0,0,0,0,0,0,0,0,0,0,0,0,0,0,0,0,0,0,0,0,0,0,6
0,0,0,0,0,0,0,0,0,0,0,0,0,0,0,0,0,0,0,0,0,0,0,0,0,0,0,0,0,0,0,0,0,0,0,0,0,0,3,0,6,61,0,0,6,0,0,2,0,0,0,0,0,0,0,0,0,0,0,0,0,0,0,0,1,0,7,0,57,207,121,0,0,0,0,0,0,0,0,0,0,0,0,0,0,0,0,0,0,0,0,0,0,0,3,0,93,209,218,236,49,0,0,68,139,179,190,182,205,0,0,1,0,0,0,0,0,0,0,0,0,0,4,0,165,210,199,224,255,168,200,255,218,217,203,200,198,3,0,1,0,0,0,0,0,0,0,0,0,1,0,0,207,209,209,218,215,245,212,199,198,190,200,189,204,85,0,0,0,0,0,0,0,0,0,0,0,7,0,39,249,206,213,221,221,213,204,202,197,207,203,198,201,191,0,0,0,0,0,0,0,0,0,0,0,5,0,99,219,205,218,219,220,210,204,206,211,207,201,202,192,234,49,0,0,0,0,0,0,0,0,0,0,0,0,162,220,208,219,221,221,211,204,203,205,206,206,208,190,200,150,0,0,0,0,0,0,0,0,0,1,0,0,208,213,215,220,221,219,211,204,205,208,208,206,203,197,190,215,0,0,0,0,0,0,0,0,0,2,0,48,227,210,215,217,217,218,213,205,205,208,208,209,205,201,188,219,54,0,0,0,0,0,0,0,0,0,0,104,208,209,217,215,220,214,212,207,207,208,208,208,205,196,193,218,97,0,0,0,0,0,0,0,0,0,0,185,210,206,210,220,227,213,213,208,209,209,207,208,202,200,192,216,95,0,0,0,0,0,0,0,1,0,15,233,195,202,199,222,222,213,215,206,208,209,207,203,201,199,192,231,69,0,0,0,0,0,0,0,0,0,100,223,189,194,195,216,211,208,212,206,206,209,208,202,201,201,199,224,0,0,0,0,1,0,0,0,0,0,203,197,186,190,196,213,205,210,213,205,208,201,196,193,205,201,207,147,0,2,0,0,0,1,4,4,0,106,218,178,189,187,194,217,198,211,202,211,200,238,253,236,203,192,205,48,0,0,3,5,0,0,0,0,59,211,170,179,195,198,201,214,208,212,209,204,253,140,15,139,206,200,207,0,0,0,0,0,0,0,0,86,191,165,172,187,196,200,204,216,219,202,209,243,70,0,0,27,210,206,145,0,0,0,28,92,119,134,170,191,157,171,181,187,189,196,211,218,208,204,254,52,0,2,0,26,203,210,70,0,1,40,217,177,170,162,155,155,171,185,182,189,197,209,215,209,204,255,70,0,0,0,0,9,208,196,0,0,1,115,200,181,177,177,179,179,178,178,186,195,209,211,215,206,228,136,0,0,0,1,0,3,210,178,0,0,1,68,225,198,205,214,212,203,201,202,204,212,216,217,205,213,220,0,0,0,0,2,0,0,212,152,0,0,0,54,234,227,219,211,213,214,216,214,214,215,212,209,202,232,48,0,5,0,0,3,0,0,212,127,0,1,0,0,39,191,216,232,230,222,213,209,207,199,207,203,229,184,0,0,2,0,0,3,0,0,229,116,0,7,0,0,0,0,2,87,157,215,245,254,253,253,253,221,215,0,0,1,0,0,0,3,0,9,161,63,0,4,0,1,0,0,0,0,0,0,0,48,69,87,76,65,0,0,0,0,0,0,0,0,0,0,0,0,0,0,0,0,0,0,0,0,0,0,0,0,0,0,0,0,0,0,0,0,0,0,0,0,0,0,0,0,0,0,0,6
0,0,0,0,0,0,0,0,0,0,0,0,0,0,0,0,0,0,0,0,0,0,0,0,0,0,0,0,0,0,0,0,0,0,0,0,0,0,0,0,0,0,0,0,0,0,0,0,0,0,0,0,0,0,0,0,0,0,0,0,0,0,0,0,0,0,0,0,0,0,0,0,0,0,0,0,0,0,0,0,0,0,0,0,0,0,0,0,0,0,0,0,0,0,0,0,0,0,0,0,0,0,0,0,0,0,0,0,0,0,0,0,0,0,0,0,0,0,0,0,0,0,0,0,0,0,0,0,43,50,46,91,126,139,131,160,138,96,53,0,0,0,0,0,0,0,0,0,0,0,0,1,0,13,108,149,109,106,182,187,182,192,185,226,187,177,219,0,0,0,0,0,0,0,0,0,0,0,0,3,0,168,191,135,112,154,190,159,150,163,185,171,150,159,188,13,0,0,0,0,0,0,0,0,0,0,0,1,0,15,122,161,164,149,134,150,172,169,169,173,172,164,175,42,0,0,0,0,0,0,0,0,0,0,0,0,0,0,0,220,201,191,210,205,230,140,152,174,178,166,203,20,0,0,0,0,0,0,0,0,0,0,0,0,0,9,0,96,220,211,226,165,236,181,178,189,183,168,190,0,0,0,0,0,0,0,0,0,0,0,0,0,0,5,0,71,213,198,184,160,209,168,112,179,179,187,147,0,0,0,0,0,0,0,0,0,0,0,0,1,0,0,13,205,193,184,174,177,184,177,144,183,162,169,115,0,0,0,0,0,0,1,0,0,1,0,0,0,0,90,226,187,190,161,171,152,151,195,171,160,160,159,173,0,0,0,0,0,1,1,0,0,0,0,0,29,178,186,183,191,152,182,168,157,159,164,164,157,163,152,200,2,0,0,0,0,0,0,0,2,0,43,223,180,191,188,181,167,153,158,149,178,174,165,164,161,154,151,206,45,0,2,6,2,1,0,0,0,0,212,193,190,200,183,158,161,157,165,151,174,167,165,161,162,153,145,208,49,0,0,0,0,0,0,0,35,123,171,159,177,198,157,193,159,141,181,152,141,163,167,166,152,154,136,199,62,0,2,75,55,50,129,189,210,192,177,179,174,192,144,163,184,160,160,164,152,148,153,154,146,154,158,202,112,0,214,217,193,184,182,180,174,166,177,171,167,178,179,171,183,174,178,163,171,139,160,174,175,171,178,193,131,83,208,193,209,201,193,200,188,174,172,164,171,163,179,149,144,163,165,152,177,170,173,184,191,194,197,218,165,168,199,186,198,186,166,171,189,181,169,166,163,157,168,171,159,167,170,166,174,200,217,209,214,223,200,189,55,148,228,208,192,186,178,157,139,161,174,168,159,161,160,164,174,168,171,191,217,204,88,223,162,121,35,0,0,0,120,213,234,220,195,192,178,160,152,158,153,155,159,166,175,192,220,201,68,0,0,0,0,0,0,0,0,0,0,0,102,208,254,211,236,216,214,191,195,205,213,233,216,184,187,53,0,0,1,0,0,5,2,2,0,0,0,0,0,0,0,0,86,157,55,184,162,115,205,60,55,0,0,0,0,0,1,2,1,2,0,1,0,0,0,0,0,0,0,0,0,0,0,0,0,0,0,0,0,0,0,0,0,0,0,0,0,0,0,0,0,0,0,0,0,0,0,0,0,0,0,0,0,0,0,0,0,0,0,0,0,0,0,0,0,0,0,0,0,0,0,0,0,0,0,0,0,0,0,0,0,0,0,0,0,0,0,0,0,0,0,0,0,0,0,0,0,6
0,0,0,0,0,0,0,0,0,0,0,0,0,0,0,0,0,0,0,0,0,0,0,0,0,0,0,0,0,0,0,0,0,0,0,0,0,0,0,0,0,0,0,0,0,0,0,0,0,0,0,0,0,0,0,0,0,0,0,0,0,0,0,0,0,0,0,0,0,0,0,0,0,0,0,0,0,0,0,0,0,0,0,0,0,0,0,0,0,0,0,0,0,0,0,0,0,0,0,0,0,0,0,0,0,0,0,0,0,0,0,0,0,0,0,0,0,0,0,0,0,0,0,0,0,0,8,36,64,66,76,66,47,35,22,8,0,0,0,0,0,0,0,0,0,0,0,0,0,1,0,0,0,0,51,77,96,96,106,119,138,124,115,114,100,84,60,0,0,0,0,0,0,0,0,0,0,0,0,0,0,12,75,72,99,100,113,101,50,126,123,111,110,101,119,35,0,0,0,0,0,0,0,0,0,0,0,1,0,33,74,81,109,106,126,46,157,60,114,113,103,99,100,40,0,0,0,0,0,0,0,0,0,0,0,1,0,43,66,65,71,71,61,62,254,42,126,114,109,92,110,7,0,0,0,0,0,0,0,0,0,0,0,1,0,26,51,121,143,113,96,120,100,31,120,80,81,95,81,0,0,0,0,0,0,0,0,0,0,0,0,0,0,18,36,175,224,216,211,212,197,229,160,204,91,76,65,0,0,0,0,0,1,0,0,0,0,1,0,0,0,30,46,190,223,214,212,217,237,128,61,169,162,54,28,0,1,1,0,0,0,0,1,2,1,0,2,0,0,26,94,170,163,185,174,208,242,174,90,194,140,52,10,0,2,1,0,0,0,2,2,0,0,0,0,0,71,100,64,82,59,22,52,168,96,140,155,203,86,67,0,0,0,0,0,1,0,0,0,0,0,0,45,108,131,198,192,125,129,195,167,94,62,41,64,105,95,72,0,0,0,2,0,0,0,0,0,16,40,96,116,120,105,116,170,241,251,237,222,190,214,247,97,33,51,38,0,0,0,0,5,52,66,77,91,110,110,104,105,121,131,130,133,135,154,172,192,227,221,218,212,185,231,40,0,0,0,7,124,110,100,115,111,99,103,111,114,131,140,144,153,154,154,168,177,179,199,208,203,194,177,57,0,0,0,75,125,103,114,113,111,115,131,131,129,135,138,143,150,153,155,160,159,159,167,182,167,158,151,92,0,0,28,86,105,124,123,126,125,123,124,135,140,148,144,139,153,167,175,184,187,190,183,172,164,163,158,87,0,0,66,126,104,114,130,138,134,136,130,130,149,160,155,172,173,175,170,151,148,157,158,169,165,162,157,121,0,0,11,120,146,148,138,135,129,121,124,118,116,120,128,129,133,128,129,133,134,143,143,145,145,143,149,123,0,0,0,0,32,109,172,207,206,200,185,184,188,188,193,194,192,200,198,190,190,179,178,178,185,177,146,131,0,0,0,0,0,0,0,12,31,60,69,71,76,66,64,61,38,40,45,42,45,38,31,21,13,7,5,5,0,0,0,0,0,0,0,0,0,0,0,0,0,0,0,0,0,0,0,0,0,0,0,0,0,0,0,0,0,0,0,0,0,0,0,0,0,0,0,0,0,0,0,0,0,0,0,0,0,0,0,0,0,0,0,0,0,0,0,0,0,0,0,0,0,0,0,0,0,0,0,0,0,0,0,0,0,0,0,0,0,0,0,0,0,0,0,0,0,0,0,0,0,0,0,0,0,0,0,0,0,0,0,0,0,0,0,0,0,0,0,0,0,0,6
0,0,0,0,0,0,0,0,0,0,0,0,0,0,0,0,0,0,0,0,0,0,0,0,0,0,0,0,0,0,0,0,0,0,0,0,0,0,0,0,0,0,0,0,0,0,0,0,0,0,0,0,0,0,0,0,0,0,0,0,0,0,0,0,0,0,0,0,0,0,0,0,0,0,0,0,0,0,0,0,0,0,0,0,0,0,0,0,0,0,0,0,0,0,0,0,0,0,0,0,0,0,0,0,0,0,0,0,0,0,0,0,0,0,0,0,0,0,0,0,0,0,0,0,0,0,0,0,0,0,0,0,0,0,28,67,144,122,0,0,0,0,0,0,0,0,0,0,0,0,0,1,0,0,108,9,0,29,88,150,194,227,255,213,217,201,0,0,0,0,0,0,0,0,0,0,0,0,0,1,0,10,159,181,168,242,209,199,190,194,194,190,198,164,0,0,0,0,0,0,0,0,0,0,0,1,0,3,0,55,152,212,203,178,179,182,188,203,212,207,204,199,2,0,0,0,0,0,0,0,0,0,0,0,0,3,0,88,156,208,210,196,214,212,199,192,192,204,201,218,100,0,0,0,0,0,0,0,0,0,0,0,1,0,0,139,165,208,199,207,213,218,226,226,220,185,195,204,203,0,0,0,0,0,0,0,0,0,0,0,1,0,1,182,164,204,195,191,203,205,192,179,183,199,198,195,213,0,0,0,0,0,0,0,0,0,0,0,3,0,58,176,177,205,188,190,182,185,182,195,209,214,199,157,217,54,0,0,0,0,0,1,0,0,0,0,0,0,100,159,196,199,187,188,185,194,212,214,209,177,160,166,207,126,0,0,0,0,1,1,0,0,0,1,0,3,146,173,195,182,187,188,192,199,205,196,188,182,179,186,195,135,0,0,0,0,0,0,0,0,0,3,0,69,166,187,194,182,198,205,191,188,203,208,199,201,183,183,214,157,0,0,0,2,1,0,0,0,2,0,1,144,152,195,196,192,199,207,196,198,208,203,195,201,198,213,231,126,1,0,0,0,0,0,0,5,0,0,71,160,157,200,190,198,199,203,209,210,201,214,210,218,207,163,164,33,0,0,0,2,3,5,0,0,0,67,172,151,176,191,182,200,205,207,191,201,225,198,185,152,128,134,164,6,1,1,2,0,0,0,0,45,126,151,144,164,183,192,185,204,201,187,213,208,141,170,135,134,139,166,177,0,0,0,0,25,68,100,134,155,157,141,154,148,163,195,183,194,186,214,222,9,5,210,143,155,163,166,159,0,0,31,137,163,143,150,151,139,138,157,164,165,176,178,210,190,199,196,0,0,20,209,157,155,151,164,138,0,2,132,141,142,148,147,142,150,164,168,178,181,166,176,178,204,201,0,0,0,12,178,125,122,125,146,100,0,95,176,166,173,174,173,172,174,169,170,172,166,160,187,204,245,0,0,2,0,11,169,135,128,129,151,85,0,14,90,142,164,201,212,220,230,225,225,226,227,230,240,191,2,0,0,2,0,15,203,156,177,160,188,80,0,0,0,0,0,0,29,44,69,89,106,111,102,81,38,0,0,0,2,1,0,0,107,84,84,73,81,27,0,0,0,0,0,0,0,0,0,0,0,0,0,0,0,0,0,0,0,0,0,0,0,0,0,0,0,0,0,0,0,0,0,0,0,0,0,0,0,0,0,0,0,0,0,0,0,0,0,0,0,0,0,0,0,0,0,0,0,0,0,0,0,0,0,0,0,0,0,0,0,0,0,0,0,0,0,0,0,0,0,0,0,0,0,6
0,0,0,0,0,0,0,0,0,0,0,0,0,0,0,0,0,0,0,0,0,0,0,0,0,0,0,0,0,0,0,0,0,0,0,0,0,0,0,0,0,0,0,0,0,0,0,0,0,0,0,0,0,0,0,0,0,0,0,0,0,0,0,0,0,0,0,0,0,0,0,0,0,0,0,0,0,0,0,0,0,0,0,0,0,0,0,0,0,0,0,0,0,0,0,0,0,0,0,0,0,0,0,0,0,0,0,0,0,0,0,0,0,0,0,0,0,0,0,0,0,0,0,0,0,0,0,0,0,0,0,0,0,0,0,0,0,0,0,0,0,0,0,0,0,0,0,0,0,0,0,0,0,0,0,0,0,0,0,0,0,2,0,30,27,0,7,1,0,0,0,0,0,0,0,0,0,0,0,0,0,0,0,0,4,5,0,0,0,3,0,74,86,0,0,0,0,0,0,0,0,0,0,0,0,0,0,0,0,4,3,0,0,0,0,5,3,2,0,0,18,48,124,0,0,0,0,0,0,0,0,0,0,0,0,0,0,2,4,0,108,110,0,0,0,0,0,32,50,173,172,0,0,0,0,0,0,0,0,0,0,0,0,0,0,0,3,0,189,248,149,130,139,69,119,243,233,192,0,0,0,0,0,0,0,0,0,0,0,0,0,0,0,0,0,0,213,223,219,228,255,255,237,219,224,187,0,0,0,0,0,0,0,0,0,0,0,0,0,1,0,0,0,142,239,218,208,203,207,203,216,234,245,229,0,0,0,0,0,0,0,0,0,0,0,0,0,0,2,0,37,255,227,216,213,217,216,213,224,234,237,255,0,0,0,0,0,0,0,0,0,0,0,0,0,4,0,0,247,229,229,215,214,215,215,212,228,235,231,244,36,0,0,0,0,0,0,0,0,1,3,1,0,0,5,242,226,225,232,211,215,215,215,212,227,235,227,253,107,0,0,1,6,10,4,3,0,0,0,0,0,79,246,231,224,240,215,214,217,216,215,212,222,235,229,246,198,0,4,0,0,0,0,0,0,0,0,84,204,255,233,218,230,237,209,208,213,209,210,213,227,237,234,227,255,0,0,0,60,83,78,88,146,211,251,255,227,212,219,230,229,234,222,221,217,219,223,229,235,231,220,209,255,59,0,146,230,238,237,240,237,231,225,221,230,235,231,235,236,236,236,237,235,232,233,235,227,217,206,189,255,86,63,215,189,203,216,221,222,225,229,232,232,228,233,235,232,228,233,234,234,232,238,246,245,235,226,216,255,73,37,181,224,236,231,233,234,230,225,228,227,229,231,234,238,244,246,241,255,255,233,213,209,207,205,191,235,41,0,0,64,160,224,245,255,255,255,253,253,254,255,253,240,201,151,123,89,63,179,172,183,190,188,174,203,42,0,0,0,0,0,6,44,91,122,144,149,131,102,36,0,0,0,0,0,0,118,150,126,130,128,125,121,13,0,0,0,0,0,0,0,0,0,0,0,0,0,0,0,0,0,0,0,0,0,0,0,0,0,0,0,0,0,0,0,0,0,0,0,0,0,0,0,0,0,0,0,0,0,0,0,0,0,0,0,0,0,0,0,0,0,0,0,0,0,0,0,0,0,0,0,0,0,0,0,0,0,0,0,0,0,0,0,0,0,0,0,0,0,0,0,0,0,0,0,0,0,0,0,0,0,0,0,0,0,0,0,0,0,0,0,0,0,0,0,0,0,0,0,0,0,0,0,0,0,0,0,0,0,0,0,0,0,0,0,0,0,0,0,0,0,0,0,0,6
0,0,0,0,0,0,0,0,0,0,0,0,0,0,0,0,0,0,0,0,0,0,0,0,0,0,0,0,0,0,0,0,0,0,0,0,0,0,0,0,0,0,0,0,0,0,0,0,0,0,0,0,0,0,0,0,0,0,0,0,0,0,0,0,0,0,0,0,0,0,0,0,0,0,0,0,0,0,0,0,0,0,0,0,0,0,0,0,0,0,0,0,0,0,0,0,0,0,0,0,0,9,58,24,0,0,0,0,0,0,0,0,0,0,0,0,0,0,0,0,0,0,0,0,2,0,14,255,255,255,255,255,250,255,254,242,228,216,16,0,0,0,0,0,0,0,0,0,0,0,0,0,2,0,4,243,237,234,233,237,240,245,243,239,239,233,9,0,0,0,0,0,0,0,0,0,0,0,0,0,2,0,34,243,232,241,234,229,243,235,231,231,228,222,0,0,0,0,0,0,0,0,0,0,0,0,0,0,2,0,58,255,227,232,236,235,240,240,238,229,234,255,0,0,0,0,0,0,0,0,0,0,0,0,0,0,1,0,104,255,225,236,235,237,239,239,239,233,237,252,0,0,0,0,0,0,0,0,0,0,0,0,0,0,0,0,170,255,225,236,235,237,239,239,241,236,242,238,0,0,0,0,0,0,0,0,0,0,0,0,0,1,0,0,244,246,229,234,235,237,239,241,242,232,236,254,0,0,0,0,0,0,0,0,0,0,0,0,0,2,0,55,255,223,235,237,234,237,239,241,237,239,224,255,37,0,0,0,0,0,0,0,0,0,0,0,0,0,0,180,255,224,236,237,237,239,242,241,240,240,225,255,131,0,0,0,0,0,0,0,0,0,0,0,2,0,0,255,231,231,231,238,236,239,241,238,237,240,233,249,240,0,0,0,0,0,0,0,0,0,0,0,2,0,121,255,223,230,233,233,237,238,240,236,239,239,234,222,255,37,0,0,0,0,0,0,0,0,0,0,0,0,242,242,228,232,237,236,238,238,240,234,238,235,237,226,255,76,0,0,0,0,2,0,0,0,1,3,0,133,255,223,234,236,235,238,234,237,238,237,240,237,240,228,255,111,0,0,0,0,2,0,0,0,0,0,73,255,224,235,232,234,235,238,231,231,239,233,234,238,234,222,255,95,0,0,0,2,3,3,4,0,0,75,255,233,227,235,233,234,235,236,234,235,225,225,234,235,237,232,255,31,0,1,0,0,0,0,0,0,146,255,232,225,236,234,233,234,235,236,221,243,255,255,255,255,255,240,254,0,0,0,0,0,43,93,169,255,255,228,225,232,227,235,239,232,227,230,255,255,150,69,7,0,74,255,181,0,0,47,155,208,234,241,237,223,217,224,229,232,234,236,230,224,240,255,160,0,0,0,0,0,0,255,86,0,120,255,254,242,225,218,217,217,221,218,225,229,229,226,234,255,251,58,0,0,5,2,5,0,16,251,39,0,8,91,180,199,255,255,255,255,255,254,255,255,255,255,255,152,0,0,0,0,0,0,6,0,45,251,19,0,0,0,0,0,0,34,76,119,144,153,157,156,162,118,4,0,0,1,0,0,0,0,8,0,31,144,0,0,0,0,0,0,0,0,0,0,0,0,0,0,0,0,0,0,0,0,0,0,0,0,0,0,0,0,0,0,0,0,0,0,0,0,0,0,0,0,0,0,0,0,0,0,0,0,0,0,0,0,0,0,0,0,0,0,0,0,0,0,0,0,0,0,0,0,0,0,0,0,0,0,0,0,0,0,0,0,0,0,0,0,0,0,6
0,0,0,0,0,0,0,0,0,0,0,0,0,0,0,0,0,0,0,0,0,0,0,0,0,0,0,0,0,0,0,0,0,0,0,0,0,0,0,3,0,0,93,131,172,177,165,141,118,98,77,56,18,0,0,0,0,0,0,0,0,0,0,0,0,0,0,6,0,106,228,208,215,225,233,240,255,253,233,239,226,196,176,183,0,0,0,0,0,0,0,0,0,0,0,6,0,34,205,194,198,200,200,205,206,211,213,213,219,215,240,175,0,0,0,0,0,0,0,0,0,0,0,5,0,5,195,204,205,204,211,216,208,214,220,214,210,209,209,0,0,0,0,0,0,0,0,0,0,0,0,3,0,0,185,211,214,200,212,223,208,214,231,225,211,232,160,0,0,0,0,0,0,0,0,0,0,0,0,2,0,0,171,215,211,218,204,155,209,223,206,216,219,232,32,0,0,0,0,0,0,0,0,0,0,0,0,2,0,0,173,217,177,190,229,201,196,231,156,198,230,187,0,0,0,0,0,0,0,0,0,0,0,0,0,2,0,0,193,211,195,216,214,210,225,225,227,218,233,138,0,1,0,0,0,0,0,0,0,0,0,0,0,2,0,0,186,197,198,210,208,220,211,216,216,210,229,36,0,1,0,0,0,0,0,0,0,0,0,0,0,3,0,0,197,191,205,211,202,216,215,214,214,215,206,0,0,1,0,0,0,0,0,0,0,0,0,0,0,4,0,0,179,197,203,206,203,202,163,204,217,222,184,0,0,1,0,0,0,0,0,0,0,0,0,0,0,6,0,15,196,198,213,216,203,210,204,215,202,221,196,0,0,0,0,0,0,0,0,0,0,0,0,0,0,7,0,73,215,203,177,163,239,211,224,228,174,204,206,0,0,0,0,0,0,0,0,0,0,0,0,0,0,0,0,147,217,204,211,206,221,223,218,233,190,191,197,0,0,2,0,0,0,0,1,0,0,0,0,0,7,0,0,196,210,188,195,214,212,218,229,150,163,199,226,57,0,5,0,0,0,1,0,0,0,0,0,6,0,0,144,216,199,188,163,201,215,219,226,200,233,217,228,129,0,0,0,1,5,6,1,1,3,5,0,0,0,85,232,189,203,218,197,217,221,223,215,226,226,212,223,186,0,0,2,0,0,0,0,0,0,0,0,25,163,204,196,193,210,209,203,222,227,219,221,220,211,211,210,199,0,0,0,0,29,26,0,0,13,55,145,195,207,202,197,202,214,228,228,225,224,223,227,214,208,223,208,216,39,0,5,160,177,178,178,175,182,195,206,199,200,210,212,208,212,216,209,204,209,222,225,208,205,209,205,225,104,0,119,215,171,179,188,190,193,196,198,202,208,211,209,202,199,208,220,216,211,224,219,208,220,219,212,235,131,0,147,179,200,197,196,195,196,203,210,205,206,207,203,202,196,207,220,218,227,242,232,225,221,215,203,202,124,0,134,177,170,177,195,207,211,211,211,207,208,215,214,219,218,214,210,208,205,192,171,162,161,159,171,181,138,0,0,109,164,181,181,190,194,201,208,210,211,212,208,205,204,200,214,198,185,163,169,164,170,178,176,186,128,0,0,0,0,54,161,182,204,205,195,191,201,203,198,192,161,130,81,0,159,221,198,205,203,214,192,203,146,0,2,4,0,0,0,0,35,70,104,124,113,84,53,9,0,0,0,0,125,197,130,137,119,120,69,70,24,0,0,0,0,0,0,0,0,0,0,0,0,0,0,0,0,0,0,0,0,0,0,0,0,0,0,0,0,0,6
0,0,0,0,0,0,0,0,0,0,0,0,0,0,0,0,0,0,0,0,0,0,0,0,0,0,0,0,0,0,0,0,0,0,0,0,0,0,0,0,0,0,0,0,0,0,0,0,0,0,0,0,0,0,0,0,0,0,0,0,0,0,0,0,0,0,0,0,0,0,0,0,0,0,0,0,0,0,0,0,0,0,0,0,0,0,0,0,0,0,0,0,0,0,0,0,0,0,0,0,0,0,0,0,0,0,0,0,0,0,0,0,0,0,0,0,0,0,0,0,0,0,0,0,0,0,77,189,161,178,177,158,144,134,114,96,63,70,2,0,0,0,0,0,0,0,0,0,0,0,0,0,1,0,117,221,185,199,186,197,219,232,231,244,202,254,24,0,0,0,0,0,0,0,0,0,0,0,0,0,0,0,141,203,181,190,187,182,187,184,189,194,184,178,0,0,0,0,0,0,0,0,0,0,0,1,0,0,0,0,169,194,188,193,198,193,196,196,198,191,199,211,0,0,0,0,0,0,0,0,0,0,0,1,0,4,0,4,201,185,183,192,188,192,196,198,194,191,194,216,0,0,0,0,0,0,0,0,0,0,0,1,0,1,0,57,211,175,181,189,182,194,196,190,191,192,198,235,9,0,0,0,0,0,0,0,0,0,0,0,0,0,0,144,189,182,191,187,182,192,192,182,193,192,187,227,25,0,0,0,0,0,0,0,0,0,0,1,2,0,41,213,183,187,189,186,185,191,195,196,189,197,187,209,106,0,0,0,0,0,0,0,0,0,0,1,0,0,153,200,171,178,186,190,191,198,193,192,189,197,195,205,171,0,0,0,0,0,0,0,0,0,0,2,0,47,209,165,178,180,193,194,194,202,187,186,194,196,196,199,211,0,0,0,0,0,0,0,0,0,2,0,0,166,183,172,190,194,197,188,193,191,183,199,194,184,196,191,224,45,0,0,0,0,0,0,0,0,0,0,102,201,163,190,188,191,198,191,202,193,189,194,185,190,165,174,220,58,0,0,0,0,0,2,2,0,0,33,191,170,188,189,184,186,205,202,196,190,193,183,166,183,159,178,233,71,0,3,6,0,0,0,0,0,14,178,176,175,190,184,177,180,193,191,178,188,168,176,184,201,201,188,211,75,0,0,0,0,0,0,18,93,183,191,172,192,183,180,182,187,197,189,169,204,228,213,195,187,182,180,215,69,0,34,99,123,147,174,177,181,180,157,179,184,178,180,180,191,200,197,239,236,117,165,203,181,194,173,202,64,62,180,175,170,160,147,150,162,172,169,178,188,182,180,180,178,206,233,129,1,0,157,221,180,191,164,208,61,154,240,220,196,173,164,167,170,178,176,179,191,186,183,190,248,198,27,0,0,0,171,207,181,193,179,214,49,0,40,173,200,236,236,226,215,209,203,200,198,198,210,225,136,0,0,0,0,0,154,192,181,186,181,215,46,0,0,0,0,28,73,154,208,234,255,255,228,222,236,72,0,0,0,0,0,0,183,217,201,238,233,250,46,0,1,0,0,0,0,0,0,0,0,15,33,39,0,0,0,0,0,0,0,0,67,91,65,64,53,46,0,0,0,0,0,0,0,0,0,0,0,0,0,0,0,0,0,0,0,0,0,0,0,0,0,0,0,0,0,0,0,0,0,0,0,0,0,0,0,0,0,0,0,0,0,0,0,0,0,0,0,0,0,0,0,0,0,0,0,0,0,0,0,0,0,0,0,0,0,0,0,0,0,0,0,0,0,0,0,0,0,0,0,0,0,6
0,0,0,0,0,0,0,0,0,0,0,0,0,0,0,0,0,0,0,0,0,0,0,0,0,0,0,0,0,0,0,0,0,0,0,0,0,0,0,0,0,0,0,0,0,0,0,0,0,0,0,0,0,0,0,0,0,0,0,0,0,0,0,0,0,0,0,0,0,0,0,0,0,0,0,0,0,0,0,0,0,0,0,0,0,0,0,0,0,0,0,0,0,0,0,0,0,0,0,0,0,0,0,0,0,0,0,0,0,0,0,0,0,0,0,0,0,0,0,0,0,0,0,0,0,0,0,0,0,0,0,0,3,4,0,0,0,0,60,89,0,0,0,0,0,0,0,0,0,0,0,0,0,3,0,7,196,92,0,0,0,0,0,0,0,0,129,79,0,0,0,0,0,0,0,0,0,0,0,0,0,6,0,50,238,241,189,29,33,12,0,19,232,225,175,0,0,0,0,0,0,0,0,0,0,0,0,0,0,0,0,147,228,214,220,255,255,255,255,221,228,229,101,0,0,0,0,0,0,0,0,0,0,0,0,0,1,0,0,213,228,220,206,204,206,222,234,228,218,225,79,0,0,0,0,0,0,0,0,0,0,0,0,0,1,0,34,253,221,221,207,214,219,228,233,234,218,227,75,0,0,0,0,0,0,0,0,0,0,0,0,0,0,0,142,227,218,216,209,211,217,226,231,228,216,255,60,0,0,0,0,0,0,0,0,0,0,2,0,2,0,0,236,215,217,225,213,218,222,231,232,230,203,255,63,0,0,0,0,0,0,0,0,0,0,0,0,0,0,126,255,187,214,225,214,222,225,231,231,232,203,252,123,0,0,0,0,0,0,0,0,0,0,0,5,0,20,246,191,195,220,225,219,225,227,233,229,230,218,227,184,0,0,0,0,0,0,0,0,0,0,2,0,0,190,180,137,205,229,220,219,224,225,231,226,231,230,225,221,0,0,0,0,6,4,4,4,2,0,0,0,152,230,125,170,228,223,223,217,225,226,226,224,224,225,222,245,21,3,5,2,0,0,0,0,0,0,4,176,235,126,162,216,221,220,220,221,223,216,210,213,214,223,225,243,52,0,0,0,14,15,11,30,69,143,232,203,73,127,218,222,218,223,222,209,208,205,219,228,234,243,225,233,50,0,39,174,195,214,233,244,217,158,79,103,189,240,226,225,234,237,235,223,229,220,224,228,234,240,222,229,32,0,181,215,150,91,104,104,80,123,181,221,230,226,229,237,234,207,195,194,218,213,218,221,221,223,221,252,42,103,238,225,241,234,230,251,238,248,243,238,232,227,228,215,211,223,255,255,255,226,227,222,219,218,216,249,40,29,188,214,226,232,231,229,228,228,229,220,217,218,223,233,255,255,201,74,158,239,203,215,210,214,213,247,40,0,0,15,89,179,215,242,255,255,255,255,255,255,255,200,80,0,0,0,178,255,253,255,255,255,230,255,54,0,0,0,0,0,0,10,49,63,68,64,49,35,0,0,0,0,0,0,89,135,88,80,76,59,47,46,0,0,0,0,0,0,0,0,0,0,0,0,0,0,0,0,0,0,0,0,0,0,0,0,0,0,0,0,0,0,0,0,0,0,0,0,0,0,0,0,0,0,0,0,0,0,0,0,0,0,0,0,0,0,0,0,0,0,0,0,0,0,0,0,0,0,0,0,0,0,0,0,0,0,0,0,0,0,0,0,0,0,0,0,0,0,0,0,0,0,0,0,0,0,0,0,0,0,0,0,0,0,0,0,0,0,0,0,0,0,0,0,0,6
0,0,0,0,0,0,0,0,0,0,0,0,0,0,0,0,0,0,0,0,0,0,0,0,0,0,0,0,0,0,0,0,0,0,0,0,0,0,0,0,0,0,0,0,0,0,0,0,0,0,0,0,0,0,0,0,0,0,0,0,0,0,0,0,0,0,0,0,0,0,0,0,0,0,0,0,0,0,0,0,0,0,0,0,0,0,0,0,0,0,0,0,0,0,0,0,3,0,24,123,111,125,125,117,92,65,31,7,0,0,0,0,0,0,0,0,0,0,0,0,0,0,0,0,4,0,64,220,223,216,224,230,241,253,255,247,233,177,191,105,0,0,0,0,0,0,0,0,0,0,0,0,1,0,56,200,187,179,176,184,188,200,201,199,207,210,223,159,0,0,0,0,0,0,0,0,0,0,0,0,1,0,78,196,179,183,189,208,209,206,203,197,201,200,196,41,0,0,0,0,0,0,0,0,0,0,0,0,1,0,93,200,163,171,187,202,202,211,207,202,198,202,198,0,0,0,0,0,0,0,0,0,0,0,0,0,2,0,88,189,154,186,196,206,206,210,211,205,192,211,95,0,0,0,0,0,0,0,0,0,0,0,0,0,2,0,70,203,149,192,204,209,211,216,212,191,191,229,4,0,0,0,0,0,0,0,0,0,0,0,0,0,2,0,32,195,170,191,199,204,209,214,209,193,204,151,0,0,0,0,0,0,0,0,0,0,0,1,1,0,1,0,35,198,185,201,204,203,207,213,210,193,206,56,0,1,0,0,0,0,0,0,0,0,0,5,0,0,0,0,74,210,160,193,205,205,209,203,202,195,212,0,0,0,0,0,0,0,0,0,0,0,0,0,0,0,0,0,164,197,173,199,198,203,215,212,194,206,173,0,0,0,0,0,0,0,0,0,0,0,0,0,0,3,0,76,217,177,203,196,207,208,207,207,185,203,159,0,0,0,0,0,0,0,0,0,0,0,0,3,0,0,11,186,183,185,199,194,209,223,216,216,212,211,195,0,0,0,2,5,4,4,6,6,4,0,0,0,0,81,199,184,200,214,212,182,208,204,206,204,195,195,194,8,0,1,0,0,0,0,0,0,0,0,0,55,132,125,97,144,185,189,243,241,225,199,200,212,202,195,210,73,0,1,0,60,132,142,119,95,89,120,149,120,61,87,111,161,182,167,193,215,239,230,217,217,201,192,203,129,0,0,55,175,115,61,150,196,183,133,76,31,127,180,184,199,187,196,210,206,224,212,213,205,189,183,196,174,0,0,155,200,202,152,100,94,114,91,128,170,174,164,181,193,202,199,214,214,207,215,228,206,193,191,193,194,0,0,41,146,174,208,212,183,173,163,166,167,167,180,198,204,198,189,205,204,197,204,204,198,204,201,198,186,0,0,0,6,73,134,179,202,201,202,196,197,201,206,211,209,206,211,229,216,222,219,219,224,221,209,203,182,6,0,0,0,0,7,76,121,175,185,192,216,219,216,205,198,185,192,176,176,162,167,177,165,178,184,166,186,61,0,0,0,0,0,0,0,10,32,61,73,81,78,51,33,25,19,0,113,192,158,176,167,167,167,153,172,38,0,0,0,0,0,0,0,0,0,0,0,0,0,0,0,0,0,0,0,0,0,0,0,0,0,0,0,0,0,0,0,0,0,0,0,0,0,0,0,0,0,0,0,0,0,0,0,0,0,0,0,0,0,0,0,0,0,0,0,0,0,0,0,0,0,0,0,0,0,0,0,0,0,0,0,0,0,0,0,0,0,0,0,0,0,6
0,0,0,0,0,0,0,0,0,0,0,0,0,0,0,0,0,0,0,0,0,0,0,0,0,0,0,0,0,0,0,0,0,0,0,0,0,0,0,0,0,0,0,0,0,0,0,0,0,0,0,0,0,0,0,0,0,0,0,0,0,0,0,0,0,0,0,0,0,0,46,79,65,84,85,94,123,101,63,0,0,0,0,0,0,0,0,0,0,0,0,0,0,0,0,0,0,0,189,209,213,231,226,229,233,234,239,200,183,135,77,0,0,0,0,0,0,0,0,0,0,0,0,1,0,0,173,201,188,185,181,198,212,212,214,210,213,222,234,112,0,0,0,0,0,0,0,0,0,0,0,2,0,0,187,207,203,196,189,216,226,225,224,210,218,208,209,45,0,0,0,0,0,0,0,0,0,0,0,3,0,0,196,202,201,201,185,220,229,229,238,214,219,220,235,0,0,0,0,0,0,0,0,0,0,0,0,4,0,15,201,202,200,203,197,207,209,228,224,216,209,229,173,0,0,0,0,0,0,0,0,0,0,0,0,4,0,20,208,207,201,203,204,212,219,233,218,218,210,226,100,0,0,0,0,0,0,0,0,0,0,0,0,2,0,34,214,208,200,201,200,203,206,209,212,212,212,213,38,0,0,0,0,0,0,0,0,0,0,0,0,2,0,47,218,206,206,207,202,208,212,209,213,212,214,233,5,0,0,0,0,0,0,0,0,0,0,0,0,0,0,83,214,208,210,209,204,214,222,222,219,218,219,226,0,0,0,0,0,0,0,0,0,0,0,1,0,0,0,152,213,209,209,198,197,202,209,216,222,212,222,204,0,0,0,0,0,0,0,0,0,0,0,0,1,0,0,200,209,203,195,188,197,213,222,222,224,222,222,188,0,0,0,0,0,0,0,0,0,0,0,0,0,0,91,200,190,206,212,216,220,225,220,212,224,234,221,216,0,0,0,0,0,0,0,0,0,0,3,0,0,30,190,179,209,218,235,229,220,210,209,215,219,218,220,214,33,0,0,0,2,4,4,5,3,0,0,0,61,170,184,197,229,227,216,215,208,210,212,214,218,224,222,225,120,0,0,1,0,0,0,0,0,0,39,153,164,150,190,197,201,197,203,210,213,219,208,208,194,201,221,232,197,0,0,0,5,53,69,73,104,164,194,148,109,163,189,191,198,198,216,228,225,213,200,215,208,204,221,224,239,0,0,84,187,153,175,207,198,152,113,108,159,195,196,202,219,229,238,235,227,227,221,227,225,226,227,207,224,20,0,190,204,145,109,101,106,116,144,172,195,195,204,218,228,235,224,219,213,208,212,208,219,212,201,194,207,5,47,207,221,235,216,220,190,172,183,197,206,203,214,244,235,229,233,245,241,231,247,255,249,235,226,208,250,26,86,193,190,206,209,215,225,235,208,202,213,234,241,233,229,231,222,218,212,203,190,175,176,179,182,177,196,29,52,193,187,187,194,196,203,213,214,218,207,210,200,191,182,172,162,163,171,176,179,183,185,185,187,176,182,42,0,5,67,138,175,185,202,200,202,206,206,212,207,213,214,214,220,220,221,226,220,221,220,212,206,195,196,34,0,0,0,0,0,15,53,65,109,96,114,120,113,64,73,85,84,75,65,58,46,39,32,19,7,1,0,0,0,0,0,0,0,0,0,0,0,0,0,0,0,0,0,0,0,0,0,0,0,0,0,0,0,0,0,0,0,0,0,0,0,0,0,0,0,0,0,0,0,0,0,0,0,0,0,0,0,0,0,0,0,0,0,0,6
0,0,0,0,0,0,0,0,0,0,0,0,0,0,0,0,0,0,0,0,0,0,0,0,0,0,0,0,0,0,0,0,0,0,0,0,0,0,0,0,0,0,0,0,0,0,0,0,0,0,0,0,0,0,0,0,0,0,0,0,0,0,0,0,0,0,0,0,0,0,0,0,0,0,0,0,0,0,0,0,0,0,0,0,0,0,0,0,0,0,0,0,0,0,0,0,0,0,0,0,0,0,0,0,0,0,0,0,0,0,0,0,0,0,0,0,0,0,0,0,0,0,0,0,0,0,0,0,0,0,0,0,0,0,0,0,0,0,0,0,0,0,0,0,0,0,0,0,0,0,0,0,2,0,0,115,118,110,106,109,111,109,118,108,101,100,94,0,0,0,0,0,0,0,0,0,0,0,0,0,4,0,34,255,205,212,207,212,211,204,209,213,220,205,232,0,0,0,0,0,0,0,0,0,0,0,0,0,1,0,49,213,193,191,176,180,180,176,174,177,192,197,189,0,0,0,0,0,0,0,0,0,0,0,0,0,1,0,95,226,200,219,221,219,212,219,220,213,213,205,192,0,0,0,0,0,0,0,0,0,0,0,0,0,0,0,130,215,178,184,174,180,161,101,105,138,165,197,191,0,0,0,0,0,0,0,0,0,0,0,0,1,0,0,180,217,199,195,173,167,188,194,197,206,201,206,185,0,0,0,0,0,0,0,0,0,0,0,0,0,0,0,242,217,212,214,203,191,180,186,196,195,191,205,164,0,0,0,0,0,0,0,0,0,1,4,0,0,0,122,248,213,220,220,207,198,188,177,179,190,194,198,134,0,0,0,0,0,0,1,0,0,0,1,3,0,50,232,206,202,206,198,204,207,201,203,210,208,203,202,167,0,0,0,0,0,1,0,0,0,2,0,0,13,210,199,200,186,185,194,205,204,199,202,199,200,199,206,189,0,0,2,3,0,0,0,0,0,0,0,34,192,209,211,201,194,212,201,192,184,189,196,190,184,182,183,206,3,7,0,0,0,0,0,0,0,14,95,157,133,158,190,201,214,212,207,206,200,208,183,177,177,184,191,220,39,0,6,59,100,125,120,107,126,139,102,85,101,121,140,153,166,179,195,197,188,205,180,179,182,189,187,220,69,0,213,159,56,31,68,68,67,120,132,170,181,176,182,190,198,204,209,207,204,222,200,200,199,201,195,222,91,58,225,209,197,170,149,154,155,184,180,177,187,194,203,211,216,210,203,198,197,215,191,195,192,194,190,228,60,91,209,219,211,212,209,189,176,192,193,194,205,212,206,187,174,178,190,194,198,216,191,195,197,206,202,227,17,0,44,185,206,220,218,210,201,199,201,199,188,197,202,211,222,255,252,230,207,201,207,200,198,198,189,198,0,0,0,0,21,128,187,236,251,248,245,239,245,243,223,187,117,55,3,51,214,189,194,186,183,183,188,194,5,0,1,0,0,0,0,0,40,76,108,100,67,32,0,0,0,0,0,0,70,53,68,77,77,78,78,59,0,0,0,0,0,0,0,0,0,0,0,0,0,0,0,0,0,0,0,0,0,0,0,0,0,0,0,0,0,0,0,0,0,0,0,0,0,0,0,0,0,0,0,0,0,0,0,0,0,0,0,0,0,0,0,0,0,0,0,0,0,0,0,0,0,0,0,0,0,0,0,0,0,0,0,0,0,0,0,0,0,0,0,0,0,0,0,0,0,0,0,0,0,0,0,0,0,0,0,0,0,0,0,0,0,0,0,0,0,0,0,0,0,6
0,0,0,0,0,0,0,0,0,0,0,0,0,0,0,0,0,0,0,0,0,0,0,0,0,0,0,0,0,0,0,0,0,0,0,0,0,0,0,0,0,0,0,0,0,0,0,0,0,0,0,0,0,0,0,0,0,0,0,0,0,0,0,0,0,0,0,0,0,0,0,0,0,0,0,0,0,0,0,0,0,0,0,0,0,0,0,0,0,0,0,0,0,0,0,0,0,0,0,0,0,0,0,0,0,0,0,0,0,0,0,0,0,0,0,0,0,0,0,0,0,1,0,0,0,0,0,0,0,0,2,1,2,0,3,0,0,76,29,0,0,0,0,0,0,0,0,0,0,0,0,0,0,0,0,0,0,0,0,0,0,0,1,0,4,61,56,0,0,0,0,0,0,0,0,0,0,0,1,1,0,0,0,0,0,0,24,23,0,0,0,0,0,64,13,0,0,0,0,0,0,0,0,0,0,0,0,1,0,2,2,0,0,109,169,160,157,157,142,140,102,157,26,0,0,0,0,0,0,0,0,0,0,0,0,0,0,0,6,0,46,237,135,145,168,173,179,193,161,217,30,0,0,0,0,0,0,0,0,0,0,0,0,0,1,0,0,0,146,172,139,169,172,173,165,162,142,210,30,0,0,0,0,0,0,0,0,0,0,0,0,0,1,0,0,99,211,135,158,172,167,170,164,161,151,194,23,0,0,0,0,0,0,0,0,0,0,1,0,4,0,0,73,144,168,169,164,165,171,171,168,171,147,205,47,0,1,0,0,0,0,0,0,0,0,1,1,0,0,79,130,168,165,165,176,178,172,166,169,162,142,203,87,0,0,0,0,0,0,0,0,0,1,3,0,14,112,147,102,136,146,171,180,178,163,157,163,172,171,195,134,0,0,0,0,2,3,2,1,0,0,0,0,128,163,155,165,168,189,188,185,172,177,187,196,183,177,180,168,0,2,0,0,0,0,0,0,0,0,55,113,131,172,179,179,183,182,185,176,183,193,177,150,148,172,173,185,8,0,0,0,19,30,14,33,52,101,121,116,164,174,185,185,177,166,172,178,190,186,166,145,166,191,173,190,23,0,36,129,121,97,128,149,140,127,144,177,184,162,158,160,177,188,185,185,190,179,185,185,183,172,159,175,1,0,206,184,166,97,78,132,143,153,157,142,149,177,190,191,187,183,173,160,160,148,151,157,161,168,178,192,22,89,204,185,189,196,189,177,183,166,155,159,160,166,175,178,170,166,180,206,213,197,206,203,194,199,199,227,74,53,201,198,198,190,191,185,180,178,175,184,192,181,191,217,244,249,250,210,179,197,186,180,177,181,170,200,74,0,0,29,110,182,213,228,222,222,222,227,227,223,198,166,114,51,9,0,55,255,208,250,255,248,226,244,91,0,0,0,0,0,0,17,41,54,55,36,10,0,0,0,0,0,0,0,13,73,46,36,34,18,3,0,0,0,0,3,4,0,0,0,0,0,0,0,0,0,0,0,1,4,4,0,0,0,0,0,0,0,0,0,0,0,0,0,0,0,0,0,0,0,0,0,0,0,0,0,0,0,0,0,0,0,0,0,0,0,0,0,0,0,0,0,0,0,0,0,0,0,0,0,0,0,0,0,0,0,0,0,0,0,0,0,0,0,0,0,0,0,0,0,0,0,0,0,0,0,0,0,0,0,0,0,0,0,0,0,0,0,0,0,0,0,0,0,0,0,0,0,0,0,0,0,0,0,0,0,0,0,0,0,0,0,0,0,0,0,0,0,0,0,0,0,0,6
0,0,0,0,0,0,0,0,0,0,0,0,0,0,0,0,0,0,0,0,0,0,0,0,0,0,0,0,0,0,0,0,0,0,0,0,0,0,0,0,0,0,0,0,0,0,0,0,0,0,0,0,0,0,0,0,0,0,0,0,0,0,0,0,0,0,0,0,0,0,0,0,0,0,0,0,0,0,0,0,0,0,0,0,0,0,0,0,0,0,0,0,0,0,0,0,0,0,0,0,0,0,0,0,0,0,0,0,0,0,0,0,0,0,0,0,0,0,0,0,0,0,0,0,0,0,3,1,0,0,0,0,0,0,58,150,111,0,0,1,0,0,0,0,0,0,0,0,0,0,0,0,0,8,0,0,0,17,56,114,163,218,235,224,195,24,0,1,0,0,0,0,0,0,0,0,0,0,0,0,1,0,0,116,188,206,189,194,242,168,184,214,217,98,0,0,0,0,0,0,0,0,0,0,0,2,0,3,0,46,206,195,133,59,22,0,0,0,42,222,214,185,2,0,0,0,0,0,0,0,0,0,0,0,3,0,25,181,33,0,0,0,0,31,66,108,189,212,211,220,63,0,0,0,0,0,0,0,0,0,0,0,10,0,125,120,90,245,255,254,255,255,255,255,255,190,211,215,229,0,0,0,0,0,0,0,0,0,0,0,0,14,222,232,177,101,120,77,61,42,7,0,116,229,213,212,215,55,0,0,0,0,0,0,0,0,0,0,0,135,77,190,210,0,0,0,0,0,0,0,152,249,214,214,218,111,0,0,0,0,0,0,0,0,8,0,61,186,129,198,241,226,232,252,255,255,255,255,255,216,213,214,214,33,0,0,0,0,0,0,0,1,0,0,172,239,230,133,158,255,240,184,77,128,202,213,205,209,210,218,188,0,0,0,0,0,0,0,0,1,0,113,75,59,241,141,0,3,236,241,149,0,165,231,225,225,207,220,107,0,0,0,0,0,0,0,5,0,24,188,89,0,153,255,164,0,0,155,230,232,255,183,100,163,210,222,37,0,0,2,1,0,5,6,0,0,0,212,159,100,0,217,255,177,0,162,233,163,27,0,0,0,190,218,0,0,0,0,0,0,0,0,0,53,25,151,235,168,78,0,202,228,217,226,82,0,0,0,0,0,183,196,0,0,1,1,5,0,0,105,187,218,110,128,219,231,187,0,0,213,219,63,0,0,2,0,0,0,186,180,0,0,0,0,0,0,134,176,160,232,173,0,102,255,237,115,170,228,66,0,0,2,0,2,0,0,182,170,0,0,0,0,0,45,171,103,204,190,255,232,6,46,196,220,233,76,0,0,0,0,0,1,6,0,175,156,0,0,81,156,125,175,238,140,221,186,128,226,255,82,164,240,121,0,0,1,0,0,0,0,11,0,167,157,0,0,5,91,124,155,193,200,207,245,181,204,233,238,222,128,0,0,1,0,0,0,0,0,8,0,161,146,0,0,0,0,0,0,0,20,25,76,164,143,102,73,20,0,0,0,1,0,0,0,0,0,3,0,80,61,0,0,0,0,0,0,0,0,0,0,0,0,0,0,0,0,0,0,0,0,0,0,0,0,0,0,0,0,0,0,0,0,0,0,0,0,0,0,0,0,0,0,0,0,0,0,0,0,0,0,0,0,0,0,0,0,0,0,0,0,0,0,0,0,0,0,0,0,0,0,0,0,0,0,0,0,0,0,0,0,0,0,0,0,0,0,0,0,0,0,0,0,0,0,0,0,0,0,0,0,0,0,0,0,0,0,0,0,0,0,0,0,0,0,6
0,0,0,0,0,0,0,0,0,0,0,0,0,0,0,0,0,0,0,0,0,0,0,0,0,0,0,0,0,0,0,0,0,0,0,0,0,0,0,0,0,0,0,0,0,0,0,0,0,0,0,0,0,0,0,0,0,0,0,0,0,0,0,0,0,0,0,0,0,0,0,0,0,0,0,0,0,0,0,0,0,0,0,0,0,0,0,0,0,0,0,0,0,0,0,0,0,0,0,0,0,0,0,0,0,0,0,0,0,0,0,0,0,0,0,0,0,0,0,0,0,0,2,0,0,0,0,0,2,2,0,1,0,0,0,0,121,0,0,0,0,0,0,0,0,0,0,0,0,1,0,22,121,23,0,0,0,0,0,0,0,0,0,135,241,120,0,0,0,0,0,0,0,0,0,0,1,6,0,50,218,238,216,119,84,47,1,10,0,0,179,229,197,220,13,0,0,0,0,0,0,0,0,0,0,2,0,0,12,88,149,140,148,163,144,145,78,115,230,196,200,218,178,0,0,0,0,0,0,0,0,0,0,0,1,0,0,0,0,0,26,82,110,149,115,93,40,30,124,222,245,15,0,0,0,0,0,0,0,0,0,0,0,0,2,3,0,0,0,0,0,0,228,253,205,170,203,209,240,94,0,0,0,0,0,0,0,0,0,0,0,0,0,0,0,3,1,5,0,0,207,211,208,223,225,205,240,135,0,0,0,0,0,0,0,0,0,0,0,0,0,0,0,0,0,1,0,0,185,213,190,199,218,225,253,138,0,0,0,0,2,1,1,0,1,0,0,0,0,2,0,0,0,0,0,0,169,225,222,247,235,184,140,55,0,0,0,0,0,0,0,0,3,1,0,0,0,1,0,0,0,3,0,0,127,255,211,155,112,90,163,87,0,0,0,0,0,0,0,0,0,0,3,1,0,0,0,0,0,0,0,161,232,149,99,110,154,160,217,50,0,0,0,1,1,0,0,0,0,0,0,0,1,0,0,0,0,34,237,203,98,135,144,156,176,159,196,30,0,0,0,0,0,0,0,135,225,207,91,0,0,0,0,0,110,251,144,95,181,186,167,158,163,159,198,6,0,0,0,0,55,128,208,219,132,163,249,232,67,0,0,105,255,103,115,179,163,142,156,159,159,157,184,0,0,0,17,185,244,213,153,136,175,185,176,211,255,154,93,255,108,140,191,167,152,169,158,152,161,162,166,0,0,0,185,202,173,174,192,165,193,198,202,206,212,252,252,123,110,176,145,157,153,155,158,155,153,179,151,0,131,219,230,221,238,221,255,217,204,207,215,226,243,226,113,113,162,162,156,164,163,155,163,165,154,177,130,0,100,123,142,145,184,206,225,232,235,238,241,218,179,100,123,153,166,155,154,158,153,155,155,154,162,175,109,0,84,229,152,129,94,84,88,112,124,111,104,94,93,131,164,159,155,148,145,156,141,154,155,153,143,178,90,0,0,70,174,205,226,214,192,175,170,174,164,185,204,185,202,187,183,194,184,189,185,186,176,180,176,220,57,0,0,0,0,0,21,43,94,113,111,133,139,115,113,80,81,108,66,52,50,62,37,45,99,99,96,106,0,0,0,0,0,0,0,0,0,0,0,0,0,0,0,0,0,0,0,0,0,0,0,0,0,0,0,0,0,0,0,0,0,0,0,0,0,0,0,0,0,0,0,0,0,0,0,0,0,0,0,0,0,0,0,0,0,0,0,0,0,0,0,0,0,0,0,0,0,0,0,0,0,0,0,0,0,0,0,0,0,0,0,0,0,0,6
0,0,0,0,0,0,0,0,0,0,0,0,0,0,0,0,0,0,0,0,0,0,0,0,0,0,0,0,0,0,0,0,0,0,0,0,0,0,0,0,0,0,0,0,0,0,0,0,0,0,0,0,0,0,0,0,0,0,0,0,0,0,0,0,0,0,0,0,0,0,0,0,0,0,0,0,0,0,0,0,0,0,0,0,0,0,0,0,0,0,0,0,0,0,0,3,0,32,233,189,172,122,51,2,0,21,80,132,195,198,0,0,0,0,0,0,0,0,0,0,0,0,0,3,0,23,206,195,231,238,233,236,239,240,242,225,226,184,0,0,0,0,0,0,0,0,0,0,0,0,0,4,0,19,207,191,200,205,208,223,222,219,218,208,218,161,0,0,0,0,0,0,0,0,0,0,0,0,0,4,0,19,228,180,191,206,207,200,202,220,235,218,226,152,0,0,0,0,0,0,0,0,0,0,0,0,0,4,0,27,215,172,206,208,203,195,202,217,217,205,226,167,0,0,0,0,0,0,0,0,0,0,0,0,0,4,0,28,205,175,202,201,203,209,217,230,229,202,211,182,0,0,0,0,0,0,0,0,0,0,0,0,0,3,0,25,201,182,197,200,216,216,205,205,224,216,215,201,0,0,0,0,0,0,0,0,0,0,0,0,0,3,0,54,205,176,209,218,224,208,201,204,205,211,209,209,0,0,0,0,0,0,0,0,0,0,0,0,0,3,0,81,208,175,225,229,207,194,197,192,181,200,194,230,17,0,2,0,1,0,0,0,1,0,1,1,0,1,0,118,211,217,230,198,185,189,197,190,193,203,202,228,74,0,0,0,0,0,1,0,0,0,0,0,2,0,0,174,211,233,196,180,191,175,197,204,205,202,205,212,161,0,0,0,0,0,1,0,0,0,0,1,4,0,70,220,218,176,184,179,181,191,192,202,202,208,217,198,211,0,0,0,0,1,0,0,1,0,0,0,0,0,154,209,173,180,182,175,192,192,186,203,200,203,214,191,218,51,0,0,1,0,0,0,0,0,2,6,0,56,194,173,164,180,185,191,202,183,201,201,185,183,184,185,218,71,0,0,0,0,0,1,2,0,3,0,12,169,184,178,173,189,194,198,194,172,174,184,168,163,189,178,228,76,0,0,0,0,0,3,4,0,0,8,147,172,175,183,186,201,209,218,197,178,169,178,191,198,206,204,231,75,0,1,3,0,0,0,0,0,37,158,173,158,178,167,191,217,217,216,198,187,205,235,219,202,193,186,222,73,3,0,0,0,0,1,57,128,187,171,156,172,180,202,217,207,203,204,219,248,252,170,191,204,201,185,233,65,0,1,60,113,143,175,194,176,174,180,167,189,181,205,217,214,207,247,217,109,1,0,185,224,196,190,230,50,40,138,162,168,162,165,167,169,186,173,169,202,196,198,211,228,251,113,0,0,0,0,233,208,193,195,225,46,114,218,193,194,186,175,172,179,182,184,183,194,204,207,225,240,48,0,0,2,0,0,240,206,193,193,226,41,0,96,167,192,225,231,225,228,238,239,226,231,238,248,163,0,0,1,0,1,0,2,254,207,202,202,248,42,0,0,0,0,0,0,6,20,32,39,43,47,52,6,0,0,0,1,1,0,0,0,74,53,49,51,54,0,0,0,0,0,0,0,0,0,0,0,0,0,0,0,0,0,0,0,0,0,0,0,0,0,0,0,0,0,0,0,0,0,0,0,0,0,0,0,0,0,0,0,0,0,0,0,0,0,0,0,0,0,0,0,0,0,6
0,0,0,0,0,0,0,0,0,0,0,0,0,0,0,0,0,0,0,0,0,0,0,0,0,0,0,0,0,0,0,0,0,0,0,0,0,0,0,0,0,0,0,0,0,0,0,0,0,0,0,0,0,0,0,0,0,0,0,0,0,0,0,0,0,0,0,0,0,0,0,0,0,0,0,0,0,0,0,0,0,0,0,0,0,0,0,0,0,0,0,0,0,0,0,0,0,0,0,0,0,0,0,0,0,0,0,0,0,0,0,0,0,0,0,0,0,0,0,0,0,0,0,0,0,0,0,0,0,0,0,0,0,0,0,0,0,0,0,0,0,0,0,0,0,0,0,0,0,0,0,0,0,1,0,11,102,0,0,0,0,0,0,0,0,0,48,70,0,0,0,0,0,0,0,0,0,1,0,0,1,0,0,100,247,176,206,180,168,153,121,63,21,29,196,41,0,0,0,0,0,0,0,0,0,0,0,0,1,0,2,190,178,172,217,210,210,216,215,219,206,183,178,0,0,0,0,0,0,0,0,0,0,0,0,0,0,0,85,213,177,149,200,199,191,190,188,196,188,154,133,0,0,0,0,0,0,0,0,0,0,0,0,0,0,0,182,189,188,154,207,210,203,200,200,202,193,158,144,0,0,0,0,0,0,0,0,0,0,1,0,0,0,80,215,183,191,156,218,202,204,205,197,205,202,155,158,0,0,0,0,0,0,0,0,0,1,4,1,0,0,178,196,183,185,156,197,208,198,203,205,221,163,155,172,0,0,0,0,0,0,0,0,0,0,0,1,0,116,201,185,180,177,162,143,224,200,201,229,135,116,152,179,16,0,0,0,0,0,1,0,0,0,4,0,44,190,185,186,174,168,177,146,168,217,227,156,107,166,160,179,38,0,0,0,0,0,0,0,1,0,0,6,175,183,183,183,174,174,171,174,130,195,221,100,55,120,179,182,61,0,1,2,2,2,2,2,0,0,0,157,183,180,177,177,176,183,179,174,156,185,177,89,49,142,176,175,43,1,0,0,0,0,0,0,0,0,146,189,162,165,175,174,188,176,172,188,171,174,159,146,160,159,153,174,19,0,0,3,0,0,5,4,25,113,168,148,149,173,185,183,183,153,147,133,138,181,170,161,167,173,195,231,55,0,138,191,166,154,147,134,133,146,145,165,178,187,182,165,143,133,152,222,236,216,201,204,181,179,186,216,44,39,187,175,175,180,186,194,181,178,179,179,181,171,154,145,158,224,255,162,41,214,196,181,174,178,187,211,15,74,192,210,205,192,187,184,184,172,162,166,166,137,159,225,237,176,23,0,0,238,186,178,167,174,185,198,1,0,0,66,156,224,247,255,252,245,240,247,245,235,231,162,43,0,0,0,0,253,214,215,215,220,209,221,0,0,0,0,0,0,0,34,62,90,104,101,80,56,6,0,0,0,1,0,0,17,111,96,90,95,107,97,0,0,0,0,0,0,0,0,0,0,0,0,0,0,0,0,0,0,0,0,0,0,0,0,0,0,0,0,0,0,0,0,0,0,0,0,0,0,0,0,0,0,0,0,0,0,0,0,0,0,0,0,0,0,0,0,0,0,0,0,0,0,0,0,0,0,0,0,0,0,0,0,0,0,0,0,0,0,0,0,0,0,0,0,0,0,0,0,0,0,0,0,0,0,0,0,0,0,0,0,0,0,0,0,0,0,0,0,0,0,0,0,0,0,0,0,0,0,0,0,0,0,0,0,0,0,0,0,0,0,0,0,0,0,0,0,0,0,0,0,0,6
0,0,0,0,0,0,0,0,0,0,0,0,0,0,0,0,0,0,0,0,0,0,0,0,0,0,0,0,0,0,0,0,0,0,0,0,0,0,0,0,0,0,0,0,0,0,0,0,0,0,0,0,0,0,0,0,0,0,0,0,0,0,0,0,0,0,0,0,0,0,0,0,0,0,0,0,0,0,0,0,0,0,0,0,0,0,0,0,0,0,0,0,0,0,0,0,0,0,0,0,0,0,0,0,0,0,0,0,0,0,0,0,0,0,0,0,0,0,0,0,0,0,0,0,0,0,0,0,0,0,0,0,0,0,0,0,0,0,0,0,0,0,0,0,0,0,0,0,0,0,0,0,0,0,0,0,0,0,0,0,0,0,0,0,0,0,0,0,0,0,0,0,0,0,0,0,0,0,0,0,0,0,0,0,1,6,4,0,0,0,0,4,0,6,56,0,0,0,0,0,0,0,0,0,0,0,0,0,0,0,0,0,0,0,0,0,0,0,0,0,0,53,129,0,0,0,0,0,0,0,0,0,0,0,0,0,0,1,2,0,0,47,14,0,0,0,0,0,0,51,41,0,0,0,0,0,0,0,0,0,0,0,0,0,0,1,0,0,73,251,230,0,0,0,6,216,211,203,0,0,0,0,0,0,0,0,0,0,0,0,0,0,0,4,0,0,215,233,228,231,255,254,247,244,243,251,40,0,0,0,0,0,0,0,0,0,0,0,0,0,0,0,0,168,244,227,226,225,223,230,226,233,235,249,38,0,0,0,0,0,0,0,0,0,0,0,0,0,0,0,113,255,225,233,230,220,218,222,227,240,238,254,46,0,0,0,0,0,0,0,0,0,0,3,0,0,0,104,255,226,236,236,230,220,219,223,225,236,231,254,130,0,0,0,0,3,3,4,3,0,0,0,0,0,158,255,221,227,231,236,231,224,221,225,227,238,234,247,230,0,0,0,0,0,0,0,0,0,0,29,132,236,254,225,229,235,237,237,235,226,222,227,225,237,239,238,255,0,0,0,0,7,23,36,75,149,227,255,255,226,219,231,232,230,237,240,234,221,214,218,211,229,237,230,255,51,0,133,191,215,216,255,255,234,227,213,210,214,227,228,231,234,238,237,233,228,221,220,228,229,237,229,255,70,122,248,219,220,218,211,211,219,225,228,222,223,226,235,236,236,233,232,232,231,238,223,232,225,232,230,255,50,80,203,224,233,236,229,217,219,223,221,225,226,221,230,237,245,252,254,255,255,241,241,248,244,245,226,230,0,0,16,94,168,215,255,255,252,249,243,241,247,255,255,255,250,235,223,208,194,212,200,204,209,209,195,200,0,0,0,0,0,0,17,55,98,126,145,151,140,124,77,36,7,0,0,0,0,170,170,160,161,147,126,87,0,0,0,0,0,0,0,0,0,0,0,0,0,0,0,0,0,0,0,0,0,0,0,0,0,0,0,0,0,0,0,0,0,0,0,0,0,0,0,0,0,0,0,0,0,0,0,0,0,0,0,0,0,0,0,0,0,0,0,0,0,0,0,0,0,0,0,0,0,0,0,0,0,0,0,0,0,0,0,0,0,0,0,0,0,0,0,0,0,0,0,0,0,0,0,0,0,0,0,0,0,0,0,0,0,0,0,0,0,0,0,0,0,0,0,0,0,0,0,0,0,0,0,0,0,0,0,0,0,0,0,0,0,0,0,0,0,0,0,0,0,0,0,0,0,0,0,0,0,0,0,0,0,0,0,0,0,0,0,0,0,0,0,0,0,0,0,0,0,6
0,0,0,0,0,0,0,0,0,0,0,0,0,0,0,0,0,0,0,0,0,0,0,0,0,0,0,0,0,0,0,0,0,0,0,0,0,0,0,0,0,0,0,0,0,0,0,0,0,0,0,0,0,0,0,0,0,0,0,0,0,0,0,0,0,0,0,0,0,0,0,0,0,0,0,0,0,0,21,0,0,0,0,0,0,0,0,0,0,0,0,0,0,0,0,0,0,0,0,25,26,14,0,12,150,171,228,177,0,0,0,0,0,0,0,0,0,0,0,0,0,0,0,1,0,0,167,224,218,218,211,235,251,242,215,203,222,10,0,0,0,0,0,0,0,0,0,0,0,0,0,4,0,31,214,222,233,230,238,236,239,217,229,210,209,199,0,0,0,0,0,0,0,0,0,0,0,0,0,4,0,42,205,203,190,241,224,189,98,181,174,0,201,208,34,0,0,0,0,0,0,0,0,0,0,0,0,0,0,0,21,0,0,0,0,0,0,151,154,46,255,24,0,0,0,0,0,0,0,0,0,0,0,0,0,0,0,0,0,0,0,0,0,0,0,210,243,109,67,28,0,0,0,0,0,0,0,0,0,0,0,0,0,0,0,0,3,3,0,1,2,0,0,215,240,0,0,0,1,0,0,0,0,0,0,0,0,0,0,0,0,0,0,0,0,0,0,0,2,0,80,224,210,0,0,7,0,0,0,0,0,0,0,0,0,0,0,0,0,0,0,0,0,0,0,0,3,0,164,226,247,0,0,0,0,0,0,0,0,0,0,0,0,0,0,0,0,0,0,0,0,0,0,0,0,0,233,217,240,0,0,0,168,113,0,0,0,0,0,0,0,0,0,0,0,0,0,0,0,0,0,2,0,5,254,213,220,0,78,243,255,40,0,0,0,0,0,0,0,0,0,0,0,0,0,0,0,0,0,1,0,77,254,201,215,206,255,235,234,5,0,0,0,0,0,0,0,0,0,0,0,0,0,0,0,0,0,0,0,66,230,225,206,252,231,227,223,0,0,0,0,0,0,0,0,0,0,1,0,0,1,0,0,0,0,0,0,120,255,172,202,252,216,229,215,0,0,0,0,0,0,0,1,3,3,0,4,0,0,0,0,0,0,0,221,255,140,0,182,254,205,238,200,0,0,0,0,0,1,4,0,0,0,0,0,2,1,0,0,0,9,209,224,73,0,0,202,252,223,252,182,0,0,0,0,0,0,0,0,23,28,0,0,0,0,0,0,0,207,207,1,0,0,0,193,254,226,240,182,0,0,1,0,0,0,84,66,194,255,101,0,0,0,0,0,185,215,0,0,0,0,0,189,243,221,253,168,0,3,4,0,3,106,254,255,88,184,254,103,0,1,0,172,232,24,0,0,0,0,0,183,243,220,251,155,0,0,0,0,59,244,224,231,161,239,251,255,53,0,117,245,70,0,0,0,0,0,0,184,242,223,239,153,0,0,5,43,30,146,228,215,255,86,109,0,0,119,255,111,0,0,0,0,0,0,0,182,237,220,236,149,0,125,255,255,255,255,246,245,254,215,255,252,255,255,65,0,0,0,0,0,0,0,0,198,248,228,246,157,0,0,56,56,55,83,101,101,105,129,112,105,58,0,0,0,0,0,0,0,0,0,0,79,163,117,174,43,0,0,0,0,0,0,0,0,0,0,0,0,0,0,0,0,0,0,0,0,0,0,0,0,0,0,0,0,0,0,0,0,0,0,0,0,0,0,0,0,0,0,0,0,0,0,0,0,0,0,0,0,0,0,0,0,0,6
0,0,0,0,0,0,0,0,0,0,0,0,0,0,0,0,0,0,0,0,0,0,0,0,0,0,0,0,0,0,0,0,0,0,0,0,0,0,0,0,0,0,0,0,0,0,0,0,0,0,0,0,0,0,0,0,0,0,0,0,0,0,0,0,0,0,0,0,0,0,0,0,0,0,0,0,0,0,0,0,0,0,0,0,0,0,0,0,0,0,0,0,0,0,0,0,0,0,0,0,0,0,0,0,0,0,0,0,0,0,0,0,0,0,0,0,0,0,0,0,0,0,0,0,0,1,2,4,5,3,0,0,0,0,0,1,0,28,134,0,0,0,0,0,0,0,0,0,0,0,0,0,0,0,0,0,0,0,3,0,5,5,0,0,0,100,163,1,0,0,0,0,0,0,0,0,0,0,0,0,2,0,22,41,15,0,0,0,0,0,0,0,0,142,77,0,0,0,0,0,0,0,0,0,0,0,0,0,4,0,155,216,200,230,144,185,178,143,86,199,241,220,27,0,0,0,0,0,0,0,0,0,0,0,0,0,6,0,137,208,179,210,226,227,231,237,232,235,203,208,30,0,0,0,0,0,0,0,0,0,0,0,0,0,0,0,143,212,191,209,208,213,217,216,219,213,191,198,10,0,0,0,0,0,0,0,0,0,0,0,0,0,0,0,153,203,193,225,208,216,221,220,218,199,200,217,0,0,0,0,0,0,0,0,0,0,0,0,0,1,0,0,176,201,199,214,208,220,216,229,215,188,202,206,0,0,0,0,0,0,0,0,0,0,0,0,0,1,0,32,211,203,203,212,213,221,221,225,218,189,203,204,0,0,0,0,0,0,0,0,0,0,0,0,4,0,0,138,220,184,210,217,215,221,220,223,218,191,199,219,0,0,0,0,0,0,0,0,0,0,0,5,0,0,103,223,199,190,221,216,218,221,220,221,222,199,196,242,17,0,0,0,0,0,0,0,3,4,2,0,0,108,218,201,183,207,221,212,215,220,219,219,220,208,193,211,77,0,0,4,4,3,6,0,0,0,0,16,135,215,193,171,187,215,217,215,214,218,220,220,221,206,185,208,144,0,2,0,0,0,0,0,5,54,128,180,198,203,190,187,213,230,215,216,216,216,222,222,216,210,191,203,208,0,0,17,97,117,140,168,178,165,48,45,158,165,200,241,240,237,226,222,219,224,224,229,230,229,189,197,238,19,0,167,184,118,50,91,120,163,142,183,210,184,223,236,244,238,230,212,203,214,200,206,219,231,203,192,224,38,171,216,188,192,175,173,178,207,210,212,216,219,227,234,230,194,161,152,168,189,171,172,169,180,193,199,248,42,129,213,210,201,201,201,214,226,224,234,247,243,235,183,185,193,208,234,229,225,212,222,221,218,213,200,237,39,0,49,182,204,217,211,208,221,231,232,221,202,193,211,235,240,254,203,126,213,207,206,206,208,204,190,202,35,0,0,0,14,103,178,239,251,246,238,247,255,255,230,139,38,0,0,0,231,236,220,255,255,219,206,255,68,1,1,0,0,0,0,2,47,92,100,90,52,10,0,0,0,0,0,0,81,68,56,56,54,49,49,38,0,0,0,0,0,0,0,0,0,0,0,0,0,0,0,0,0,0,0,0,0,0,0,0,0,0,0,0,0,0,0,0,0,0,0,0,0,0,0,0,0,0,0,0,0,0,0,0,0,0,0,0,0,0,0,0,0,0,0,0,0,0,0,0,0,0,0,0,0,0,0,0,0,0,0,0,0,0,0,0,0,0,0,0,0,6
0,0,0,0,0,0,0,0,0,0,0,0,0,0,0,0,0,0,0,0,0,0,0,0,0,0,0,0,0,0,0,0,0,0,0,0,0,0,0,0,0,0,0,0,0,0,0,0,0,0,0,0,0,0,0,0,0,0,0,0,0,0,0,0,0,0,0,0,0,0,0,0,0,0,0,0,0,0,0,0,0,0,0,0,0,0,0,0,0,0,0,0,0,0,0,0,0,0,0,0,0,0,0,0,0,0,0,0,0,0,0,0,0,0,0,0,0,0,0,0,0,0,0,0,0,0,0,0,0,0,0,0,0,0,0,0,0,0,0,0,0,0,0,0,0,0,0,0,0,0,0,0,2,0,46,219,194,197,215,202,0,0,0,0,0,0,0,0,0,0,0,0,0,0,0,0,0,0,0,0,2,0,58,239,172,181,179,234,236,211,207,184,140,131,25,0,0,0,0,0,0,0,0,0,0,0,0,0,1,0,74,230,167,202,229,223,228,241,241,243,233,230,53,0,0,0,0,0,0,0,0,0,0,0,0,0,0,0,120,223,201,224,241,225,226,227,226,226,213,196,8,0,0,0,0,0,0,0,0,0,0,0,0,3,0,3,200,173,193,203,205,235,236,236,232,233,213,234,19,0,0,0,0,0,0,0,0,0,0,0,0,0,0,108,208,181,177,196,201,194,167,235,230,219,210,218,92,0,0,0,0,0,0,0,0,0,0,1,2,0,0,140,213,202,205,213,212,181,185,187,192,198,203,212,149,0,0,0,0,0,0,0,0,0,0,0,2,0,5,170,185,215,210,215,219,185,214,207,243,254,234,219,170,0,0,0,0,0,0,0,0,0,0,4,0,0,135,202,194,186,194,213,223,235,243,230,176,129,175,213,215,1,0,0,0,0,0,0,0,0,1,0,0,155,193,200,200,203,228,225,223,200,139,41,17,34,174,211,222,38,0,0,0,0,0,0,0,0,2,0,70,181,172,162,198,215,223,187,149,173,161,170,224,255,252,197,214,49,0,0,0,0,3,4,4,0,0,0,145,199,179,168,209,208,182,162,203,242,255,255,228,205,195,193,228,46,0,2,3,0,0,0,0,0,32,148,167,161,170,219,208,191,204,245,234,190,178,176,185,199,212,208,239,67,0,0,0,0,0,0,55,118,125,115,150,194,201,188,206,186,227,175,179,216,218,219,212,198,187,175,205,22,0,8,116,149,108,99,87,41,0,95,164,171,207,235,178,186,203,243,255,212,197,182,186,184,186,189,211,5,1,162,191,187,176,143,115,126,154,166,189,194,212,217,201,223,255,193,56,0,183,206,189,192,189,188,195,0,91,201,202,201,201,208,207,200,199,210,223,226,217,213,235,222,65,0,0,0,191,188,183,182,183,188,178,0,0,31,110,151,192,180,190,196,235,246,213,214,243,223,106,0,0,0,0,0,222,212,225,234,229,211,192,0,0,0,0,0,0,0,8,21,35,36,48,47,43,0,0,0,2,0,0,0,87,95,67,66,56,70,45,0,0,0,0,0,0,0,0,0,0,0,0,0,0,0,0,0,0,0,0,0,0,0,0,0,0,0,0,0,0,0,0,0,0,0,0,0,0,0,0,0,0,0,0,0,0,0,0,0,0,0,0,0,0,0,0,0,0,0,0,0,0,0,0,0,0,0,0,0,0,0,0,0,0,0,0,0,0,0,0,0,0,0,0,0,0,0,0,0,0,0,0,0,0,0,0,0,0,0,0,0,0,0,0,0,0,0,0,0,0,0,0,0,6
0,0,0,0,0,0,0,0,0,0,0,0,0,0,0,0,0,0,0,0,0,0,0,0,0,0,0,0,0,0,0,0,0,0,0,0,0,0,0,0,0,0,0,0,0,0,0,0,0,0,0,0,0,0,0,0,0,0,0,0,0,0,0,0,0,0,0,0,0,0,0,0,0,0,0,0,0,0,0,0,0,0,0,0,0,0,0,0,0,0,0,0,0,0,0,0,0,0,0,0,0,0,0,0,0,0,0,0,0,0,0,0,0,0,0,0,0,0,0,0,0,0,0,0,0,0,0,0,0,0,0,0,0,0,0,0,0,0,0,0,0,0,0,0,0,0,0,0,0,0,0,0,0,0,0,0,0,98,117,21,0,0,0,0,0,0,0,0,0,0,0,0,0,0,0,0,0,0,0,0,0,3,4,0,160,186,182,249,192,126,77,43,23,22,0,0,0,0,0,0,0,0,0,0,0,0,0,0,0,3,0,0,194,207,177,221,218,227,231,236,227,199,8,0,0,0,0,0,0,0,0,0,0,0,0,0,0,4,0,30,255,174,182,212,207,200,201,209,208,180,0,0,0,0,0,0,0,0,0,0,0,0,0,0,0,7,0,0,187,193,197,179,183,203,206,196,203,184,0,0,0,1,0,0,0,0,0,0,1,1,0,2,0,0,13,221,233,210,200,164,197,189,196,185,191,210,0,0,0,1,0,0,0,0,0,0,0,0,2,0,0,68,251,186,136,216,160,180,201,199,195,195,185,217,6,0,0,0,1,4,3,2,2,2,0,2,0,0,156,255,148,127,154,164,179,202,197,202,200,198,178,201,108,0,0,1,0,0,0,0,0,0,0,0,22,243,206,123,131,173,178,181,189,199,205,205,201,194,195,194,199,0,0,0,0,18,4,0,0,0,13,40,141,147,121,159,187,178,187,189,196,203,208,200,200,198,197,187,221,21,0,55,164,161,161,155,149,157,164,191,167,149,184,179,177,184,188,194,199,199,198,199,200,199,196,186,232,58,0,190,160,149,150,155,157,155,153,165,178,191,191,195,195,196,199,200,203,200,202,195,199,201,196,182,227,47,94,190,184,176,166,160,165,178,173,175,183,185,189,189,201,210,202,191,184,199,204,209,215,213,214,209,238,68,159,203,191,186,185,185,181,178,180,179,177,174,181,191,201,203,212,228,234,226,216,212,212,208,208,201,210,172,0,137,180,205,208,206,193,188,189,189,191,193,202,204,218,228,238,186,114,168,216,200,204,205,206,203,207,189,0,0,0,73,160,179,204,213,222,220,219,227,217,218,188,55,0,0,0,29,255,217,213,216,213,207,206,177,0,0,0,0,0,0,9,43,103,114,110,135,106,35,0,0,0,0,0,0,20,17,5,4,3,2,2,0,0,0,3,1,0,0,0,0,0,0,0,0,0,0,0,5,0,0,0,0,0,0,0,0,0,0,0,0,0,0,0,0,0,0,0,0,0,0,0,0,0,0,0,0,0,0,0,0,0,0,0,0,0,0,0,0,0,0,0,0,0,0,0,0,0,0,0,0,0,0,0,0,0,0,0,0,0,0,0,0,0,0,0,0,0,0,0,0,0,0,0,0,0,0,0,0,0,0,0,0,0,0,0,0,0,0,0,0,0,0,0,0,0,0,0,0,0,0,0,0,0,0,0,0,0,0,0,0,0,0,0,0,0,0,0,0,0,0,0,0,0,0,0,0,0,0,0,0,0,0,0,0,0,0,0,0,0,0,0,0,0,0,0,0,0,0,0,0,6
0,0,0,0,0,0,0,0,0,0,0,0,0,0,0,0,0,0,0,0,0,0,0,0,0,0,0,0,0,0,0,0,0,0,0,0,0,0,0,0,0,0,0,0,0,0,0,0,0,0,0,0,0,0,0,0,0,0,0,0,0,0,0,0,0,0,0,0,0,0,0,0,0,0,0,0,0,0,0,0,0,0,0,0,0,0,0,0,0,0,0,0,0,0,1,0,0,4,0,0,87,138,33,8,0,0,0,0,0,0,45,39,0,0,0,0,0,0,0,0,0,1,0,0,0,9,0,114,235,198,198,236,210,184,155,106,25,18,103,70,0,0,0,0,0,0,0,0,0,1,0,0,0,10,0,90,192,181,193,193,202,210,218,228,231,227,92,0,0,0,0,0,0,0,0,0,0,1,0,0,0,8,0,136,198,184,193,188,189,180,187,188,207,180,0,0,0,0,0,0,0,0,0,0,0,1,0,0,0,7,0,132,191,189,198,190,187,190,191,196,213,117,0,0,0,0,0,0,0,0,0,0,0,0,0,0,0,0,0,192,196,184,197,188,186,191,195,186,202,25,0,3,0,0,0,0,0,0,0,0,0,0,0,0,2,0,0,222,180,184,196,192,193,202,190,191,193,0,0,0,0,0,0,0,0,0,0,0,0,0,0,0,4,0,6,202,174,191,196,196,196,199,187,203,125,0,7,0,0,0,0,0,0,0,0,0,0,0,0,0,5,0,132,210,187,199,200,198,191,191,187,208,62,0,3,0,0,0,0,0,0,0,0,1,1,1,0,1,0,0,152,195,191,199,204,192,191,191,188,237,0,0,2,0,0,0,0,0,0,0,0,0,0,0,0,2,0,0,201,203,197,199,193,198,200,201,206,172,0,0,0,0,0,0,0,0,0,1,0,0,0,0,1,4,0,35,218,187,202,212,192,199,199,199,222,175,0,0,0,0,1,0,0,0,0,0,0,0,0,0,4,0,0,202,198,181,213,205,192,188,193,197,206,235,0,0,2,0,0,0,0,0,0,0,0,1,0,5,0,0,161,199,184,201,203,198,198,187,189,195,200,207,7,0,4,0,1,0,1,2,0,1,1,2,2,0,0,160,215,173,196,193,196,199,193,187,210,218,203,210,50,0,4,0,0,0,0,0,0,2,6,0,0,5,173,201,145,206,207,198,198,189,197,214,220,204,192,215,98,0,5,0,0,0,0,0,0,0,0,0,50,162,207,145,181,212,200,195,191,191,216,218,198,190,176,208,136,0,6,0,0,21,141,184,157,147,136,168,184,170,170,170,215,212,221,212,202,215,231,207,193,188,166,200,145,0,6,0,0,141,153,156,169,168,177,171,154,158,186,185,206,217,210,216,216,222,207,197,184,191,196,200,170,0,2,0,79,198,187,178,167,163,155,161,166,174,190,182,189,197,197,187,192,216,221,227,215,201,190,190,182,0,0,2,16,138,203,215,204,184,169,181,177,182,184,180,186,199,219,226,255,220,200,199,199,203,198,193,188,4,0,2,0,0,77,180,197,243,237,220,213,208,218,235,248,250,208,162,71,189,208,185,191,207,215,213,226,0,0,1,0,0,0,0,23,57,95,115,144,155,158,125,70,25,0,0,0,103,159,127,130,150,169,142,57,0,1,0,0,0,0,0,0,0,0,0,0,0,0,0,0,0,0,0,0,0,0,0,0,0,0,0,0,0,0,0,0,0,0,0,0,0,0,0,0,0,0,0,0,0,0,0,0,0,0,0,0,0,0,0,0,0,0,0,6
0,0,0,0,0,0,0,0,0,0,0,0,0,0,0,0,0,0,0,0,0,0,0,0,0,0,0,0,0,0,0,0,0,0,0,0,0,0,0,0,0,0,0,0,0,0,0,0,0,0,0,0,0,0,0,0,0,0,0,0,0,0,0,0,0,0,0,0,0,0,0,0,0,0,0,0,0,0,0,3,0,16,0,0,0,0,0,0,0,0,0,0,0,0,0,1,0,1,0,2,2,3,0,1,3,1,1,0,26,233,2,0,0,0,0,0,0,0,0,0,0,1,0,1,0,0,0,0,0,0,0,0,0,0,0,0,80,155,0,0,0,0,0,0,0,0,0,0,0,0,0,0,0,6,0,62,200,34,0,0,0,0,106,209,213,124,0,0,0,0,0,0,0,0,0,0,0,0,0,0,0,3,0,139,198,158,154,224,219,230,224,198,213,134,0,0,0,0,0,0,0,0,0,0,0,0,0,0,2,0,0,173,169,203,228,231,227,221,206,193,214,141,0,0,0,0,0,0,0,0,0,0,0,1,0,0,4,0,27,213,176,207,209,221,222,227,205,197,212,168,0,0,0,0,0,0,0,0,0,0,0,0,0,0,0,0,101,202,182,216,218,225,223,228,203,195,215,171,0,0,0,0,0,0,0,0,0,0,0,0,0,2,0,0,186,193,203,214,221,225,222,226,203,196,214,189,0,0,0,0,0,0,0,0,0,0,0,0,0,0,0,82,221,177,213,212,222,224,224,225,202,207,207,234,1,0,0,0,1,0,0,0,0,0,0,0,1,0,0,190,182,196,216,212,221,221,221,223,203,207,199,210,34,0,0,0,0,0,0,0,0,0,0,0,6,0,76,221,180,200,214,215,222,223,218,214,202,203,199,215,82,0,0,0,0,0,0,0,0,0,0,0,0,0,178,188,180,207,212,216,221,222,219,217,200,205,201,208,144,0,0,0,0,0,0,0,0,0,0,5,0,55,222,176,183,214,210,216,215,209,201,203,197,198,195,203,183,0,0,0,0,0,0,0,0,0,2,0,0,171,182,173,191,210,210,212,202,187,183,189,198,187,189,198,200,0,0,0,0,0,0,0,1,2,0,0,110,197,159,177,179,191,187,184,171,177,196,204,190,193,182,193,194,0,0,0,0,0,1,5,1,0,0,73,191,145,153,162,165,166,161,167,169,194,192,189,182,194,199,198,231,39,0,2,2,0,0,0,0,0,75,193,154,161,158,157,155,157,165,184,177,186,223,213,226,216,223,201,233,55,2,0,0,0,1,27,85,156,199,163,170,151,146,151,159,184,189,179,220,255,238,218,217,213,227,210,223,22,0,11,152,179,181,194,199,172,145,141,148,141,158,174,184,183,200,236,255,85,168,241,215,223,232,208,221,7,0,124,179,174,172,165,164,157,164,164,157,174,187,188,184,225,219,153,0,0,174,232,215,220,221,205,215,0,89,200,183,181,170,166,166,154,161,170,182,183,189,197,232,204,36,0,0,0,192,228,211,215,215,201,206,0,0,62,143,194,218,229,231,236,220,230,224,212,212,238,101,0,0,0,0,0,219,247,228,255,228,214,229,0,0,0,0,0,0,35,63,89,119,133,128,107,61,0,0,0,1,0,0,0,92,143,107,113,99,91,64,0,0,0,0,0,0,0,0,0,0,0,0,0,0,0,0,0,0,0,0,0,0,0,0,0,0,0,0,0,0,0,0,0,0,0,0,0,0,0,0,0,0,0,0,0,0,0,0,0,0,0,0,0,0,0,0,0,6
0,0,0,0,0,0,0,0,0,0,0,0,0,0,0,0,0,0,0,0,0,0,0,0,0,0,0,0,0,0,0,0,0,0,0,0,0,0,0,0,0,0,0,0,0,0,0,0,0,0,0,0,0,0,0,0,0,0,0,0,0,0,0,0,0,0,0,0,0,0,0,0,0,0,0,0,0,0,0,0,0,0,0,0,0,0,0,0,0,0,0,0,0,0,0,0,0,0,0,0,0,0,0,0,0,0,0,0,0,0,0,0,0,0,0,0,0,0,0,0,0,0,1,0,1,0,0,0,0,0,59,48,0,0,0,0,0,3,1,0,0,0,0,0,0,0,0,0,0,0,0,0,0,0,3,0,56,152,110,154,78,1,0,0,0,0,0,0,0,0,0,0,0,0,0,0,0,0,0,0,0,0,4,0,77,171,113,106,207,208,186,170,155,156,5,0,0,0,0,0,0,0,0,0,0,0,0,0,0,0,3,0,2,140,135,107,207,221,211,209,208,199,17,0,0,0,0,0,0,0,0,0,0,1,0,0,1,3,0,29,214,192,111,114,183,219,208,200,199,167,0,0,0,0,0,0,0,0,0,0,0,1,0,0,0,6,0,26,190,61,133,135,108,154,171,176,186,145,0,0,0,0,0,0,0,0,0,0,0,0,0,0,1,0,0,138,128,125,147,143,144,125,113,108,124,89,0,0,0,0,0,0,0,0,0,0,0,0,0,0,1,0,0,129,79,154,155,135,144,148,139,148,148,101,0,0,1,0,0,0,0,0,1,1,0,3,3,2,5,0,87,167,111,138,143,143,145,145,155,126,151,153,0,0,1,0,0,0,1,1,0,0,1,4,2,0,0,58,175,108,136,146,137,148,145,140,144,130,143,197,35,0,0,1,1,0,0,0,0,0,1,2,0,0,135,111,84,65,110,125,156,152,155,166,150,122,119,162,70,0,0,0,0,0,0,0,0,0,3,0,2,111,176,133,83,119,136,148,148,140,150,151,138,131,137,152,116,0,2,3,2,2,3,2,3,0,0,0,201,131,103,78,129,106,131,137,144,147,148,139,130,118,126,138,139,0,1,0,0,0,0,0,0,0,1,38,194,98,100,130,147,129,148,155,152,137,119,123,128,113,116,125,158,4,0,9,42,47,36,34,48,70,89,93,109,123,129,130,146,130,130,138,152,143,129,140,141,139,115,124,143,2,0,59,110,92,93,100,94,89,92,91,101,109,104,107,115,124,135,133,141,137,121,117,129,117,121,116,121,0,33,125,101,76,85,96,85,104,107,99,109,103,115,108,103,113,117,114,116,123,133,139,150,167,186,193,254,34,94,198,161,141,101,93,69,86,83,75,99,89,106,117,126,141,170,191,208,213,199,237,224,219,205,190,182,44,11,116,176,193,188,183,169,153,138,130,124,128,153,185,211,218,218,207,204,145,170,163,170,170,174,166,183,65,0,0,19,87,154,185,186,198,205,224,221,197,199,190,161,103,44,13,0,0,238,219,224,227,231,189,245,87,2,0,0,0,0,0,25,59,76,87,96,124,57,68,0,0,0,0,0,1,92,83,80,64,59,49,27,0,0,0,0,0,0,0,0,0,0,0,0,0,0,0,0,0,0,0,0,0,0,0,0,0,0,0,0,0,0,0,0,0,0,0,0,0,0,0,0,0,0,0,0,0,0,0,0,0,0,0,0,0,0,0,0,0,0,0,0,0,0,0,0,0,0,0,0,0,0,0,0,0,0,0,0,0,0,0,0,0,0,0,0,0,6
0,0,0,0,0,0,0,0,0,0,0,0,0,0,0,0,0,0,0,0,0,0,0,0,0,0,0,0,0,0,0,0,0,0,0,0,0,0,0,0,0,0,0,0,0,0,0,0,0,0,0,0,0,0,0,0,0,0,0,0,0,0,0,0,0,0,0,0,0,0,0,0,0,0,0,0,0,0,0,0,0,0,0,0,0,0,0,0,0,0,0,0,0,0,0,0,0,0,0,0,0,0,0,0,0,0,0,0,0,0,0,0,0,0,0,0,0,0,0,0,0,0,0,0,0,0,0,0,0,0,0,70,50,57,0,0,0,0,0,0,0,0,0,0,0,0,0,0,0,0,0,0,0,0,0,11,37,35,94,197,202,196,119,14,22,11,0,0,0,0,0,0,0,0,0,0,0,0,0,0,0,4,0,134,174,184,195,199,206,193,195,200,185,180,40,0,0,0,0,0,0,0,0,0,0,0,0,0,0,5,0,114,168,170,186,194,211,194,187,190,181,183,35,0,0,0,0,0,0,0,0,0,0,0,0,0,0,1,0,92,168,173,185,197,209,188,184,188,181,172,20,0,0,0,0,0,0,0,0,0,0,0,0,0,0,4,0,91,166,156,173,185,194,183,189,192,184,192,8,0,0,0,0,0,0,0,0,0,0,0,0,0,0,1,0,99,192,153,163,202,208,178,190,186,184,178,0,0,0,0,0,0,0,0,0,0,0,0,0,0,0,0,0,133,185,148,156,203,215,172,195,184,184,177,0,0,0,0,0,0,0,0,0,0,0,0,0,0,1,0,0,151,154,162,174,206,204,174,191,179,179,187,0,0,0,0,0,0,0,0,0,0,0,0,1,0,0,0,45,185,169,168,173,211,208,177,186,178,179,195,0,0,0,0,0,0,0,0,0,0,0,0,1,4,0,16,141,176,169,163,178,210,206,181,193,180,174,183,0,0,0,0,0,0,0,0,0,0,1,2,0,0,35,120,155,179,174,172,186,203,198,180,184,170,168,178,0,0,0,0,0,0,0,0,3,4,0,0,0,68,152,112,129,169,170,168,175,202,187,178,180,179,181,208,5,0,0,1,1,3,3,0,0,0,0,54,118,128,111,120,113,138,151,169,169,176,180,190,190,199,187,191,33,0,0,0,0,0,0,0,5,64,130,146,100,90,104,107,120,154,170,184,198,180,184,198,203,200,186,192,77,0,0,0,69,100,120,136,152,141,108,83,87,113,118,128,143,160,177,184,191,191,192,201,202,199,190,190,114,0,0,66,123,86,106,112,104,81,78,95,107,120,142,163,183,194,208,206,190,174,187,187,179,187,184,188,112,0,0,120,153,149,125,104,97,102,110,121,127,142,151,163,174,179,188,180,171,176,206,203,205,209,195,188,148,0,84,165,156,166,170,169,177,183,166,166,170,171,187,180,188,196,200,210,200,196,186,186,184,176,186,173,175,37,0,115,154,172,181,201,185,179,195,184,179,207,193,201,226,235,226,203,222,206,215,219,214,224,203,199,255,79,0,0,0,31,81,70,167,186,114,190,194,125,202,167,41,17,0,0,113,234,141,137,192,135,141,134,57,1,0,0,0,0,0,0,0,0,0,0,0,0,0,0,0,0,0,0,0,0,0,0,0,0,0,0,0,0,0,0,0,0,0,0,0,0,0,0,0,0,0,0,0,0,0,0,0,0,0,0,0,0,0,0,0,0,0,0,0,0,0,0,0,0,0,0,0,0,0,0,0,0,0,0,0,0,0,0,0,0,0,0,0,0,6
0,0,0,0,0,0,0,0,0,0,0,0,0,0,0,0,0,0,0,0,0,0,0,0,0,0,0,0,0,0,0,0,0,0,0,0,0,0,0,0,0,0,0,0,0,0,0,0,0,0,0,0,0,0,0,0,0,0,0,0,0,0,0,0,0,0,0,0,0,0,0,0,0,0,0,0,0,0,0,0,0,0,0,0,0,0,0,0,0,0,0,0,0,0,0,0,0,0,0,0,0,0,0,0,0,0,0,0,0,0,0,0,0,0,0,0,0,0,0,0,0,0,0,0,0,0,0,0,0,2,1,0,2,0,3,0,0,0,0,0,0,0,0,0,0,0,0,0,0,0,0,0,0,1,5,5,8,3,1,3,0,0,0,23,183,90,0,3,0,0,0,0,0,0,0,0,1,1,0,1,2,0,0,0,0,0,0,0,0,0,60,194,225,97,0,3,0,0,0,0,0,0,0,0,0,1,0,2,0,12,113,118,103,114,150,123,9,15,193,195,72,0,2,0,0,0,0,0,0,0,0,0,1,2,0,2,0,27,184,198,181,168,184,213,149,187,204,62,0,1,0,0,0,0,0,0,0,0,0,0,0,0,1,1,1,0,35,46,61,92,159,147,174,242,152,0,2,0,1,0,0,0,0,0,0,0,0,0,0,0,1,0,0,0,0,0,0,0,0,52,229,193,0,0,0,2,1,0,0,0,0,0,0,0,0,0,0,0,0,0,0,1,3,4,0,1,0,126,242,78,0,0,0,0,0,0,1,1,1,1,2,1,4,2,0,0,0,1,1,3,0,0,0,0,0,182,239,3,0,0,56,114,198,91,0,0,0,2,5,0,0,0,0,0,2,1,1,1,0,0,2,0,1,196,204,85,135,207,207,164,160,91,0,0,1,0,0,0,98,143,27,0,0,0,3,1,0,1,0,0,49,209,171,181,161,145,120,116,167,51,0,1,0,0,108,176,234,214,145,108,30,0,0,3,1,0,0,137,206,163,122,131,136,146,152,142,181,35,3,4,0,1,219,254,249,231,208,186,174,109,10,0,0,28,208,198,127,134,152,151,151,149,139,138,179,19,0,0,0,7,223,247,233,208,149,140,208,214,181,49,69,229,150,125,143,142,141,143,147,147,146,145,174,6,63,101,14,95,152,186,171,141,170,242,234,229,220,214,190,124,141,149,145,145,148,152,150,150,149,153,162,0,85,187,157,204,215,202,240,246,131,119,238,190,170,150,124,145,136,141,142,140,143,149,143,138,135,152,148,0,76,156,122,116,125,150,173,187,181,170,190,153,135,130,134,132,140,137,137,137,141,146,143,148,142,157,138,0,30,171,167,140,137,131,119,117,125,128,122,123,129,139,139,140,142,146,146,143,146,148,142,148,140,164,124,0,0,5,127,182,162,157,145,146,146,141,145,145,140,142,140,137,134,131,132,132,135,139,142,141,137,154,104,0,1,0,0,20,107,148,182,179,169,162,154,154,161,163,168,173,179,180,178,178,180,181,172,176,162,204,92,0,0,2,0,0,0,0,16,41,70,85,94,96,90,75,68,56,47,41,38,41,50,53,85,91,80,100,29,0,0,0,0,0,0,0,0,0,0,0,0,0,0,0,0,0,0,0,0,0,0,0,0,0,0,0,0,0,0,0,0,0,0,0,0,0,0,0,0,0,0,0,0,0,0,0,0,0,0,0,0,0,0,0,0,0,0,0,0,0,0,0,0,0,0,0,0,0,0,0,0,0,0,0,0,0,0,0,0,0,0,0,0,0,6
0,0,0,0,0,0,0,0,0,0,0,0,0,0,0,0,0,0,0,0,0,0,0,0,0,0,0,0,0,0,0,0,0,0,0,0,0,0,0,0,0,0,0,0,0,0,0,0,0,0,0,0,0,0,0,0,0,0,0,0,0,0,0,0,0,0,0,0,0,0,0,0,0,0,0,0,0,0,0,0,0,0,0,0,0,0,0,0,0,0,0,0,0,0,0,0,0,0,0,0,0,0,0,0,0,0,0,0,0,0,0,0,0,0,0,0,0,0,0,0,0,0,0,0,0,0,0,0,0,0,0,0,0,0,0,0,0,0,0,0,0,0,0,0,0,0,0,0,0,0,0,0,0,1,0,0,0,0,0,2,2,0,0,0,0,28,180,35,0,0,0,0,0,0,0,0,0,0,0,0,0,0,1,32,39,0,0,0,0,19,25,9,0,146,154,1,0,0,0,0,0,0,0,0,0,0,0,4,0,14,171,194,201,231,100,50,123,202,207,202,167,195,85,0,0,0,0,0,0,0,0,0,0,0,0,5,0,39,205,178,176,214,147,118,222,204,205,215,184,188,49,0,0,0,0,0,0,0,0,0,0,0,0,1,0,74,190,167,183,198,102,115,215,163,188,204,170,178,33,0,0,0,0,0,0,0,0,0,0,0,0,0,0,92,169,184,207,243,128,156,255,221,228,193,173,225,26,0,0,0,0,1,2,0,0,0,0,0,2,0,0,149,174,208,183,167,98,128,191,176,222,236,171,225,38,0,1,0,0,0,1,0,0,2,4,0,0,0,135,174,197,123,47,80,108,116,121,123,142,245,176,191,87,0,2,0,4,4,2,5,2,0,0,0,15,109,143,123,184,61,81,112,116,126,132,129,100,205,185,191,170,0,0,2,0,0,0,0,0,5,66,138,142,128,131,154,174,85,85,115,116,112,135,133,125,202,201,173,190,0,1,0,0,15,40,122,129,159,167,135,140,118,135,147,180,119,94,119,125,128,136,133,145,226,160,150,201,7,0,22,138,139,149,191,123,125,111,102,147,149,135,160,184,190,121,121,131,132,128,126,201,226,149,142,208,53,0,126,146,143,139,139,107,143,147,152,176,181,195,187,184,209,181,133,131,118,132,187,224,200,166,159,202,64,64,142,109,142,221,211,173,180,166,154,176,173,174,200,202,208,221,201,218,222,212,218,200,209,188,162,216,77,46,197,146,128,111,150,171,171,174,198,212,204,198,219,233,228,216,208,214,207,198,188,191,198,188,178,205,56,0,59,184,185,181,169,164,171,160,159,156,152,156,157,163,167,170,171,176,185,183,176,177,174,171,166,174,43,0,0,0,70,174,204,226,226,225,226,222,219,216,209,212,209,211,208,209,219,221,224,228,226,221,204,224,50,1,0,0,0,0,5,46,71,107,129,139,152,154,160,164,164,170,174,174,166,156,156,142,128,107,91,73,0,0,0,0,0,0,0,0,0,0,0,0,0,0,0,0,0,0,0,0,0,0,0,0,0,0,0,0,0,0,0,0,0,0,0,0,0,0,0,0,0,0,0,0,0,0,0,0,0,0,0,0,0,0,0,0,0,0,0,0,0,0,0,0,0,0,0,0,0,0,0,0,0,0,0,0,0,0,0,0,0,0,0,0,0,0,0,0,0,0,0,0,0,0,0,0,0,0,0,0,0,0,0,0,0,0,0,0,0,0,0,0,0,0,0,0,0,0,0,0,0,0,0,0,0,0,0,0,0,0,0,0,0,0,0,0,0,0,0,0,0,6
0,0,0,0,0,0,0,0,0,0,0,0,0,0,0,0,0,0,0,0,0,0,0,0,0,0,0,0,0,0,0,0,0,0,0,0,0,0,0,0,0,0,0,0,0,0,0,0,0,0,0,0,0,0,0,0,0,0,0,0,0,0,0,0,0,1,1,0,2,0,0,0,0,0,3,0,4,1,2,2,0,56,35,0,0,0,0,0,0,0,0,0,0,0,1,0,4,0,47,166,51,0,0,0,0,0,0,0,0,142,145,0,0,0,0,0,0,0,0,0,1,1,0,0,4,0,72,161,173,132,108,140,137,133,136,155,106,139,86,0,0,0,0,0,0,0,0,0,1,0,0,0,0,0,106,151,150,148,177,191,188,186,191,186,182,185,94,0,0,0,0,0,0,0,0,0,0,0,0,2,0,0,168,188,158,93,159,173,159,158,166,165,155,175,145,0,0,0,0,0,0,0,0,0,0,0,0,5,0,44,214,146,144,141,178,175,174,171,189,174,158,178,150,0,0,0,0,0,0,0,0,0,0,0,0,4,0,10,185,204,144,151,175,169,163,168,176,168,173,165,210,0,0,0,0,0,0,0,0,0,0,0,0,0,0,51,178,148,143,161,173,169,163,171,171,168,180,147,246,79,0,0,0,0,0,0,0,0,0,0,0,0,0,121,199,169,149,169,166,165,163,174,170,177,172,152,191,13,0,0,0,0,0,0,0,0,1,0,0,0,0,147,158,147,155,159,177,181,180,178,185,173,160,174,202,0,0,0,0,0,0,0,0,0,0,0,4,0,6,229,199,131,142,154,167,175,172,170,160,171,189,177,214,52,0,0,0,0,0,0,0,0,0,0,2,0,110,165,152,139,152,160,164,178,172,178,170,193,189,161,193,109,0,0,0,0,0,0,0,0,1,0,0,0,222,193,125,148,155,157,168,178,176,181,186,174,177,175,172,137,1,1,0,0,0,0,0,0,3,0,0,155,157,155,132,108,141,166,169,175,180,186,182,166,181,167,153,145,0,0,0,0,0,0,0,0,0,0,72,233,167,138,135,138,169,174,171,174,170,180,164,172,178,169,161,128,0,2,4,3,1,0,0,0,0,56,193,141,147,127,122,130,152,157,158,154,154,175,170,174,160,151,165,110,0,0,0,0,0,0,0,0,0,163,179,124,120,126,134,151,150,144,168,160,161,169,152,156,169,185,210,165,0,0,29,28,0,0,0,0,53,147,119,171,171,181,189,190,187,191,174,153,170,191,188,207,224,222,201,182,0,139,176,144,126,100,78,93,123,171,189,146,134,131,153,154,157,150,201,224,220,216,208,209,201,191,194,173,41,174,165,152,151,153,162,165,144,142,110,97,161,168,164,160,168,212,255,172,178,205,192,197,199,195,202,169,153,199,182,167,162,146,108,124,135,98,117,171,164,158,161,190,227,185,19,0,124,231,198,200,206,203,203,162,40,152,194,201,195,180,151,104,98,148,149,148,146,179,218,255,72,0,0,0,131,207,195,198,198,194,202,171,0,0,1,72,159,210,234,241,239,232,234,235,219,255,192,0,0,0,0,0,126,231,218,252,252,252,255,186,0,0,0,0,0,0,23,55,76,124,138,127,101,39,0,0,3,0,0,0,15,68,49,47,40,40,33,0,0,0,0,0,0,0,0,0,0,0,0,0,0,0,0,0,0,0,0,0,0,0,0,0,0,0,0,0,0,0,0,0,0,0,0,0,0,0,0,0,0,0,0,0,0,0,0,0,0,0,0,0,0,0,0,0,6
0,0,0,0,0,0,0,0,0,0,0,0,0,0,0,0,0,0,0,0,0,0,0,0,0,0,0,0,0,0,0,0,0,0,0,0,0,0,0,0,0,0,0,0,0,0,0,0,1,0,0,109,7,0,0,0,0,0,0,0,0,0,0,0,0,0,0,0,0,0,0,0,2,3,3,1,2,0,0,255,209,0,0,1,0,0,0,0,0,0,0,0,0,0,0,0,0,0,0,0,0,0,0,0,0,0,0,30,255,57,0,3,0,0,0,0,0,0,0,0,0,0,0,0,0,0,0,0,0,20,29,22,42,56,78,89,220,153,0,0,0,0,0,0,0,0,0,0,0,0,0,0,0,4,0,12,232,193,190,169,194,213,231,225,195,210,27,0,0,0,0,0,0,0,0,0,0,0,0,0,0,6,0,25,217,204,215,171,217,218,188,189,194,206,47,0,0,0,0,0,0,0,0,0,0,0,0,0,0,5,0,39,218,215,220,163,201,214,216,202,185,207,75,0,0,0,0,0,0,0,0,0,0,0,0,0,0,4,0,55,220,207,201,173,231,206,214,192,195,253,54,0,0,0,0,0,0,0,0,0,0,0,0,0,0,2,0,65,239,234,235,169,223,212,202,202,197,248,34,0,0,0,0,0,0,0,0,0,0,0,0,0,0,0,0,181,190,165,120,154,234,203,214,218,195,236,66,0,0,0,0,0,0,0,0,0,0,2,1,0,0,0,0,249,174,79,162,220,215,202,214,222,209,218,131,0,0,0,0,0,0,0,0,0,0,3,1,0,1,0,18,160,135,213,136,225,207,210,228,218,201,214,197,0,0,0,0,0,0,0,0,0,0,0,0,0,0,0,111,152,203,96,225,233,204,217,213,199,188,215,225,0,0,0,0,0,0,0,1,0,0,0,0,0,0,56,236,205,108,204,190,222,207,223,223,210,200,208,239,10,0,0,0,0,0,0,0,0,0,0,1,0,74,178,41,152,153,202,209,205,223,222,214,206,186,204,234,36,0,0,0,0,1,1,2,0,0,5,0,23,254,220,250,113,207,221,204,215,219,212,216,206,209,194,228,64,0,0,0,0,1,3,9,0,0,0,45,226,211,204,235,225,231,218,212,218,218,218,214,202,205,188,238,73,0,0,1,1,0,0,0,0,2,135,227,202,192,193,195,208,201,209,217,221,218,206,197,180,174,190,233,31,0,0,0,0,0,0,18,101,210,227,186,199,206,207,202,203,203,208,214,218,211,188,181,201,220,207,210,79,0,0,0,116,183,196,216,216,177,175,200,213,210,202,201,195,209,206,204,202,206,239,230,200,155,102,65,15,0,7,183,218,212,215,207,205,208,208,203,200,201,200,202,200,210,218,211,226,241,191,159,75,15,0,0,0,0,118,246,213,219,215,212,200,192,193,187,182,185,189,192,184,197,218,226,224,164,92,7,0,0,4,22,10,4,164,186,204,209,218,220,222,222,233,225,216,210,209,223,234,218,215,196,136,64,0,0,6,13,5,0,0,7,114,124,127,142,144,156,171,181,185,198,206,199,192,188,181,169,138,100,24,0,4,6,0,0,0,0,0,0,13,34,37,49,57,62,60,56,54,64,68,65,69,70,58,34,15,0,0,0,0,0,0,0,0,0,0,0,0,0,0,0,0,0,0,0,0,0,0,0,0,0,0,0,0,1,1,1,1,0,1,1,0,1,0,0,0,0,0,0,0,0,0,0,0,0,0,0,0,0,0,0,0,0,0,0,0,0,0,0,0,0,0,6
0,0,0,0,0,0,0,0,0,0,0,0,0,0,0,0,0,0,0,0,0,0,0,0,0,0,0,0,0,0,0,0,0,0,0,0,0,0,0,0,0,0,0,0,0,0,0,0,0,0,0,0,0,0,3,0,0,0,0,0,0,0,0,0,0,0,0,0,0,0,3,4,3,1,0,0,127,205,179,110,99,20,0,2,0,0,0,0,0,0,0,0,0,2,0,0,0,0,0,0,0,0,0,127,255,235,255,255,255,93,0,6,0,0,0,0,0,0,0,0,0,5,1,1,0,0,12,0,3,0,0,248,255,203,152,218,242,1,0,3,0,0,0,0,0,0,0,0,0,0,2,5,0,99,235,222,233,255,12,204,253,247,102,163,255,0,0,2,0,0,0,0,0,0,0,0,0,1,0,0,0,180,247,225,225,255,135,91,255,163,130,103,243,14,0,1,0,0,0,0,0,0,0,0,0,1,2,0,0,228,178,233,225,225,221,192,251,255,200,135,249,13,0,1,0,0,0,0,0,0,0,0,0,0,3,0,35,240,46,214,116,43,255,255,171,167,255,121,217,34,0,2,0,0,0,0,0,0,0,0,0,0,1,0,98,216,196,255,149,0,201,255,45,17,231,35,255,47,0,1,0,0,0,0,0,0,0,0,0,1,0,0,192,233,98,77,245,234,255,247,122,105,249,73,255,215,0,0,0,0,0,0,0,0,0,0,0,1,0,31,203,237,5,81,140,95,158,238,255,208,255,160,136,130,0,0,0,0,0,0,0,0,0,0,0,2,0,89,210,111,255,161,89,206,87,254,189,255,233,247,217,222,107,0,0,0,0,0,0,0,0,0,1,0,0,218,156,125,122,115,212,123,102,255,144,137,121,173,255,255,240,0,0,0,0,0,0,0,0,0,3,0,71,250,68,170,133,224,206,124,236,254,182,48,226,116,48,60,248,26,0,0,0,0,0,0,0,0,0,0,146,229,176,97,87,129,223,100,178,255,239,93,171,255,158,134,255,68,0,0,0,0,1,4,0,0,0,2,168,108,168,121,227,92,221,131,121,255,193,186,255,240,255,253,255,79,0,0,0,0,1,2,0,0,0,139,178,85,63,214,159,131,202,181,135,254,238,237,240,234,228,217,255,90,0,0,0,0,1,1,2,0,61,132,100,98,134,255,186,131,179,164,148,251,231,237,237,240,239,227,255,116,0,2,4,0,0,0,0,34,231,117,255,133,202,254,240,129,147,137,193,251,233,237,240,240,240,230,255,101,0,0,0,0,0,14,96,255,204,125,87,78,157,170,255,204,40,0,202,255,233,237,237,239,240,228,255,97,0,0,32,39,111,203,220,49,48,159,117,140,151,104,243,254,233,247,255,235,246,243,243,242,244,230,255,83,1,241,200,122,139,2,87,131,212,249,255,253,165,113,78,209,255,226,0,187,255,234,248,239,239,227,255,86,133,244,210,221,228,228,232,255,255,239,235,255,193,134,172,227,162,0,0,226,255,239,239,235,238,232,255,85,59,229,241,232,225,233,228,225,226,231,232,235,233,242,255,87,0,0,0,223,249,234,229,234,239,236,252,78,0,11,105,193,243,222,235,241,251,247,252,252,240,204,12,0,0,0,0,241,255,248,251,251,252,250,255,73,0,0,0,0,0,0,20,57,100,142,157,115,34,0,0,0,0,0,0,137,207,179,162,153,138,131,119,0,0,2,3,0,0,0,0,0,0,0,0,0,0,0,1,0,0,0,0,0,0,0,0,0,0,0,0,0,6
0,0,0,0,0,0,0,0,0,0,0,0,0,0,0,0,0,0,0,0,0,0,0,0,0,0,0,0,0,0,0,0,0,0,0,0,0,0,0,0,0,0,0,0,0,0,0,0,0,0,0,0,0,0,0,0,0,0,0,0,0,0,0,0,0,0,0,0,0,0,0,0,0,0,0,0,0,0,0,0,0,0,0,0,0,0,0,0,0,0,0,0,0,0,0,0,0,0,0,0,0,92,107,0,0,0,0,0,0,0,0,0,0,0,0,0,0,0,0,0,0,0,0,0,0,1,0,0,213,219,229,226,195,153,87,39,7,0,0,0,0,0,0,0,0,0,0,0,0,0,0,0,0,5,0,28,238,217,223,233,241,250,254,244,226,234,123,0,0,0,0,0,0,0,0,0,0,0,0,0,0,8,0,114,234,217,224,225,225,229,228,232,223,248,100,0,0,0,0,0,0,0,0,0,0,0,0,0,0,2,0,223,228,213,229,227,235,233,233,234,225,246,89,0,0,0,0,0,0,0,0,0,0,0,0,0,2,0,0,218,228,222,233,238,236,236,238,234,230,237,207,0,0,0,0,0,0,0,0,0,0,0,0,0,4,0,14,236,223,226,230,234,235,236,234,234,234,240,222,0,0,0,0,0,0,0,0,0,0,0,0,0,5,0,49,234,220,222,228,230,232,238,239,238,233,254,107,0,0,0,0,0,0,0,0,0,0,0,0,0,0,0,159,225,218,228,229,232,235,240,237,236,232,245,45,0,0,0,0,0,0,0,0,0,0,0,0,0,0,0,236,225,225,232,234,238,234,231,235,236,231,248,51,0,0,0,0,0,0,0,0,0,0,0,0,2,0,0,240,198,218,235,230,233,236,230,233,237,225,248,88,0,0,0,0,0,0,0,0,0,0,0,3,0,0,174,250,202,232,231,230,230,236,230,228,243,228,245,153,0,0,0,0,0,0,0,0,0,0,4,0,0,219,229,215,232,229,235,232,233,233,234,232,238,226,239,207,0,0,0,0,0,0,0,0,0,1,0,0,166,235,213,228,231,239,234,234,234,233,236,234,231,228,233,252,0,1,0,3,6,6,6,1,0,0,0,173,233,210,232,234,235,231,234,236,233,231,229,231,237,238,227,255,37,0,2,0,0,0,0,0,0,0,129,255,217,229,240,237,234,229,231,234,235,238,239,239,242,238,228,255,86,0,0,0,51,46,67,125,192,255,255,225,234,238,231,239,236,235,237,234,232,231,229,232,230,221,219,255,119,0,89,208,227,235,236,239,236,227,231,161,200,242,228,230,226,227,229,226,225,221,220,223,227,220,214,255,121,0,198,231,211,220,219,218,220,226,236,226,229,227,230,233,233,227,233,225,224,240,234,230,231,235,226,255,89,74,222,217,218,219,219,226,229,227,231,232,234,236,235,229,221,224,228,235,238,237,237,231,226,219,206,239,36,33,159,213,226,227,226,226,228,229,226,226,225,223,227,233,239,241,255,238,203,205,185,188,189,192,196,231,35,0,0,43,134,194,237,250,254,255,255,255,255,255,255,255,203,129,51,0,81,255,224,238,243,250,219,255,60,0,0,0,0,0,6,38,57,78,103,119,126,123,82,7,0,0,0,0,59,199,136,148,133,117,100,80,0,0,0,0,0,0,0,0,0,0,0,0,0,0,0,0,0,0,0,0,0,0,0,0,0,0,0,0,0,0,0,0,0,0,0,0,0,0,0,0,0,0,0,0,0,0,0,0,0,0,0,0,0,0,0,0,0,6
0,0,0,0,0,0,0,0,0,0,0,0,0,0,0,0,0,0,0,0,0,0,0,0,0,0,0,0,0,0,0,0,0,0,0,0,0,0,0,0,0,0,0,0,0,0,0,0,0,0,0,0,0,0,0,0,0,0,0,0,0,0,0,0,0,0,0,0,0,0,0,0,0,0,0,0,0,0,0,0,0,0,0,0,0,0,0,0,0,0,0,0,0,0,0,0,0,0,0,0,0,0,0,0,0,0,0,0,0,0,0,0,0,0,0,0,0,0,0,0,0,0,1,0,0,0,0,0,0,0,0,0,1,0,4,76,151,13,0,0,0,0,0,0,0,0,0,0,0,0,1,0,0,0,0,23,55,104,164,194,209,209,199,203,201,123,0,2,0,0,0,0,0,0,0,0,0,0,2,0,15,185,173,188,199,203,202,200,176,203,188,193,203,164,0,0,0,0,0,0,0,0,0,0,0,0,4,0,55,192,182,180,187,182,172,182,203,206,200,131,1,0,0,0,0,0,0,0,0,0,0,0,0,0,0,0,110,187,176,187,192,178,186,183,180,200,210,160,0,0,0,0,0,0,0,0,0,0,0,0,0,1,0,0,174,185,183,185,183,176,182,179,172,179,193,239,25,0,1,0,0,0,0,0,0,0,0,0,0,0,0,54,187,164,181,176,176,189,189,183,183,189,192,207,85,0,2,0,1,0,0,0,0,0,0,0,1,0,0,157,165,152,178,179,172,185,189,179,182,181,188,202,121,0,2,0,1,0,1,0,1,1,0,1,0,0,83,182,152,164,176,181,180,182,179,176,197,190,196,206,153,0,0,0,0,0,0,0,0,2,3,0,0,38,170,156,154,170,170,180,193,189,181,194,206,199,216,195,215,13,36,3,1,0,0,0,0,0,0,0,22,165,157,147,158,158,165,187,199,197,192,197,221,239,197,209,234,161,121,45,1,0,0,0,0,0,4,71,161,165,164,165,156,182,224,185,183,203,201,231,216,192,190,200,213,152,44,25,0,1,0,0,121,172,166,172,163,159,160,159,180,170,1,0,132,237,192,116,59,85,203,209,197,108,65,8,0,0,0,34,164,159,160,154,159,167,179,139,255,31,0,150,140,71,40,44,83,110,209,214,185,55,72,0,17,45,5,93,166,156,166,171,179,180,179,171,228,119,138,98,48,65,73,78,67,102,185,203,157,53,57,0,25,73,53,189,188,174,178,174,178,187,181,188,158,102,67,55,71,76,73,85,74,102,164,193,147,65,32,0,1,57,27,68,123,143,168,186,200,206,199,193,89,53,60,83,87,76,74,81,76,128,172,186,139,61,8,0,4,81,95,44,24,23,29,37,33,47,48,40,46,69,68,65,66,64,68,73,50,96,114,96,74,51,0,0,0,0,40,87,103,96,79,71,71,61,60,65,69,71,76,82,89,93,94,100,98,97,94,96,109,38,0,1,0,0,0,0,16,39,64,79,87,90,98,91,85,82,72,57,46,48,43,27,61,95,93,88,91,0,0,0,0,0,0,0,0,0,0,0,0,0,0,0,0,0,0,0,0,0,0,0,0,0,0,0,0,0,0,0,0,0,0,0,0,0,0,0,0,0,0,0,0,0,0,0,0,0,0,0,0,0,0,0,0,0,0,0,0,0,0,0,0,0,0,0,0,0,0,0,0,0,0,0,0,0,0,0,0,0,0,0,0,0,0,0,0,0,0,0,0,0,0,0,0,0,0,0,0,0,0,0,0,0,0,0,0,0,0,0,0,0,0,0,6
0,0,0,0,0,0,0,0,0,0,0,0,0,0,0,0,0,0,0,0,0,0,0,0,0,0,0,0,0,0,0,0,0,0,0,0,0,0,0,0,0,0,0,0,0,0,0,0,0,0,0,0,0,0,0,0,0,0,0,0,0,0,0,0,0,0,0,0,0,0,0,0,0,0,0,0,0,0,0,0,0,0,0,0,0,0,0,0,0,0,0,0,0,0,0,0,0,0,0,0,0,0,0,0,0,0,0,0,0,0,0,0,0,0,0,0,0,0,0,0,0,0,0,0,0,0,0,0,0,0,0,0,0,0,0,0,0,0,0,0,0,0,0,0,0,0,0,0,0,0,0,0,0,0,0,0,0,0,0,0,0,0,1,0,21,43,0,1,0,0,0,0,0,0,0,0,0,0,0,0,0,0,1,1,4,4,2,0,0,0,2,0,26,142,26,0,0,0,0,0,0,0,0,0,0,0,0,0,0,0,1,0,0,0,0,1,8,3,4,0,0,132,110,0,0,0,0,0,0,0,0,0,0,0,0,0,0,1,0,0,80,39,0,0,0,0,0,0,0,52,84,0,0,0,0,0,0,0,0,0,0,0,0,0,0,5,0,54,203,187,208,145,132,130,97,191,200,217,54,0,0,0,0,0,0,0,0,0,0,0,0,0,0,0,0,125,189,171,204,224,221,217,227,192,191,211,53,0,0,0,0,0,0,0,0,0,0,0,0,0,3,0,0,209,174,186,210,203,200,204,205,197,195,211,47,0,0,0,0,0,0,0,0,0,0,0,0,1,1,0,110,204,163,205,218,206,206,204,210,196,194,216,69,0,0,0,0,0,0,0,0,0,0,0,1,0,0,40,209,170,185,212,203,204,203,196,205,190,194,214,133,0,1,0,0,0,0,0,0,0,0,3,0,0,40,195,186,157,189,198,201,200,198,199,211,182,187,199,189,0,0,1,3,5,4,2,0,2,0,0,0,87,201,178,157,176,206,204,198,196,200,210,210,179,188,191,231,7,2,0,0,0,0,0,0,0,0,0,138,199,154,163,175,178,208,208,199,198,202,200,179,179,181,178,229,62,0,0,29,49,39,12,1,8,58,184,182,149,161,162,171,171,183,182,182,181,179,174,190,189,188,182,224,84,0,122,153,155,155,176,174,179,192,168,157,167,164,166,175,182,182,185,189,185,194,199,197,196,194,188,219,66,87,191,160,152,151,152,159,160,161,164,168,171,176,175,176,180,178,187,197,196,203,205,201,203,201,195,233,43,29,133,184,202,198,192,185,176,168,167,172,176,184,188,195,206,210,252,232,207,193,190,180,187,191,189,196,38,0,0,0,56,122,169,205,226,236,238,245,247,242,240,223,178,118,59,0,150,254,215,228,230,229,199,255,39,0,0,0,0,0,0,0,0,28,54,50,47,48,14,0,0,0,0,0,42,106,61,64,62,61,64,61,0,0,0,0,0,0,0,0,0,0,0,0,0,0,0,0,0,0,0,0,0,0,0,0,0,0,0,0,0,0,0,0,0,0,0,0,0,0,0,0,0,0,0,0,0,0,0,0,0,0,0,0,0,0,0,0,0,0,0,0,0,0,0,0,0,0,0,0,0,0,0,0,0,0,0,0,0,0,0,0,0,0,0,0,0,0,0,0,0,0,0,0,0,0,0,0,0,0,0,0,0,0,0,0,0,0,0,0,0,0,0,0,0,0,0,0,0,0,0,0,0,0,0,0,0,0,0,0,0,0,0,0,0,0,0,0,0,0,0,0,0,6
0,0,0,0,0,0,0,0,0,0,0,0,0,0,0,0,0,0,0,0,0,0,0,0,0,0,0,0,0,0,0,0,0,0,0,0,0,0,0,0,0,0,0,0,0,0,0,0,0,0,0,0,0,0,0,0,0,0,0,0,0,0,0,0,0,0,0,0,0,0,0,0,0,0,0,0,0,0,0,0,0,0,0,0,0,0,0,0,0,0,0,0,0,0,0,0,0,0,0,0,0,0,0,0,0,0,0,0,0,0,0,0,0,0,0,0,0,0,0,0,0,0,0,0,0,0,0,0,120,74,11,38,15,0,0,0,0,0,0,0,0,0,0,0,0,0,0,0,0,0,0,0,0,1,0,53,192,184,205,220,221,216,213,193,163,111,22,0,0,0,0,0,0,0,0,0,0,0,0,0,0,0,0,204,181,156,159,168,163,152,160,159,160,177,110,0,0,0,0,0,0,0,0,0,0,0,0,0,2,0,7,173,212,166,128,199,170,172,172,154,150,170,70,0,0,0,0,0,0,0,0,0,0,0,0,0,0,0,219,255,213,208,143,188,166,159,159,164,155,170,82,0,0,0,0,0,0,0,0,0,0,0,0,0,0,0,30,208,193,138,140,185,162,162,147,150,166,171,61,0,0,0,0,0,0,0,0,0,0,0,0,0,0,0,212,208,208,176,143,208,172,164,183,173,144,181,67,0,0,0,0,0,0,0,0,0,0,2,0,0,0,75,225,181,164,166,147,155,170,158,144,127,94,155,115,0,0,0,0,0,0,0,0,0,0,6,0,0,96,239,167,171,170,155,159,146,132,130,130,120,140,184,158,0,0,0,0,0,0,0,0,0,0,0,0,201,240,166,184,166,155,144,150,146,150,131,132,176,187,183,166,0,0,1,3,5,2,2,2,0,0,0,180,235,163,209,127,156,164,167,148,152,132,135,187,196,172,173,203,0,0,0,0,0,0,0,0,0,0,100,189,188,146,158,147,150,154,151,150,135,130,180,185,177,181,166,207,77,0,0,17,39,39,50,82,130,179,225,148,143,156,142,138,140,142,132,146,123,158,203,181,185,181,162,204,114,0,177,216,215,215,221,213,158,128,130,140,132,139,156,155,144,136,140,154,132,191,193,175,177,173,160,208,107,6,235,209,208,211,208,208,201,200,203,211,211,220,221,217,216,193,167,122,138,217,204,204,196,197,189,209,102,118,243,213,211,201,193,192,189,197,203,211,204,188,187,185,201,217,215,151,212,228,217,223,217,211,189,225,115,151,196,195,215,219,213,211,192,196,201,203,208,205,207,219,220,213,209,232,181,132,155,128,130,110,83,95,30,42,134,155,179,177,196,203,207,207,204,207,211,216,207,201,188,184,163,61,156,152,15,58,43,42,42,54,39,0,0,51,77,112,138,151,160,166,168,167,160,150,142,140,65,1,0,0,132,212,73,130,119,116,111,107,85,0,0,0,0,0,0,0,11,29,35,37,34,25,13,3,0,0,0,1,0,0,41,35,39,33,29,26,13,0,0,0,0,0,0,0,0,0,0,0,0,0,0,0,0,0,0,0,0,0,0,0,0,0,0,0,0,0,0,0,0,0,0,0,0,0,0,0,0,0,0,0,0,0,0,0,0,0,0,0,0,0,0,0,0,0,0,0,0,0,0,0,0,0,0,0,0,0,0,0,0,0,0,0,0,0,0,0,0,0,0,0,0,0,0,0,0,0,0,0,0,0,0,0,0,0,0,0,0,0,0,0,0,0,0,0,0,0,0,0,0,6
0,0,0,0,0,0,0,0,0,0,0,0,0,0,0,0,0,0,0,0,0,0,0,0,0,0,0,0,0,0,0,0,0,0,0,0,0,0,0,0,0,0,0,0,0,0,0,0,0,0,0,0,0,0,0,0,0,0,0,0,0,0,0,0,0,0,0,0,0,0,0,0,0,0,0,0,0,0,0,0,0,0,0,0,0,0,0,0,0,0,0,0,0,0,0,0,0,0,0,0,0,0,0,0,0,0,0,0,0,0,0,0,0,0,0,0,0,0,0,0,0,0,0,0,1,0,0,0,0,0,6,19,37,46,51,52,73,52,0,0,0,0,0,0,0,0,0,0,0,0,0,0,0,0,41,90,118,104,117,132,137,143,159,155,151,126,0,0,0,0,0,0,0,0,0,0,0,0,0,0,0,0,96,107,82,89,117,113,115,119,122,132,129,42,0,0,0,0,0,0,0,0,0,0,0,0,0,0,0,0,60,88,113,108,128,118,121,124,121,144,121,19,2,0,0,0,0,0,0,0,0,0,0,0,0,0,0,0,73,92,110,133,140,135,130,129,119,135,111,0,0,0,0,0,0,0,0,0,0,0,0,0,0,0,0,0,51,81,96,135,132,124,121,133,130,139,113,0,0,0,0,0,0,0,0,0,0,0,0,0,0,0,0,0,59,100,113,115,107,111,110,118,114,125,140,1,0,0,0,0,0,0,0,0,0,0,0,1,0,0,0,2,84,95,104,100,108,119,108,111,124,107,151,57,0,0,0,0,0,0,1,0,0,0,0,1,0,2,0,41,102,102,107,103,126,130,119,125,124,128,128,128,1,0,1,0,0,1,1,0,0,1,0,0,0,0,0,78,102,104,89,103,129,125,113,111,113,117,93,140,64,0,0,0,0,0,0,0,0,0,1,0,0,0,35,99,96,93,95,122,132,126,114,108,111,111,104,119,136,4,0,0,0,0,0,0,0,0,0,0,0,20,85,86,71,88,129,129,126,130,130,124,113,114,115,111,143,33,0,0,0,0,0,0,75,147,157,13,6,70,60,68,88,114,129,121,125,135,128,130,129,124,121,110,135,46,1,2,1,0,0,59,146,136,254,217,34,81,74,92,125,135,124,118,121,130,122,121,119,126,132,124,140,24,0,0,0,0,52,173,78,129,107,22,48,62,148,140,115,121,124,121,121,125,129,144,135,137,136,125,132,8,0,26,33,49,35,23,133,188,217,158,60,172,130,104,130,119,114,115,132,158,130,128,115,115,114,117,121,1,62,140,86,78,70,42,125,136,35,63,151,139,102,114,117,132,147,151,119,5,68,128,121,118,121,128,114,0,19,99,133,132,121,104,126,88,159,181,130,108,117,114,144,150,81,9,0,0,107,135,111,118,122,129,84,0,0,0,0,28,67,99,136,143,169,137,126,132,139,146,81,0,0,0,0,0,132,157,132,135,135,158,74,0,1,0,0,0,0,0,0,22,45,55,60,67,55,0,0,0,4,2,0,0,95,117,92,102,99,100,20,0,0,0,0,0,0,0,0,0,0,0,0,0,0,0,0,0,0,0,0,0,0,0,0,0,0,0,0,0,0,0,0,0,0,0,0,0,0,0,0,0,0,0,0,0,0,0,0,0,0,0,0,0,0,0,0,0,0,0,0,0,0,0,0,0,0,0,0,0,0,0,0,0,0,0,0,0,0,0,0,0,0,0,0,0,0,0,0,0,0,0,0,0,0,0,0,0,0,0,0,0,0,0,0,0,0,0,0,0,0,0,0,0,6
0,0,0,0,0,0,0,0,0,0,0,0,0,0,0,0,0,0,0,0,0,0,0,0,0,0,0,0,0,0,0,0,0,0,0,0,0,0,0,0,0,0,0,0,0,0,0,0,0,0,0,0,0,0,0,0,0,0,0,0,0,0,0,0,0,0,0,0,0,0,0,0,0,0,0,0,0,0,0,0,0,0,0,0,0,0,0,0,0,0,0,0,0,0,2,0,0,2,0,0,0,0,59,20,0,0,0,0,0,56,136,0,0,0,0,0,0,0,0,0,0,0,0,0,0,0,0,2,0,34,118,100,91,22,36,43,72,229,252,0,0,0,0,0,0,0,0,0,0,0,0,0,0,2,0,2,0,29,100,61,97,116,175,182,166,152,45,0,0,0,0,0,0,0,0,0,0,0,0,0,2,0,0,4,0,125,127,63,116,163,184,188,191,163,147,0,0,0,0,0,0,0,0,0,0,0,0,0,2,0,0,9,0,81,116,143,200,159,118,132,177,179,111,0,0,0,0,0,0,0,0,0,0,0,0,0,0,0,0,0,0,109,179,163,216,248,200,122,91,211,54,0,0,0,0,0,0,0,0,0,0,0,0,0,0,0,4,0,27,125,152,188,168,118,145,170,143,175,45,0,0,0,0,0,0,0,0,0,0,0,0,2,0,0,0,0,75,150,214,195,202,177,122,120,157,170,27,0,0,0,0,0,0,0,0,0,0,0,0,0,0,2,0,0,111,161,168,129,163,202,255,200,159,166,20,0,0,0,0,0,0,0,0,0,0,2,0,0,0,6,0,43,132,150,245,125,84,84,116,161,163,166,13,0,0,0,0,0,0,0,0,0,0,2,0,0,2,0,0,68,134,182,63,88,93,72,72,136,168,184,70,0,0,0,0,0,0,0,0,0,0,0,0,2,0,15,111,93,138,161,116,118,134,177,184,177,143,175,150,0,0,0,0,0,0,0,0,0,0,2,0,0,0,86,84,113,207,107,127,159,173,182,188,157,143,138,177,9,0,0,0,0,0,0,0,0,0,0,0,6,47,75,170,104,56,132,154,179,184,168,179,163,161,138,188,84,0,0,0,0,0,0,0,0,0,25,68,107,159,125,63,104,118,97,113,125,145,159,168,161,161,141,168,132,0,0,0,0,0,0,6,0,88,111,93,88,61,84,120,157,168,163,161,163,163,157,154,159,166,147,136,150,0,0,4,34,40,68,86,95,97,84,63,88,122,147,157,141,136,138,138,147,147,152,147,141,141,138,118,145,22,66,91,81,54,86,86,88,86,95,136,129,129,127,125,147,168,175,177,182,179,179,161,136,129,143,143,170,18,25,43,38,47,81,93,88,88,97,113,127,138,152,198,239,211,216,218,255,252,252,204,177,161,141,132,100,27,15,13,11,13,11,25,38,45,40,43,47,54,66,63,54,40,38,43,38,36,36,38,34,31,29,22,2,43,54,72,63,54,50,47,47,50,61,72,70,66,59,61,66,70,68,68,68,66,70,77,75,72,63,54,52,0,4,20,43,56,61,68,68,79,75,72,86,95,81,86,91,88,86,84,84,84,84,86,81,81,72,52,31,0,0,0,0,0,0,0,0,0,0,0,0,0,0,0,0,0,0,0,0,0,0,0,0,0,0,0,0,0,0,0,0,0,0,0,0,0,0,0,0,0,0,0,0,0,0,0,0,0,0,0,0,0,0,0,0,0,0,0,0,0,0,0,0,0,0,0,0,0,0,0,0,0,0,0,0,0,0,0,0,0,0,0,0,6
0,0,0,0,0,0,0,0,0,0,0,0,0,0,0,0,0,0,0,0,0,0,0,0,0,0,0,0,0,0,0,0,0,0,0,0,0,0,0,0,0,0,0,0,0,0,0,0,0,0,0,0,0,0,0,0,0,0,0,0,0,0,0,0,0,0,0,0,0,0,0,0,0,0,0,0,0,0,0,0,0,0,0,0,0,0,0,0,0,0,0,0,0,0,0,0,0,0,0,0,0,0,0,0,0,0,0,0,0,0,0,0,0,0,0,0,0,0,0,0,0,0,0,0,0,0,1,0,1,0,0,1,2,0,54,45,0,2,0,0,0,0,0,0,0,0,0,0,0,0,0,0,0,0,0,0,0,0,0,0,2,0,80,177,0,0,2,0,0,0,0,0,0,0,0,0,0,0,0,0,0,0,0,4,10,0,1,1,1,0,0,171,104,0,0,0,0,0,0,0,0,0,0,0,0,0,0,0,0,0,0,90,164,14,0,0,0,0,0,136,190,202,19,0,0,0,0,0,0,0,0,0,0,2,0,0,1,0,36,121,134,65,0,23,52,111,183,180,158,175,57,0,0,0,0,0,0,0,0,0,2,0,0,4,0,0,120,99,118,156,145,164,136,168,170,177,171,200,14,0,0,0,0,0,0,0,0,0,0,0,4,2,0,64,143,73,139,170,175,202,164,187,83,146,209,227,33,0,0,0,0,0,0,0,0,0,0,0,4,0,2,104,137,123,191,0,32,67,19,0,0,162,187,155,111,0,1,0,0,0,0,0,0,0,0,1,1,0,68,118,137,156,206,0,0,0,0,0,0,184,123,126,180,1,0,0,0,0,0,1,0,0,0,1,0,41,95,92,101,164,213,0,0,2,1,0,54,152,121,159,186,29,0,0,0,0,0,0,0,1,2,0,19,89,86,89,104,178,219,0,0,2,0,1,187,161,155,167,203,45,0,0,1,0,0,0,1,2,0,1,93,85,96,115,146,177,211,0,1,0,0,57,200,134,167,175,189,27,0,0,1,0,0,2,1,0,1,80,93,90,111,128,149,168,224,0,0,0,19,123,152,139,170,165,180,7,0,0,1,1,0,0,0,16,74,96,108,115,117,118,120,162,190,0,70,149,193,196,170,152,142,158,183,0,0,0,0,0,0,16,57,99,105,123,165,137,137,121,126,167,172,177,235,197,101,184,152,134,133,153,162,0,4,2,0,2,70,121,92,99,114,104,118,115,168,187,168,142,152,184,136,5,0,199,152,139,136,152,149,0,0,0,0,29,127,82,90,77,63,85,95,99,123,158,142,162,216,64,0,0,24,219,158,136,128,156,148,0,0,16,0,38,136,101,104,90,86,85,105,109,89,111,171,208,33,0,0,0,17,247,155,140,127,150,143,0,164,196,149,127,170,145,99,89,118,109,80,102,162,218,209,33,0,1,2,0,48,193,156,143,128,150,126,0,39,137,178,199,206,218,255,225,215,225,234,238,249,203,21,0,0,1,2,0,55,205,161,156,143,162,127,0,0,0,0,0,38,49,96,139,153,161,145,92,46,0,0,0,1,0,2,0,7,194,165,167,159,184,85,0,0,0,0,0,0,0,0,0,0,0,0,0,0,0,0,0,0,0,0,0,0,0,0,0,0,0,0,0,0,0,0,0,0,0,0,0,0,0,0,0,0,0,0,0,0,0,0,0,0,0,0,0,0,0,0,0,0,0,0,0,0,0,0,0,0,0,0,0,0,0,0,0,0,0,0,0,0,0,0,0,0,0,0,0,6
0,0,0,0,0,0,0,0,0,0,0,0,0,0,0,0,0,0,0,0,0,0,0,0,0,0,0,0,0,0,0,0,0,0,0,0,0,0,0,0,0,0,0,0,0,0,0,0,0,0,0,0,0,0,0,0,0,0,0,0,0,0,0,0,0,0,0,0,0,0,0,0,0,0,0,0,0,0,0,0,0,0,0,0,0,0,0,0,0,0,0,0,0,0,0,0,0,0,0,0,0,0,0,0,0,0,0,0,0,0,0,0,0,0,0,0,0,0,0,0,0,0,0,0,0,0,0,0,0,0,0,0,0,0,0,0,0,0,0,0,0,0,0,0,0,0,0,0,0,0,0,0,0,0,0,0,0,110,168,34,0,0,0,0,0,0,0,0,0,0,0,0,0,0,0,0,0,0,0,0,0,0,0,0,94,197,192,226,46,0,3,0,0,0,0,0,0,0,0,0,0,0,0,0,0,0,0,0,0,5,0,18,207,196,191,226,77,0,0,0,2,1,3,0,0,0,0,0,0,0,0,0,0,0,0,0,1,0,0,117,183,223,223,223,130,4,0,0,0,0,0,0,0,0,0,0,0,0,0,0,0,0,0,0,1,0,7,172,218,226,218,221,255,255,233,191,129,79,12,0,0,0,0,0,0,0,0,0,0,0,0,0,0,0,13,220,219,218,217,217,208,220,225,224,232,228,216,28,0,0,0,0,0,0,0,0,0,0,0,1,0,0,158,240,219,211,214,225,219,218,223,217,210,205,176,0,0,0,0,1,2,0,1,0,4,1,0,0,0,75,225,190,223,213,215,219,218,216,216,218,207,215,172,0,0,0,0,0,3,0,0,0,0,0,0,11,74,205,224,217,225,223,222,214,215,217,214,215,203,227,172,0,0,0,0,0,2,5,0,0,0,21,124,218,229,207,218,220,219,224,224,219,215,215,218,217,206,215,189,0,1,3,1,0,0,0,0,108,187,243,220,192,204,213,222,218,221,217,217,218,215,211,213,224,219,216,241,0,0,0,0,0,0,48,137,225,223,218,213,222,221,221,214,217,221,219,216,219,222,225,234,231,226,219,255,24,0,51,110,168,200,204,208,210,210,215,219,218,219,220,221,221,221,222,220,223,227,229,232,218,218,217,227,46,74,198,222,214,209,217,215,213,213,216,216,218,220,220,220,221,222,226,226,225,226,223,218,222,225,222,234,58,0,0,40,77,114,156,184,191,208,218,216,219,227,246,244,244,245,240,239,245,246,242,247,254,253,209,249,35,34,16,0,0,0,0,0,0,6,1,0,3,7,7,8,12,14,13,15,20,22,18,14,14,16,14,7,65,24,45,49,50,39,36,23,8,86,124,113,108,100,102,105,106,97,100,106,103,106,107,105,106,106,109,109,133,0,0,5,12,20,24,40,28,32,37,39,42,42,43,34,27,25,26,25,25,28,30,31,30,28,29,22,0,0,0,0,0,0,0,0,0,0,0,0,0,0,0,0,0,0,0,0,0,0,0,0,0,0,0,0,0,0,0,0,0,0,0,0,0,0,0,0,0,0,0,0,0,0,0,0,0,0,0,0,0,0,0,0,0,0,0,0,0,0,0,0,0,0,0,0,0,0,0,0,0,0,0,0,0,0,0,0,0,0,0,0,0,0,0,0,0,0,0,0,0,0,0,0,0,0,0,0,0,0,0,0,0,0,0,0,0,0,0,0,0,0,0,0,0,0,0,0,0,0,0,0,0,0,0,0,0,0,0,0,0,0,0,0,0,0,0,0,0,6
0,0,0,0,0,0,0,0,0,0,0,0,0,0,0,0,0,0,0,0,0,0,0,0,0,0,0,0,0,0,0,0,0,0,0,0,0,0,0,0,0,0,0,0,0,0,0,0,0,0,0,0,0,0,0,0,0,0,0,0,0,0,0,0,0,0,0,0,0,0,0,0,0,0,0,0,0,0,0,0,0,0,0,0,0,0,0,0,0,0,0,0,0,0,0,0,0,1,2,3,0,0,0,0,0,0,0,0,0,0,57,91,0,0,0,0,0,0,0,0,0,0,0,0,0,0,0,0,0,79,215,180,136,127,89,56,38,2,70,87,0,0,0,0,0,0,0,0,0,0,0,0,0,0,3,0,74,219,191,223,232,239,255,246,242,230,224,45,0,0,0,0,0,0,0,0,0,0,0,0,0,0,0,0,132,210,198,210,225,230,229,230,230,219,205,0,0,0,0,0,0,0,0,0,0,3,0,0,1,0,0,71,238,188,201,226,235,232,235,233,233,221,211,0,0,0,0,0,0,0,0,0,0,2,0,0,4,0,110,239,206,187,196,222,236,234,236,234,228,223,168,0,0,0,0,0,0,0,0,0,0,0,2,4,0,0,185,214,194,186,199,229,235,233,235,237,221,226,113,0,0,0,0,0,0,0,0,0,0,0,0,0,0,127,179,208,181,191,219,236,232,231,233,236,217,225,88,0,0,0,0,0,0,0,0,0,0,1,2,0,37,209,200,195,167,198,231,238,234,237,233,236,220,226,83,0,0,0,0,0,0,0,0,0,0,0,5,0,150,183,230,148,165,220,239,234,230,232,232,237,219,230,97,0,0,0,0,0,0,0,0,0,0,3,0,0,163,213,220,196,240,240,232,231,230,234,233,235,222,230,96,0,0,0,0,0,0,1,2,2,7,0,0,180,224,185,205,235,236,231,231,229,232,233,232,231,225,228,123,0,0,2,4,2,0,0,0,0,0,0,120,240,191,214,238,236,229,230,230,232,236,233,237,231,227,226,164,0,2,0,0,0,0,0,0,10,106,190,166,150,210,227,225,234,226,236,236,238,237,229,224,220,224,223,181,0,0,0,85,101,128,155,180,160,112,34,102,186,188,204,220,234,223,215,214,211,210,203,198,217,226,210,194,0,0,125,213,161,92,29,15,19,38,135,195,195,215,222,215,217,217,208,204,211,224,230,233,246,232,210,191,0,0,193,222,216,204,184,157,165,184,163,162,205,205,207,234,234,236,231,233,236,235,227,222,228,214,206,127,0,73,168,170,209,222,227,225,230,192,179,166,163,202,220,238,237,228,227,225,216,215,214,212,210,207,203,113,0,99,217,190,172,185,193,210,228,229,235,247,240,247,234,222,198,178,174,168,169,165,176,176,176,178,191,168,0,0,148,129,197,215,188,188,177,185,191,192,186,177,178,192,196,206,245,247,208,205,208,208,211,202,220,160,0,0,0,0,97,242,205,172,230,212,214,205,209,216,215,207,189,154,125,77,198,229,221,223,222,219,236,149,0,1,0,0,0,0,4,6,206,238,59,213,197,250,58,0,0,0,0,0,78,226,181,131,100,167,155,50,0,0,0,0,0,0,0,0,0,0,0,0,0,0,0,0,0,0,0,0,0,0,0,0,0,0,0,0,0,0,0,0,0,0,0,0,0,0,0,0,0,0,0,0,0,0,0,0,0,0,0,0,0,0,0,0,0,0,0,0,0,0,0,0,0,0,0,0,0,0,0,0,0,0,0,0,0,0,0,0,0,0,0,0,0,6
0,0,0,0,0,0,0,0,0,0,0,0,0,0,0,0,0,0,0,0,0,0,0,0,0,0,0,0,0,0,0,0,0,0,0,0,0,0,0,0,0,0,0,0,0,0,0,0,0,0,0,0,0,0,0,0,0,0,0,0,0,0,0,0,0,0,0,0,0,0,0,0,0,0,0,0,0,0,0,0,0,0,0,0,0,0,0,0,0,0,0,0,0,0,0,0,0,0,0,0,0,0,0,0,0,0,0,0,0,0,0,0,0,0,0,0,0,0,0,0,0,0,0,0,0,0,0,6,18,48,43,20,11,13,11,0,0,0,0,0,0,0,0,0,0,0,0,0,0,0,0,0,0,0,18,77,88,139,145,147,152,149,120,98,98,62,13,0,0,0,0,0,0,0,0,0,0,0,0,0,3,0,38,120,95,120,144,159,172,166,152,150,150,134,102,0,0,0,0,0,0,0,0,0,0,0,0,0,3,0,38,122,112,135,157,161,166,162,139,135,142,145,159,1,0,0,0,0,0,0,0,0,0,0,0,0,5,0,43,129,114,145,150,154,164,166,144,144,137,154,164,0,0,0,0,0,0,0,0,0,0,0,0,0,5,0,57,130,122,154,162,162,176,174,150,129,156,157,197,0,0,0,0,0,0,0,0,0,0,0,0,0,5,0,73,142,149,167,176,184,177,169,157,120,181,125,177,11,0,0,0,0,0,0,0,0,0,0,0,0,1,0,77,149,164,176,186,194,172,171,164,134,172,129,144,0,0,0,0,0,0,0,3,1,0,1,0,5,1,0,68,177,181,182,194,204,196,166,161,149,98,169,78,0,0,0,0,0,0,0,0,0,0,1,0,0,0,10,127,172,202,196,189,181,177,154,144,119,164,154,15,0,1,1,0,0,0,1,1,1,0,0,0,15,62,112,172,162,150,186,221,189,161,150,140,142,177,157,11,0,1,1,1,1,0,0,0,0,0,15,62,119,100,82,70,137,223,169,122,166,177,167,162,162,142,182,88,0,0,0,0,0,0,0,10,41,78,105,98,83,93,114,124,92,105,219,239,209,114,184,181,154,150,144,104,0,8,0,1,28,67,82,77,93,100,83,72,90,105,114,144,154,134,127,129,255,208,174,167,157,159,157,145,0,0,6,88,105,98,97,90,93,105,104,100,105,117,119,120,144,164,176,161,161,177,179,169,164,159,154,166,8,0,73,107,83,65,70,78,75,83,102,110,122,137,147,142,147,161,169,176,182,186,172,181,171,166,159,174,23,8,135,182,174,166,176,161,144,150,161,167,166,166,171,182,182,199,224,204,223,223,204,236,214,201,182,164,33,41,110,95,104,122,129,142,161,171,176,164,164,166,172,169,156,127,109,104,98,78,60,50,38,30,33,67,75,18,127,149,139,132,125,115,114,95,92,85,87,92,93,93,92,95,100,112,120,127,134,149,149,161,140,139,80,0,0,50,137,171,164,176,181,213,206,201,182,179,171,169,162,167,164,166,169,166,166,172,161,144,142,159,92,0,0,0,0,0,16,31,58,70,88,98,87,92,80,88,90,83,58,70,68,58,60,57,40,41,45,30,6,0,0,0,0,0,0,0,0,0,0,0,0,0,0,0,0,0,0,0,0,0,0,0,0,0,0,0,0,0,0,0,0,0,0,0,0,0,0,0,0,0,0,0,0,0,0,0,0,0,0,0,0,0,0,0,0,0,0,0,0,0,0,0,0,0,0,0,0,0,0,0,0,0,0,0,0,0,0,0,0,0,0,0,0,6
0,0,0,0,0,0,0,0,0,0,0,0,0,0,0,0,0,0,0,0,0,0,0,0,0,0,0,0,0,0,0,0,0,0,0,0,0,0,0,0,0,0,0,0,0,0,0,0,0,0,0,0,0,0,0,0,0,0,0,0,0,0,0,0,0,0,0,0,0,0,0,0,0,0,0,0,0,0,0,0,0,0,0,0,0,0,0,0,0,0,0,0,0,0,2,0,10,57,42,52,67,72,85,90,97,108,108,107,127,39,0,0,0,0,0,0,0,0,0,0,0,0,4,0,66,178,132,143,153,146,146,150,157,159,157,155,182,87,0,0,0,0,0,0,0,0,0,0,0,1,3,0,42,138,133,158,169,168,170,176,173,155,140,132,131,91,0,0,0,0,0,0,0,0,0,0,0,0,2,0,21,139,109,86,109,131,115,147,184,172,139,150,161,140,0,0,0,0,0,0,0,0,0,0,1,0,2,0,25,119,103,127,151,68,178,68,75,147,162,138,139,125,0,0,0,0,0,0,0,0,0,0,0,0,2,0,1,143,164,229,167,109,254,146,180,74,152,209,128,115,0,0,0,0,0,0,0,0,0,0,0,1,1,0,20,172,134,172,89,163,152,117,190,197,44,182,156,105,0,0,0,0,0,0,0,0,0,0,1,1,4,0,67,137,119,111,145,116,164,122,133,200,151,125,101,149,28,0,0,0,0,0,0,0,0,0,0,1,1,0,60,125,91,125,221,91,161,197,156,209,190,182,153,138,45,0,1,0,0,0,0,0,0,0,0,1,0,1,111,114,95,176,192,102,167,181,156,199,178,153,175,131,119,0,1,0,0,0,0,0,0,1,0,1,0,66,139,95,125,174,163,167,168,174,138,179,187,172,185,157,156,3,0,0,0,0,0,0,0,0,3,0,24,144,135,132,147,164,155,167,162,186,146,162,157,172,193,145,147,54,0,0,1,0,0,0,3,2,0,6,117,132,129,133,139,158,156,141,151,182,145,138,143,132,147,139,151,76,2,0,0,1,3,6,0,0,3,97,121,120,131,141,143,141,153,145,141,150,150,156,145,132,145,131,152,86,1,1,0,0,0,0,8,52,96,101,98,113,132,147,138,120,134,146,141,146,147,150,151,153,149,145,163,68,0,0,1,22,43,68,92,97,95,93,96,108,122,117,115,105,131,158,162,164,158,157,156,158,143,150,163,38,0,58,108,109,97,98,92,97,104,105,122,134,132,115,122,131,156,161,156,162,158,163,157,146,141,149,158,13,68,119,103,101,103,101,107,121,123,127,138,125,132,145,151,159,168,163,163,162,155,149,150,147,135,157,147,0,78,137,123,123,125,120,117,122,127,129,131,139,149,156,159,167,167,167,167,168,167,159,164,151,146,161,126,0,22,147,144,140,141,145,145,138,146,161,168,165,162,165,168,165,159,151,144,145,144,144,140,143,138,146,109,0,0,2,67,132,153,164,163,165,164,155,158,164,174,174,170,168,167,170,174,173,175,179,180,168,172,181,42,0,0,0,0,0,0,19,49,68,90,99,104,89,70,55,39,34,31,32,34,34,39,44,52,61,67,36,0,0,0,0,0,0,0,0,0,0,0,0,0,0,0,0,0,0,0,0,0,0,0,0,0,0,0,0,0,0,0,0,0,0,0,0,0,0,0,0,0,0,0,0,0,0,0,0,0,0,0,0,0,0,0,0,0,0,0,0,0,0,0,0,0,0,0,0,0,0,0,0,0,0,0,0,0,0,0,0,0,0,0,0,0,0,6
0,0,0,0,0,0,0,0,0,0,0,0,0,0,0,0,0,0,0,0,0,0,0,0,0,0,0,0,0,0,0,0,0,0,0,0,0,0,0,0,0,0,0,0,0,0,0,0,0,0,0,0,0,0,0,0,0,0,0,0,0,0,0,0,0,0,0,0,0,0,0,0,0,0,0,0,0,0,0,0,0,0,0,0,0,0,0,0,0,0,0,0,0,0,0,0,0,0,0,0,0,0,0,0,0,0,0,0,0,0,0,0,0,0,0,0,0,0,0,0,0,0,0,0,0,0,0,0,0,0,0,0,0,0,0,0,0,0,0,0,0,0,0,0,0,0,0,0,0,0,0,0,0,0,0,13,0,0,0,0,1,2,0,0,58,22,0,3,0,0,0,0,0,0,0,0,0,0,0,0,0,0,0,212,59,0,0,1,0,0,0,0,237,81,0,5,0,0,0,0,0,0,0,0,0,0,0,0,0,0,0,165,187,78,0,0,0,0,0,203,156,0,0,0,0,0,0,0,0,0,0,0,0,0,0,0,0,0,0,178,247,251,152,180,227,240,222,240,158,0,0,0,0,0,0,0,0,0,0,0,0,0,0,0,1,0,0,215,224,229,241,239,230,232,231,217,170,0,0,0,0,0,0,0,0,0,0,0,0,0,0,0,1,0,58,232,200,214,216,209,223,226,226,224,187,0,0,0,0,0,0,0,0,0,0,0,0,0,0,0,0,0,135,233,205,228,222,225,225,230,236,218,219,0,0,1,0,0,0,0,0,0,0,0,0,0,0,1,0,0,227,219,216,224,225,221,225,228,236,206,248,40,0,1,0,0,0,0,0,0,0,0,0,3,0,2,0,104,255,204,194,222,223,224,226,230,237,201,218,154,0,0,1,0,0,1,2,2,2,1,5,3,2,0,19,242,132,115,184,224,222,224,226,230,232,204,213,220,0,0,0,2,0,0,0,0,0,0,0,0,0,59,238,163,28,90,192,229,222,225,224,229,227,207,204,255,34,0,1,0,0,0,0,0,0,0,49,130,203,234,139,52,115,196,172,216,237,229,225,227,205,199,201,224,102,0,0,17,152,175,185,168,184,208,237,234,154,114,107,130,201,200,167,169,203,212,216,204,205,201,196,221,177,0,0,146,185,129,148,198,188,161,134,168,149,186,218,224,238,233,238,223,220,224,226,222,223,218,210,211,198,0,37,156,200,181,133,150,106,117,161,195,207,183,192,212,229,225,219,221,220,221,219,218,223,235,216,218,210,0,9,44,85,152,201,218,208,194,197,196,202,199,176,181,210,228,232,233,232,238,243,231,238,235,213,203,227,43,0,1,23,48,76,106,146,183,191,211,216,212,213,221,209,213,204,188,184,183,175,163,148,135,120,116,129,50,0,0,0,0,5,28,38,49,68,80,98,112,116,117,89,72,60,58,107,113,118,115,115,114,114,104,80,10,1,1,2,0,0,0,0,0,0,1,0,0,0,0,0,0,0,0,21,24,11,8,4,2,1,0,0,0,0,0,0,0,0,0,0,0,0,0,0,0,0,0,0,0,0,0,0,0,0,0,0,0,0,0,0,0,0,0,0,0,0,0,0,0,0,0,0,0,0,0,0,0,0,0,0,0,0,0,0,0,0,0,0,0,0,0,0,0,0,0,0,0,0,0,0,0,0,0,0,0,0,0,0,0,0,0,0,0,0,0,0,0,0,0,0,0,0,0,0,0,0,0,0,0,0,0,0,0,0,0,0,0,0,0,0,0,0,0,0,0,6
0,0,0,0,0,0,0,0,0,0,0,0,0,0,0,0,0,0,0,0,0,0,0,0,0,0,0,0,0,0,0,0,0,0,0,0,0,0,0,0,0,0,0,0,0,0,0,0,0,0,0,0,0,0,0,0,0,0,0,0,0,0,0,0,0,0,0,0,0,0,0,0,4,4,4,0,0,0,0,0,0,0,0,0,0,0,0,0,0,0,0,0,0,0,0,0,2,4,3,0,0,0,0,0,30,81,119,136,180,43,0,4,0,0,0,0,0,0,0,0,0,1,0,2,0,0,0,0,50,88,133,131,155,195,168,87,168,76,0,4,0,0,0,0,0,0,0,0,0,1,1,0,0,73,112,128,115,91,53,16,2,0,0,88,222,152,0,0,0,0,0,0,0,0,0,0,0,2,0,22,162,95,37,0,0,0,0,0,0,0,145,196,204,205,30,0,0,0,0,0,0,0,0,0,0,2,0,36,43,0,0,0,3,7,5,0,0,138,191,193,188,197,149,0,0,0,0,0,0,0,0,0,0,1,0,132,0,0,5,0,0,0,1,0,100,190,184,176,176,184,226,22,0,0,0,0,0,0,0,0,0,2,0,127,86,0,7,0,0,2,0,22,167,187,174,173,180,187,204,47,0,0,0,0,0,0,0,0,0,1,0,31,153,0,0,2,0,3,0,91,175,171,162,193,205,202,204,60,0,0,0,0,0,0,0,0,0,0,5,0,111,99,0,4,0,0,0,123,187,195,208,218,208,200,210,57,0,0,0,0,2,0,0,0,0,1,1,0,0,148,8,0,3,0,0,140,217,208,210,208,212,214,216,44,0,0,0,0,0,0,0,0,7,4,2,8,0,128,108,0,0,0,0,111,225,204,216,233,218,210,224,5,0,0,0,0,0,0,4,0,0,0,0,0,0,39,167,28,0,0,51,191,218,224,216,201,207,208,210,0,0,0,0,2,3,2,0,2,141,156,163,155,155,174,200,133,0,135,255,222,208,212,209,215,208,214,185,0,0,0,0,0,0,0,30,149,72,43,71,60,38,0,12,201,170,218,209,205,215,211,212,209,205,216,156,0,2,3,0,15,64,85,148,162,166,49,0,0,0,0,0,188,223,201,205,210,211,208,214,209,202,212,119,0,0,0,0,154,118,109,115,112,95,159,119,17,0,0,178,224,202,209,211,207,207,210,212,205,204,216,65,0,21,4,79,161,133,141,139,152,150,161,135,50,0,141,228,200,203,203,204,205,205,203,208,205,195,210,29,0,61,126,174,225,215,209,208,204,203,219,215,127,133,229,200,208,210,215,216,216,219,222,219,219,222,208,9,0,1,52,86,126,159,176,198,209,212,221,231,233,231,211,209,201,207,184,197,193,169,168,173,136,141,145,0,0,0,63,76,45,35,42,54,61,67,90,106,98,87,59,63,43,28,16,22,28,18,23,21,26,21,42,0,0,0,23,101,79,93,88,74,71,66,50,51,44,51,49,60,61,72,78,72,77,73,76,83,78,84,66,0,0,0,0,92,99,76,77,80,84,81,77,90,81,76,71,65,66,67,72,67,66,64,57,58,58,69,45,0,0,0,0,0,59,95,101,83,78,78,77,70,65,70,77,76,78,76,78,73,81,83,81,78,71,90,37,0,0,1,1,0,0,0,23,51,70,81,76,81,76,65,59,52,40,35,36,29,24,25,81,93,86,80,17,0,0,0,0,0,0,0,0,0,0,0,0,0,0,0,0,0,0,0,0,0,0,0,0,0,0,0,0,0,0,6
0,0,0,0,0,0,0,0,0,0,0,0,0,0,0,0,0,0,0,0,0,0,0,0,0,0,0,0,0,0,0,0,0,0,0,0,0,0,0,0,0,0,0,0,0,0,0,0,0,0,0,0,0,0,0,0,0,0,0,0,0,0,0,0,0,0,0,0,0,0,1,0,0,41,13,0,0,0,0,0,0,0,0,0,0,0,0,0,0,0,0,0,0,0,0,0,0,0,0,0,19,114,154,61,0,0,0,0,0,0,0,0,0,0,0,0,0,0,0,0,0,0,0,0,1,1,0,0,205,174,125,172,149,129,148,156,134,126,108,1,0,0,0,0,0,0,0,0,0,0,0,0,1,2,0,16,234,148,144,187,187,184,178,185,180,155,136,26,0,0,0,0,0,0,0,0,0,0,0,0,0,7,0,80,207,123,189,186,166,191,203,174,154,161,140,11,0,0,0,0,0,0,0,0,0,0,0,0,0,5,0,29,131,111,179,174,195,184,178,180,155,159,189,3,0,0,0,0,0,0,0,0,0,0,0,0,0,1,0,94,191,140,147,162,197,171,181,192,166,156,117,0,0,0,0,0,0,0,0,0,0,0,0,0,0,0,0,141,136,130,214,177,149,156,164,160,140,168,71,0,0,0,0,0,0,0,0,0,0,0,0,0,0,0,0,173,161,136,197,180,153,165,170,167,146,159,73,0,0,0,0,0,0,0,0,0,0,0,0,0,4,0,16,185,106,153,136,167,177,165,174,156,124,161,82,0,0,0,0,0,0,0,0,0,0,0,0,2,0,0,150,187,96,130,144,149,136,154,158,168,152,161,44,0,0,0,0,0,0,0,0,0,1,0,0,0,9,96,143,73,117,143,130,130,149,160,150,180,172,161,76,0,0,0,0,0,0,0,0,0,1,1,0,1,75,164,146,122,148,155,152,166,190,185,181,160,143,146,129,0,0,0,0,1,0,0,0,1,1,0,0,99,175,140,105,168,172,156,162,179,181,171,154,132,149,155,159,15,0,0,0,1,0,1,2,0,0,3,126,162,102,135,144,147,164,154,156,159,161,159,146,150,152,148,165,68,0,2,4,1,3,0,0,0,62,125,130,160,134,126,125,134,147,172,165,204,185,159,168,178,170,148,153,75,0,0,0,0,0,0,33,99,126,101,135,111,125,136,165,201,202,186,175,172,186,152,154,161,159,153,168,74,0,37,69,81,95,101,123,104,81,88,128,164,187,193,193,198,189,174,140,136,179,179,178,189,189,185,216,130,4,144,111,86,81,80,81,93,110,130,147,162,165,166,154,155,171,174,235,244,235,213,216,215,208,192,214,120,86,174,149,142,120,108,94,108,131,130,129,143,156,149,171,178,199,241,153,5,183,217,198,207,205,185,209,110,164,180,178,191,189,177,171,146,156,144,136,156,174,187,208,203,136,1,0,0,174,221,196,205,210,193,223,104,90,175,177,180,190,198,207,205,208,203,208,199,193,197,187,26,0,0,1,0,159,222,193,204,203,190,199,88,0,55,138,183,199,190,196,196,196,202,198,197,197,234,0,0,0,0,0,0,155,222,195,225,231,197,255,104,0,0,0,0,15,40,82,125,147,150,160,140,99,16,0,0,0,0,3,0,71,117,62,65,77,77,94,10,0,0,0,0,0,0,0,0,0,0,0,0,0,0,0,0,0,0,0,0,0,0,0,0,0,0,0,0,0,0,0,0,0,0,0,0,0,0,0,0,0,0,0,0,0,0,0,0,0,0,0,0,0,0,0,0,6
0,0,0,0,0,0,0,0,0,0,0,0,0,0,0,0,0,0,0,0,0,0,0,0,0,0,0,0,0,0,0,0,0,0,0,0,0,0,0,0,0,0,0,0,0,0,0,0,0,0,36,60,100,92,0,0,0,0,0,0,0,0,0,0,0,0,2,5,0,0,0,0,21,50,126,193,233,255,225,230,254,202,0,1,0,0,0,0,0,0,0,0,1,2,0,0,18,221,179,193,209,226,230,222,219,213,213,208,229,135,0,1,0,0,0,0,0,0,0,0,0,0,0,100,170,211,217,214,210,211,200,185,209,216,216,213,236,106,0,2,0,0,0,0,0,0,0,0,7,0,104,160,172,206,210,220,226,215,194,199,204,213,216,210,235,76,0,3,0,0,0,0,0,0,0,0,6,0,91,206,218,210,220,200,210,201,203,222,215,210,217,213,234,48,0,3,0,0,0,0,0,0,0,0,3,0,59,145,197,236,222,210,189,202,193,196,219,220,219,214,230,37,0,2,0,0,0,0,0,0,0,0,0,0,86,138,221,229,209,210,230,220,207,202,217,216,219,212,228,75,0,1,0,0,0,0,0,0,0,2,0,6,135,123,241,209,177,188,195,195,200,220,219,216,219,217,227,131,0,0,0,0,0,0,0,0,0,2,0,2,103,93,220,215,221,221,200,182,207,215,221,217,221,213,222,184,0,0,0,0,0,0,0,0,0,1,0,29,77,146,231,219,200,217,229,220,219,215,217,213,217,219,214,255,36,0,0,0,0,0,0,0,0,0,0,0,83,214,215,221,221,199,205,201,218,220,218,220,220,205,208,226,164,0,0,0,0,0,0,0,0,0,4,0,87,248,184,162,218,219,208,180,211,226,221,221,217,188,199,214,241,1,0,0,0,0,0,0,0,1,0,0,142,206,193,220,232,224,213,209,221,217,217,220,210,188,207,210,222,75,0,0,0,0,0,1,0,1,0,10,241,218,204,227,197,201,219,222,224,217,220,212,208,218,219,213,228,114,0,0,0,0,1,4,8,0,0,169,219,209,215,207,217,216,213,223,217,222,221,216,220,213,216,212,255,56,1,5,7,5,0,0,0,0,145,238,195,222,227,210,211,227,222,223,215,206,201,216,213,215,220,216,202,0,0,0,0,0,0,0,67,173,200,181,185,197,215,210,132,227,215,210,214,246,230,216,223,217,196,192,189,0,0,44,108,127,151,192,195,174,165,188,203,204,214,226,231,214,217,225,255,158,193,246,213,177,173,193,193,0,53,198,177,171,187,170,144,161,179,199,210,207,220,213,209,227,252,145,7,0,134,240,211,188,187,191,183,0,105,208,190,189,187,189,187,198,212,208,220,220,208,213,231,173,12,0,0,0,145,231,213,190,189,192,188,0,67,201,204,216,216,215,213,217,228,221,216,212,217,251,96,0,0,0,3,0,140,235,212,186,186,185,186,0,53,188,186,187,199,198,205,196,197,191,190,195,195,9,0,0,5,0,2,0,136,227,210,184,179,175,159,0,0,100,109,172,157,231,161,231,184,189,207,232,0,0,1,1,0,0,11,0,136,252,229,218,211,212,182,0,0,0,0,0,0,41,0,64,29,48,64,0,0,2,0,0,0,0,3,0,16,60,42,45,35,35,9,0,2,5,0,0,0,0,0,0,0,0,0,0,2,0,0,0,0,0,0,1,0,0,0,0,0,0,0,0,0,0,0,0,0,0,0,0,0,0,0,0,0,0,0,0,0,0,0,0,0,0,0,0,0,0,0,0,6
0,0,0,0,0,0,0,0,0,0,0,0,0,0,0,0,0,0,0,0,0,0,0,0,0,0,0,0,0,0,0,0,0,0,0,0,0,0,0,0,0,0,0,0,0,0,0,0,0,0,0,0,0,0,0,0,0,0,0,0,0,0,0,0,0,0,0,0,0,0,0,0,0,0,0,0,0,0,0,0,0,0,0,0,0,0,0,0,0,0,0,0,0,0,0,0,0,0,0,0,0,0,80,0,0,0,0,0,0,0,2,0,0,0,0,0,0,0,0,0,0,0,0,0,0,0,1,0,0,55,249,145,52,33,17,2,0,0,0,0,0,0,0,0,0,0,0,0,0,0,0,0,0,0,0,0,141,211,187,214,224,223,215,205,213,173,104,0,0,0,0,0,0,0,0,0,0,0,0,0,0,3,0,1,204,193,191,191,205,210,211,215,218,215,228,94,0,0,0,0,0,0,0,0,0,0,0,0,0,3,0,66,206,185,193,196,197,203,203,201,198,199,194,36,0,0,0,0,0,0,0,0,0,0,0,0,0,1,0,132,206,181,190,205,212,216,218,215,209,213,166,0,0,0,0,0,0,0,0,0,0,0,0,0,0,0,0,200,213,187,208,216,218,214,207,207,201,252,103,0,0,0,0,0,0,0,0,0,0,0,0,0,2,0,0,192,202,192,202,212,208,217,215,214,201,250,48,34,0,0,0,0,0,0,0,0,0,0,0,0,1,0,8,246,201,209,213,213,209,213,217,216,215,234,37,74,0,0,0,0,0,0,0,0,0,5,0,0,0,0,164,186,147,189,208,213,220,218,209,219,214,255,61,0,0,0,0,0,0,0,0,0,0,3,0,0,0,16,219,199,206,204,132,126,208,207,200,204,205,212,0,0,0,0,0,0,0,0,0,0,0,0,0,0,0,241,180,178,192,206,159,175,221,207,210,206,207,255,58,0,0,0,0,0,0,0,0,0,0,4,0,7,188,182,177,196,206,223,230,225,208,203,212,225,206,218,123,0,1,0,0,0,0,0,0,2,2,0,0,201,205,166,192,211,210,210,214,216,213,214,205,197,196,211,169,0,0,1,3,6,4,6,2,0,0,0,139,188,163,210,213,214,210,212,213,216,216,213,197,204,209,211,211,0,1,0,0,0,0,0,0,10,93,193,206,195,205,217,213,207,210,217,212,214,214,207,206,203,202,209,235,25,0,0,37,90,90,105,135,176,183,148,181,203,193,199,206,208,214,221,212,211,215,202,214,206,202,204,233,37,0,106,157,101,125,157,182,165,153,184,191,183,194,197,201,202,204,211,210,208,209,195,207,204,208,206,224,27,0,175,186,142,107,104,149,185,191,199,203,197,201,199,204,199,203,188,198,214,214,212,223,220,215,209,231,32,83,207,189,204,198,187,184,189,191,191,192,206,211,208,208,215,222,255,237,216,198,190,184,178,177,184,229,64,18,150,187,204,205,203,208,208,206,205,212,214,212,210,218,242,173,120,20,120,189,170,176,176,188,188,205,73,0,0,10,79,154,189,203,213,219,228,227,231,220,209,99,0,0,0,0,128,255,216,231,227,236,194,249,92,0,0,0,0,0,0,12,36,43,65,62,66,51,0,0,0,0,1,0,12,68,31,37,29,23,17,14,0,0,0,0,0,0,0,0,0,0,0,0,0,0,0,0,0,0,0,0,0,0,0,0,0,0,0,0,0,0,0,0,0,0,0,0,0,0,0,0,0,0,0,0,0,0,0,0,0,0,0,0,0,0,0,0,0,6
0,0,0,0,0,0,0,0,0,0,0,0,0,0,0,0,0,0,0,0,0,0,0,0,0,0,0,0,0,0,0,0,0,0,0,0,0,0,0,0,0,0,0,0,0,0,0,0,0,0,0,0,0,0,0,0,0,0,0,0,0,0,0,0,0,0,0,0,0,0,0,0,0,0,0,0,0,0,0,0,0,0,0,0,0,0,0,0,0,0,0,0,0,0,0,0,0,0,0,0,0,0,0,0,0,0,0,0,0,0,0,0,0,0,0,0,0,0,0,0,0,0,0,0,0,0,0,0,0,0,0,2,0,0,74,38,0,5,1,0,0,0,0,0,0,0,0,0,0,0,0,2,5,5,6,7,1,1,4,0,0,151,251,137,0,5,0,0,0,0,0,0,0,0,0,0,0,0,0,0,0,0,0,0,0,0,0,23,181,219,88,0,0,1,0,0,0,0,0,0,0,0,0,0,0,1,0,0,14,64,120,140,69,20,111,185,164,0,0,0,0,0,0,2,0,0,0,0,0,0,0,0,0,6,0,92,219,200,218,226,220,237,227,168,0,0,4,0,0,7,5,0,0,0,0,0,0,0,0,0,0,2,0,9,38,0,19,4,0,146,255,150,0,0,0,0,0,0,0,0,0,0,0,0,0,0,0,0,0,0,0,0,0,0,0,0,0,0,189,226,0,0,0,0,0,53,183,63,0,0,0,0,0,0,0,0,0,0,0,2,5,6,6,0,4,0,42,255,41,0,18,141,192,222,226,43,0,0,0,0,0,0,0,0,0,1,0,0,0,0,0,0,0,0,0,178,173,129,255,229,224,222,217,29,0,0,0,0,0,0,3,3,1,0,0,0,0,1,0,3,0,0,0,100,237,255,130,217,233,232,246,22,0,0,0,0,0,2,0,0,0,2,3,8,5,5,1,1,0,0,109,233,232,0,0,255,226,230,240,19,0,0,0,0,5,0,3,0,0,0,0,0,0,0,0,0,0,85,251,155,0,0,48,255,225,227,244,15,0,0,0,0,0,8,174,223,135,57,97,78,47,0,14,0,14,241,170,0,0,0,81,242,224,227,243,0,0,0,3,0,20,177,172,170,156,132,207,224,218,234,198,173,219,211,0,0,6,0,103,243,223,229,238,1,0,0,4,0,20,225,220,175,173,190,193,199,186,181,207,222,229,62,0,2,0,0,139,244,223,226,234,1,2,5,1,0,48,191,182,183,194,255,255,228,223,223,206,234,157,0,0,0,0,0,161,242,222,220,234,2,0,0,0,0,119,226,189,164,169,0,141,211,199,209,228,214,0,0,0,0,0,0,185,237,218,215,231,0,17,89,82,47,121,238,229,237,223,0,0,176,223,234,243,0,0,0,0,1,0,0,196,229,213,213,233,1,62,185,190,194,200,223,216,217,247,255,255,255,243,148,0,0,0,0,0,1,0,14,255,232,222,228,244,0,0,0,15,37,48,54,65,90,88,89,50,22,0,0,0,0,0,0,0,2,0,0,112,91,80,90,59,0,0,0,0,0,0,0,0,0,0,0,0,0,0,0,0,0,0,0,0,0,0,0,0,0,0,0,0,0,0,0,0,0,0,0,0,0,0,0,0,0,0,0,0,0,0,0,0,0,0,0,0,0,0,0,0,0,0,0,0,0,0,0,0,0,0,0,0,0,0,0,0,0,0,0,0,0,0,0,0,0,0,0,0,0,0,0,0,0,0,0,0,0,0,0,0,0,0,0,0,0,0,0,0,0,0,0,0,0,0,0,0,0,6
0,0,0,0,0,0,0,0,0,0,0,0,0,0,0,0,0,0,0,0,0,0,0,0,0,0,0,0,0,0,0,0,0,0,0,0,0,0,0,0,4,0,59,152,86,79,102,109,99,75,49,40,22,4,0,0,0,0,0,0,0,0,0,0,0,0,0,0,7,0,138,209,182,255,240,243,240,255,231,220,219,180,0,0,0,0,0,0,0,0,0,0,0,0,0,0,5,0,164,200,181,212,217,226,229,218,215,213,210,170,0,0,0,0,0,0,0,0,0,0,0,0,0,0,4,0,169,182,183,220,226,242,246,221,220,216,210,170,0,0,0,0,0,0,0,0,0,0,0,0,0,0,4,0,145,179,177,243,227,229,228,210,224,214,209,150,0,0,0,0,0,0,0,0,0,0,0,0,0,1,0,0,181,176,207,236,225,233,239,226,230,207,206,138,0,0,0,0,0,0,0,0,0,0,0,0,0,1,0,0,188,172,214,228,220,228,230,223,235,206,204,116,0,0,0,0,0,0,0,0,0,0,0,0,0,2,0,0,213,181,222,229,235,237,232,225,226,201,204,105,0,1,0,0,0,0,0,0,0,0,0,0,0,3,0,0,179,186,247,218,208,215,218,228,229,197,202,94,0,1,0,0,0,0,0,0,0,0,0,0,0,5,0,38,221,195,223,190,208,229,226,225,233,196,204,93,0,1,0,0,0,0,0,0,0,0,0,1,0,0,0,148,182,194,188,215,244,240,237,233,228,198,205,122,0,0,0,0,0,0,0,0,0,0,0,7,8,0,23,189,176,221,225,245,234,233,235,229,214,201,204,174,0,0,0,0,0,0,0,0,0,0,0,4,0,0,204,163,196,222,224,234,230,231,231,225,216,214,200,192,10,0,0,0,0,0,0,0,0,0,0,0,0,161,185,161,231,225,231,231,232,228,226,217,216,205,192,209,100,0,0,0,0,0,0,0,0,3,0,0,160,137,142,218,223,218,229,240,232,225,219,209,184,148,188,206,177,0,1,2,4,4,5,7,5,0,0,84,166,110,182,205,215,217,220,221,219,227,234,243,235,226,213,196,204,0,0,0,0,0,0,0,0,18,151,165,135,183,187,191,204,214,227,234,239,248,233,224,223,219,214,199,180,0,0,7,61,53,41,34,120,185,72,0,183,194,202,215,231,232,235,242,227,186,165,174,186,206,196,211,212,0,0,144,175,126,108,185,131,13,29,189,214,222,239,250,255,247,218,203,196,216,243,245,242,228,205,202,211,1,0,173,209,204,209,206,170,167,207,186,202,227,230,238,240,208,205,209,231,229,213,208,207,215,219,208,205,2,36,190,184,188,219,230,240,238,226,228,236,238,237,227,211,211,210,244,230,226,221,218,223,222,218,205,204,8,28,176,182,186,187,199,213,223,236,239,234,225,215,216,213,221,255,182,50,218,225,220,224,222,218,204,206,15,91,193,190,196,200,206,209,206,205,210,210,214,212,213,234,243,84,0,0,232,229,218,223,223,219,205,209,26,13,163,193,211,210,209,210,211,210,212,215,210,213,227,169,0,0,0,0,195,224,218,217,219,216,204,184,26,0,0,22,108,187,216,245,218,222,249,221,225,213,216,0,0,4,0,32,217,227,221,254,255,225,214,207,92,0,0,0,0,0,0,28,47,84,96,66,92,18,0,0,1,2,0,0,123,78,83,89,82,77,70,62,9,0,0,0,0,0,0,0,0,0,0,0,0,0,0,0,0,0,0,0,0,0,0,0,0,0,0,0,0,6
0,0,0,0,0,0,0,0,0,0,0,0,0,0,0,0,0,0,0,0,0,0,0,0,0,0,0,0,0,0,0,0,0,0,0,0,0,0,0,0,0,0,0,0,0,0,0,0,0,0,0,0,0,0,0,0,0,0,0,0,0,0,0,0,0,0,0,0,0,0,0,0,0,0,0,0,0,0,0,0,0,0,0,0,0,0,0,0,0,0,0,0,0,0,0,0,0,0,0,0,0,0,0,0,0,0,0,0,0,0,0,0,0,0,0,0,0,0,0,0,0,0,0,0,0,0,0,0,0,0,0,0,0,0,0,0,0,0,0,0,0,0,0,0,0,0,0,0,0,0,0,0,0,2,0,27,90,45,28,0,0,0,0,0,0,0,0,0,0,0,0,0,0,0,0,0,0,0,0,0,0,2,0,113,173,187,204,154,71,165,195,194,185,204,111,0,0,0,0,0,0,0,0,0,0,0,0,0,0,0,0,148,178,174,178,209,238,218,203,210,208,217,194,0,0,0,0,0,0,0,0,0,0,0,0,0,1,0,6,185,192,204,223,210,216,223,220,221,210,222,178,53,0,0,0,0,0,0,0,0,0,0,0,0,5,0,51,213,185,216,236,234,209,236,239,231,205,216,80,46,0,0,0,0,0,0,0,0,0,0,0,0,0,0,104,201,168,179,188,207,195,236,225,218,216,213,95,36,1,0,0,0,0,0,0,0,0,0,0,0,0,0,176,203,187,191,214,190,196,236,227,216,212,234,63,0,1,0,0,1,0,0,0,0,1,3,0,0,0,38,234,176,190,208,213,194,208,229,230,213,223,185,0,0,1,1,1,1,1,1,3,3,0,0,0,3,107,176,185,201,200,214,222,188,214,226,210,220,217,148,0,0,1,3,2,1,1,0,0,0,0,15,86,181,201,182,181,201,221,200,200,182,218,218,221,201,203,179,0,0,0,0,0,0,0,0,16,72,129,178,185,176,187,188,196,178,199,200,205,207,232,223,231,200,201,232,11,0,0,59,128,103,126,151,168,183,195,173,166,187,186,192,185,191,182,181,176,196,223,205,196,198,212,238,24,0,10,187,161,160,156,161,155,169,178,176,182,183,186,196,200,216,210,204,199,200,217,207,196,217,221,194,23,0,69,187,166,174,159,170,169,165,173,183,192,187,195,198,210,220,210,208,218,214,212,212,208,203,210,207,41,0,150,179,195,199,192,198,176,165,170,186,198,203,208,198,212,220,218,229,240,227,222,227,245,255,232,221,97,0,134,182,188,191,196,200,198,209,213,222,227,231,234,222,227,223,221,221,214,200,212,227,210,198,198,200,155,0,0,32,116,198,218,223,222,208,200,208,210,209,213,217,218,214,216,214,212,212,208,205,209,221,214,222,161,0,0,0,0,0,23,88,150,185,195,198,194,186,185,182,173,161,163,160,164,174,170,161,151,144,115,99,28,0,0,0,0,0,0,0,0,0,0,0,0,0,0,0,0,0,0,0,0,0,0,0,0,0,0,0,0,0,0,0,0,0,0,0,0,0,0,0,0,0,0,0,0,0,0,0,0,0,0,0,0,0,0,0,0,0,0,0,0,0,0,0,0,0,0,0,0,0,0,0,0,0,0,0,0,0,0,0,0,0,0,0,0,0,0,0,0,0,0,0,0,0,0,0,0,0,0,0,0,0,0,0,0,0,0,0,0,0,0,0,0,0,0,0,0,0,0,0,0,0,0,0,0,0,0,0,0,0,0,0,0,0,0,0,0,0,0,0,0,0,6
0,0,0,0,0,0,0,0,0,0,0,0,0,0,0,0,0,0,0,0,0,0,0,0,0,0,0,0,0,0,0,0,0,0,0,0,0,0,0,0,0,0,0,0,0,0,0,0,0,0,0,0,0,0,0,0,0,0,0,0,0,0,0,0,0,0,0,0,0,0,0,0,0,0,0,0,7,0,43,177,0,0,1,0,0,0,0,0,0,0,0,0,0,0,0,0,0,0,0,0,0,0,1,0,0,0,190,207,69,0,2,0,0,0,0,0,0,0,0,0,0,0,0,0,0,0,0,0,0,1,0,0,14,255,170,88,208,23,0,1,0,0,0,0,0,0,0,0,0,0,0,0,0,0,0,0,0,0,0,75,211,141,0,141,214,173,0,0,0,0,0,0,0,0,0,0,0,0,0,0,1,5,8,0,0,0,105,218,199,158,160,233,183,180,86,0,0,0,0,0,0,0,0,0,1,0,0,7,7,0,0,0,11,127,221,232,220,82,189,222,175,176,214,12,0,0,0,0,0,0,0,0,0,1,0,0,0,16,108,181,225,219,149,23,0,0,251,173,194,181,236,109,0,0,0,0,0,0,0,0,0,3,0,24,179,223,231,150,43,0,0,0,0,154,244,169,198,194,213,141,0,0,0,0,0,0,0,0,0,3,0,168,157,86,3,0,0,0,1,0,0,175,213,204,213,206,230,112,0,0,0,0,0,0,0,0,2,6,0,109,2,7,0,0,6,2,0,0,0,185,226,200,207,205,253,48,0,0,0,0,0,0,0,1,2,0,5,1,61,127,28,0,0,0,2,0,0,169,238,219,219,198,207,22,0,0,0,0,0,0,0,0,8,0,18,182,116,97,102,52,1,0,0,8,186,246,192,118,141,209,212,6,0,0,0,0,0,0,0,0,0,4,0,114,195,215,187,143,85,0,22,239,216,47,0,0,0,200,202,0,0,0,0,0,0,1,2,4,2,3,0,0,0,45,174,239,219,120,222,211,0,0,0,0,0,217,183,0,0,0,0,3,8,0,0,0,0,0,0,0,0,0,0,100,203,237,200,0,0,7,1,0,0,229,165,0,0,0,2,0,0,0,10,8,19,10,2,1,0,0,0,0,161,231,10,0,8,0,1,0,0,228,148,0,1,0,0,29,86,152,182,136,92,95,89,70,52,17,0,71,253,88,0,1,0,0,3,0,0,232,127,0,4,0,44,188,173,148,155,167,173,185,197,195,186,171,76,211,182,0,0,0,0,0,4,0,0,235,106,0,0,0,132,194,136,152,171,159,169,178,200,212,217,227,225,227,39,0,2,0,0,0,6,0,3,235,91,0,107,102,213,202,192,191,190,182,196,195,197,199,213,206,229,155,0,0,0,0,0,0,5,0,4,230,42,0,214,222,201,202,193,182,201,214,204,199,203,210,205,210,215,27,0,1,0,0,0,0,5,0,8,228,20,0,159,225,196,208,203,202,215,214,208,216,212,208,196,210,197,0,0,1,0,0,0,0,6,0,17,228,0,0,72,221,232,225,221,220,218,207,198,204,192,204,213,227,61,0,12,0,0,0,0,0,6,0,51,223,0,0,0,18,114,185,232,255,255,255,255,254,254,237,234,151,0,0,1,2,0,0,0,0,7,0,63,231,0,0,0,0,0,0,0,12,38,59,87,100,116,104,59,0,0,5,0,3,0,0,0,0,3,0,15,96,0,0,0,0,0,0,0,0,0,0,0,0,0,0,0,0,0,0,0,0,0,0,0,0,0,0,0,0,0,0,6
0,0,0,0,0,0,0,0,0,0,0,0,0,0,0,0,0,0,0,0,0,0,0,0,0,0,0,0,0,0,0,0,0,0,0,0,0,0,0,0,0,0,36,49,85,0,0,0,0,0,0,0,0,0,0,0,0,0,0,0,0,0,0,0,2,0,0,6,0,27,75,98,141,160,60,0,0,34,79,47,100,90,0,0,0,0,0,0,0,0,0,0,0,0,0,2,0,42,167,152,139,255,192,0,0,130,184,135,135,128,0,0,0,0,0,0,0,0,0,0,0,0,4,0,0,70,75,79,117,113,83,27,32,70,113,115,126,115,0,0,0,0,0,0,0,0,0,0,0,0,6,0,23,143,107,113,165,158,113,173,197,165,173,186,154,201,21,0,0,0,0,0,0,0,0,0,0,0,4,0,40,147,87,109,113,117,177,147,177,177,117,162,126,124,94,0,0,0,0,0,0,0,0,0,0,0,2,0,47,102,100,225,109,171,120,85,79,122,141,81,124,147,195,45,0,0,0,0,0,0,0,0,0,0,0,0,113,115,60,64,195,244,77,81,150,145,120,158,124,98,117,30,0,0,0,0,0,0,0,0,0,0,0,0,143,137,162,188,229,75,17,100,156,113,107,105,128,117,162,57,0,0,0,0,0,0,0,0,0,0,0,0,53,62,107,47,25,64,77,126,117,210,105,150,122,182,154,70,0,0,0,0,0,0,0,0,0,0,0,0,12,15,42,141,111,199,201,120,122,143,169,156,132,160,192,70,0,0,0,0,0,0,0,0,0,0,0,4,0,27,113,36,57,124,137,190,210,147,147,162,139,147,169,107,0,0,0,0,0,0,0,0,0,0,4,17,17,0,38,100,180,167,137,167,150,182,122,160,115,126,124,107,0,0,0,0,0,0,0,0,2,0,23,83,53,237,42,81,162,175,162,199,195,227,128,160,126,111,150,90,0,0,0,0,0,0,0,0,2,0,2,19,0,8,186,154,132,165,150,175,113,141,100,147,92,120,139,87,0,0,0,0,0,0,0,0,0,53,38,111,158,19,132,147,66,190,98,100,94,117,90,150,87,160,109,109,0,0,0,0,0,0,0,0,10,23,2,0,132,169,195,175,141,167,122,169,109,180,132,117,120,135,165,130,0,0,0,0,0,0,0,0,79,47,115,42,62,122,143,68,100,113,147,130,57,147,124,154,135,128,190,94,0,0,0,0,0,2,4,0,12,0,32,137,128,143,130,109,79,162,143,124,94,105,87,154,92,145,113,111,0,0,0,0,0,0,0,0,111,45,77,177,128,92,90,177,156,180,147,165,87,199,98,143,109,130,98,81,0,0,2,0,21,68,42,0,42,79,98,87,105,98,87,107,90,87,126,126,72,137,98,128,124,81,124,90,2,49,79,64,96,62,55,83,45,165,124,132,147,92,111,102,94,130,111,102,92,122,128,124,126,128,169,66,60,90,85,79,60,60,83,111,113,92,105,124,137,111,135,158,152,141,145,167,120,207,117,165,109,113,152,47,32,27,77,66,40,100,72,98,128,75,143,83,81,126,107,81,98,77,57,70,42,81,51,60,83,60,70,23,19,8,0,0,8,6,4,21,0,6,4,4,4,6,6,0,4,0,2,4,6,2,8,4,6,15,15,4,17,30,32,30,30,30,32,27,30,25,25,25,25,25,25,30,30,27,27,30,30,32,32,32,30,32,34,12,0,0,0,0,0,0,0,0,0,0,0,0,0,0,0,0,0,0,0,0,0,0,0,0,0,0,0,0,6
0,0,0,0,0,0,0,0,0,0,0,0,0,0,0,0,0,9,24,35,47,57,63,78,82,0,0,0,0,0,0,0,0,0,0,0,0,0,3,0,56,160,164,204,228,230,226,237,255,255,225,228,234,0,0,0,0,0,0,0,0,0,0,0,0,0,6,0,60,220,203,193,183,164,154,155,175,211,210,213,167,0,0,0,0,0,0,0,0,0,0,0,0,0,3,0,0,186,194,189,184,188,201,213,222,225,212,214,197,0,0,0,0,0,0,0,0,0,0,0,0,0,2,0,0,204,207,206,213,224,237,220,215,216,204,218,175,0,0,0,0,0,0,0,0,0,0,0,0,0,0,0,0,174,212,203,204,208,191,186,200,190,194,221,151,0,0,0,0,0,0,0,0,0,0,0,0,0,0,0,0,148,211,196,204,209,195,163,168,173,197,218,126,0,0,0,0,0,0,0,0,0,0,0,0,0,0,0,0,150,211,195,198,200,206,193,165,159,203,209,112,0,0,0,0,0,0,0,0,0,0,0,0,0,0,0,0,162,207,194,197,196,203,209,197,183,186,208,109,0,0,0,0,0,0,0,0,0,0,0,0,0,0,0,0,146,208,190,197,198,205,208,224,219,195,208,133,0,0,0,0,0,0,0,0,0,0,0,0,0,0,0,0,171,209,196,201,207,207,224,233,214,205,205,209,0,0,0,0,0,0,0,0,0,0,0,0,0,3,0,0,212,206,207,207,209,216,224,230,216,190,211,236,0,0,0,0,0,0,0,0,0,0,0,0,0,1,0,48,198,205,203,202,193,199,225,232,204,199,201,211,95,0,0,0,0,0,0,0,0,0,0,0,0,1,0,138,206,206,192,184,181,215,231,217,212,207,192,214,208,0,0,0,0,0,0,0,0,0,0,0,1,0,0,205,203,203,171,166,204,236,215,217,229,205,210,215,233,36,0,0,0,0,0,0,0,0,0,0,1,0,72,199,195,185,177,210,240,213,216,231,215,209,225,215,200,67,0,0,0,0,0,0,0,0,0,0,0,0,175,197,201,194,209,224,216,212,230,216,216,241,224,201,198,78,0,0,0,0,0,0,0,0,0,0,0,39,240,191,216,205,200,205,213,232,226,235,244,212,198,192,236,33,0,0,0,0,0,0,0,0,1,0,0,163,202,192,210,202,195,210,228,238,239,223,186,206,191,184,17,0,0,0,0,0,0,0,0,0,0,0,52,233,188,188,202,195,205,227,228,233,209,199,244,114,159,201,0,0,0,0,0,0,0,0,3,5,0,0,176,192,183,185,206,207,216,236,232,203,214,192,39,0,143,201,0,0,0,0,0,0,3,5,0,0,0,112,203,176,178,189,207,226,217,225,204,223,144,0,0,0,145,169,0,0,0,0,1,4,0,0,0,16,141,203,172,178,181,207,220,224,236,204,242,145,0,0,0,0,164,174,0,0,0,0,0,0,6,92,147,169,124,139,179,188,193,216,222,237,212,200,156,0,0,0,0,0,141,106,0,0,0,0,0,66,145,139,99,58,62,135,185,201,212,217,229,222,198,226,0,0,0,0,0,0,58,8,0,1,0,0,91,208,176,170,176,196,216,207,182,192,214,231,224,193,249,70,0,0,0,0,0,0,72,43,0,1,0,0,51,179,199,211,215,214,230,236,220,218,230,233,214,246,118,0,0,0,0,1,0,0,49,3,0,1,0,0,0,0,14,36,65,108,142,161,185,194,181,167,144,40,0,0,0,0,0,1,0,0,147,99,0,2,0,6
0,0,0,0,0,0,0,0,0,0,0,0,0,0,0,0,0,0,0,0,0,0,0,0,0,0,0,0,0,0,0,0,0,0,0,0,0,0,0,0,0,0,0,0,0,0,0,0,0,0,0,0,0,0,0,0,0,0,0,0,0,0,0,0,0,0,0,0,0,0,0,0,0,0,0,0,0,0,0,0,0,0,0,0,0,0,0,0,0,0,0,0,0,0,0,0,0,0,0,0,0,0,0,0,0,0,0,0,0,0,0,0,0,0,0,0,0,0,0,0,0,0,0,0,0,0,0,0,0,0,0,0,0,0,0,0,0,0,0,0,0,0,0,0,0,0,0,0,0,0,0,0,0,0,0,0,0,0,0,0,0,0,0,0,0,65,0,0,0,0,0,0,0,0,0,0,0,0,0,0,0,0,0,0,0,0,34,101,0,0,0,0,0,111,26,0,0,0,0,0,0,0,0,0,0,0,0,0,0,1,0,0,0,0,196,207,198,211,191,188,112,147,9,0,0,0,0,0,0,0,0,0,0,0,0,0,0,0,0,5,0,97,226,205,226,218,214,216,206,196,4,0,0,0,0,0,0,0,0,0,0,0,0,0,0,0,0,0,0,203,219,218,235,228,218,201,186,180,11,0,0,0,0,0,0,0,0,0,0,0,0,0,0,0,0,0,67,213,218,240,234,223,240,204,196,219,12,0,0,0,0,0,0,0,0,0,0,1,0,0,2,0,0,24,232,232,237,240,251,232,232,201,196,213,0,0,0,0,0,0,1,0,0,0,0,0,1,1,0,0,100,197,98,173,240,245,237,224,245,209,195,215,0,0,0,0,2,2,3,1,1,4,3,1,0,0,0,151,103,44,137,188,237,221,224,239,252,206,191,217,44,0,1,4,0,0,0,0,0,0,0,0,0,56,125,67,146,195,227,227,213,206,200,207,228,203,179,215,140,0,0,0,0,22,15,0,0,11,45,60,116,152,134,127,213,193,200,193,196,203,198,191,198,200,171,192,198,0,0,70,147,99,141,172,165,158,146,136,163,148,213,228,220,227,226,240,249,253,255,253,250,225,202,191,215,24,0,151,230,212,201,220,213,172,175,189,205,207,206,202,220,239,249,253,218,198,210,218,225,218,203,200,232,18,63,157,134,165,197,218,226,240,243,235,237,234,230,240,219,234,216,183,176,171,163,172,166,172,164,164,175,31,0,71,190,182,159,147,149,166,186,203,218,219,220,214,179,161,157,172,180,181,174,147,152,147,143,145,147,49,0,0,0,3,87,165,186,200,182,163,163,159,152,174,191,198,176,148,99,65,226,190,192,191,190,187,194,116,1,1,0,0,0,0,0,32,73,88,117,129,109,120,94,44,0,0,0,0,31,175,138,123,117,87,64,14,0,0,0,1,4,0,0,0,0,0,0,0,0,0,0,0,0,0,1,0,0,0,0,0,0,0,0,0,0,0,0,0,0,0,0,0,0,0,0,0,0,0,0,0,0,0,0,0,0,0,0,0,0,0,0,0,0,0,0,0,0,0,0,0,0,0,0,0,0,0,0,0,0,0,0,0,0,0,0,0,0,0,0,0,0,0,0,0,0,0,0,0,0,0,0,0,0,0,0,0,0,0,0,0,0,0,0,0,0,0,0,0,0,0,0,0,0,0,0,0,0,0,0,0,0,0,0,0,0,0,0,0,0,0,0,0,0,0,0,0,0,0,0,0,0,0,0,0,0,0,0,0,0,0,0,0,0,0,0,0,0,0,0,0,0,0,0,0,6
0,0,0,0,0,0,0,0,0,0,0,0,0,0,0,0,0,0,0,0,0,0,0,0,0,0,0,0,0,0,0,0,0,0,0,0,0,0,0,0,0,0,0,0,0,0,0,0,0,0,0,0,0,0,0,0,0,0,0,0,0,0,0,0,0,0,0,0,0,0,0,0,0,0,0,0,0,0,0,0,0,0,0,0,0,0,0,0,0,0,0,0,0,0,0,1,0,0,63,110,148,182,217,213,175,3,0,0,0,0,0,0,0,0,0,0,0,0,0,0,0,0,0,3,0,0,209,255,255,213,235,244,121,137,196,199,183,202,104,0,0,0,0,0,0,0,0,0,0,0,0,4,0,8,216,220,255,223,206,223,170,153,218,241,210,235,123,0,0,0,0,0,0,0,0,0,0,0,0,4,0,39,228,229,231,215,229,234,232,134,166,225,191,219,69,0,0,0,0,0,0,0,0,0,0,0,0,4,0,92,216,233,241,232,222,217,177,187,242,242,210,233,87,0,0,0,0,0,0,0,0,0,0,0,0,4,0,39,255,233,238,226,231,233,255,161,103,64,59,104,20,0,0,0,0,0,0,0,0,0,0,0,0,2,0,0,185,245,234,236,230,226,241,0,0,0,0,0,0,0,0,0,0,0,0,0,0,0,0,0,0,0,0,0,72,255,226,234,230,224,243,32,0,6,1,6,2,0,0,0,0,0,0,0,0,0,0,0,0,0,0,0,1,255,231,218,218,220,251,20,0,5,4,0,0,0,0,0,0,0,0,0,0,0,3,0,37,255,224,1,59,255,230,236,235,238,255,0,0,0,0,0,0,0,0,0,0,0,0,0,0,1,0,0,150,183,207,255,252,248,230,236,238,254,255,0,0,0,29,98,219,116,0,0,0,0,0,0,0,3,0,76,187,187,205,232,237,249,248,247,252,239,203,46,158,220,234,207,224,65,0,0,0,0,0,0,2,2,0,171,242,191,209,223,227,218,236,255,227,167,198,255,249,220,220,216,237,28,2,0,0,2,5,10,0,0,0,5,197,240,237,233,230,182,206,226,163,195,207,147,204,226,242,223,245,34,0,0,0,0,0,0,7,14,0,0,26,250,187,204,241,101,205,173,198,246,2,43,255,236,254,220,247,32,0,1,0,0,49,117,178,255,119,22,190,255,207,223,118,219,231,209,220,5,0,107,255,217,215,217,244,27,1,0,0,188,243,188,179,228,255,255,255,242,253,230,229,224,214,190,0,0,0,111,255,218,206,208,244,23,2,0,6,247,120,27,166,188,187,231,228,248,253,231,170,213,174,0,0,5,0,133,244,195,207,203,246,21,0,0,15,182,96,199,254,228,236,248,246,245,244,221,242,186,0,0,0,0,0,144,235,190,207,195,237,17,109,175,71,205,254,252,247,243,221,238,252,245,235,255,188,0,0,1,0,0,0,146,213,184,200,187,241,15,34,160,200,217,234,242,255,255,255,255,248,241,225,122,0,0,0,0,0,0,0,163,218,198,207,209,250,17,0,0,0,0,0,1,33,104,154,145,136,81,0,0,0,0,2,5,0,0,0,136,205,179,186,194,191,0,0,0,0,0,0,0,0,0,0,0,0,0,0,0,0,0,0,0,0,0,0,0,0,0,0,0,0,0,0,0,0,0,0,0,0,0,0,0,0,0,0,0,0,0,0,0,0,0,0,0,0,0,0,0,0,0,0,0,0,0,0,0,0,0,0,0,0,0,0,0,0,0,0,0,0,0,0,0,0,0,0,0,0,0,6
0,0,0,0,0,0,0,0,0,0,0,0,0,0,0,0,0,0,0,0,0,0,0,0,0,0,0,0,0,0,0,0,0,0,0,0,0,0,0,0,0,0,0,0,0,0,0,0,0,0,0,0,0,0,0,0,0,0,0,0,0,0,0,0,0,0,0,0,0,0,0,0,0,0,0,0,0,0,0,0,0,0,0,0,0,0,0,0,0,0,0,0,0,0,0,0,0,0,0,0,0,0,0,0,0,0,0,0,0,0,0,0,0,0,0,0,0,0,0,0,0,0,0,0,0,0,0,0,0,0,0,0,0,0,0,0,0,0,0,0,0,0,0,0,0,0,0,0,0,0,0,0,0,0,0,0,99,66,0,5,1,0,0,0,0,0,0,0,0,0,0,0,0,0,0,0,0,0,0,0,0,2,0,20,144,48,0,8,2,4,4,2,2,2,0,0,0,0,0,0,0,0,0,0,0,0,0,0,2,0,0,59,183,0,0,0,0,0,0,0,0,0,0,0,0,0,0,0,0,0,0,0,0,1,0,1,0,0,74,86,190,85,102,95,67,74,55,31,5,0,0,0,0,0,0,0,0,0,0,0,0,1,1,1,0,47,53,120,191,157,122,182,163,152,149,176,175,103,0,1,0,0,0,0,0,0,0,0,0,0,1,2,0,67,90,176,129,148,120,110,155,109,140,167,167,117,0,1,0,0,0,0,0,0,0,0,0,0,0,0,47,114,167,105,107,130,151,137,153,157,165,161,160,137,0,0,0,0,0,0,0,1,1,0,0,0,0,39,89,155,76,72,168,120,133,155,148,167,170,172,168,157,0,0,1,0,0,0,0,1,0,0,5,10,63,44,121,141,58,107,160,109,122,124,159,167,183,182,32,0,0,1,1,0,0,0,1,0,0,2,1,0,20,109,80,70,102,147,133,101,136,130,147,178,151,0,0,0,0,0,0,0,1,1,0,1,6,1,0,8,155,147,80,106,117,164,121,117,118,148,180,174,0,0,6,2,8,2,0,0,0,0,1,1,0,0,47,163,76,70,117,117,136,137,118,128,164,174,236,58,0,0,0,0,0,0,0,0,1,0,0,0,1,64,149,110,98,118,94,106,159,129,129,160,180,191,125,0,0,0,33,67,106,21,0,1,1,0,0,68,187,103,62,89,110,114,110,124,187,191,179,161,156,183,141,144,252,223,238,232,242,86,1,6,0,4,105,95,59,67,70,64,99,111,117,175,187,165,168,183,207,215,230,244,230,214,207,192,198,45,0,0,0,59,87,64,60,64,74,79,102,114,167,167,163,184,206,195,155,52,0,196,222,190,201,199,246,56,41,101,78,124,91,78,70,55,63,102,125,160,170,191,218,199,111,1,0,0,0,215,219,187,205,196,232,53,29,136,136,161,179,182,180,201,183,190,201,206,206,214,97,0,0,0,0,0,0,222,221,194,206,198,234,44,0,0,0,0,22,51,98,155,175,172,143,83,29,0,0,0,2,2,1,0,0,217,222,211,219,207,255,58,0,0,0,0,0,0,0,0,0,0,0,0,0,0,0,0,0,0,0,0,0,0,0,0,0,0,0,0,0,0,0,0,0,0,0,0,0,0,0,0,0,0,0,0,0,0,0,0,0,0,0,0,0,0,0,0,0,0,0,0,0,0,0,0,0,0,0,0,0,0,0,0,0,0,0,0,0,0,0,0,0,0,0,0,0,0,0,0,0,0,0,0,0,0,0,0,0,0,0,0,0,0,0,0,0,0,0,0,0,0,0,0,6
0,0,0,0,0,0,0,0,0,0,0,0,0,0,0,0,0,0,0,0,0,0,0,0,0,0,0,0,0,0,0,0,0,0,0,0,0,0,0,0,0,0,0,0,0,0,0,0,0,0,0,0,0,0,0,0,0,0,0,0,0,0,0,0,0,0,0,0,0,0,0,0,0,0,0,0,0,0,0,0,0,0,0,0,0,0,0,0,0,0,0,0,0,0,1,1,0,1,0,0,106,141,68,0,0,0,1,0,0,1,4,2,0,0,0,0,0,0,0,0,0,0,0,0,0,7,0,11,180,176,178,205,91,0,0,0,0,0,0,0,0,0,0,0,0,0,0,0,0,0,0,0,1,0,0,108,91,31,148,177,223,136,112,106,83,56,54,4,0,0,0,0,0,0,0,0,0,0,0,0,0,0,86,136,91,48,211,168,157,173,192,186,188,186,200,82,0,0,0,0,0,0,0,0,0,0,1,3,0,8,115,97,54,121,211,151,166,170,202,189,188,195,198,18,0,0,0,0,0,0,0,0,0,0,0,2,0,77,152,83,34,188,192,188,163,209,203,197,197,213,219,0,0,0,0,0,0,0,0,0,0,0,0,0,8,166,164,142,85,192,119,90,179,200,197,212,203,205,146,0,0,0,0,0,0,0,0,0,0,0,0,0,57,176,175,145,139,179,191,123,203,203,200,203,190,215,175,0,0,0,0,0,0,0,0,0,0,0,0,0,211,175,84,183,165,98,188,192,188,202,202,188,191,217,192,0,0,0,0,0,0,0,0,0,1,2,0,84,169,159,222,109,164,175,155,177,189,210,193,196,209,202,217,0,0,0,0,0,0,0,0,0,1,0,1,247,179,124,150,163,70,165,184,190,190,195,193,213,193,191,245,4,0,0,0,0,0,0,0,0,0,43,219,148,122,205,113,190,143,169,202,189,188,189,203,202,184,192,211,81,0,0,0,0,0,2,0,0,64,254,205,217,133,191,104,117,184,193,182,190,196,190,204,192,182,193,215,123,4,0,5,1,0,0,0,204,192,141,109,202,94,118,183,153,190,190,184,190,203,203,213,191,211,186,175,92,0,3,0,0,0,17,153,222,222,193,91,188,169,111,184,192,197,202,205,212,216,219,200,170,179,171,171,66,0,0,2,55,133,209,206,171,204,235,135,104,183,193,205,198,193,195,212,206,182,189,177,183,142,86,70,11,0,131,210,203,209,192,193,199,190,171,180,172,179,215,200,197,195,182,177,179,203,184,115,59,38,64,96,0,58,204,193,203,193,203,199,188,183,169,197,156,183,198,183,169,168,169,204,171,77,37,47,88,97,75,9,0,117,222,188,182,172,156,156,162,158,159,160,165,177,158,165,188,218,176,82,29,68,96,76,37,0,0,0,0,32,149,207,222,218,211,209,173,169,186,197,195,195,206,199,152,88,27,69,96,43,0,0,0,0,0,0,0,29,88,55,104,152,171,192,193,198,195,186,156,130,94,49,39,64,95,50,0,0,0,2,3,1,0,0,0,0,64,116,81,50,45,38,35,32,31,32,48,52,64,90,84,45,0,0,0,8,3,0,0,0,0,0,0,0,0,0,41,68,75,85,92,91,89,79,71,61,39,5,0,0,0,1,0,0,0,0,0,0,0,0,0,0,0,0,0,0,0,0,0,0,0,0,0,0,0,0,0,0,0,0,0,0,0,0,0,0,0,0,0,0,0,0,0,0,0,0,0,0,0,0,0,0,0,0,0,0,0,0,0,0,0,0,0,0,0,0,0,6
0,0,0,0,0,0,0,0,0,0,0,0,0,0,0,0,0,0,0,0,0,0,0,0,0,0,0,0,0,0,0,0,0,0,0,0,0,0,0,0,0,0,0,0,0,0,0,0,0,0,0,0,0,0,0,0,0,0,0,0,0,0,0,0,0,0,0,0,0,0,0,0,0,0,0,0,0,0,0,0,0,0,0,0,0,0,0,0,0,0,0,0,0,0,0,0,0,0,0,0,0,0,0,0,0,0,0,0,0,0,0,0,0,0,0,0,0,0,0,0,0,0,0,0,0,0,0,0,0,0,0,0,0,0,0,0,0,0,0,0,0,0,0,0,0,0,0,0,0,0,0,2,0,0,59,80,98,141,96,0,52,181,196,197,190,170,114,0,0,0,0,0,0,0,0,0,0,0,0,6,0,72,235,224,223,252,255,211,255,249,236,234,226,242,255,0,0,0,0,0,0,0,0,0,0,0,0,6,0,130,230,204,215,209,220,228,227,220,227,225,224,230,205,78,0,0,0,0,0,0,0,0,0,0,0,0,0,171,227,219,229,229,231,218,230,229,231,229,229,237,150,102,0,0,0,0,0,0,0,0,0,1,0,0,0,204,230,224,229,231,233,218,230,229,230,232,225,239,183,0,0,0,0,0,0,0,0,0,0,0,1,0,0,223,232,225,222,224,223,214,235,231,236,231,224,246,71,0,0,0,0,0,0,0,0,0,0,0,2,0,0,251,228,220,230,226,224,217,240,229,233,233,234,255,0,0,0,0,0,0,0,0,0,0,0,0,2,0,0,255,226,216,222,225,227,210,243,231,228,228,235,250,0,0,0,0,0,0,0,0,0,0,0,4,0,0,89,255,221,224,217,218,220,209,236,228,227,224,231,248,20,0,0,0,0,0,0,0,0,1,1,0,0,103,255,218,217,226,228,234,230,222,235,227,231,238,230,255,94,0,0,0,4,6,7,2,0,0,0,0,153,255,216,221,229,230,232,231,230,230,235,234,238,238,234,251,192,0,2,0,0,0,0,0,0,0,33,211,239,219,229,223,230,233,232,229,231,231,238,239,244,237,234,244,216,0,0,0,27,38,38,50,113,203,255,227,222,227,225,228,232,231,227,229,231,227,238,238,232,236,233,241,249,0,0,145,230,224,228,235,236,231,221,223,230,230,230,231,235,235,231,229,230,228,239,239,244,247,241,236,255,0,2,225,225,214,217,217,220,228,227,229,232,231,233,228,232,235,236,239,245,236,241,236,231,223,225,217,245,33,94,226,216,223,227,228,237,230,229,233,233,233,238,243,245,240,232,224,214,203,204,193,197,204,198,200,246,93,136,200,204,210,212,218,226,230,235,237,237,233,234,216,208,198,193,194,192,194,198,200,201,202,205,205,217,130,0,31,121,189,244,235,229,225,217,212,216,213,214,222,231,235,237,241,243,241,240,238,250,252,255,222,255,175,0,0,0,0,23,51,109,145,166,178,179,179,182,165,159,150,143,144,143,140,136,139,116,95,80,56,59,16,0,0,0,0,0,0,0,0,0,0,0,0,0,0,0,0,0,0,0,0,0,0,0,0,0,0,0,0,0,0,0,0,0,0,0,0,0,0,0,0,0,0,0,0,0,0,0,0,0,0,0,0,0,0,0,0,0,0,0,0,0,0,0,0,0,0,0,0,0,0,0,0,0,0,0,0,0,0,0,0,0,0,0,0,0,0,0,0,0,0,0,0,0,0,0,0,0,0,0,0,0,0,0,0,0,0,0,0,0,0,0,0,6
0,0,0,0,0,0,0,0,0,0,0,0,0,0,0,0,0,0,0,0,0,0,0,0,0,0,0,0,0,0,0,0,0,0,0,0,0,0,0,0,0,0,0,0,0,0,0,0,0,0,0,0,0,0,0,0,0,0,0,0,0,0,0,0,0,0,0,0,0,0,0,0,0,0,0,0,0,0,0,0,0,0,0,0,0,0,0,0,0,0,0,0,0,0,0,0,0,2,0,0,0,0,0,0,0,0,0,1,0,0,56,25,0,0,0,0,0,0,0,0,0,0,0,0,0,2,1,0,4,4,0,0,0,0,0,2,0,33,50,55,0,0,0,0,0,0,0,0,0,0,0,0,0,0,1,0,0,0,0,4,2,1,2,2,0,51,12,55,0,0,0,0,0,0,0,0,0,0,0,0,0,1,0,0,102,6,0,0,0,0,0,0,0,19,74,37,0,0,0,0,0,0,0,0,0,0,0,0,0,2,0,59,210,185,177,126,59,15,0,0,0,50,69,0,0,0,0,0,0,0,0,0,0,0,0,0,0,5,0,117,214,205,228,239,233,224,255,195,182,181,0,0,0,0,0,0,0,0,0,0,0,0,0,0,0,0,0,186,223,216,214,217,218,221,213,204,227,148,0,0,0,0,0,0,0,0,0,0,0,0,0,0,0,0,42,245,211,217,222,226,222,224,222,194,215,108,0,1,0,0,0,0,0,0,0,0,0,0,0,0,0,0,119,216,201,215,216,220,218,221,221,194,215,119,0,2,0,0,0,0,0,0,0,0,2,2,0,0,0,0,223,212,214,215,223,221,219,222,210,192,252,56,0,2,0,0,0,0,0,0,0,0,0,0,0,0,0,131,246,193,212,224,215,215,222,222,213,183,249,22,0,2,0,0,0,0,0,0,0,0,0,0,0,0,65,236,205,208,219,207,206,214,223,213,216,193,251,16,0,1,0,0,0,0,0,0,0,0,0,0,0,37,224,205,193,200,210,201,209,211,204,198,206,197,247,76,0,0,0,0,0,0,0,0,0,0,0,0,79,236,205,194,205,203,200,212,210,202,189,196,207,204,218,170,0,0,0,0,4,2,2,5,0,0,0,151,235,190,193,204,204,209,214,216,212,201,199,207,205,198,204,255,5,0,0,0,0,0,0,0,0,0,31,196,181,199,204,208,207,208,209,212,217,215,205,197,198,210,203,225,108,0,0,0,25,55,65,92,145,187,185,178,207,214,209,208,208,208,208,210,210,202,192,192,189,198,203,215,177,0,0,122,166,172,162,185,167,66,109,215,191,197,199,208,205,207,209,207,211,214,213,212,214,215,215,215,195,0,0,182,199,167,61,78,79,16,144,198,183,195,201,208,206,209,208,205,204,207,216,218,219,226,221,220,188,0,85,188,176,197,212,230,226,237,217,192,199,206,209,219,215,215,213,203,193,190,188,186,193,186,191,192,206,0,40,186,171,173,170,177,180,195,185,181,185,187,190,181,174,175,172,166,171,178,183,181,184,178,176,190,204,45,0,0,67,135,171,190,208,199,191,195,191,193,190,204,209,223,233,226,215,217,221,225,222,227,231,208,250,40,0,0,0,0,0,3,76,108,148,154,169,164,183,171,168,164,159,152,156,137,140,133,123,133,111,79,8,0,0,0,0,0,0,0,0,0,0,0,0,0,0,0,0,0,0,0,0,0,0,0,0,0,0,0,0,0,0,0,0,0,0,0,0,0,0,0,0,0,0,0,0,0,0,0,0,0,0,0,0,0,0,0,0,0,6
0,0,0,0,0,0,0,0,0,0,0,1,0,32,128,132,135,139,131,135,146,130,86,41,0,1,0,0,0,0,0,0,0,0,0,0,0,0,0,1,0,95,198,194,213,219,217,215,226,180,185,109,0,5,0,0,0,0,0,0,0,0,0,0,0,0,0,4,0,57,180,216,219,233,212,204,217,153,148,54,0,4,0,0,0,0,0,0,0,0,0,0,0,0,0,2,0,52,178,202,220,217,209,193,202,150,134,26,0,2,0,0,0,0,0,0,0,0,0,0,0,0,0,2,0,61,183,197,211,207,205,196,190,148,141,21,0,2,0,0,0,0,0,0,0,0,0,0,0,0,0,2,0,58,172,198,208,207,207,201,183,153,145,21,0,2,0,0,0,0,0,0,0,0,0,0,0,0,0,2,0,68,175,204,220,205,201,193,189,164,148,24,0,1,0,0,0,0,0,0,0,0,0,0,0,0,0,2,0,69,165,205,216,208,217,191,182,157,139,15,0,2,0,0,0,0,0,0,0,0,0,0,0,0,0,1,0,58,174,202,197,204,200,174,171,153,171,85,0,0,0,0,0,0,0,0,0,0,0,0,0,0,1,0,1,80,174,212,205,217,208,176,165,186,194,228,0,0,0,0,0,0,0,0,0,0,0,0,0,0,2,0,21,135,157,208,212,209,205,186,186,186,208,216,115,0,0,0,0,0,0,0,0,0,0,0,0,0,5,0,30,178,153,205,212,217,193,187,176,215,242,220,230,20,0,0,0,0,0,0,0,0,0,0,0,0,5,0,52,180,142,201,202,202,183,157,217,250,238,234,208,130,0,0,0,0,0,0,0,0,0,0,0,0,2,0,97,190,148,208,204,183,171,216,254,230,239,230,204,161,12,0,0,0,0,0,0,0,0,0,0,1,0,0,154,164,149,205,182,163,215,254,220,233,245,227,212,150,30,0,0,0,0,0,0,0,0,0,0,1,0,13,186,157,186,202,186,223,252,234,234,226,223,204,190,167,39,0,0,0,0,0,0,0,0,0,0,0,0,31,197,170,201,191,223,249,228,235,228,183,165,157,156,175,24,0,0,0,0,0,0,0,0,0,0,0,6,41,175,187,212,227,238,227,217,230,189,156,160,189,207,180,17,0,0,0,0,0,0,0,0,0,0,0,35,64,132,202,207,216,216,216,202,175,179,190,139,241,178,167,21,0,0,0,0,0,0,0,0,0,1,0,46,79,104,164,193,200,205,194,160,178,194,0,30,220,160,180,12,0,0,0,0,1,1,2,4,4,0,4,76,116,124,134,167,189,190,176,182,179,0,0,39,183,175,161,5,0,0,0,0,0,0,0,0,0,0,32,104,142,149,160,159,161,138,176,230,20,0,0,43,193,194,168,4,0,0,0,0,0,9,12,31,65,75,65,113,148,152,187,174,149,127,202,50,0,4,0,38,175,174,159,2,0,0,0,17,86,128,132,134,163,120,104,135,164,178,183,183,153,217,106,0,0,1,0,43,176,170,163,0,0,0,0,26,68,108,139,149,153,171,135,141,137,145,191,159,165,182,0,0,0,1,0,34,180,170,154,0,0,0,0,98,109,97,105,113,94,123,152,150,134,127,123,145,220,0,0,4,0,4,0,35,183,170,153,0,0,0,0,32,113,150,159,154,149,135,135,135,115,115,142,212,35,0,4,0,0,5,0,38,190,183,183,0,0,0,0,0,0,0,1,45,65,101,130,165,180,172,150,12,0,0,0,0,0,2,0,10,128,139,109,0,0,6
0,0,0,0,0,0,0,0,0,0,0,0,0,0,0,0,0,0,0,0,0,0,0,0,0,0,0,0,0,0,0,0,0,0,0,0,0,0,0,0,0,0,0,0,0,0,0,0,0,0,0,0,0,0,0,0,0,0,0,0,0,0,0,0,0,0,0,0,0,5,0,0,0,0,0,51,95,161,221,198,0,0,0,0,0,0,0,0,0,0,0,0,0,0,1,0,0,0,0,0,20,131,255,254,145,253,169,211,216,250,69,0,0,0,0,0,0,0,0,0,0,0,0,2,0,64,154,208,241,245,219,216,162,210,200,226,176,165,53,0,0,0,0,0,0,0,0,0,0,0,0,3,0,177,239,198,147,139,254,252,226,243,206,228,178,0,0,0,0,0,0,0,0,0,0,0,0,0,0,1,0,33,29,0,0,0,131,79,17,0,0,67,255,92,0,0,0,0,0,0,0,0,0,0,0,0,1,0,0,0,0,0,0,0,0,0,0,0,0,107,245,207,0,0,0,0,0,0,0,0,0,0,0,0,0,0,0,4,4,1,0,1,10,4,0,0,0,212,223,239,117,0,0,0,0,0,0,0,0,0,0,0,0,0,0,0,0,0,0,0,0,0,0,0,120,238,215,228,222,0,0,0,0,0,0,0,0,0,0,0,0,0,0,0,0,0,0,0,0,0,0,51,255,219,222,215,255,26,0,0,0,0,0,0,0,0,0,0,0,0,0,0,0,0,0,0,3,0,1,255,225,216,220,215,255,67,0,0,0,0,0,0,0,0,0,0,0,0,0,0,0,0,0,0,1,0,169,233,214,224,225,217,255,79,0,0,0,0,0,0,0,0,0,0,0,0,0,0,0,0,0,3,0,0,247,219,219,225,228,216,255,60,0,0,0,0,0,0,0,0,0,0,0,0,0,0,0,0,0,6,0,33,227,216,224,222,225,214,255,46,0,0,0,0,0,0,0,0,0,0,0,0,0,0,0,0,0,1,0,91,232,216,242,225,223,215,255,38,0,0,0,0,1,1,0,0,1,0,0,0,0,3,4,0,0,0,0,53,246,254,195,236,226,221,255,17,0,0,0,0,0,1,0,0,0,0,0,0,0,5,2,3,0,0,69,220,255,22,47,255,218,222,255,2,0,0,0,0,1,3,3,1,3,0,0,0,0,0,1,0,0,110,248,185,0,0,76,255,216,223,251,0,0,0,0,0,1,1,0,0,1,0,0,0,0,0,0,0,106,254,119,0,0,0,84,255,218,225,237,0,0,0,0,0,1,0,9,1,0,0,0,0,0,9,0,64,251,121,0,0,9,0,83,235,216,221,239,0,3,4,5,11,0,78,216,120,0,9,0,0,4,0,0,234,154,0,0,0,1,0,79,236,214,224,230,0,0,0,0,0,0,57,232,198,0,0,0,0,0,0,191,194,0,0,3,0,4,0,78,234,213,225,215,0,0,29,0,11,6,0,187,235,69,0,1,0,0,152,233,0,0,6,0,0,4,0,77,234,213,227,197,0,57,191,211,216,205,195,186,232,154,0,0,0,161,241,51,0,6,0,0,0,8,0,81,235,213,228,192,0,0,0,46,108,170,200,178,206,214,255,202,220,202,48,0,0,0,1,0,0,7,0,72,246,221,243,184,0,0,0,0,0,0,0,0,0,12,43,45,24,0,0,3,0,0,0,0,0,3,0,2,98,76,79,22,0,0,0,0,0,0,0,0,0,0,0,0,0,0,0,0,0,0,0,0,0,0,0,0,0,0,0,0,0,6
0,0,0,0,0,0,0,0,0,0,0,0,0,0,0,0,0,0,0,0,0,0,0,0,0,0,0,0,0,0,0,0,0,0,0,0,0,0,0,0,0,0,0,0,0,0,0,0,0,0,0,0,0,0,0,0,0,0,0,0,0,0,0,0,0,0,0,0,0,0,0,0,0,0,0,0,0,0,0,0,0,0,0,0,0,0,0,0,0,0,0,0,0,0,0,0,0,0,0,0,0,0,0,0,0,0,0,0,0,0,0,0,0,0,0,0,0,0,0,0,0,0,0,0,0,0,0,0,0,0,0,0,0,0,0,0,0,0,0,0,0,0,0,0,0,0,0,0,0,0,0,0,0,0,0,0,0,0,0,0,0,0,0,0,0,0,0,0,0,0,0,0,0,0,0,0,0,0,0,0,0,0,0,1,0,0,0,0,0,0,0,0,166,0,0,0,0,0,0,0,0,0,0,0,0,1,0,0,0,1,0,0,0,0,0,0,0,0,0,0,159,47,0,1,0,0,0,0,0,0,0,0,0,0,0,0,0,0,0,54,140,155,191,230,244,253,250,207,212,211,0,0,0,0,0,0,0,0,0,0,1,1,0,0,0,5,171,201,216,222,236,240,234,231,231,232,233,208,0,0,0,0,0,0,0,0,0,0,0,0,0,0,0,173,220,223,227,228,233,225,220,229,220,227,216,217,15,0,0,0,0,0,1,0,0,0,0,1,0,0,92,231,220,233,220,228,232,222,231,229,214,207,184,221,118,0,0,0,0,0,0,0,0,1,0,0,0,106,255,221,238,228,209,222,229,218,210,197,207,196,179,216,212,0,0,0,0,1,2,4,3,0,0,13,169,255,204,183,197,216,206,212,229,218,210,214,209,205,191,174,247,0,0,3,0,0,0,0,0,0,39,209,219,143,153,185,206,196,208,215,217,202,191,186,175,174,167,154,249,61,0,0,0,0,3,62,104,142,174,120,170,255,246,248,235,235,233,200,141,185,197,195,202,191,180,186,255,81,0,44,154,159,175,157,105,144,173,123,160,224,194,201,206,223,252,255,242,242,244,233,238,236,239,227,255,68,29,183,219,224,233,231,215,249,224,240,255,227,228,243,246,231,202,184,147,200,226,222,227,227,235,228,255,51,111,221,204,202,203,208,224,226,242,246,241,237,232,222,205,195,204,223,204,211,232,219,213,213,211,195,234,52,0,79,195,203,211,210,202,198,173,180,191,198,192,194,203,207,203,195,196,190,187,188,192,194,189,165,203,46,0,0,0,15,89,173,234,249,249,231,229,221,216,223,227,230,231,235,239,223,230,231,232,235,237,226,255,94,0,1,0,0,0,0,0,7,46,80,91,102,108,103,86,56,45,42,12,27,142,122,106,100,85,71,66,0,0,0,0,0,0,0,0,0,0,0,0,0,0,0,0,0,0,0,0,0,0,0,0,0,0,0,0,0,0,0,0,0,0,0,0,0,0,0,0,0,0,0,0,0,0,0,0,0,0,0,0,0,0,0,0,0,0,0,0,0,0,0,0,0,0,0,0,0,0,0,0,0,0,0,0,0,0,0,0,0,0,0,0,0,0,0,0,0,0,0,0,0,0,0,0,0,0,0,0,0,0,0,0,0,0,0,0,0,0,0,0,0,0,0,0,0,0,0,0,0,0,0,0,0,0,0,0,0,0,0,0,0,0,0,0,0,0,0,0,0,0,0,0,0,0,0,0,0,0,0,0,0,0,0,0,0,0,0,0,0,0,0,0,0,0,0,0,0,6
0,0,0,0,0,0,0,0,0,0,0,0,0,0,0,0,0,0,0,0,0,0,0,0,0,0,0,0,0,0,0,0,0,0,0,0,0,0,0,0,0,0,0,0,0,0,0,0,0,0,0,0,0,0,0,0,0,0,0,0,0,0,0,0,0,0,0,0,0,0,0,0,0,0,0,0,0,0,0,0,0,0,0,0,0,0,0,0,0,0,0,0,0,0,0,0,0,0,0,0,0,0,0,0,0,0,0,0,0,0,0,0,0,0,0,0,0,0,0,0,0,0,0,0,0,0,0,0,56,31,0,0,1,1,1,0,0,0,54,0,0,0,0,0,0,0,0,0,0,0,0,0,0,2,0,0,209,214,214,0,0,0,0,0,0,0,86,39,0,0,0,0,0,0,0,0,0,0,0,0,0,0,0,59,234,209,228,97,16,15,0,155,188,138,146,0,0,0,0,0,0,0,0,0,0,0,0,0,0,0,0,193,226,209,209,251,255,255,242,215,220,242,194,0,0,0,0,0,0,0,0,0,0,0,0,0,0,0,83,255,207,211,215,195,187,187,196,204,208,234,115,0,0,0,0,0,0,0,0,0,0,0,0,0,0,4,255,218,212,214,214,204,204,204,199,211,209,229,142,0,0,0,0,0,0,0,0,0,0,0,0,0,0,232,225,211,215,210,210,206,204,198,201,212,216,220,150,0,0,0,0,0,2,1,0,0,0,3,0,0,180,231,204,209,210,217,209,207,206,202,208,220,214,218,166,6,0,0,0,0,3,0,0,0,1,0,0,166,255,206,216,216,213,207,207,206,205,199,208,214,221,217,138,46,0,0,0,0,0,1,3,0,0,0,194,252,203,215,218,210,206,205,205,204,202,200,207,209,251,167,100,126,1,3,0,0,0,0,0,0,97,238,218,200,210,209,215,207,206,208,206,202,201,201,203,238,221,80,62,179,0,0,0,0,0,0,86,234,230,210,207,212,207,211,212,214,210,207,205,200,200,202,229,191,79,7,20,173,0,62,181,184,230,255,252,252,199,200,202,210,209,201,207,215,214,210,201,208,214,219,202,132,88,1,52,181,0,193,253,205,196,148,60,39,27,103,240,215,219,218,217,216,219,225,223,234,233,226,214,225,236,157,186,146,0,179,237,205,155,96,109,118,69,160,255,237,237,241,240,236,224,215,225,224,209,201,202,198,196,172,202,135,25,214,184,192,209,226,232,224,234,240,215,214,215,206,200,195,191,189,177,187,185,184,189,182,184,187,191,142,27,209,208,197,180,175,172,176,179,161,167,165,161,164,169,172,181,186,185,201,183,171,175,168,182,175,181,144,0,77,190,189,213,220,215,213,210,204,202,201,198,207,210,244,245,235,234,227,218,220,221,216,216,202,212,138,0,0,0,0,29,59,100,144,166,193,191,190,192,182,118,41,22,21,0,0,128,141,108,107,95,66,54,3,0,0,1,0,0,0,0,0,0,0,0,0,0,0,0,0,0,0,0,0,0,0,0,0,0,0,0,0,0,0,0,0,0,0,0,0,0,0,0,0,0,0,0,0,0,0,0,0,0,0,0,0,0,0,0,0,0,0,0,0,0,0,0,0,0,0,0,0,0,0,0,0,0,0,0,0,0,0,0,0,0,0,0,0,0,0,0,0,0,0,0,0,0,0,0,0,0,0,0,0,0,0,0,0,0,0,0,0,0,0,0,0,0,0,0,0,0,0,0,0,0,0,0,0,0,0,0,0,0,0,0,0,0,0,0,0,0,0,0,0,6
0,0,0,0,0,0,0,0,0,0,0,0,0,0,56,134,122,99,65,13,0,40,0,0,0,0,0,0,0,0,0,0,0,0,0,0,0,0,0,0,0,0,115,170,166,165,181,177,138,186,172,138,65,0,0,0,0,0,0,0,0,0,0,0,0,0,0,0,0,0,123,179,164,138,138,143,133,153,176,189,194,159,1,0,0,0,0,0,0,0,0,0,0,0,0,2,0,0,192,175,142,147,134,146,147,175,176,183,177,160,0,0,0,0,0,0,0,0,0,0,0,0,0,4,0,1,181,146,131,144,140,134,169,199,174,175,186,120,0,0,0,0,0,0,0,0,0,0,0,0,0,3,0,4,167,134,142,147,168,146,197,198,168,175,184,37,0,0,0,0,0,0,0,0,0,0,0,0,0,2,0,11,176,144,168,158,140,157,224,210,171,171,221,0,0,0,0,0,0,0,0,0,0,0,0,0,0,3,0,17,171,151,161,167,187,195,205,199,185,174,171,0,0,0,0,0,0,0,0,0,0,0,0,0,0,4,0,70,164,125,134,175,203,223,189,176,178,172,160,0,0,0,0,0,0,0,0,0,0,0,0,0,0,3,0,95,140,120,112,108,43,84,153,160,141,129,183,15,0,0,0,0,0,0,0,0,0,0,0,0,0,0,0,98,148,187,241,58,137,158,179,171,174,193,199,10,0,0,0,0,0,0,0,0,0,0,0,0,0,0,0,83,122,126,156,167,243,202,219,181,234,167,156,66,0,0,0,0,0,0,0,0,0,0,0,0,0,0,0,98,112,86,123,174,205,190,120,184,126,114,151,119,0,0,0,0,0,0,0,0,0,0,0,0,1,0,0,117,115,102,124,116,161,152,161,164,111,141,129,132,20,0,0,0,0,0,0,0,0,0,0,0,2,0,20,152,107,124,119,156,133,159,179,134,123,89,87,133,49,0,0,0,0,0,0,0,0,0,0,0,2,0,55,147,119,166,147,134,88,153,171,126,103,89,110,143,67,0,0,0,0,0,0,0,0,0,0,0,1,0,97,84,131,152,255,207,149,178,119,105,124,142,135,156,50,0,0,0,0,0,0,0,0,0,0,1,0,11,105,71,176,158,246,172,160,185,121,146,149,156,147,178,35,0,0,0,0,0,0,0,0,0,0,2,0,29,65,141,188,166,187,169,165,144,153,165,175,179,164,177,16,0,0,0,0,0,0,0,0,0,1,0,0,89,103,179,180,157,172,180,174,151,204,122,190,169,160,172,1,0,0,0,0,1,0,2,2,2,3,0,55,108,126,203,170,165,179,181,175,184,106,0,185,159,160,168,0,0,0,0,0,2,2,2,0,0,0,12,98,80,162,187,177,156,187,179,175,161,0,0,194,158,158,153,0,0,0,0,2,0,0,0,0,0,40,106,84,98,180,175,162,151,187,166,184,197,0,0,188,158,155,147,0,0,0,0,0,0,21,40,75,89,97,77,78,139,203,220,176,139,170,167,172,168,5,0,184,150,150,135,0,0,0,0,11,84,86,80,71,62,74,77,82,116,119,153,152,113,194,120,0,0,0,6,178,147,150,117,0,0,0,0,77,114,94,83,67,64,60,79,93,101,103,115,131,134,189,0,0,0,0,20,151,143,150,101,0,0,0,0,82,161,157,155,170,156,129,117,121,135,144,139,162,205,48,0,1,1,0,20,171,170,179,106,0,0,0,0,0,0,37,82,97,115,139,147,146,146,149,132,103,6,0,0,0,0,0,0,123,149,144,64,0,0,6
0,0,0,0,0,0,0,0,0,0,0,0,0,0,0,0,0,0,0,0,0,0,0,0,0,0,0,0,0,0,0,0,0,0,0,0,0,0,0,0,0,0,0,0,0,0,0,0,0,0,0,0,0,0,0,0,0,0,0,0,0,0,0,0,0,0,0,0,0,0,0,0,0,0,0,0,0,0,0,0,0,0,0,0,0,0,0,0,0,0,0,0,0,0,0,1,0,0,0,1,0,0,1,1,0,0,2,0,29,38,0,1,0,0,0,0,0,0,0,0,0,0,0,1,0,0,0,0,0,0,0,0,0,0,4,0,52,32,0,1,0,0,0,0,0,0,0,0,0,0,0,0,0,0,2,2,5,6,6,2,2,1,1,0,14,118,46,0,0,0,0,0,0,0,0,0,0,0,0,0,0,0,0,0,0,0,0,0,0,0,0,0,11,198,14,0,0,0,0,0,0,0,0,0,0,0,0,0,0,2,4,0,91,124,90,16,6,24,38,0,103,156,0,0,0,0,0,0,0,0,0,0,0,0,0,0,0,3,0,0,176,203,212,229,230,234,233,193,195,60,0,1,0,0,0,0,0,0,0,0,0,0,0,0,0,6,0,73,198,196,208,228,224,227,232,193,198,83,0,1,0,0,0,0,0,0,0,0,0,0,0,0,1,0,0,158,204,198,200,233,228,230,233,190,202,114,0,1,0,0,0,0,0,0,0,0,0,1,0,0,0,0,19,217,190,204,200,243,229,228,246,194,194,121,0,0,1,0,0,0,0,0,0,0,0,1,0,2,0,0,161,197,187,199,213,241,227,225,250,182,201,134,0,0,0,0,0,0,0,0,0,0,0,0,0,0,0,114,218,184,208,200,216,238,228,228,248,187,211,142,0,0,0,0,0,0,0,0,0,0,0,0,0,0,69,214,184,197,209,200,222,240,231,231,247,182,196,192,0,0,0,0,0,0,1,0,0,1,3,0,0,44,202,184,200,199,214,195,229,240,233,230,249,181,186,232,56,0,1,2,2,0,0,0,0,0,0,0,66,196,168,179,195,220,213,190,233,235,237,235,248,177,173,199,142,0,1,0,0,0,0,0,0,4,41,152,199,168,166,134,149,178,201,194,237,235,224,238,251,166,126,195,206,0,0,25,116,90,106,125,132,137,147,140,103,119,150,152,134,110,122,160,235,248,236,255,224,131,163,189,221,39,0,168,195,136,74,35,35,81,91,106,128,147,155,164,173,170,160,169,206,217,206,192,169,179,216,192,221,48,0,163,195,189,195,160,124,133,164,180,179,185,189,202,218,235,234,222,215,209,188,182,187,196,179,164,198,21,34,176,194,201,201,200,214,203,204,211,212,215,215,206,196,183,182,186,189,187,199,202,200,196,194,185,219,12,75,179,167,183,196,203,204,205,201,198,198,194,194,199,204,210,209,209,213,210,210,206,197,200,196,174,212,48,0,72,156,167,178,197,198,199,209,211,209,206,205,204,201,198,211,212,183,164,164,173,164,169,176,163,184,62,0,0,0,19,89,146,186,199,210,213,219,212,197,192,170,141,106,49,128,238,213,224,225,222,217,203,211,69,1,0,0,0,0,0,0,6,28,39,42,28,11,0,0,0,0,0,10,77,51,54,44,46,37,26,0,0,0,0,0,0,0,0,0,0,0,0,0,0,0,0,0,0,0,0,0,0,0,0,0,0,0,0,0,0,0,0,0,0,0,0,0,0,0,0,0,0,0,0,0,0,0,0,0,0,0,0,0,0,0,0,0,0,6
0,0,0,0,0,0,0,0,0,0,0,0,0,0,0,0,0,0,0,0,0,0,0,0,0,0,0,0,0,0,0,0,0,0,0,0,0,0,0,0,0,0,0,0,0,0,0,0,0,0,0,0,0,0,0,0,0,0,0,0,0,0,0,0,0,0,0,0,0,0,0,0,0,0,0,0,0,0,0,0,0,0,0,0,0,0,0,0,0,0,0,0,0,0,0,0,3,0,49,170,179,206,219,230,211,198,215,220,203,189,151,0,0,0,0,0,0,0,0,0,0,0,0,0,1,0,121,255,203,221,229,230,241,253,254,251,214,211,162,0,0,0,0,0,0,0,0,0,0,0,0,0,1,0,126,216,200,236,233,227,231,218,209,200,187,232,103,0,0,0,0,0,0,0,0,0,0,0,0,0,1,0,128,219,200,227,237,219,219,225,221,217,200,242,75,0,0,0,0,0,0,0,0,0,0,0,0,0,0,0,139,232,192,221,226,217,187,202,244,240,208,240,55,0,0,0,0,0,0,0,0,0,0,0,0,0,0,0,165,229,193,219,224,221,244,253,237,200,195,240,44,0,0,0,0,0,0,0,0,0,0,0,0,2,0,0,189,217,198,222,236,227,236,239,220,201,188,254,68,0,0,0,0,0,0,0,0,0,0,0,0,4,0,0,215,202,211,238,233,233,240,245,232,209,205,228,131,0,0,0,0,0,0,0,0,0,0,1,0,1,0,31,244,200,227,241,228,230,243,246,218,208,218,227,185,0,0,0,0,0,0,0,0,0,0,0,0,0,0,142,230,196,232,239,232,233,236,227,223,247,236,220,207,0,0,0,0,0,0,0,0,0,0,0,2,0,10,231,199,214,234,236,228,228,235,248,249,208,227,223,227,9,0,0,0,0,0,0,0,0,0,0,0,0,151,235,208,228,233,229,225,231,241,237,115,142,214,220,233,38,0,0,0,0,0,0,0,0,0,2,0,39,242,205,213,218,223,225,231,227,195,160,161,211,226,219,217,49,0,0,1,0,0,0,0,0,6,0,0,187,229,194,200,208,217,224,227,211,179,223,255,255,254,210,212,34,2,0,0,1,1,0,2,5,0,0,132,219,189,199,199,210,225,237,223,225,251,232,212,201,192,190,223,24,0,4,7,7,3,2,0,0,0,142,210,181,192,193,204,223,238,234,235,209,194,199,184,190,202,208,227,13,2,0,0,0,0,0,0,84,165,148,175,179,182,197,214,243,234,212,192,219,246,154,242,235,222,213,220,1,0,0,50,74,88,115,133,105,0,67,189,175,179,210,238,236,195,182,228,178,0,0,244,227,218,212,211,0,15,165,154,107,80,67,25,24,79,146,167,189,224,250,224,174,190,239,92,0,0,0,255,220,215,214,208,0,70,227,204,201,198,200,202,234,234,226,211,238,245,213,168,212,233,31,0,0,0,0,255,215,211,213,200,0,52,185,213,213,214,211,207,207,214,220,223,218,204,189,237,213,5,0,0,1,0,5,213,207,208,208,184,0,0,0,49,116,170,200,222,234,241,238,241,228,235,246,152,0,0,0,0,4,0,33,231,227,227,226,211,0,0,0,0,0,0,0,0,22,49,61,91,89,71,10,0,0,2,0,0,0,0,0,118,101,93,102,76,0,0,0,0,0,0,0,0,0,0,0,0,0,0,0,0,0,0,0,0,0,0,0,0,0,0,0,0,0,0,0,0,0,0,0,0,0,0,0,0,0,0,0,0,0,0,0,0,0,0,0,0,0,0,0,0,0,6
0,0,0,0,0,0,0,0,0,0,0,0,0,0,0,0,0,0,0,0,0,0,0,0,0,0,0,0,0,0,0,0,0,0,0,0,0,0,0,0,0,0,0,0,0,0,0,0,0,0,0,0,0,0,0,0,0,0,0,0,0,0,0,0,0,0,0,0,0,0,0,0,0,0,0,0,0,0,0,0,0,0,0,0,0,0,0,0,0,0,0,0,0,0,0,0,0,0,0,0,0,0,0,0,0,0,0,0,0,0,0,0,0,0,0,0,0,0,0,0,0,0,0,0,0,0,0,0,0,0,0,0,0,0,0,0,0,0,0,0,0,0,0,0,0,0,0,0,0,0,0,0,0,4,0,0,4,1,0,0,0,0,38,114,34,0,2,0,0,0,0,0,0,0,0,0,0,0,1,1,0,0,10,2,0,0,0,0,17,121,162,190,78,0,4,0,0,0,0,0,0,0,0,0,0,0,0,1,0,0,136,129,99,31,0,14,183,183,188,96,0,0,1,0,0,0,0,0,0,0,0,0,0,1,0,0,0,0,79,143,169,162,165,149,175,176,113,0,0,0,1,1,0,0,0,0,0,0,0,0,0,0,0,0,0,0,0,7,133,179,186,183,167,73,0,0,0,0,0,0,0,0,0,0,0,0,0,0,0,0,0,0,0,1,1,0,0,54,194,175,190,204,20,0,0,0,0,0,1,0,0,0,0,0,0,0,0,1,0,1,1,2,0,2,0,142,217,194,181,186,191,68,98,153,180,99,2,0,0,1,1,1,4,2,0,0,0,0,1,1,6,0,0,205,155,113,57,192,186,208,180,178,190,45,0,1,1,0,4,0,0,0,0,0,0,1,1,0,3,0,46,185,166,203,184,196,167,167,169,168,181,27,0,0,1,0,0,0,36,86,132,152,0,0,2,0,6,0,63,213,189,194,190,184,173,171,167,168,207,0,2,0,1,0,36,131,168,153,108,219,126,0,2,0,0,0,165,193,178,183,182,181,175,168,168,173,191,0,0,1,4,0,75,164,140,145,123,189,207,0,0,0,0,182,216,173,181,181,188,182,183,175,172,169,169,0,0,0,0,0,3,165,152,165,165,166,255,43,0,68,220,189,171,180,178,181,180,177,173,169,159,172,144,0,99,180,87,47,14,168,189,195,196,175,167,87,127,225,182,175,179,173,177,178,175,170,168,169,153,177,108,0,51,185,179,182,190,182,176,192,184,184,175,192,191,159,168,171,177,177,177,179,177,173,167,168,154,176,72,0,32,171,156,165,177,173,177,170,170,167,177,163,151,169,173,180,182,171,175,178,177,175,169,165,159,171,48,0,0,142,184,183,171,168,165,170,169,167,168,170,168,170,173,173,169,165,170,175,168,163,169,163,155,165,25,0,0,0,42,159,202,207,212,212,215,202,199,198,199,213,212,207,204,209,218,213,202,194,195,189,164,189,4,0,1,0,0,0,16,42,63,79,86,83,71,57,51,37,29,19,12,15,23,28,31,37,48,44,38,17,0,0,0,0,0,0,0,0,0,0,0,0,0,0,0,0,0,0,0,0,0,0,0,0,0,0,0,0,0,0,0,0,0,0,0,0,0,0,0,0,0,0,0,0,0,0,0,0,0,0,0,0,0,0,0,0,0,0,0,0,0,0,0,0,0,0,0,0,0,0,0,0,0,0,0,0,0,0,0,0,0,0,0,0,0,0,0,0,0,0,0,0,0,0,0,0,0,0,0,0,0,0,0,0,0,0,0,0,0,0,0,0,0,0,6
0,0,0,0,0,0,0,0,0,0,0,2,0,8,100,88,92,88,85,79,74,72,64,51,28,0,0,0,0,0,0,0,0,0,0,0,0,0,0,4,0,18,190,199,230,230,236,245,252,255,248,211,213,172,0,0,0,0,0,0,0,0,0,0,0,0,0,4,0,1,169,184,189,189,191,193,199,203,201,194,200,179,0,0,0,0,0,0,0,0,0,0,0,0,0,3,0,0,199,191,194,193,195,201,209,210,206,199,197,190,0,0,0,0,0,0,0,0,0,0,0,0,0,3,0,0,200,192,191,194,198,204,207,209,206,191,190,234,0,0,0,0,0,0,0,0,0,0,0,0,0,3,0,0,204,193,190,192,195,203,208,208,200,189,200,129,0,0,0,0,0,0,0,0,0,0,0,0,0,3,0,0,206,192,185,188,193,201,208,205,198,193,214,57,9,0,0,0,0,0,0,0,0,0,0,0,0,3,0,0,204,190,185,188,196,204,208,207,195,196,193,0,0,0,0,0,0,0,0,0,0,0,0,0,0,4,0,6,202,190,191,190,200,206,205,207,191,199,176,0,0,0,0,0,0,0,0,0,0,0,0,0,0,4,0,5,201,189,188,192,201,203,204,203,187,202,149,0,0,0,0,0,0,0,0,0,0,0,0,0,0,4,0,5,202,192,191,194,201,200,199,200,184,204,125,0,1,0,0,0,0,0,0,0,0,0,0,0,0,2,0,0,214,194,196,197,197,192,191,202,180,204,102,0,3,0,0,0,0,0,0,0,0,0,0,0,0,1,0,50,229,192,192,198,203,210,223,212,199,203,59,0,2,0,0,0,0,0,0,0,0,0,0,0,1,0,0,171,200,190,197,198,213,202,200,241,221,209,111,0,0,0,0,0,0,0,0,0,0,0,0,0,4,0,30,214,189,201,193,193,205,163,190,199,169,207,230,0,0,0,0,0,0,0,0,0,0,0,0,0,2,0,76,212,198,203,197,196,203,171,200,217,163,201,202,6,0,0,0,0,0,0,0,0,0,0,0,0,0,0,152,209,194,186,193,199,209,190,196,190,182,207,208,34,0,0,0,0,0,0,0,0,0,0,0,5,0,25,211,185,146,142,148,175,189,198,187,212,238,209,210,121,0,0,0,0,0,0,0,0,2,1,0,0,0,182,190,197,176,179,191,206,199,200,232,231,210,208,210,180,0,0,0,0,2,4,0,0,0,0,0,18,171,182,180,197,181,197,198,199,199,199,192,194,188,187,198,218,0,0,0,0,0,0,0,0,0,36,113,199,139,95,156,184,165,181,191,200,204,200,199,203,202,211,200,227,19,0,0,0,12,91,108,132,171,204,166,130,78,87,144,179,187,200,201,203,200,194,194,196,198,204,197,212,6,0,0,0,144,193,161,148,154,134,111,120,138,158,182,202,200,198,184,185,192,196,204,206,205,210,207,239,30,0,0,21,192,215,208,203,199,185,195,196,201,204,206,204,199,215,211,205,197,198,199,195,192,190,195,243,60,0,0,92,203,185,197,209,213,213,211,214,212,212,211,207,200,200,203,228,236,207,190,191,195,190,194,208,60,0,0,59,171,200,197,189,189,190,195,198,200,197,194,198,207,233,190,135,40,141,201,188,186,188,198,219,86,0,0,0,0,48,136,196,209,227,224,234,225,231,236,216,119,5,0,0,0,131,255,212,245,234,206,254,99,0,0,0,0,0,0,0,0,31,44,71,50,45,35,0,0,0,0,0,0,56,79,25,59,31,30,0,0,0,6
0,0,0,0,0,0,0,0,0,0,0,0,0,0,0,0,0,0,0,0,0,0,0,0,0,0,0,0,0,0,0,0,0,0,0,0,0,0,0,0,0,0,0,0,0,0,0,0,0,0,0,0,0,0,0,0,0,0,0,0,0,0,0,0,0,0,0,0,0,0,0,0,0,0,0,0,0,0,0,0,0,0,0,0,0,0,0,0,0,0,0,0,0,0,0,0,0,0,0,114,85,35,39,34,0,0,0,0,0,0,0,0,0,0,0,0,0,0,0,0,0,0,0,0,2,0,0,151,133,162,146,151,122,115,102,64,24,8,8,0,0,0,0,0,0,0,0,0,0,0,0,0,2,0,25,153,136,130,95,114,123,144,152,151,136,130,147,0,0,0,0,0,0,0,0,0,0,0,0,0,0,0,46,128,129,118,122,122,133,153,130,131,133,136,96,0,0,0,0,0,0,0,0,0,0,0,1,0,0,25,66,137,144,116,124,119,122,148,143,152,136,140,49,0,0,0,0,0,0,0,0,0,0,2,6,0,92,171,188,174,176,124,160,110,114,128,143,156,143,179,31,0,0,0,0,0,0,0,0,0,0,2,0,0,148,166,162,167,174,188,208,138,106,135,152,150,146,162,0,0,0,0,0,0,0,0,0,0,1,1,0,20,104,153,124,154,69,177,216,186,155,135,151,140,139,126,0,0,0,0,0,0,0,0,0,0,0,6,0,38,175,170,230,219,184,206,204,174,151,150,154,137,138,131,0,0,0,0,0,0,0,0,0,0,0,4,0,54,162,175,176,155,85,115,131,141,125,140,147,148,155,103,0,0,0,0,0,0,0,0,0,0,0,0,0,80,177,107,130,188,170,158,137,146,146,141,145,138,163,95,0,0,0,0,0,0,0,0,0,0,0,0,0,54,148,88,111,102,221,175,103,118,143,151,141,111,186,150,0,0,0,0,0,0,0,0,1,1,1,0,0,133,226,200,194,203,243,207,141,113,128,150,145,163,212,197,0,0,1,0,1,2,2,3,0,0,0,0,1,38,128,76,109,158,162,167,141,138,145,145,168,207,207,200,24,0,0,2,0,0,0,0,0,0,13,69,140,103,188,145,115,116,128,132,141,147,148,140,200,208,201,218,87,0,0,0,0,4,31,57,93,113,138,117,148,199,203,164,107,128,133,141,148,162,148,154,244,212,205,218,137,0,0,42,146,145,147,169,185,161,139,123,109,161,212,177,138,168,174,173,160,160,151,162,197,167,132,143,163,0,27,177,133,128,116,107,123,130,113,136,133,98,137,116,113,131,124,136,145,129,119,109,119,115,129,114,171,31,58,153,141,132,129,123,119,113,102,100,109,122,117,135,132,146,136,148,153,158,155,146,174,173,175,168,209,43,114,205,193,177,170,159,140,131,129,132,133,140,151,160,158,161,169,171,167,167,181,186,190,186,185,184,198,62,5,126,161,196,212,215,220,216,254,251,246,244,246,231,228,238,237,239,237,227,229,229,228,219,212,175,214,92,0,0,0,0,25,42,65,85,98,99,106,108,109,114,103,98,58,68,78,64,56,50,42,25,3,0,0,0,0,0,0,0,0,0,0,0,0,0,0,0,0,0,0,0,0,0,0,0,0,0,0,0,0,0,0,0,0,0,0,0,0,0,0,0,0,0,0,0,0,0,0,0,0,0,0,0,0,0,0,0,0,0,0,0,0,0,0,0,0,0,0,0,0,0,0,0,0,0,0,0,0,0,0,0,0,0,0,0,0,0,0,0,6
0,0,0,0,0,0,0,0,0,0,0,0,0,0,0,0,0,0,0,0,0,0,0,0,0,0,0,0,0,0,0,0,0,0,0,0,0,0,3,0,1,62,50,57,85,103,118,132,148,160,145,176,92,0,3,0,0,0,0,0,0,0,0,0,0,0,5,0,35,203,210,228,231,218,211,220,226,231,213,232,120,0,7,0,0,0,0,0,0,0,0,0,0,0,0,2,0,163,196,182,186,192,193,196,198,201,200,210,51,0,5,0,0,0,0,0,0,0,0,0,0,0,0,3,0,158,192,178,193,200,191,186,190,201,203,216,61,0,3,0,0,0,0,0,0,0,0,0,0,0,0,5,0,130,193,182,190,182,176,181,188,196,202,215,77,0,5,0,0,0,0,0,0,0,0,0,0,0,0,5,0,108,195,178,185,178,181,186,190,196,196,216,91,0,6,0,0,0,0,0,0,0,0,0,0,1,0,5,0,91,222,177,182,187,182,181,197,207,186,213,116,0,1,0,0,0,0,0,0,0,0,0,0,1,0,5,0,72,226,177,180,186,193,192,183,185,182,210,163,0,0,0,0,0,0,0,0,0,0,0,0,0,0,5,0,85,233,183,180,185,188,161,181,208,205,182,160,1,0,0,0,0,0,0,0,0,0,0,0,0,0,0,0,122,226,195,183,181,168,190,227,190,152,175,141,48,0,0,0,0,0,0,0,0,0,0,0,0,2,0,20,158,161,190,188,185,185,217,192,165,188,180,132,101,33,0,0,0,0,0,0,0,0,0,0,3,5,0,91,208,151,195,198,193,203,196,165,170,167,131,87,66,75,0,0,0,0,0,0,0,0,0,0,1,0,0,170,187,148,196,205,200,187,172,155,143,110,72,86,141,188,23,0,0,0,0,0,0,0,0,0,5,0,28,221,141,140,156,155,153,165,132,127,98,107,166,230,207,201,67,0,0,0,0,0,0,0,0,0,6,0,111,198,130,148,136,135,150,140,100,133,181,220,235,228,191,198,72,0,0,0,0,0,0,0,0,0,3,0,180,166,141,161,150,147,136,118,165,221,231,208,183,178,200,240,51,0,0,0,0,0,0,0,0,5,0,38,205,135,170,182,167,177,175,196,223,215,166,168,188,207,205,213,30,0,0,0,0,0,0,0,0,0,0,160,158,111,166,137,173,210,212,225,203,140,177,207,211,215,201,215,31,0,0,0,0,0,0,0,3,0,25,207,138,102,125,170,217,207,218,185,153,207,222,208,202,201,202,206,16,0,2,1,1,0,1,2,0,0,126,167,193,142,156,217,215,215,176,185,200,43,220,196,200,202,193,197,12,0,0,0,0,0,0,0,0,113,162,161,200,182,203,222,216,183,177,220,0,0,246,197,197,200,196,192,2,0,0,3,37,50,36,40,118,140,155,193,188,190,192,215,177,155,222,10,0,0,241,200,197,200,198,188,1,6,180,125,68,80,76,51,82,168,177,198,198,200,191,198,192,255,45,0,0,0,236,197,196,197,197,183,1,70,185,177,163,145,137,120,107,195,202,201,205,203,205,190,212,120,0,0,0,0,230,196,195,196,190,178,0,26,145,183,195,190,192,197,196,200,200,198,198,202,196,217,146,0,0,0,0,0,223,191,186,190,185,177,0,0,0,31,86,145,171,198,215,223,221,221,225,223,246,157,0,0,1,2,0,0,241,200,207,216,188,192,0,0,0,0,0,0,0,1,31,53,88,123,135,130,63,0,0,0,0,1,0,0,142,128,122,117,116,58,0,6
0,0,0,0,0,0,0,0,0,0,0,0,0,0,0,0,0,0,0,0,0,0,0,0,0,0,0,0,0,0,0,0,0,0,0,0,0,0,0,0,0,0,0,0,0,0,0,0,0,0,0,0,0,0,0,0,0,0,0,0,0,0,0,0,0,0,0,0,0,0,0,0,0,0,0,0,0,0,0,0,0,0,0,0,0,0,0,0,0,0,0,0,0,0,0,0,0,0,0,0,0,0,0,0,0,0,0,0,0,0,0,0,0,0,0,0,0,0,0,0,0,0,0,0,0,0,0,0,0,0,0,0,0,0,0,0,0,0,0,0,0,0,0,0,0,0,0,0,0,0,0,0,0,0,0,9,19,1,0,0,0,0,0,0,0,78,27,0,0,0,0,0,0,0,0,0,0,0,0,0,3,0,64,199,147,166,174,172,153,133,87,25,3,178,33,0,0,0,0,0,0,0,0,0,0,1,0,1,0,0,0,170,171,144,171,174,173,176,176,179,184,91,0,4,0,0,0,0,0,0,0,0,0,1,0,3,0,0,215,230,173,144,167,172,173,160,155,151,199,44,0,0,0,0,0,0,0,0,0,0,0,0,0,1,0,0,142,166,123,184,183,182,183,174,170,153,173,16,0,0,0,0,0,0,0,0,0,0,1,1,0,0,0,189,227,215,136,192,193,188,173,170,163,162,181,6,0,2,0,0,1,0,0,0,0,0,1,1,4,0,32,186,156,125,156,177,188,192,177,160,161,153,178,9,0,1,0,0,1,1,1,0,0,0,0,0,0,0,128,218,152,118,173,183,192,190,187,183,161,150,179,27,0,0,0,0,0,0,0,0,0,0,3,0,0,131,89,29,94,165,186,188,178,174,167,162,158,156,182,66,0,0,0,0,0,0,0,0,1,2,0,0,91,235,214,107,157,178,167,168,176,189,189,176,163,156,161,120,0,0,0,0,3,2,3,2,0,0,0,92,229,2,38,174,190,183,176,172,179,195,192,174,177,167,151,193,12,0,0,0,0,0,0,0,0,34,110,97,52,101,145,157,165,171,172,160,140,149,144,152,183,163,162,189,68,0,0,0,7,48,78,88,89,108,105,102,88,130,141,150,162,167,163,170,162,162,176,200,213,215,186,197,124,0,0,70,136,131,118,153,141,99,85,91,163,151,146,162,171,188,192,194,186,174,181,177,178,190,178,190,152,0,0,134,174,140,101,82,123,135,110,66,115,130,145,171,163,163,163,162,184,181,151,162,178,186,189,182,162,0,43,139,157,177,203,211,209,209,194,168,199,198,194,200,189,197,198,199,195,171,155,165,160,133,102,126,139,27,22,93,121,140,156,176,178,184,203,208,206,200,188,171,172,161,136,113,126,186,198,220,234,254,229,226,230,107,0,0,0,11,36,41,64,85,99,103,103,103,102,66,35,9,0,0,28,188,168,123,112,117,105,71,62,0,0,0,0,0,0,0,0,0,0,0,0,0,0,0,0,0,0,0,0,0,0,0,0,0,0,0,0,0,0,0,0,0,0,0,0,0,0,0,0,0,0,0,0,0,0,0,0,0,0,0,0,0,0,0,0,0,0,0,0,0,0,0,0,0,0,0,0,0,0,0,0,0,0,0,0,0,0,0,0,0,0,0,0,0,0,0,0,0,0,0,0,0,0,0,0,0,0,0,0,0,0,0,0,0,0,0,0,0,0,0,0,0,0,0,0,0,0,0,0,0,0,0,0,0,0,0,0,0,0,0,0,0,0,0,0,0,0,0,0,0,6
0,0,0,0,0,0,0,0,0,0,0,0,0,0,0,0,0,0,0,0,0,0,0,0,0,0,0,0,0,0,0,0,0,0,0,0,0,0,0,0,0,0,0,0,0,0,0,0,0,0,0,0,0,0,0,0,0,0,0,0,0,0,0,0,0,0,0,0,0,0,0,0,0,0,0,0,0,0,0,0,0,0,0,0,0,0,0,0,0,0,0,0,0,0,0,0,0,0,0,0,0,0,0,0,0,0,0,0,0,0,0,0,0,0,0,0,0,0,0,0,0,0,0,0,0,0,0,0,0,0,0,0,0,0,0,0,0,0,0,0,0,0,0,0,0,0,0,0,0,0,0,0,0,0,0,0,0,0,0,0,0,0,0,0,0,0,0,0,0,0,0,0,0,0,0,0,0,0,0,0,0,0,0,0,0,0,0,0,0,0,0,0,0,0,0,0,0,0,0,0,0,0,0,0,0,0,0,0,0,0,0,0,0,0,0,0,1,1,1,1,0,10,10,0,0,0,0,0,0,0,0,0,0,0,0,0,0,1,1,0,86,192,128,0,0,0,0,0,0,105,89,0,0,0,0,0,0,0,0,0,0,0,0,0,0,4,0,4,191,207,210,103,39,19,0,78,156,161,0,0,0,0,0,0,0,0,0,0,0,0,0,0,0,0,0,135,206,185,187,211,244,238,237,209,224,199,0,0,0,0,0,0,0,0,0,0,0,0,0,0,0,0,27,230,187,190,196,191,190,203,212,197,211,193,0,0,0,0,0,0,0,0,0,0,0,0,0,0,0,0,205,196,184,183,198,196,203,201,207,202,201,207,9,0,0,0,0,0,0,1,1,0,1,5,0,0,0,191,205,185,187,193,207,204,208,207,210,197,200,222,39,0,0,0,0,1,1,2,9,3,0,0,0,42,199,214,190,203,189,204,206,200,210,207,211,197,202,223,145,0,3,3,0,0,0,0,0,0,0,52,151,216,191,187,200,204,198,206,206,204,207,213,215,193,206,205,231,0,0,0,0,0,0,0,41,123,190,219,208,177,192,204,205,213,204,196,203,207,201,212,203,200,205,198,248,50,0,110,173,169,190,204,225,200,193,174,182,203,208,209,206,213,214,207,202,206,198,211,207,205,205,203,248,77,132,209,184,187,188,187,184,189,197,195,198,197,200,208,211,214,213,211,211,204,205,221,220,208,208,207,251,76,160,211,216,218,208,195,192,194,188,185,189,187,190,196,194,208,215,225,236,231,215,222,217,215,219,206,230,43,0,39,120,190,234,252,255,254,248,237,238,230,240,250,254,255,246,212,169,160,250,238,239,236,239,216,235,47,0,0,0,0,0,28,61,87,131,156,172,170,167,141,91,45,0,0,0,0,149,200,175,172,164,149,151,11,0,0,0,0,0,0,0,0,0,0,0,0,0,0,0,0,0,0,0,0,0,0,0,0,0,0,0,0,0,0,0,0,0,0,0,0,0,0,0,0,0,0,0,0,0,0,0,0,0,0,0,0,0,0,0,0,0,0,0,0,0,0,0,0,0,0,0,0,0,0,0,0,0,0,0,0,0,0,0,0,0,0,0,0,0,0,0,0,0,0,0,0,0,0,0,0,0,0,0,0,0,0,0,0,0,0,0,0,0,0,0,0,0,0,0,0,0,0,0,0,0,0,0,0,0,0,0,0,0,0,0,0,0,0,0,0,0,0,0,0,0,0,0,0,0,0,0,0,0,0,0,0,0,0,0,0,0,0,0,0,0,0,0,0,0,0,0,0,6
0,0,0,0,0,0,0,0,0,0,0,0,3,0,19,163,145,161,142,131,89,86,45,7,0,0,0,0,0,0,0,0,0,0,0,0,0,0,0,0,4,0,35,249,198,237,247,255,227,250,250,246,227,166,185,37,0,0,0,0,0,0,0,0,0,0,0,0,4,0,24,219,188,202,214,228,195,214,193,211,217,210,197,29,0,0,0,0,0,0,0,0,0,0,0,0,4,0,27,217,192,211,206,231,203,216,201,218,206,207,152,0,0,0,0,0,0,0,0,0,0,0,0,0,4,0,24,218,196,208,215,221,187,224,206,209,211,211,44,0,0,0,0,0,0,0,0,0,0,0,0,0,4,0,22,218,196,212,228,220,233,234,208,206,221,190,0,0,0,0,0,0,0,0,0,0,0,0,0,0,4,0,21,218,197,210,203,203,198,206,212,206,211,78,0,1,0,0,0,0,0,0,0,0,0,0,0,0,4,0,37,214,193,217,205,237,231,201,209,211,211,66,0,0,0,0,0,0,0,0,0,0,0,0,0,0,3,0,6,217,187,143,90,167,182,172,208,199,240,67,0,2,0,0,0,0,0,0,0,0,0,0,0,0,2,0,0,184,210,205,139,176,154,189,226,213,199,0,0,1,0,0,0,0,0,0,0,0,0,0,0,0,0,0,24,206,190,207,231,240,240,243,204,189,210,0,0,1,0,0,0,0,0,0,0,0,0,1,0,0,0,0,105,202,162,166,177,227,225,209,181,198,214,0,0,0,0,0,0,0,0,0,0,0,0,0,0,2,0,0,182,181,168,168,182,231,227,200,183,207,213,0,0,0,0,0,0,0,0,0,0,0,0,0,0,0,0,88,214,193,198,205,212,215,198,183,198,192,226,65,0,0,0,0,0,0,0,0,0,0,0,0,4,0,7,199,199,184,192,207,220,217,197,192,207,178,203,143,0,0,0,0,0,0,0,0,0,0,0,0,0,0,114,214,181,184,197,217,227,226,207,214,198,190,208,219,0,0,0,0,0,0,0,0,0,0,0,3,0,22,198,194,180,194,214,226,216,203,211,221,205,225,218,203,50,0,0,0,0,0,0,0,0,0,1,0,0,133,209,184,192,209,224,231,215,199,233,215,190,211,207,197,75,0,0,0,0,0,0,0,0,0,0,0,69,201,181,183,199,216,225,227,227,239,230,222,232,217,189,200,81,0,0,0,0,1,1,0,1,0,0,28,179,190,180,195,211,219,226,231,219,204,192,194,193,192,184,203,111,0,3,2,0,0,0,0,0,0,0,152,186,178,180,205,212,228,232,206,175,170,184,188,185,188,178,186,78,0,6,0,0,0,0,0,0,50,163,176,171,169,188,210,222,242,205,167,185,199,199,183,176,180,171,213,34,0,0,3,90,113,124,138,171,149,68,131,173,186,203,215,237,200,173,225,232,185,169,172,172,177,178,207,12,0,0,148,161,129,108,81,103,37,57,175,194,204,213,230,209,187,243,194,36,171,198,180,187,183,187,193,0,0,78,204,195,200,196,190,181,213,219,214,214,220,227,215,200,242,120,0,0,203,193,182,188,181,188,154,0,0,22,145,172,189,186,190,196,203,211,217,222,221,211,201,249,82,0,0,0,207,178,177,175,172,189,115,0,0,0,0,25,81,141,160,182,197,197,193,199,202,215,239,100,0,0,0,0,244,202,226,227,196,202,108,0,0,0,0,0,0,0,0,12,37,60,101,113,131,131,55,0,0,1,0,0,108,98,79,66,54,40,0,0,1,6
0,0,0,0,0,0,0,0,0,1,0,10,58,21,0,0,0,0,0,0,0,0,0,0,0,0,0,0,0,0,0,0,0,0,0,0,0,6,0,53,200,212,239,58,0,4,14,13,10,3,0,0,0,139,0,0,0,0,0,0,0,0,0,0,0,4,0,24,180,176,186,193,201,207,213,185,186,189,181,175,185,90,0,0,0,0,0,0,0,0,0,0,0,7,0,62,196,187,178,176,185,170,170,179,189,192,186,191,181,0,0,0,0,0,0,0,0,0,0,0,0,6,0,135,203,174,164,154,164,163,173,197,192,189,181,196,168,0,0,0,0,0,0,0,0,0,0,0,0,4,0,120,200,175,183,165,176,180,174,195,189,197,186,202,122,0,0,0,0,0,0,0,0,0,0,0,0,6,0,109,193,183,201,184,190,197,212,222,212,209,198,211,130,0,1,0,0,0,0,0,0,0,0,0,0,3,0,122,179,164,173,189,181,181,224,208,206,203,179,191,161,0,0,0,0,0,0,0,0,0,0,0,0,4,0,84,165,159,168,183,202,151,170,181,148,162,173,186,134,0,0,0,0,0,0,0,0,0,0,0,0,3,0,154,201,168,183,197,222,173,197,208,207,197,186,196,170,0,0,0,0,0,0,0,0,0,0,0,0,0,0,250,168,163,174,189,209,233,241,255,214,184,189,178,186,0,0,0,0,0,0,0,0,0,0,0,0,3,0,131,173,150,192,190,179,181,164,163,158,174,178,181,183,0,0,0,0,0,0,0,0,0,0,0,0,0,0,134,186,148,185,198,187,184,186,190,197,172,175,189,201,64,0,0,0,0,0,0,0,0,0,0,0,0,0,187,150,140,157,167,172,180,189,191,181,168,189,169,183,170,0,0,0,0,0,0,0,0,0,0,0,0,0,170,152,137,158,172,168,169,189,183,156,180,175,167,172,200,31,0,0,0,0,0,0,0,0,0,3,0,23,184,140,165,176,186,180,189,197,180,170,191,184,190,156,198,50,0,0,0,0,0,0,0,0,0,4,0,74,184,132,163,184,181,189,193,170,190,178,198,189,187,173,212,64,0,0,0,0,0,0,0,0,1,0,0,176,135,156,179,186,178,186,162,170,187,175,173,170,178,180,218,74,0,0,0,0,0,0,1,0,1,0,58,169,143,161,167,176,173,161,165,178,161,146,176,214,207,170,192,57,0,0,0,0,0,0,0,4,0,37,162,126,162,157,161,170,167,165,162,164,168,222,200,217,161,175,202,63,0,0,0,1,3,1,2,0,0,150,135,130,157,169,176,173,176,183,158,185,241,19,57,214,159,164,204,62,0,0,1,0,0,0,0,0,93,148,143,165,164,178,184,180,176,163,184,230,18,0,101,209,157,175,207,61,0,0,0,12,63,75,82,125,140,119,154,181,187,187,179,174,159,169,241,17,0,0,114,207,163,174,203,62,0,0,29,164,104,93,89,93,122,153,168,184,190,180,175,161,164,246,40,0,4,0,115,186,167,168,203,65,0,0,63,170,134,122,119,107,119,151,170,178,179,176,172,162,207,101,0,0,0,0,134,187,169,168,198,68,0,0,107,223,189,167,164,169,163,158,158,169,176,183,183,222,170,0,0,1,0,0,148,181,154,159,173,73,0,0,12,151,187,209,217,219,240,230,236,236,231,207,220,206,0,0,4,0,7,0,148,211,196,190,253,74,0,0,0,0,0,14,59,98,140,159,159,152,143,143,96,0,0,0,0,0,4,0,45,101,81,81,65,0,0,6
0,0,0,0,0,0,0,0,0,0,0,0,0,0,0,0,0,0,0,0,0,0,0,0,0,0,0,0,0,0,0,0,0,0,0,0,0,0,0,0,0,0,0,0,0,0,0,0,0,0,0,0,0,0,0,0,0,0,0,0,0,0,0,0,0,0,0,0,0,0,0,0,0,0,0,0,0,0,0,0,0,0,0,0,0,0,0,0,0,0,0,0,0,0,0,0,0,0,0,0,0,0,0,0,0,0,0,0,0,0,0,0,0,0,0,0,0,0,0,0,0,0,0,0,0,0,0,0,0,0,0,0,0,0,0,0,0,0,0,0,0,0,0,0,0,0,0,0,0,0,0,0,0,0,0,0,0,0,0,0,0,0,0,0,0,0,0,0,0,0,0,0,0,0,0,0,0,0,0,0,0,0,0,0,0,0,52,188,171,158,111,67,44,38,0,0,0,0,0,0,0,0,0,0,0,0,0,0,0,2,3,7,0,80,255,195,212,254,255,255,213,213,76,0,0,0,0,0,0,0,0,0,0,0,0,0,0,0,8,0,18,255,190,201,232,218,222,212,198,200,194,0,0,0,0,0,0,0,0,0,0,0,0,0,0,3,0,0,153,224,198,227,238,223,223,211,196,208,81,0,0,0,0,0,0,0,0,0,0,0,0,0,3,0,0,104,253,196,200,233,224,221,213,216,194,202,208,0,0,0,0,0,0,0,0,0,0,0,0,6,0,0,94,255,144,162,239,222,209,187,182,189,182,204,202,0,0,0,0,0,0,0,0,0,0,1,8,0,0,186,225,58,99,232,231,219,233,230,223,191,195,217,74,0,0,0,2,5,5,5,6,6,7,0,0,44,212,120,0,90,246,231,232,233,225,233,175,192,190,208,116,0,0,2,0,0,0,0,0,0,0,0,70,166,51,1,201,255,246,231,229,214,184,172,167,195,189,205,166,0,2,0,0,41,39,35,57,123,173,190,164,93,97,234,234,189,201,188,156,158,148,166,222,226,198,200,190,0,0,0,160,151,142,194,176,79,65,54,52,198,236,206,210,230,237,248,243,228,246,217,230,246,204,197,201,0,0,104,182,135,64,36,0,0,110,191,245,242,225,232,251,255,243,220,181,172,195,207,189,195,198,202,183,0,16,183,200,187,199,207,203,211,211,212,215,220,234,222,211,202,197,199,204,208,221,226,217,208,198,203,237,33,0,17,148,197,205,207,211,223,224,221,219,216,203,197,208,227,238,255,254,219,211,206,204,195,194,187,191,45,0,0,0,0,86,168,217,201,215,222,251,243,243,251,237,172,72,19,0,162,255,230,237,234,235,198,246,63,0,3,0,0,0,0,0,0,23,50,61,65,60,32,0,0,0,0,0,4,68,59,59,58,60,50,55,0,0,0,0,0,0,0,0,0,0,0,0,0,0,0,0,0,0,0,0,0,0,0,0,0,0,0,0,0,0,0,0,0,0,0,0,0,0,0,0,0,0,0,0,0,0,0,0,0,0,0,0,0,0,0,0,0,0,0,0,0,0,0,0,0,0,0,0,0,0,0,0,0,0,0,0,0,0,0,0,0,0,0,0,0,0,0,0,0,0,0,0,0,0,0,0,0,0,0,0,0,0,0,0,0,0,0,0,0,0,0,0,0,0,0,0,0,0,0,0,0,0,0,0,0,0,0,0,0,0,0,0,0,0,0,0,0,0,0,0,0,0,0,0,0,0,0,0,0,0,0,0,0,0,0,0,0,0,0,0,0,0,0,0,0,0,0,0,0,6
0,0,0,0,0,0,0,0,0,0,0,0,0,0,0,0,0,0,0,0,0,0,0,0,0,0,0,0,0,0,0,0,0,0,0,0,0,0,0,0,0,0,0,0,0,0,0,0,0,0,0,0,0,0,0,0,0,0,0,0,0,0,0,0,0,0,0,0,0,0,0,0,0,0,0,0,0,0,0,0,0,0,0,0,0,0,0,0,0,0,0,0,0,0,0,0,0,0,0,0,0,0,0,0,0,0,0,0,0,0,0,0,0,0,0,0,0,0,0,0,0,0,0,0,0,0,3,0,77,175,95,0,0,2,4,0,0,0,40,43,0,0,0,0,0,0,0,0,0,0,0,0,0,0,0,0,142,191,201,42,0,0,0,0,34,0,48,86,0,0,0,0,0,0,0,0,0,0,0,0,0,3,0,0,203,185,194,183,111,83,1,107,226,197,195,6,0,0,0,0,0,0,0,0,0,0,0,0,0,4,0,30,195,184,203,226,225,230,232,219,199,221,107,0,0,0,0,0,0,0,0,0,0,0,0,0,0,0,0,119,201,187,219,202,205,210,221,212,195,223,93,0,0,0,0,0,0,0,0,0,0,0,0,0,3,0,0,209,187,198,210,206,211,214,221,210,202,187,18,0,0,0,0,0,0,0,0,0,0,0,0,0,0,0,124,220,188,219,201,208,211,221,226,202,209,178,0,0,0,0,0,0,0,0,0,0,1,2,0,0,0,64,243,185,205,208,210,215,215,216,224,194,208,165,0,0,0,0,0,0,0,0,0,0,0,5,9,0,28,227,192,175,215,207,210,211,212,215,214,203,215,168,0,0,0,0,0,0,0,0,0,1,6,0,0,44,209,193,182,209,214,199,206,210,214,220,213,214,215,191,0,0,0,0,0,1,2,4,5,0,0,0,91,178,162,183,187,182,197,206,205,216,218,217,208,221,219,185,3,0,0,3,2,0,0,0,0,0,51,152,169,163,178,180,200,201,186,186,216,191,174,162,148,207,217,198,35,0,4,0,0,0,0,15,101,191,179,118,154,191,189,198,203,198,197,185,174,151,186,179,167,245,213,200,69,0,0,7,111,153,172,181,164,23,13,170,197,191,214,202,181,185,205,201,222,251,253,254,255,254,202,194,74,0,0,171,185,150,68,102,84,71,120,127,152,163,177,190,205,219,202,191,189,186,200,191,190,193,185,200,20,0,30,189,192,194,204,201,205,207,186,193,208,208,218,224,218,202,186,192,194,200,192,188,193,203,203,207,36,0,114,196,183,187,198,199,203,197,204,221,221,223,218,213,212,220,224,226,216,210,214,203,205,204,200,225,70,0,135,243,226,219,208,207,198,205,210,206,220,211,212,221,240,220,192,144,205,212,212,213,216,218,212,234,51,0,0,66,159,204,255,207,235,250,243,244,215,215,255,84,0,0,0,0,163,255,207,255,255,222,237,242,50,0,0,0,0,0,0,0,60,27,33,99,0,22,40,0,0,0,0,0,27,135,5,73,103,33,106,89,0,0,0,0,0,0,0,0,0,0,0,0,0,0,0,0,0,0,0,0,0,0,0,0,0,0,0,0,0,0,0,0,0,0,0,0,0,0,0,0,0,0,0,0,0,0,0,0,0,0,0,0,0,0,0,0,0,0,0,0,0,0,0,0,0,0,0,0,0,0,0,0,0,0,0,0,0,0,0,0,0,0,0,0,0,0,0,0,0,0,0,0,0,0,0,0,0,0,0,0,0,0,0,0,0,0,0,0,0,0,0,0,0,0,6
0,0,0,0,0,0,0,0,0,0,0,0,0,0,0,0,0,0,0,0,0,0,0,0,0,0,0,0,0,0,0,0,0,0,0,0,0,0,0,0,0,0,0,0,0,0,0,0,0,0,0,0,0,0,0,0,0,0,0,0,0,0,0,0,0,0,0,0,0,0,0,0,0,0,0,0,0,0,0,0,0,0,0,0,0,0,0,0,0,0,0,0,0,0,0,0,0,0,0,0,0,0,0,0,0,0,0,0,0,0,0,0,0,0,0,0,0,0,0,0,0,0,0,0,0,0,0,0,0,0,0,0,0,0,0,0,0,0,0,0,0,0,0,0,0,0,0,0,0,0,0,0,0,0,0,0,0,0,0,0,0,0,0,0,0,0,0,0,0,0,0,0,0,0,0,0,0,0,0,0,0,0,4,0,71,212,28,0,0,0,0,1,3,4,0,0,0,0,0,0,0,0,0,0,0,0,0,0,0,0,0,0,210,218,223,247,112,0,0,0,0,0,0,0,0,0,0,0,0,0,0,0,1,1,1,0,0,6,0,117,239,206,220,227,246,221,124,26,58,28,0,0,0,0,0,0,0,0,0,0,0,1,0,2,1,0,15,195,217,214,209,208,210,218,224,213,222,191,0,0,0,0,0,0,0,0,0,0,0,1,1,1,0,0,196,235,206,201,221,225,226,214,213,215,197,224,97,0,0,0,0,0,0,0,0,0,0,1,0,0,0,79,242,211,225,219,214,221,222,219,209,219,217,212,55,0,0,0,0,0,0,0,1,1,0,0,0,5,120,241,155,145,210,219,249,212,207,210,213,219,204,218,87,0,0,0,0,0,5,8,2,0,0,2,133,255,224,136,185,199,204,205,220,234,215,209,208,209,191,228,163,0,0,0,0,0,0,0,0,0,171,243,189,154,176,213,209,210,209,213,212,216,204,199,202,201,197,210,174,0,0,0,0,0,0,51,131,200,199,180,198,199,206,151,150,206,207,214,206,207,223,216,208,206,200,208,181,0,0,117,137,160,202,213,182,224,168,139,180,198,186,196,199,192,204,211,221,223,225,209,212,217,209,207,206,0,31,210,196,168,132,109,104,121,102,128,137,193,221,210,222,226,230,227,224,224,231,209,208,185,179,205,208,0,95,206,199,208,200,177,189,175,190,192,168,148,197,211,216,215,216,207,205,209,224,204,201,205,198,196,210,0,54,218,216,208,195,191,197,202,195,181,193,198,176,162,172,161,149,175,169,131,141,160,140,161,184,195,201,83,0,60,172,221,211,239,234,244,223,248,235,238,240,249,222,224,250,209,224,247,219,230,205,211,226,204,251,64,0,0,0,0,15,41,57,124,37,103,129,2,38,96,0,0,84,0,0,108,42,146,182,176,126,143,56,0,0,0,0,0,0,0,0,0,0,0,0,0,0,0,0,0,0,0,0,0,0,0,0,0,0,0,0,0,0,0,0,0,0,0,0,0,0,0,0,0,0,0,0,0,0,0,0,0,0,0,0,0,0,0,0,0,0,0,0,0,0,0,0,0,0,0,0,0,0,0,0,0,0,0,0,0,0,0,0,0,0,0,0,0,0,0,0,0,0,0,0,0,0,0,0,0,0,0,0,0,0,0,0,0,0,0,0,0,0,0,0,0,0,0,0,0,0,0,0,0,0,0,0,0,0,0,0,0,0,0,0,0,0,0,0,0,0,0,0,0,0,0,0,0,0,0,0,0,0,0,0,0,0,0,0,0,0,0,0,0,0,0,0,0,0,0,0,0,6
0,0,0,0,0,0,0,0,0,0,0,0,0,0,0,0,0,0,0,0,0,0,0,0,0,0,0,0,0,0,0,0,0,0,0,0,0,0,0,0,0,0,0,0,0,0,0,0,0,0,0,0,0,0,0,0,0,0,0,0,0,0,0,0,0,0,2,0,61,159,157,180,188,184,175,171,169,172,145,119,127,33,0,3,0,0,0,0,0,0,0,0,0,0,4,0,173,208,203,222,213,204,196,200,210,225,224,223,242,101,0,6,0,0,0,0,0,0,0,0,0,0,3,0,166,202,195,192,180,188,202,193,195,209,209,203,220,52,0,5,0,0,0,0,0,0,0,0,0,1,0,0,170,204,204,203,221,215,201,209,206,202,203,209,213,17,0,5,0,0,0,0,0,0,0,0,0,2,0,0,189,199,209,219,211,195,186,155,168,218,230,224,215,2,0,2,0,0,0,0,0,0,0,0,0,4,0,17,198,201,190,185,179,203,207,183,219,233,209,200,213,32,0,1,0,0,0,0,0,0,0,0,0,6,0,37,195,188,204,213,227,232,226,242,239,222,217,201,227,99,0,0,0,0,0,0,0,0,0,0,0,7,0,45,195,210,235,230,231,234,236,223,229,228,184,216,230,163,0,0,0,0,0,0,0,0,0,0,0,5,0,61,207,225,227,229,236,227,231,237,235,184,190,219,197,201,12,0,0,0,0,0,0,0,0,0,0,5,0,124,226,225,232,233,236,233,232,223,174,145,166,26,139,221,98,0,0,0,0,0,0,0,0,0,0,0,0,184,215,224,238,232,237,232,218,209,154,121,96,48,210,226,154,0,0,0,0,0,0,0,0,0,6,0,10,177,200,229,232,232,230,231,211,213,215,198,221,250,222,209,180,0,0,0,0,0,0,0,0,0,3,0,95,208,179,242,239,235,236,239,230,230,245,223,237,230,220,207,202,68,0,0,0,0,0,0,0,3,0,0,172,184,187,202,247,229,232,235,241,232,213,193,208,218,210,200,203,77,1,0,0,0,0,0,4,0,0,89,194,181,232,185,231,229,223,245,225,196,206,217,201,193,191,182,203,27,1,3,1,3,6,4,0,0,39,194,168,181,204,214,191,240,235,193,194,213,210,191,194,192,184,181,213,23,0,0,0,0,0,0,0,64,183,174,162,195,203,213,207,224,195,211,200,225,193,184,200,195,188,183,207,14,0,52,125,102,98,111,150,179,169,142,159,200,215,220,228,193,217,204,255,221,177,200,196,192,185,182,201,1,0,148,194,145,113,201,174,107,72,177,210,202,213,226,211,209,201,253,204,0,185,207,191,191,183,181,198,0,61,190,198,217,174,140,109,93,136,206,210,207,222,226,211,198,211,188,0,0,225,194,190,189,180,183,192,0,45,182,191,202,214,215,224,218,216,200,205,220,219,209,198,202,186,0,0,0,216,192,190,188,180,184,182,0,45,173,172,184,183,202,215,210,219,219,217,205,196,191,206,199,0,0,0,0,193,190,189,188,182,186,170,0,9,172,201,189,183,181,183,184,188,192,186,179,182,211,216,13,0,5,0,2,190,187,186,181,178,184,156,0,0,0,68,173,233,225,214,201,189,188,192,202,248,185,1,0,2,1,0,14,204,194,193,198,188,197,165,0,0,0,0,0,15,63,118,160,174,185,180,167,102,0,0,1,0,5,0,8,162,165,165,164,167,178,101,0,0,0,0,0,0,0,0,0,0,0,0,0,0,0,0,0,0,0,0,0,0,0,0,0,0,0,0,0,6
0,0,0,0,0,0,0,0,0,0,0,0,0,0,0,0,0,0,0,0,0,0,0,0,0,0,0,0,0,0,0,0,0,0,0,0,0,0,0,0,0,0,0,0,0,0,0,0,0,0,0,0,0,0,0,0,0,0,0,0,0,0,0,0,0,0,0,0,0,0,0,0,0,0,0,0,0,0,0,0,0,0,0,0,0,0,0,0,0,0,0,0,0,0,0,0,0,0,0,0,0,0,0,0,0,0,0,0,0,0,0,0,0,0,0,0,0,0,0,0,0,0,0,0,0,0,0,0,0,0,0,0,0,0,0,0,0,0,0,0,0,0,0,0,0,0,0,0,0,0,0,0,0,0,0,0,0,0,0,0,0,0,1,1,0,27,12,0,0,0,0,0,0,0,0,0,0,0,0,0,0,0,0,0,0,6,58,0,0,0,0,0,0,0,13,0,0,0,0,0,0,0,0,0,0,0,0,0,0,0,0,0,0,99,189,189,128,112,105,88,62,69,38,0,0,0,0,0,0,0,0,0,0,0,0,0,0,0,0,0,106,214,197,214,228,235,235,235,228,239,119,0,0,0,0,0,0,0,0,0,0,0,0,0,0,0,0,0,146,216,205,214,205,214,216,218,214,229,108,0,0,0,0,0,0,0,0,0,0,0,0,0,0,0,0,129,253,212,213,227,233,222,215,218,216,236,117,0,0,0,0,0,0,0,0,0,0,0,0,0,3,0,0,255,212,200,219,223,222,227,224,214,206,234,158,0,0,0,0,0,0,0,0,0,0,2,0,0,0,0,224,225,210,217,221,230,220,224,227,216,206,228,207,0,0,0,0,0,0,0,0,0,0,2,0,0,41,203,216,192,210,217,222,226,221,220,222,217,205,218,226,0,0,0,0,2,2,2,3,0,0,0,0,157,230,211,208,214,220,220,215,220,219,219,220,224,216,215,233,6,0,0,0,0,0,0,0,0,0,64,197,241,179,191,208,208,208,213,213,218,221,222,214,208,203,197,250,42,5,0,0,0,6,36,66,126,215,219,196,196,217,208,207,209,205,211,217,215,206,193,200,199,208,203,254,95,0,32,182,213,218,225,233,220,193,188,194,199,197,207,210,213,218,223,220,220,216,208,205,208,226,209,242,95,0,179,210,193,191,195,190,186,194,200,195,185,191,205,207,211,216,224,225,224,225,222,215,217,215,208,233,37,74,211,207,214,216,214,213,213,210,199,194,199,215,239,252,255,255,255,254,251,254,255,255,254,228,224,253,16,33,125,141,164,191,202,216,218,221,228,229,228,223,206,184,148,114,97,95,96,93,95,100,103,118,104,91,0,1,30,60,76,88,97,99,103,112,108,108,97,83,71,71,76,79,88,91,83,74,74,69,71,72,75,87,4,0,0,0,0,11,26,22,25,39,54,70,69,49,50,60,61,53,46,38,38,60,58,68,73,75,58,14,0,0,0,0,0,0,0,0,0,0,0,0,0,0,0,0,0,0,0,0,0,0,0,0,0,0,0,0,0,0,0,0,0,0,0,0,0,0,0,0,0,0,0,0,0,0,0,0,0,0,0,0,0,0,0,0,0,0,0,0,0,0,0,0,0,0,0,0,0,0,0,0,0,0,0,0,0,0,0,0,0,0,0,0,0,0,0,0,0,0,0,0,0,0,0,0,0,0,0,0,0,0,0,0,0,0,0,0,0,0,0,0,0,0,0,0,0,0,0,0,0,0,0,0,0,0,0,0,0,0,0,0,0,0,0,0,0,0,0,0,0,6
0,0,0,0,0,0,0,0,0,0,0,0,0,0,0,0,0,0,0,0,0,0,0,0,0,0,0,0,0,0,0,0,0,0,0,0,0,0,0,0,0,0,0,0,0,0,0,0,0,0,0,0,0,0,0,0,0,0,0,0,0,0,0,0,0,0,0,0,0,0,0,0,0,0,0,44,108,150,160,150,175,106,0,0,0,0,0,0,0,0,0,0,0,0,0,0,0,0,0,0,0,59,224,255,255,255,255,254,254,251,0,0,0,0,0,0,0,0,0,0,0,0,0,3,0,4,206,212,188,255,244,233,221,230,231,234,241,219,0,0,0,0,0,0,0,0,0,0,0,0,0,4,0,10,200,185,184,228,230,239,241,237,242,233,247,220,0,0,0,0,0,0,0,0,0,0,0,0,0,1,0,59,231,200,199,242,235,236,239,238,239,233,243,239,0,0,0,0,0,0,0,0,0,0,0,0,0,1,0,126,212,141,214,245,233,237,237,237,235,240,231,255,19,0,0,0,0,0,0,0,0,0,0,0,0,0,0,173,208,183,227,238,236,238,237,237,234,239,217,255,68,0,0,0,0,0,0,0,0,0,0,0,4,0,2,208,143,177,245,239,240,242,241,240,238,233,223,243,166,0,0,0,0,0,0,0,0,0,0,0,9,0,33,228,199,206,244,243,242,241,238,235,235,229,224,229,244,0,0,0,0,0,0,0,0,0,0,0,1,0,82,208,144,211,249,234,238,237,233,229,231,227,224,218,255,31,0,0,0,0,0,0,0,0,0,0,0,0,142,223,186,233,237,241,235,236,232,229,229,225,225,214,255,88,0,0,0,0,0,0,0,0,0,2,0,0,197,204,198,242,240,235,237,236,233,228,229,228,229,219,255,106,0,0,0,0,0,0,0,0,0,1,0,68,245,182,207,244,235,237,230,232,231,229,232,226,231,226,255,75,0,0,0,0,0,0,0,0,0,0,0,174,221,193,231,239,239,235,231,234,233,226,232,234,228,226,255,0,0,0,0,0,0,0,0,0,1,0,54,239,163,187,247,237,235,228,236,229,239,255,255,255,255,244,225,0,0,0,0,0,0,0,0,0,0,0,166,182,136,236,241,232,226,236,230,252,255,165,23,0,33,248,183,0,0,0,0,0,0,0,0,1,0,29,230,163,182,247,230,230,237,226,254,255,58,0,0,0,0,210,161,0,0,0,0,0,0,1,5,0,0,183,180,154,243,240,223,226,227,251,254,32,0,0,1,0,0,201,144,0,0,2,4,1,1,0,0,0,124,196,129,208,244,222,226,223,232,255,59,0,0,0,0,0,0,196,122,0,0,0,0,0,0,0,34,141,165,147,209,246,231,225,229,220,255,142,0,0,1,0,0,0,0,190,118,0,0,0,32,98,121,187,235,216,221,241,237,230,226,233,226,236,252,0,0,0,0,0,0,1,0,187,119,0,65,214,239,247,245,235,225,227,226,221,210,221,223,226,228,251,116,0,0,0,0,0,0,5,0,185,121,0,110,198,199,211,223,235,242,255,255,255,255,255,255,255,255,166,0,0,0,0,0,0,1,12,0,190,130,0,0,0,0,0,0,22,48,69,92,117,119,126,132,120,45,0,0,0,0,0,0,0,1,3,0,113,71,0,0,0,0,0,0,0,0,0,0,0,0,0,0,0,0,0,0,0,0,0,0,0,0,0,0,0,0,0,0,0,0,0,0,0,0,0,0,0,0,0,0,0,0,0,0,0,0,0,0,0,0,0,0,0,0,0,6
0,0,0,0,0,0,0,0,0,0,0,0,0,0,0,0,0,0,0,0,0,0,0,0,0,0,0,0,0,0,0,0,0,0,0,0,0,0,0,0,0,0,0,0,0,0,0,0,0,0,0,0,0,0,0,0,0,0,0,0,0,0,0,0,0,0,0,0,0,0,0,0,0,0,0,0,0,0,0,0,0,0,0,0,0,0,0,0,0,0,0,0,0,0,0,0,0,0,0,0,0,0,0,0,0,0,0,0,0,0,0,0,0,0,0,0,0,0,0,0,0,0,0,0,0,0,0,0,0,0,0,0,0,0,0,0,0,0,0,0,0,0,0,0,0,0,0,0,0,0,0,0,0,0,0,0,0,0,0,0,1,6,1,0,0,0,128,45,0,0,0,0,0,0,0,0,0,0,0,0,0,0,0,0,2,65,0,0,0,0,0,0,0,2,138,0,0,0,0,0,0,0,0,0,0,0,0,0,0,0,3,0,32,177,117,18,16,7,0,16,121,132,46,0,0,0,0,0,0,0,0,0,0,0,0,0,0,0,3,0,108,159,204,237,229,239,225,198,228,212,10,0,0,0,0,0,0,0,0,0,0,0,0,0,0,5,0,3,151,152,191,215,219,234,242,198,195,210,35,0,0,0,0,0,0,0,0,0,0,0,0,0,0,1,0,51,155,142,201,220,231,237,232,201,199,215,66,0,0,0,0,0,0,0,0,0,0,0,0,0,1,0,0,112,138,156,217,218,234,241,241,184,199,212,69,0,0,0,0,0,0,0,1,0,0,0,0,3,0,0,54,123,151,171,217,232,238,247,229,180,195,209,124,0,0,0,0,0,0,1,1,0,2,2,6,0,0,49,122,141,160,171,224,233,237,255,225,162,196,199,196,0,0,0,1,1,0,0,1,1,2,0,0,0,82,152,148,162,164,176,237,227,228,243,215,164,196,184,236,30,0,0,1,1,2,0,0,0,0,10,60,117,159,150,142,161,155,183,247,237,238,241,177,171,190,179,215,106,2,0,0,0,0,0,0,37,93,136,133,138,138,138,151,165,147,167,217,199,183,165,150,180,175,167,193,155,0,0,7,23,44,79,122,131,128,135,131,132,141,141,155,181,185,171,166,132,150,167,165,170,183,186,201,170,10,83,97,112,123,131,126,130,137,141,141,146,161,164,167,169,170,179,190,160,201,200,196,209,213,201,209,151,104,136,137,131,124,123,128,140,148,155,148,147,162,171,172,172,183,191,207,210,198,190,196,175,160,155,171,85,56,102,138,154,157,161,143,145,159,157,160,166,180,189,193,190,170,166,127,85,136,99,90,93,111,116,135,65,0,0,1,21,68,116,145,165,179,181,194,193,194,164,108,40,1,0,0,0,227,198,223,220,228,222,243,162,3,0,0,0,0,0,0,1,7,7,8,6,5,0,0,0,0,0,0,0,116,89,87,80,70,61,68,16,0,0,0,0,0,0,0,0,0,0,0,0,0,0,0,0,0,0,0,0,0,0,0,0,0,0,0,0,0,0,0,0,0,0,0,0,0,0,0,0,0,0,0,0,0,0,0,0,0,0,0,0,0,0,0,0,0,0,0,0,0,0,0,0,0,0,0,0,0,0,0,0,0,0,0,0,0,0,0,0,0,0,0,0,0,0,0,0,0,0,0,0,0,0,0,0,0,0,0,0,0,0,0,0,0,0,0,0,0,0,0,0,0,0,0,0,0,0,0,0,0,0,0,0,0,0,0,0,0,0,0,0,0,0,0,0,0,0,0,0,6
0,0,0,0,0,0,0,0,0,0,0,0,0,0,0,0,0,0,0,0,0,0,0,0,0,0,0,0,0,0,0,0,0,0,0,0,0,0,0,0,0,0,0,0,0,0,0,0,0,0,0,0,0,0,0,0,0,0,0,0,0,0,0,0,0,0,0,0,0,0,0,0,0,0,0,0,0,0,0,0,0,0,0,0,0,0,0,0,0,0,0,0,0,0,0,0,0,0,0,0,0,0,0,0,0,0,0,0,0,0,0,0,0,0,0,0,0,0,0,0,0,0,0,1,1,1,1,1,0,56,51,0,0,0,2,7,6,1,0,0,0,0,0,0,0,0,0,0,0,0,0,1,1,0,4,0,24,159,133,58,0,0,0,0,0,0,0,0,0,0,0,0,0,0,0,0,0,1,0,0,0,1,0,0,133,132,137,178,208,52,92,67,81,133,8,0,0,0,0,0,0,0,0,0,0,1,0,0,0,5,0,65,145,135,192,216,170,181,192,184,184,157,0,0,0,0,0,0,0,0,0,0,0,0,0,1,0,5,0,50,164,175,183,195,157,154,161,163,171,122,0,4,0,0,0,0,0,0,0,0,0,0,0,0,0,1,0,50,105,155,173,159,151,142,161,168,179,37,0,0,0,0,0,0,0,0,0,0,0,1,0,0,1,0,6,139,159,117,157,171,167,172,169,179,186,82,0,0,0,0,0,0,0,0,0,0,0,1,0,0,2,0,34,158,125,133,158,161,143,143,180,179,156,203,10,0,0,0,0,0,0,0,0,0,0,2,0,2,0,9,154,139,91,106,153,152,187,156,115,174,200,216,151,0,0,0,0,0,0,0,0,0,1,1,1,7,0,71,164,151,149,196,190,143,176,177,189,241,198,211,200,86,0,0,0,0,0,0,0,0,0,1,0,0,0,88,133,148,137,172,195,227,185,160,249,182,121,212,192,54,0,0,1,2,3,2,1,1,2,0,9,9,77,67,125,120,177,197,191,186,236,223,195,184,40,208,212,0,1,2,0,0,0,0,0,0,0,30,138,171,195,172,197,119,162,206,185,187,143,166,204,230,144,180,230,0,0,0,25,33,19,2,0,10,10,88,179,47,86,179,176,174,165,189,184,201,176,200,209,179,224,184,177,39,0,56,127,80,87,98,105,109,117,121,102,144,141,174,173,155,154,148,165,189,192,171,183,170,183,169,200,42,0,109,159,125,97,72,79,97,93,158,158,155,164,167,183,167,164,163,181,189,163,148,155,165,157,157,188,33,52,163,149,162,157,162,151,87,95,137,144,156,151,176,181,194,171,155,172,163,147,147,147,148,150,160,157,0,61,185,161,142,152,156,150,144,126,143,148,140,130,137,157,168,187,193,202,212,202,206,205,203,193,190,183,0,0,45,155,183,189,182,174,165,158,146,135,139,160,173,210,229,233,131,109,214,204,199,197,199,187,195,159,0,0,0,0,20,113,174,188,205,201,196,196,203,211,205,167,42,0,0,0,255,201,206,211,214,210,208,133,0,0,4,0,0,0,0,0,46,84,125,136,118,79,31,0,0,0,0,3,130,100,95,83,117,103,44,0,0,0,0,0,0,0,0,0,0,0,0,0,0,0,0,0,0,0,0,0,0,0,0,0,0,0,0,0,0,0,0,0,0,0,0,0,0,0,0,0,0,0,0,0,0,0,0,0,0,0,0,0,0,0,0,0,0,0,0,0,0,0,0,0,0,0,0,0,0,0,0,0,0,0,0,0,0,0,0,0,0,0,0,0,0,6
0,0,0,0,0,0,0,0,0,0,0,0,0,0,0,0,0,0,0,0,0,0,0,0,0,0,0,0,0,0,0,0,0,0,0,0,0,0,0,0,1,0,7,30,41,57,60,63,74,78,103,138,193,163,0,0,0,0,0,0,0,0,0,0,0,0,0,0,1,0,159,209,212,218,224,255,255,253,221,218,221,153,0,0,0,0,0,0,0,0,0,0,0,0,0,1,0,0,148,203,199,203,210,184,201,233,220,207,228,129,0,0,0,0,0,0,0,0,0,0,0,0,0,3,0,0,169,197,207,197,139,160,155,115,199,209,206,198,0,0,0,0,0,0,0,0,0,0,0,0,0,5,0,51,193,187,199,125,203,218,220,196,109,210,196,202,1,0,0,0,0,0,0,0,0,0,0,0,0,3,0,125,193,207,188,171,233,208,207,239,169,161,206,216,94,0,0,0,0,0,0,0,0,0,0,0,1,0,0,186,194,154,136,146,206,190,81,198,216,142,200,214,153,0,0,0,0,0,0,0,0,0,0,0,5,0,24,178,189,84,112,52,157,196,69,196,215,140,197,212,141,0,0,0,0,0,0,0,0,0,0,0,8,0,66,189,176,192,206,166,223,208,208,205,211,144,203,208,162,0,0,0,0,0,0,0,0,0,0,0,1,0,117,181,176,181,213,143,208,214,204,240,140,160,201,206,198,0,0,0,0,0,0,0,0,0,0,0,0,0,175,177,177,187,206,206,158,196,168,124,151,247,214,212,227,27,0,0,0,0,0,0,0,0,0,2,0,0,201,196,204,213,215,217,220,193,149,208,253,208,190,197,222,86,0,0,0,0,0,0,0,0,0,4,0,66,179,184,194,206,206,203,203,224,253,228,177,171,187,197,216,126,0,0,0,0,0,0,0,0,1,0,0,169,187,197,201,205,209,209,206,196,180,177,183,191,196,199,213,127,0,0,0,0,0,0,0,0,5,0,54,183,189,207,205,206,209,208,206,212,211,211,211,206,204,203,221,106,0,0,0,0,0,0,0,0,0,0,156,192,195,192,200,208,209,211,211,214,215,209,200,192,183,185,211,42,0,0,0,0,0,0,0,5,0,75,220,184,194,196,201,209,212,211,208,201,176,183,182,191,194,198,233,13,0,0,0,0,0,3,9,0,0,176,170,178,194,208,210,210,207,208,193,187,232,220,212,217,202,202,233,7,0,1,3,4,0,0,0,0,110,165,169,188,207,207,209,205,201,190,197,247,186,0,157,214,196,202,228,0,1,0,0,0,0,0,29,122,173,172,198,206,210,206,207,204,191,202,229,68,0,0,194,210,199,205,216,0,0,0,31,92,113,130,160,169,161,183,187,199,208,209,211,194,208,222,0,0,0,0,211,206,198,204,209,0,0,143,165,158,156,157,153,166,179,183,192,194,200,208,198,204,206,0,0,4,0,0,224,204,199,204,205,0,97,191,176,177,183,184,185,195,199,201,203,202,205,200,204,240,0,0,0,3,0,0,194,204,198,206,203,0,145,204,199,200,191,193,194,195,200,205,206,208,207,218,218,39,0,7,0,5,0,3,200,198,194,203,193,0,4,97,146,188,221,196,204,238,242,215,216,212,202,201,34,0,3,0,0,6,0,31,224,216,214,222,220,0,0,0,0,0,0,22,51,69,81,86,84,59,23,0,0,0,0,0,0,5,0,27,156,146,150,147,108,0,0,0,0,0,0,0,0,0,0,0,0,0,0,0,0,0,0,0,0,0,0,0,0,0,0,0,0,0,6
0,0,0,0,0,0,0,0,0,0,0,0,0,0,0,0,0,0,0,0,0,0,0,0,0,0,0,0,0,0,0,0,0,0,0,0,0,0,0,0,0,0,0,0,0,0,0,1,0,0,5,0,0,1,0,0,0,0,0,0,0,0,0,0,0,0,0,0,0,0,0,0,0,0,0,1,0,2,0,32,22,0,1,0,0,0,0,0,0,0,0,0,0,0,0,0,0,0,0,0,0,0,0,5,0,0,32,200,182,1,0,2,0,0,0,0,0,0,0,0,0,2,0,0,1,0,1,0,1,3,0,0,0,98,147,165,219,47,0,4,0,0,0,0,0,0,0,0,0,0,4,5,7,5,4,0,0,0,0,21,158,191,160,150,73,0,0,1,0,0,0,0,0,0,0,0,0,0,0,0,0,0,0,0,0,6,108,209,202,173,182,90,0,0,0,0,0,0,0,0,0,0,0,0,0,0,65,68,25,29,44,92,140,207,225,199,192,205,206,0,0,5,0,0,0,0,0,0,0,0,0,1,0,0,153,200,188,217,215,220,214,209,204,202,207,232,110,0,1,0,3,3,0,0,0,0,0,0,0,4,0,43,200,182,175,179,178,180,194,194,193,207,210,253,8,0,6,0,0,0,0,0,0,0,0,0,0,1,0,158,189,167,193,183,179,193,215,213,220,210,224,232,0,0,0,0,61,39,0,0,0,0,0,0,1,0,0,210,0,0,79,183,235,209,205,220,224,213,245,173,0,0,88,164,206,91,1,0,0,0,0,0,2,0,16,128,0,0,0,0,87,243,223,213,218,223,235,146,61,237,199,177,172,25,0,0,0,0,0,0,3,0,45,96,0,2,1,0,0,0,201,255,220,218,196,241,247,192,153,160,203,18,1,1,0,0,1,0,4,0,68,65,0,6,0,0,0,0,0,151,214,193,255,174,0,106,177,163,191,4,2,0,0,0,0,0,1,0,103,24,0,6,4,0,1,0,0,0,196,211,109,0,0,129,189,165,174,0,0,0,0,0,1,2,0,0,126,0,0,0,0,0,0,0,0,230,236,30,0,0,0,119,179,167,172,0,2,0,0,0,6,6,0,71,195,175,188,117,26,0,0,0,205,190,1,0,0,1,0,118,182,170,160,0,1,0,1,0,0,0,71,194,167,179,174,202,199,159,15,104,210,18,0,5,0,1,0,112,183,170,147,0,0,0,0,0,30,149,181,142,167,182,173,183,190,179,148,206,96,0,1,0,0,0,0,104,186,171,126,0,1,2,0,9,105,114,131,130,147,164,166,185,189,195,213,200,0,0,1,0,0,6,0,100,190,172,112,0,0,0,0,97,144,85,156,217,197,175,186,175,182,196,211,68,0,4,0,1,0,6,0,91,190,173,92,0,65,151,76,176,235,189,181,187,158,133,203,227,217,200,181,1,0,1,0,0,0,6,0,78,186,173,75,0,63,167,168,176,182,189,202,197,172,182,218,205,170,204,83,0,4,1,0,0,0,7,0,68,185,172,60,0,1,139,139,138,135,138,148,164,175,174,170,163,174,203,2,0,3,0,0,0,0,6,0,61,185,172,44,0,0,182,193,185,179,166,156,145,144,152,160,167,204,110,0,5,0,1,0,0,0,5,0,52,178,166,38,0,0,0,54,140,209,227,241,239,232,223,218,241,220,5,0,4,0,1,0,0,0,6,0,58,196,183,48,0,1,0,0,0,0,1,36,64,85,102,97,83,0,0,0,3,0,0,0,1,0,2,0,3,60,53,0,0,6
0,0,0,0,0,0,0,0,0,0,0,0,0,0,0,0,0,0,0,0,0,0,0,0,0,0,0,0,0,0,0,0,0,0,0,0,0,0,0,0,0,0,0,0,0,0,0,0,0,0,0,0,0,0,0,0,0,0,0,0,0,0,0,0,0,0,0,0,0,0,0,0,0,0,0,0,0,0,0,0,0,0,0,0,0,0,0,0,0,0,0,0,0,0,0,0,0,0,0,0,0,0,0,0,0,0,0,0,0,0,0,0,0,0,0,0,0,0,0,0,0,1,0,0,0,0,0,3,59,60,44,39,25,8,0,0,0,0,82,33,0,0,0,0,0,0,0,0,0,1,0,0,0,4,105,164,159,177,194,203,196,182,178,161,138,77,179,24,0,0,0,0,0,0,0,0,0,0,1,3,0,122,161,140,148,164,157,163,164,161,166,164,164,186,124,0,0,0,0,0,0,0,0,0,0,0,0,4,0,89,149,137,151,166,166,171,168,169,167,164,163,170,84,0,0,0,0,0,0,0,0,0,0,0,0,3,0,61,174,129,155,168,171,174,168,166,167,166,166,177,40,0,0,0,0,0,0,0,0,0,0,0,0,1,0,64,159,130,168,169,167,175,172,170,161,165,166,179,32,0,0,0,0,0,0,0,0,0,0,0,0,0,0,107,153,141,175,165,166,168,157,156,159,163,163,174,75,0,1,0,0,0,0,0,0,1,0,2,3,0,7,154,155,153,170,177,163,163,183,169,155,154,149,171,151,0,0,0,0,0,0,0,0,0,0,0,0,0,112,135,117,158,155,128,215,157,113,130,131,155,165,171,175,0,1,1,0,0,0,1,1,0,0,10,0,68,147,110,142,149,122,126,202,188,144,188,190,186,177,165,186,0,0,0,0,0,0,0,0,0,2,0,0,186,168,175,207,202,233,254,114,159,240,190,181,157,136,132,183,30,0,0,0,0,0,1,2,0,0,0,118,141,147,164,146,147,144,181,166,143,163,138,109,108,123,135,205,64,1,7,5,3,2,1,0,0,2,134,156,123,128,135,131,130,131,130,163,170,157,140,145,138,141,141,200,77,0,0,0,0,0,0,0,54,151,138,107,128,140,142,146,146,144,153,179,169,169,163,155,151,151,152,168,66,0,60,85,91,89,111,144,149,125,112,124,124,121,141,146,158,159,156,151,160,186,180,184,180,177,181,207,35,45,156,120,123,133,131,123,114,116,122,123,136,143,158,152,145,156,183,248,216,191,177,168,168,149,160,183,0,51,148,129,132,128,124,130,140,146,143,145,144,141,142,160,187,204,166,49,60,201,161,170,159,155,175,137,0,90,181,174,164,154,144,137,136,138,140,137,138,152,184,183,114,0,0,0,47,183,154,152,148,152,189,52,0,0,28,112,166,194,166,175,178,178,179,181,184,214,144,3,0,0,0,0,65,211,186,182,179,194,169,0,0,0,0,0,0,0,0,19,40,47,52,59,38,0,0,0,1,2,1,0,10,78,51,44,39,33,14,0,0,0,0,0,0,0,0,0,0,0,0,0,0,0,0,0,0,0,0,0,0,0,0,0,0,0,0,0,0,0,0,0,0,0,0,0,0,0,0,0,0,0,0,0,0,0,0,0,0,0,0,0,0,0,0,0,0,0,0,0,0,0,0,0,0,0,0,0,0,0,0,0,0,0,0,0,0,0,0,0,0,0,0,0,0,0,0,0,0,0,0,0,0,0,0,0,0,0,0,0,0,0,0,0,0,0,0,0,0,0,0,0,0,6
0,0,0,0,0,0,0,0,0,0,0,0,0,0,0,0,0,0,0,0,0,0,0,0,0,0,0,0,0,0,0,0,0,0,0,0,0,0,0,0,0,0,0,0,0,0,0,0,0,0,0,0,0,0,0,0,0,0,0,0,0,0,0,0,0,0,0,0,0,0,0,0,0,0,0,0,0,0,0,0,0,0,0,0,0,0,0,0,0,0,0,0,0,0,0,0,2,0,7,40,6,9,0,0,0,0,0,0,0,0,0,0,0,0,0,0,0,0,0,0,0,0,0,0,7,0,69,227,211,214,208,221,35,0,1,41,38,28,167,89,0,0,0,0,0,0,0,0,0,0,0,0,3,0,83,237,219,229,218,249,89,0,255,248,245,251,203,50,0,0,0,0,0,0,0,0,0,0,0,0,0,0,154,237,217,226,223,216,186,181,230,220,219,239,163,0,0,0,0,0,0,0,0,0,0,0,0,0,0,0,228,221,209,213,221,230,243,239,213,216,223,235,192,0,0,0,0,0,0,0,0,0,0,0,0,1,0,10,221,221,228,222,233,235,222,218,221,221,225,234,227,0,0,0,0,0,0,0,0,0,0,0,0,1,0,128,240,220,226,226,233,228,223,222,219,219,228,234,229,0,0,0,0,0,0,0,0,0,0,0,2,0,0,240,229,221,224,227,233,224,222,225,219,228,224,227,234,0,0,0,0,0,0,0,0,0,0,2,1,0,67,238,219,228,228,225,227,218,221,224,224,234,228,222,255,53,0,0,0,0,0,0,0,0,0,5,0,0,213,231,219,227,228,226,222,220,227,227,219,226,227,199,253,106,0,0,0,0,0,0,0,0,0,5,0,86,228,218,224,224,223,221,211,209,203,184,195,204,191,180,234,144,0,0,0,0,0,0,0,1,0,0,15,231,206,217,225,221,219,219,202,200,194,174,201,204,204,210,220,143,0,1,6,3,0,0,0,0,0,14,223,214,207,219,214,217,222,227,216,220,220,211,229,223,225,225,222,125,3,0,0,0,0,0,0,5,103,242,212,201,210,214,218,220,222,218,227,233,227,228,230,231,231,218,231,90,0,0,51,120,159,170,193,235,251,205,192,201,213,215,224,228,224,227,229,229,231,234,232,227,222,212,228,39,0,143,181,129,187,215,206,199,180,197,198,208,216,210,224,237,228,222,225,243,255,227,207,207,194,195,216,0,9,196,228,194,191,198,188,193,203,209,210,216,227,230,227,229,225,244,255,147,0,0,160,218,202,204,194,0,85,217,201,225,232,228,226,214,213,212,219,225,221,236,225,220,243,166,0,0,0,32,190,214,199,207,163,0,25,174,214,211,213,223,223,226,233,233,233,223,234,232,229,255,98,0,0,0,0,51,211,210,200,207,126,0,0,0,48,174,248,208,230,220,216,224,225,227,229,221,225,67,0,0,1,0,0,45,186,206,198,208,82,0,1,0,0,0,0,68,212,131,255,226,230,249,207,255,130,0,0,1,0,2,0,103,221,217,209,217,45,0,0,3,1,0,0,0,0,0,81,20,79,169,17,130,0,0,0,5,0,2,0,34,121,141,152,170,20,0,0,0,0,0,0,0,0,0,0,0,0,0,0,0,0,0,0,0,0,0,0,0,0,0,0,0,0,0,0,0,0,0,0,0,0,0,0,0,0,0,0,0,0,0,0,0,0,0,0,0,0,0,0,0,0,0,0,0,0,0,0,0,0,0,0,0,0,0,0,0,0,0,0,0,0,0,0,0,0,0,0,0,0,0,6
0,0,0,0,0,0,0,0,0,0,0,0,0,0,0,0,0,0,0,0,0,0,0,0,0,0,0,0,0,0,0,0,0,0,0,0,0,0,0,0,0,0,0,0,0,0,0,0,0,0,0,0,0,0,0,0,0,0,0,0,0,0,0,0,0,0,0,0,0,0,0,0,0,0,0,0,0,0,0,0,0,0,0,0,0,0,0,0,0,0,0,0,0,0,0,0,0,0,0,0,0,0,0,0,0,0,0,0,0,0,0,0,0,0,0,0,0,0,0,0,0,0,0,0,0,1,0,0,134,155,88,8,0,0,0,3,4,0,0,0,0,0,0,0,0,0,0,0,0,0,0,0,0,0,0,0,164,174,177,213,130,27,0,0,0,0,0,0,0,0,0,0,0,0,0,0,0,0,0,0,0,2,0,4,180,164,166,158,177,213,124,0,0,0,1,0,0,0,0,0,0,0,0,0,0,0,0,0,0,4,0,49,170,151,163,169,175,163,183,208,74,0,0,0,0,0,0,0,0,0,0,0,0,0,0,0,0,7,0,50,178,172,167,135,148,162,173,188,204,144,0,0,0,0,0,0,0,0,0,0,0,0,0,0,0,0,0,88,181,178,184,189,179,176,199,197,191,203,162,9,0,0,0,0,0,0,0,0,0,0,0,0,1,0,0,178,180,137,120,166,186,192,206,186,193,191,177,5,0,0,0,0,0,0,0,0,0,0,0,0,3,0,0,239,188,230,255,249,231,185,168,220,182,194,64,0,0,0,0,0,0,0,0,0,2,2,0,1,0,0,89,165,106,152,219,195,212,238,211,196,205,187,0,0,0,0,0,0,0,0,0,0,2,2,0,8,0,120,222,154,185,203,185,162,165,172,185,173,199,125,0,0,0,0,0,0,0,0,0,0,0,0,6,0,0,211,173,159,150,166,205,192,197,192,199,196,198,75,0,1,0,0,0,0,0,0,0,0,0,5,0,17,118,168,124,151,199,191,182,197,197,199,211,211,209,35,0,1,0,0,0,0,0,0,0,0,3,0,0,145,147,122,193,186,188,200,186,208,194,199,215,213,201,8,0,1,0,0,1,1,1,0,2,7,0,0,140,146,136,125,163,191,183,183,189,207,205,210,218,218,189,8,0,1,0,3,1,0,0,0,0,0,0,152,180,139,186,166,127,160,190,184,195,191,194,202,203,215,194,18,0,3,2,0,0,0,0,0,0,52,130,159,134,199,173,167,186,160,181,195,196,194,200,196,198,214,200,40,0,1,0,20,114,124,139,115,129,148,141,167,134,164,132,167,200,196,195,214,210,210,203,193,190,197,189,51,0,1,6,137,170,145,141,137,92,82,129,160,151,144,170,196,194,184,193,187,191,193,194,196,199,198,192,54,0,0,27,122,160,178,167,160,155,164,172,183,200,202,208,199,197,208,205,193,188,181,184,183,187,184,188,60,0,4,0,0,28,113,164,162,177,184,183,183,187,196,193,183,161,151,102,178,233,213,231,231,227,200,204,100,0,3,2,0,0,0,0,0,19,42,56,59,59,38,36,0,0,0,0,62,116,77,73,61,46,45,56,17,0,0,0,0,0,0,0,0,0,0,0,0,0,0,0,0,0,0,0,0,0,0,0,0,0,0,0,0,0,0,0,0,0,0,0,0,0,0,0,0,0,0,0,0,0,0,0,0,0,0,0,0,0,0,0,0,0,0,0,0,0,0,0,0,0,0,0,0,0,0,0,0,0,0,0,0,0,0,0,0,0,0,0,0,0,0,6
0,0,0,0,0,0,0,0,0,0,0,0,0,0,0,0,0,0,0,0,0,0,0,0,0,0,0,0,0,0,0,0,0,0,0,0,0,0,0,0,0,0,0,0,0,0,0,0,0,0,0,0,0,0,0,0,0,0,0,0,0,0,0,0,0,0,0,0,0,0,0,0,0,0,0,0,0,0,0,0,0,0,0,0,0,0,0,0,0,0,0,0,0,0,0,0,0,0,0,0,0,0,0,0,0,0,0,0,0,0,0,0,0,0,0,0,0,0,0,0,0,0,0,0,0,0,0,0,0,0,0,0,0,0,0,0,0,0,0,0,0,0,0,0,0,0,0,0,0,0,0,0,0,0,0,0,0,0,0,0,0,0,0,0,0,0,0,0,0,0,0,0,0,0,0,0,0,1,0,0,0,1,0,1,66,71,9,0,0,0,0,0,0,0,0,0,0,0,0,0,0,0,0,0,0,1,0,1,0,2,0,64,169,159,162,123,101,77,38,14,93,104,0,0,0,0,0,0,0,0,0,0,0,0,0,0,0,1,0,115,183,156,168,205,209,190,196,184,198,230,38,0,0,0,0,0,0,0,0,0,0,0,0,0,2,0,0,181,178,168,171,156,156,169,182,183,180,175,0,0,0,0,0,0,0,0,0,0,0,0,0,0,0,0,72,194,159,174,168,167,175,181,189,180,180,202,0,0,0,0,0,0,0,0,0,0,0,0,0,0,0,0,148,159,177,177,170,167,178,183,196,171,173,200,0,0,0,0,0,0,0,2,2,1,0,0,2,2,0,74,190,171,190,178,176,161,174,177,193,166,185,211,4,0,0,1,0,0,1,0,0,1,1,4,1,0,37,181,177,193,189,159,167,164,180,181,198,166,188,194,65,0,1,0,1,1,1,1,4,4,0,0,0,58,168,173,171,178,185,170,164,160,170,181,184,162,176,187,157,0,1,1,3,4,2,0,0,0,0,14,102,167,155,166,163,159,170,164,159,171,174,176,170,163,184,173,202,0,1,0,0,0,0,0,12,61,116,168,170,143,161,170,166,180,178,152,155,173,166,169,157,169,187,167,204,37,0,5,61,94,122,154,188,189,174,161,164,164,162,175,178,162,171,180,177,159,129,204,200,203,178,171,208,42,11,148,154,147,141,140,143,143,142,166,159,139,154,159,169,174,178,189,207,211,204,217,215,223,205,200,255,66,60,162,174,175,171,173,167,159,146,141,139,135,154,182,189,204,219,219,223,226,209,203,205,189,170,136,150,44,30,83,86,108,138,162,167,178,218,205,198,203,195,195,202,162,140,120,90,67,52,51,59,65,73,83,126,33,0,3,23,37,52,61,74,91,98,101,114,121,118,102,85,78,65,36,106,133,139,139,140,142,143,146,154,60,0,0,0,0,0,0,3,17,25,36,44,39,26,23,1,0,0,0,16,24,15,18,7,7,4,5,0,0,0,0,0,0,0,0,0,0,0,0,0,0,0,0,0,0,0,0,0,0,0,0,0,0,0,0,0,0,0,0,0,0,0,0,0,0,0,0,0,0,0,0,0,0,0,0,0,0,0,0,0,0,0,0,0,0,0,0,0,0,0,0,0,0,0,0,0,0,0,0,0,0,0,0,0,0,0,0,0,0,0,0,0,0,0,0,0,0,0,0,0,0,0,0,0,0,0,0,0,0,0,0,0,0,0,0,0,0,0,0,0,0,0,0,0,0,0,0,0,0,0,0,0,0,0,0,0,0,0,0,0,0,0,0,0,0,0,0,0,0,6
0,0,0,0,0,0,0,0,0,0,0,0,0,0,0,0,0,0,0,0,0,0,0,0,0,0,0,0,0,0,0,0,0,0,0,0,0,0,0,0,0,0,0,0,0,0,0,0,0,0,0,0,0,0,0,0,0,0,0,0,0,0,0,0,0,0,0,0,0,0,0,0,0,0,0,0,0,0,0,0,0,0,0,0,0,0,0,0,0,0,0,0,0,0,0,0,0,0,0,0,0,0,0,0,0,0,0,0,0,0,0,0,0,0,0,0,0,0,0,0,0,0,0,0,0,0,0,0,0,0,0,0,0,0,0,0,0,0,0,0,0,0,0,0,0,0,0,0,0,0,0,0,0,0,118,178,173,150,30,0,0,0,0,0,0,11,0,0,0,0,0,0,0,0,0,0,0,1,0,1,0,0,184,208,203,227,208,0,16,77,97,117,178,135,0,1,0,0,0,0,0,0,0,0,0,1,0,3,0,12,219,206,209,202,167,181,211,201,167,184,181,130,0,0,0,0,0,0,0,0,0,0,0,1,0,2,0,44,201,198,198,210,176,156,180,169,153,161,152,153,0,0,0,0,0,0,0,0,0,0,0,0,0,1,0,104,212,194,193,215,150,132,167,146,159,184,182,209,0,0,0,0,0,0,0,0,0,0,0,0,1,0,0,188,173,182,194,215,207,188,203,199,206,219,213,214,18,0,0,0,0,0,0,0,0,0,1,2,0,0,125,205,153,172,198,213,211,202,205,209,204,210,196,228,98,0,0,0,0,0,0,0,0,0,0,1,0,69,212,156,167,187,206,219,194,194,203,208,205,213,204,224,160,0,0,0,0,0,0,0,0,0,0,0,34,201,166,171,191,208,210,216,195,201,205,213,213,209,205,209,230,0,0,0,0,0,2,3,0,0,0,1,176,169,161,188,202,205,189,205,203,199,207,214,214,210,213,197,242,0,1,1,5,0,0,0,0,0,0,145,183,172,182,195,201,199,184,200,209,192,208,211,215,214,228,197,208,58,1,0,0,0,0,8,44,90,181,195,182,195,195,191,200,202,184,210,213,203,213,209,218,202,215,206,243,29,0,0,65,123,160,181,197,189,192,188,190,192,193,188,195,187,194,204,213,204,197,202,205,216,208,219,188,0,0,154,167,150,154,159,170,177,185,187,189,192,194,197,193,186,206,240,219,205,218,217,220,217,208,178,0,0,41,176,171,170,171,179,185,190,190,190,195,198,198,193,202,214,243,93,77,246,212,206,206,197,201,163,0,0,25,137,160,192,201,201,198,195,193,196,205,209,205,208,233,134,10,0,23,216,203,205,200,195,213,149,0,0,0,0,10,48,117,141,160,182,189,194,211,212,182,139,17,0,0,0,45,255,194,223,218,211,211,65,0,2,0,0,0,0,0,0,0,0,12,33,32,28,2,0,0,0,1,0,0,34,3,0,0,0,0,0,1,0,0,0,0,0,0,0,0,0,0,0,0,0,0,0,0,0,0,0,0,0,0,0,0,0,0,0,0,0,0,0,0,0,0,0,0,0,0,0,0,0,0,0,0,0,0,0,0,0,0,0,0,0,0,0,0,0,0,0,0,0,0,0,0,0,0,0,0,0,0,0,0,0,0,0,0,0,0,0,0,0,0,0,0,0,0,0,0,0,0,0,0,0,0,0,0,0,0,0,0,0,0,0,0,0,0,0,0,0,0,0,0,0,0,0,0,0,0,0,0,0,0,0,0,0,0,0,0,0,0,0,0,0,0,0,0,0,0,0,0,0,6
0,0,0,0,0,0,0,0,0,0,0,0,0,0,0,0,0,0,0,0,0,0,0,0,0,0,0,0,0,0,0,0,0,0,0,0,0,0,0,0,0,0,0,0,0,0,0,0,0,0,0,0,0,0,0,0,0,0,0,0,0,0,0,0,0,0,0,0,0,0,0,0,0,0,0,0,0,0,0,0,0,0,0,0,0,0,0,0,0,0,0,0,0,1,0,0,0,86,163,125,121,107,0,0,0,0,0,0,0,0,0,0,0,0,0,0,0,0,0,0,0,1,0,0,0,194,199,186,195,246,145,0,0,0,0,0,0,0,0,0,0,0,0,0,0,0,0,0,0,0,2,0,0,212,184,183,180,178,253,0,46,207,186,194,164,185,12,0,0,0,0,0,0,0,0,0,0,0,2,0,27,217,181,184,190,186,230,0,205,224,210,201,203,180,0,0,0,0,0,0,0,0,0,0,0,0,2,0,72,222,176,179,192,189,204,49,230,196,198,192,197,163,0,0,0,0,0,0,0,0,0,0,0,0,0,0,141,205,173,188,189,207,172,112,227,191,201,192,196,189,0,0,0,0,0,0,0,0,0,0,0,0,0,0,176,189,179,188,192,207,151,168,206,193,199,191,190,237,29,0,0,0,0,0,0,0,0,0,0,2,0,16,208,176,186,192,199,202,166,206,188,194,193,194,181,229,145,0,0,0,0,0,0,0,0,0,0,3,0,72,220,172,188,195,199,211,198,189,189,187,190,189,191,190,219,3,0,0,0,0,1,0,0,1,0,0,0,127,209,175,191,196,200,214,197,188,190,188,192,192,188,188,229,76,0,0,0,0,1,1,0,0,0,0,0,198,186,187,193,197,202,209,187,188,186,192,192,192,192,193,226,74,1,0,0,0,0,0,0,0,0,0,82,225,183,193,195,198,199,211,196,188,188,190,189,198,203,196,215,26,0,0,0,0,0,0,0,0,0,0,185,184,188,190,197,196,198,201,184,186,196,203,208,197,197,188,203,0,0,0,1,0,0,0,0,0,0,104,217,181,193,193,197,195,194,196,189,203,201,184,179,192,177,183,180,0,3,0,0,0,1,0,5,0,23,212,183,185,191,197,196,192,196,202,202,181,175,220,221,178,178,184,154,0,0,0,5,1,0,0,0,10,201,192,191,191,200,198,198,189,193,204,171,209,220,117,0,0,159,201,120,0,0,0,0,0,0,0,42,190,181,165,181,189,191,194,200,199,200,202,210,143,0,0,0,0,175,204,96,0,0,0,39,97,132,154,180,152,149,172,190,193,190,195,197,188,205,242,51,0,0,7,1,0,151,207,62,0,5,185,189,183,180,179,166,168,175,191,194,185,192,197,196,203,240,26,0,0,0,0,0,0,159,206,28,0,118,212,179,184,182,173,175,179,182,189,181,190,195,186,198,249,37,0,0,0,0,0,0,0,160,197,14,0,60,198,212,206,204,192,173,175,181,192,194,192,192,201,255,54,0,0,0,0,0,0,0,0,171,185,0,0,0,10,96,168,213,247,248,237,231,231,227,226,240,240,67,0,0,0,0,0,0,0,0,0,192,186,0,0,0,0,0,0,0,15,54,85,109,134,136,137,112,1,0,0,0,0,0,0,0,0,0,0,104,93,0,0,0,0,0,0,0,0,0,0,0,0,0,0,0,0,0,0,0,0,0,0,0,0,0,0,0,0,0,0,0,0,0,0,0,0,0,0,0,0,0,0,0,0,0,0,0,0,0,0,0,0,0,0,0,0,0,0,6
0,0,0,0,0,0,0,0,0,0,0,0,0,0,0,0,0,0,0,0,0,0,0,0,0,0,0,0,0,0,0,0,0,0,0,0,0,0,0,0,0,0,0,0,0,0,0,0,0,0,0,0,0,0,0,0,0,0,0,0,0,0,0,0,0,0,1,0,0,65,65,78,93,111,118,113,107,97,122,103,76,47,0,0,0,0,0,0,0,0,0,0,0,0,3,0,93,203,218,220,235,226,224,231,214,195,208,155,164,176,0,0,0,0,0,0,0,0,0,0,0,0,5,0,67,153,184,208,212,205,205,203,193,197,195,182,162,51,0,0,0,0,0,0,0,0,0,0,0,0,5,0,101,159,180,203,224,228,226,205,172,189,187,162,170,90,0,0,0,0,0,0,0,0,0,0,0,0,5,0,141,176,178,164,168,157,161,176,143,139,138,145,164,187,0,0,0,0,0,0,0,0,0,0,0,1,0,0,145,168,197,203,189,182,174,201,166,159,180,184,172,189,47,0,0,0,0,0,0,0,0,0,0,1,0,17,166,166,193,191,184,184,166,185,168,162,166,182,178,151,5,0,0,0,0,0,0,0,0,0,0,3,0,34,147,164,195,187,185,185,172,189,185,187,174,197,180,161,155,0,0,0,0,0,0,0,0,0,0,5,0,30,157,168,199,201,191,182,191,208,191,210,195,161,187,155,180,11,0,0,0,0,0,0,0,0,0,1,0,69,180,182,203,199,180,170,178,191,176,187,168,170,172,143,164,74,0,0,0,0,0,0,0,0,0,0,0,157,185,191,205,191,174,185,182,189,199,180,187,166,138,141,149,97,0,0,0,0,0,0,0,0,3,0,32,164,182,193,203,203,191,199,191,212,212,197,180,162,170,153,139,95,0,0,0,0,0,0,0,0,7,0,76,153,191,201,203,187,176,195,182,205,193,178,159,159,126,157,143,88,0,0,0,0,0,0,0,0,0,0,113,159,197,226,207,184,185,216,185,203,176,166,138,120,115,139,164,84,0,0,0,0,0,0,0,1,0,53,185,189,203,224,199,178,193,218,178,176,182,155,128,157,185,187,201,49,0,0,0,0,0,0,9,0,21,191,193,195,199,199,191,182,191,212,166,172,139,178,199,226,195,172,174,38,0,0,0,0,0,5,0,0,111,191,185,197,203,195,205,193,182,199,199,151,237,159,187,193,176,180,182,32,0,0,1,1,0,0,0,55,166,170,162,187,172,185,205,185,161,197,157,220,199,0,136,197,193,187,184,21,5,0,0,0,0,23,113,138,145,170,168,187,172,182,210,195,182,168,222,207,0,0,176,201,189,182,185,15,0,0,13,53,92,124,116,126,149,166,184,180,162,189,199,180,153,216,201,0,0,0,172,201,182,172,168,3,0,82,128,122,113,95,118,166,161,166,176,164,164,189,191,155,208,184,0,0,1,0,176,203,184,172,164,3,120,149,139,141,157,157,151,168,174,193,216,207,193,184,168,187,230,0,0,3,0,0,193,212,191,182,164,0,184,203,172,170,168,164,159,176,185,187,203,220,193,172,182,216,0,0,7,3,0,0,174,222,197,187,166,0,36,176,205,218,205,203,184,172,157,157,161,166,170,212,255,21,0,5,0,1,0,0,176,222,191,182,155,0,0,0,0,61,115,157,189,210,231,239,228,193,195,128,0,0,0,3,0,0,0,0,172,231,208,210,191,0,0,0,0,0,0,0,0,0,0,0,0,0,0,0,0,0,0,0,0,0,0,0,0,0,0,0,0,0,6
0,0,0,0,0,0,0,0,0,0,0,0,0,0,0,0,0,0,0,0,0,0,0,0,0,0,0,0,0,0,0,0,0,0,0,0,0,0,0,0,0,0,0,0,0,0,0,0,0,0,0,0,0,0,0,0,0,0,0,0,0,0,0,0,0,0,0,0,0,0,0,0,0,0,0,0,0,0,0,0,0,0,0,0,0,0,0,0,0,0,0,0,0,0,0,0,0,5,0,8,161,61,0,0,0,0,0,0,0,0,0,0,0,0,0,0,0,0,0,0,0,0,0,0,0,5,0,80,180,165,185,106,1,0,0,0,0,2,0,0,0,0,0,0,0,0,0,0,0,0,0,0,0,0,0,160,169,160,168,214,171,32,84,178,156,124,0,1,0,0,0,0,0,0,0,0,0,0,0,0,4,0,31,207,170,171,192,198,179,255,203,151,147,67,0,3,0,0,0,0,0,0,0,0,0,0,0,0,3,0,102,183,172,174,205,213,173,139,140,151,153,64,0,0,0,0,0,0,0,0,0,0,0,0,0,1,0,0,169,189,175,185,210,206,180,175,159,126,175,88,0,0,0,0,0,0,0,0,0,0,0,0,0,5,0,40,201,174,174,192,218,220,188,210,154,136,211,120,0,0,0,0,0,0,0,0,0,0,0,0,0,0,0,140,191,183,182,209,216,219,186,169,143,175,180,179,0,0,0,0,0,0,0,0,0,0,0,0,2,0,0,211,187,206,201,194,214,220,184,203,177,169,181,204,91,0,0,0,0,0,0,0,0,0,0,0,4,0,81,195,186,196,196,191,207,226,180,204,193,161,181,177,184,0,0,0,0,0,0,0,0,0,0,1,0,0,171,187,192,189,187,205,207,210,176,198,190,164,185,178,196,65,0,0,0,0,0,0,0,0,0,4,0,29,224,178,185,191,200,206,217,212,193,211,198,182,189,174,187,101,0,0,0,0,0,0,0,0,0,0,0,127,197,173,193,196,200,200,195,197,207,220,197,195,187,166,173,131,0,0,0,0,0,1,0,0,3,0,0,196,180,194,220,218,209,215,218,217,204,199,177,187,161,142,183,154,0,1,7,6,9,5,9,0,0,0,142,204,198,212,192,181,194,192,194,189,196,179,125,137,157,173,229,135,0,0,0,0,0,0,0,0,5,150,214,168,173,163,180,197,210,205,192,170,169,183,195,195,210,197,214,96,0,0,52,84,81,86,98,142,165,150,139,167,184,209,209,208,216,191,167,219,208,205,197,193,189,186,220,55,0,110,180,158,153,155,150,75,108,157,173,178,183,176,189,208,183,170,248,138,205,195,187,191,192,193,225,21,0,168,182,171,167,133,112,113,145,164,167,164,172,188,212,181,181,251,71,0,223,207,200,199,191,198,205,0,92,216,194,193,194,190,195,185,164,169,171,185,203,212,197,181,254,91,0,0,241,194,195,198,195,202,181,0,34,167,210,208,205,199,195,193,188,171,172,189,198,198,183,214,112,0,0,4,234,192,191,189,182,201,137,0,0,0,65,149,193,226,236,240,235,235,222,216,215,205,255,164,0,0,0,20,246,192,193,197,192,212,86,0,0,0,0,0,0,3,41,70,100,142,167,188,188,180,111,0,0,3,0,22,193,193,187,188,189,207,22,0,0,0,0,0,0,0,0,0,0,0,0,0,0,0,0,0,0,0,0,0,0,0,0,0,0,0,0,0,0,0,0,0,0,0,0,0,0,0,0,0,0,0,0,0,0,0,0,0,0,0,0,0,0,0,0,0,6
0,0,0,0,0,0,0,0,0,0,0,0,0,0,0,0,0,0,0,0,0,0,0,0,0,0,0,0,0,0,0,0,0,0,0,0,0,0,0,0,0,0,0,0,0,0,0,0,0,0,0,0,0,0,0,0,0,0,0,0,0,0,0,0,0,0,0,0,0,0,0,0,0,0,0,0,0,0,0,0,0,0,0,0,0,0,0,0,0,0,0,0,0,0,0,0,0,0,0,0,0,0,0,0,0,0,0,0,0,0,0,0,0,0,0,0,0,0,0,0,0,0,0,0,0,0,0,0,0,0,0,0,0,0,0,0,0,0,0,0,0,0,0,0,0,0,0,0,0,0,0,0,0,0,0,0,0,0,0,0,0,0,0,0,0,0,0,0,0,0,0,0,0,0,0,0,0,0,0,0,0,0,0,0,0,0,0,0,0,0,0,0,0,89,88,0,0,0,0,0,0,0,0,0,0,0,0,0,0,0,0,0,0,27,35,0,0,0,0,0,7,74,57,0,0,0,0,0,0,0,0,0,0,0,0,0,0,0,3,0,0,255,223,149,145,134,91,209,238,224,43,0,0,0,0,0,0,0,0,0,0,0,0,0,0,1,0,0,182,231,214,229,255,255,255,237,229,238,33,0,0,0,0,0,0,0,0,0,0,0,0,0,0,2,0,102,255,217,214,205,213,212,215,228,231,231,14,0,0,0,0,0,0,0,0,0,0,0,0,0,0,0,50,255,228,220,223,214,218,227,228,237,231,255,17,0,0,0,0,0,2,0,1,0,0,1,0,0,0,58,255,231,216,223,217,210,220,227,226,229,225,255,62,0,0,0,0,0,0,2,1,0,4,0,0,0,144,255,220,214,223,227,216,215,222,229,232,235,219,244,184,0,0,1,6,4,6,4,0,0,0,0,55,224,255,217,211,225,229,216,217,217,221,224,219,233,221,232,249,0,0,0,0,0,0,0,0,0,101,188,255,228,203,214,220,229,225,221,214,217,219,214,216,223,223,220,255,31,0,0,45,89,107,133,195,254,255,233,212,215,226,225,226,228,227,224,220,214,223,221,223,223,225,215,255,63,0,207,226,226,227,231,227,217,206,210,221,223,226,227,227,228,225,229,232,219,223,225,228,227,227,214,255,61,60,236,212,215,212,213,215,214,216,221,222,222,225,227,227,228,229,231,233,228,238,246,241,241,244,232,255,60,74,209,225,227,228,226,227,227,220,229,225,223,228,233,233,239,237,255,255,255,219,214,211,207,207,205,243,81,0,18,98,172,206,234,251,254,255,255,255,255,255,255,255,237,203,185,131,133,255,237,237,243,245,241,255,100,0,0,0,0,0,0,22,46,73,88,89,89,89,62,33,0,0,0,0,0,78,69,52,45,31,29,13,0,0,0,0,0,0,0,0,0,0,0,0,0,0,0,0,0,0,0,0,0,0,0,0,0,0,0,0,0,0,0,0,0,0,0,0,0,0,0,0,0,0,0,0,0,0,0,0,0,0,0,0,0,0,0,0,0,0,0,0,0,0,0,0,0,0,0,0,0,0,0,0,0,0,0,0,0,0,0,0,0,0,0,0,0,0,0,0,0,0,0,0,0,0,0,0,0,0,0,0,0,0,0,0,0,0,0,0,0,0,0,0,0,0,0,0,0,0,0,0,0,0,0,0,0,0,0,0,0,0,0,0,0,0,0,0,0,0,0,0,0,0,0,0,0,0,0,0,0,0,0,0,0,0,0,0,0,0,0,0,0,0,0,0,0,0,0,0,0,6
0,0,0,0,0,0,0,0,0,0,0,0,0,0,0,0,0,0,0,0,0,0,0,0,0,0,0,0,0,0,0,0,0,0,0,0,0,0,0,0,0,0,0,0,0,0,0,0,0,0,0,0,0,0,0,0,0,0,0,0,0,0,0,0,0,0,0,0,0,0,0,0,0,0,0,0,0,0,0,0,0,0,0,0,0,0,0,0,0,0,0,0,0,0,0,0,0,0,0,0,0,0,0,0,0,0,0,0,0,0,0,0,0,0,0,0,0,0,0,0,0,0,0,0,0,0,0,0,0,0,0,0,0,0,0,0,0,0,0,0,0,0,0,0,0,0,0,0,0,0,0,0,0,0,0,0,125,110,5,0,0,1,1,1,1,0,0,0,0,0,0,0,0,0,0,0,2,2,0,1,0,1,0,70,212,212,248,24,0,1,1,2,1,5,2,0,0,0,0,0,0,0,0,0,0,1,0,0,1,0,0,209,196,169,207,53,0,0,0,0,0,0,0,0,0,0,0,0,0,0,0,0,1,2,0,0,0,0,81,196,199,198,181,197,194,159,120,85,55,23,0,0,0,0,0,0,0,0,0,0,0,0,0,0,0,0,175,199,187,203,194,229,216,227,224,220,217,206,74,0,0,0,0,0,0,0,0,0,0,0,0,0,0,69,225,198,159,206,204,208,213,216,211,210,209,224,149,0,0,0,0,0,1,0,0,0,0,0,0,0,0,151,211,190,203,196,209,206,221,218,216,221,216,212,157,0,0,0,0,0,2,1,1,1,0,0,6,0,3,248,202,139,212,204,211,218,216,213,219,215,205,213,181,0,0,0,0,0,0,2,0,0,0,0,0,19,220,232,217,198,201,212,213,220,221,219,220,219,208,207,222,7,0,1,0,0,0,0,0,2,0,0,78,255,220,130,192,193,220,215,216,219,216,211,221,219,221,216,237,57,0,0,2,2,3,0,0,0,0,163,233,185,196,210,177,206,228,208,213,214,212,212,216,217,214,220,239,110,2,0,0,0,0,0,0,24,187,209,193,187,189,193,200,219,218,209,207,213,214,215,213,216,209,213,231,142,0,0,24,44,28,34,69,173,215,183,183,231,200,202,208,205,199,202,211,212,216,210,201,207,213,205,217,170,8,92,106,81,67,103,84,146,190,211,216,189,210,195,192,189,187,192,190,188,204,197,182,190,197,194,211,175,30,70,56,79,85,56,80,172,199,219,206,217,213,205,210,212,212,215,217,213,216,232,222,230,216,210,237,170,42,32,36,39,65,30,53,131,147,184,168,156,141,130,120,103,97,97,94,93,94,96,88,87,85,70,61,39,31,65,57,47,36,32,15,0,0,0,0,0,0,0,0,0,0,0,0,0,0,0,0,0,0,8,22,14,0,0,19,38,55,57,59,69,64,37,45,49,53,54,53,51,47,46,55,55,47,42,42,42,45,41,48,34,0,0,0,0,0,5,14,28,33,23,26,25,25,23,20,16,13,10,10,17,18,15,21,24,22,19,20,3,0,0,0,0,0,0,0,0,0,0,0,0,0,0,0,0,0,0,0,0,0,0,0,0,0,0,0,0,0,0,0,0,0,0,0,0,0,0,0,0,0,0,0,0,0,0,0,0,0,0,0,0,0,0,0,0,0,0,0,0,0,0,0,0,0,0,0,0,0,0,0,0,0,0,0,0,0,0,0,0,0,0,0,0,0,0,0,0,0,0,0,0,0,0,0,0,0,0,0,0,0,0,0,0,0,0,0,0,0,0,0,0,6
0,0,0,0,0,0,0,0,0,0,0,0,0,0,0,0,0,0,0,0,0,0,0,0,0,0,0,0,0,0,0,0,0,0,0,0,0,0,0,0,0,0,0,0,0,0,0,0,0,0,0,0,0,0,0,0,0,0,0,0,0,0,0,0,0,0,0,0,0,0,0,0,0,0,0,0,0,0,0,0,0,0,0,0,0,0,0,0,0,0,0,0,0,0,0,0,0,0,0,0,0,0,0,0,0,0,0,0,0,0,0,0,0,0,0,0,0,0,0,0,0,0,0,0,0,0,0,0,0,0,0,0,0,0,0,0,0,0,0,0,0,0,0,0,0,0,0,0,0,0,0,0,0,0,0,0,0,0,0,0,0,0,0,0,0,0,0,0,0,0,0,0,0,0,0,0,0,0,0,0,0,0,1,0,0,0,0,0,1,1,0,1,0,37,120,0,0,0,0,0,0,0,0,0,0,0,0,0,0,6,0,0,90,46,0,0,0,0,0,0,0,151,134,28,0,0,0,0,0,0,0,0,0,0,0,1,0,14,0,96,250,255,234,50,11,0,0,112,131,162,110,1,0,0,0,0,0,0,0,0,0,0,0,0,1,0,0,193,235,224,235,241,255,255,255,250,252,255,144,0,0,0,0,0,0,0,0,0,0,0,0,0,0,0,84,243,224,232,228,231,235,238,241,237,231,253,149,0,0,0,0,0,0,0,0,0,0,0,0,2,0,0,255,231,230,230,230,239,233,239,241,240,237,254,193,0,0,0,0,0,0,0,0,0,0,0,1,0,0,218,239,226,227,232,232,237,238,237,240,244,239,252,219,0,0,0,0,0,1,0,0,0,4,0,0,0,189,230,224,224,229,235,235,238,232,238,236,232,232,238,255,0,0,0,3,5,5,7,2,0,0,0,35,243,226,216,230,231,234,229,234,235,232,240,230,233,226,233,255,41,1,3,0,0,0,0,0,0,1,132,255,208,204,239,221,227,236,231,234,232,237,229,219,233,228,228,255,99,0,0,0,41,33,41,71,161,255,228,201,195,226,234,220,228,236,233,235,228,231,224,216,224,223,222,255,148,0,123,187,201,207,255,232,235,221,210,217,224,229,224,226,224,230,230,229,235,230,231,234,229,229,230,255,149,110,229,202,198,197,188,197,202,213,228,229,229,228,229,235,231,235,238,235,235,240,239,242,244,241,236,255,129,150,248,234,224,226,218,216,224,221,217,226,227,226,234,235,234,239,240,249,255,242,242,237,237,231,233,255,123,0,67,184,239,241,240,228,222,223,226,230,233,238,246,252,255,251,255,229,214,221,214,206,210,223,226,234,133,0,0,0,39,147,216,255,255,255,255,255,255,255,249,195,123,34,4,0,78,255,239,255,255,255,242,255,160,0,6,0,0,0,0,1,36,50,53,52,36,18,0,0,0,0,0,0,11,100,68,70,66,55,49,51,0,0,0,0,0,0,0,0,0,0,0,0,0,0,0,0,0,0,0,0,0,0,0,0,0,0,0,0,0,0,0,0,0,0,0,0,0,0,0,0,0,0,0,0,0,0,0,0,0,0,0,0,0,0,0,0,0,0,0,0,0,0,0,0,0,0,0,0,0,0,0,0,0,0,0,0,0,0,0,0,0,0,0,0,0,0,0,0,0,0,0,0,0,0,0,0,0,0,0,0,0,0,0,0,0,0,0,0,0,0,0,0,0,0,0,0,0,0,0,0,0,0,0,0,0,0,0,0,0,0,0,0,0,0,0,0,0,0,0,0,0,6
0,0,0,0,0,0,0,0,0,0,0,0,0,0,0,0,0,0,0,0,0,0,0,0,0,0,0,0,0,0,0,0,0,0,0,0,0,0,0,0,0,0,0,0,0,0,0,0,0,0,0,0,0,0,0,0,0,0,0,0,0,0,0,0,0,0,0,0,0,0,0,0,0,0,0,0,0,0,0,0,0,0,0,0,0,0,0,0,0,0,0,0,0,0,0,0,0,0,0,0,0,0,0,0,0,0,0,0,0,0,0,0,0,0,0,0,0,0,0,0,0,0,0,0,0,1,2,2,7,0,0,0,0,0,4,0,0,0,83,76,0,0,0,0,0,0,0,0,0,0,0,0,0,0,0,0,0,4,2,2,2,0,0,0,41,105,83,43,0,0,0,0,0,0,0,0,0,1,0,1,0,11,122,113,28,0,0,0,0,0,47,174,207,181,0,0,0,0,0,0,0,0,0,0,0,1,0,1,0,0,156,187,167,0,13,23,41,11,137,216,147,1,0,4,0,0,0,0,0,0,0,0,0,0,0,0,4,0,107,168,165,143,170,178,190,189,170,187,167,1,0,1,0,0,0,0,0,0,0,0,0,0,0,0,2,0,41,167,161,137,138,135,144,149,171,187,180,11,0,1,0,0,0,0,0,0,0,0,0,1,0,0,2,0,5,159,165,132,140,143,153,155,172,190,189,0,0,0,0,0,0,0,0,0,0,0,0,0,0,0,2,0,17,155,177,135,144,152,162,155,164,187,190,0,0,0,0,0,0,0,0,0,0,0,0,1,0,1,0,0,86,162,183,134,141,149,165,153,170,184,193,2,0,1,1,0,0,0,0,0,0,0,1,0,0,2,0,43,150,147,177,126,141,149,161,147,162,184,210,16,0,2,0,0,0,0,0,0,0,0,0,0,1,0,11,150,141,155,170,122,144,152,161,147,165,177,183,73,0,0,0,0,0,0,0,0,0,0,0,2,0,2,131,146,135,155,171,135,143,156,161,153,189,168,175,137,0,0,0,0,0,0,0,0,0,1,4,0,0,110,152,140,161,155,158,150,143,152,162,167,162,174,171,186,0,0,0,1,1,2,2,0,0,0,0,0,128,174,140,147,150,140,156,165,170,172,177,175,174,177,170,205,11,0,0,0,0,0,0,0,0,7,32,117,102,8,108,105,126,167,187,190,199,201,204,205,220,192,168,181,26,0,0,8,55,52,71,83,98,123,129,104,68,70,126,152,186,202,211,202,189,187,181,178,186,175,172,177,7,0,0,108,132,123,116,98,70,58,71,110,152,183,192,198,193,189,184,178,186,181,190,172,164,187,178,171,2,0,56,153,156,159,162,162,161,168,177,187,189,189,192,190,192,195,193,220,187,190,180,165,172,183,168,171,0,0,13,80,137,141,164,168,178,192,199,196,196,196,217,210,172,108,56,29,0,147,255,220,234,201,190,225,0,0,0,0,0,0,26,41,58,89,102,113,104,64,37,0,0,0,0,0,0,70,146,99,102,85,64,47,0,0,0,0,0,0,0,0,0,0,0,0,0,0,0,0,0,0,0,0,0,0,0,0,0,0,0,0,0,0,0,0,0,0,0,0,0,0,0,0,0,0,0,0,0,0,0,0,0,0,0,0,0,0,0,0,0,0,0,0,0,0,0,0,0,0,0,0,0,0,0,0,0,0,0,0,0,0,0,0,0,0,0,0,0,0,0,0,0,0,0,0,0,0,0,0,0,0,0,0,0,0,0,0,0,0,0,0,0,0,0,0,0,0,6
0,0,0,0,0,0,0,0,0,0,0,0,0,0,0,0,0,0,0,0,0,0,0,0,0,0,0,0,0,0,0,0,0,0,0,0,0,0,0,0,0,0,0,0,0,0,0,0,0,0,0,0,0,0,0,0,0,0,0,0,0,0,0,0,0,0,0,0,0,0,0,0,0,0,0,0,0,0,0,0,0,0,0,0,0,0,0,0,0,0,0,0,0,0,0,0,0,0,0,0,0,0,0,0,0,0,0,0,0,0,0,0,0,0,0,0,0,0,0,0,0,0,0,0,0,0,0,0,0,0,0,0,0,0,0,0,0,0,0,0,0,0,0,0,0,0,0,0,0,0,0,0,0,1,0,0,34,74,89,58,53,54,69,60,51,78,30,0,0,0,0,0,0,0,0,0,0,0,0,0,1,2,0,24,172,171,118,238,233,215,255,238,198,222,126,0,0,0,0,0,0,0,0,0,0,0,2,0,0,3,0,20,145,166,93,182,210,201,197,196,186,201,82,0,0,0,0,0,0,0,0,0,0,0,2,0,0,0,0,128,145,136,76,213,225,208,207,208,201,226,144,0,0,0,0,0,0,0,0,0,0,0,1,0,0,0,0,216,165,182,90,127,200,198,191,185,174,173,38,0,0,0,0,0,0,0,0,0,0,0,0,0,0,0,11,156,129,121,127,94,78,77,74,82,71,117,33,0,0,0,0,0,0,0,0,0,0,0,0,0,0,0,165,162,143,116,120,127,119,119,118,119,103,139,54,0,0,0,1,0,1,2,0,1,1,0,0,0,0,195,155,130,111,107,113,115,109,112,116,113,100,129,97,0,0,1,2,0,0,0,0,0,0,1,0,64,179,135,117,129,119,118,118,117,111,111,111,115,104,128,108,0,0,0,0,0,0,0,0,1,1,0,4,197,136,128,145,95,120,118,110,113,112,115,118,120,112,120,119,0,0,1,0,0,0,0,0,0,0,15,157,139,148,97,101,117,117,115,121,120,115,113,113,108,111,106,120,23,0,0,0,0,0,0,0,10,67,164,150,107,112,118,127,119,116,121,112,113,109,109,111,103,118,102,126,38,0,48,145,129,108,115,119,145,163,117,121,135,122,121,117,115,111,110,112,110,110,113,108,103,121,99,133,33,0,150,126,118,125,124,127,111,100,111,116,110,112,117,110,115,116,109,110,118,126,129,127,130,136,112,143,39,72,143,120,118,110,108,102,104,113,116,115,109,112,117,111,110,118,130,133,129,122,111,108,111,106,80,110,72,135,132,112,110,125,129,129,122,116,113,108,112,115,117,127,137,133,127,119,82,73,101,110,111,111,102,125,99,67,164,145,135,125,108,106,104,117,121,124,129,130,132,106,116,130,139,48,182,198,122,146,133,134,119,126,110,0,0,24,86,150,163,166,144,134,128,119,113,117,116,150,119,36,0,0,98,187,124,153,150,151,136,147,112,1,0,0,0,0,0,38,74,82,98,98,104,97,85,54,0,0,0,0,0,0,6,3,7,7,5,3,0,0,0,0,0,0,0,0,0,0,0,0,0,0,0,0,0,0,0,0,0,0,0,0,0,0,0,0,0,0,0,0,0,0,0,0,0,0,0,0,0,0,0,0,0,0,0,0,0,0,0,0,0,0,0,0,0,0,0,0,0,0,0,0,0,0,0,0,0,0,0,0,0,0,0,0,0,0,0,0,0,0,0,0,0,0,0,0,0,0,0,0,0,0,0,0,0,0,0,0,0,0,0,0,0,0,0,0,0,0,0,0,0,6
0,0,0,0,0,0,0,0,0,0,0,0,0,0,0,0,0,0,0,0,0,0,0,0,0,0,0,0,0,0,0,0,0,0,0,0,0,0,0,0,0,0,0,0,0,0,0,0,0,0,0,0,0,0,0,0,0,0,0,0,0,0,0,0,0,0,0,0,0,0,0,0,0,0,0,0,0,0,0,0,0,0,0,0,0,0,0,0,0,0,0,0,0,0,0,0,0,0,0,0,0,0,0,0,0,0,0,0,0,0,0,0,0,0,0,0,0,0,0,0,0,0,0,0,0,0,0,0,0,0,0,0,0,0,0,0,0,0,0,0,0,0,0,0,0,0,0,0,0,0,0,0,0,0,3,0,0,219,175,123,64,0,0,0,0,0,0,0,0,0,0,0,0,0,0,0,0,0,0,0,0,0,4,0,0,245,201,215,255,255,3,0,29,34,90,115,0,0,0,0,0,0,0,0,0,0,0,0,0,0,3,0,18,237,202,212,220,236,233,236,229,227,225,103,0,0,0,0,0,0,0,0,0,0,0,0,0,2,0,0,118,221,207,212,216,198,227,233,218,194,190,1,0,0,0,0,0,0,0,0,0,0,0,0,0,1,0,0,218,216,216,224,220,223,225,234,217,195,217,0,0,0,0,0,0,0,0,0,0,0,0,0,3,0,0,157,194,210,222,235,240,220,231,230,208,211,173,0,0,0,0,0,0,0,0,0,0,1,0,6,0,0,99,226,189,209,167,193,199,242,251,224,195,219,167,0,0,0,0,0,0,0,0,0,0,7,7,0,0,117,222,189,231,184,187,236,168,180,238,210,199,218,189,0,0,0,1,1,1,1,4,6,8,0,0,23,178,161,145,209,224,207,205,201,191,191,216,213,215,207,192,1,0,4,0,0,0,0,0,0,0,0,138,208,57,54,201,213,210,227,253,201,187,229,220,210,212,184,192,79,0,0,0,0,0,0,22,103,145,216,113,0,42,215,226,212,212,212,228,246,238,224,191,182,189,173,192,138,0,63,163,190,220,227,225,188,155,130,75,129,216,209,223,220,222,241,234,227,216,211,197,204,198,166,180,142,0,197,208,119,59,61,11,73,142,182,245,252,221,196,205,224,228,243,243,232,232,244,247,253,220,184,186,119,118,210,218,224,191,193,194,214,186,185,206,208,228,235,232,244,234,220,200,197,201,201,202,208,183,183,202,81,124,217,207,208,222,222,226,228,225,235,238,248,241,226,221,197,200,204,215,217,216,214,210,201,196,193,207,159,0,22,114,201,206,222,214,210,209,209,204,203,196,204,211,219,255,253,231,241,206,206,200,205,208,203,203,191,0,0,0,0,27,150,131,247,227,236,254,253,253,246,228,112,55,29,0,116,255,238,255,245,254,253,238,203,0,3,0,0,0,0,0,0,0,26,45,36,44,20,1,0,0,0,0,0,71,22,45,27,32,31,10,0,0,0,0,0,0,0,0,0,0,0,0,0,0,0,0,0,0,0,0,0,0,0,0,0,0,0,0,0,0,0,0,0,0,0,0,0,0,0,0,0,0,0,0,0,0,0,0,0,0,0,0,0,0,0,0,0,0,0,0,0,0,0,0,0,0,0,0,0,0,0,0,0,0,0,0,0,0,0,0,0,0,0,0,0,0,0,0,0,0,0,0,0,0,0,0,0,0,0,0,0,0,0,0,0,0,0,0,0,0,0,0,0,0,0,0,0,0,0,0,0,0,0,0,0,0,0,0,0,0,0,0,0,0,0,0,0,0,0,0,0,6
0,0,0,0,0,0,0,0,0,0,0,0,0,0,0,0,0,0,0,0,0,0,0,0,0,0,0,0,0,0,0,0,0,0,0,0,0,0,0,0,0,0,0,0,0,0,0,0,0,0,0,0,0,0,0,0,0,0,0,0,0,0,0,0,0,0,0,0,0,0,0,0,0,0,0,0,0,0,0,0,0,0,0,0,0,0,0,0,0,0,0,0,0,0,0,0,0,0,0,0,0,0,0,0,0,0,0,0,0,0,0,0,0,0,0,0,0,0,0,0,0,0,0,0,1,0,0,0,51,101,0,0,0,1,0,0,1,0,0,0,0,0,0,0,0,0,0,0,0,0,1,0,0,1,0,15,133,207,0,0,0,0,0,0,0,0,0,0,0,0,0,0,0,0,0,0,0,0,1,1,1,0,0,55,161,174,0,0,0,1,0,1,1,0,1,0,0,0,0,0,0,0,0,0,0,2,1,1,0,0,57,155,173,199,73,0,7,0,1,2,1,2,3,0,0,0,0,0,0,0,0,0,0,1,0,0,0,0,126,206,208,217,179,0,0,0,2,0,3,0,0,0,0,0,0,0,0,0,0,0,0,1,1,1,0,27,178,186,204,200,167,175,51,0,0,0,0,24,24,0,0,0,0,0,0,0,0,0,0,0,0,0,0,104,198,215,209,211,149,171,182,122,19,0,20,255,145,0,0,0,1,0,0,0,0,0,0,2,0,0,55,101,146,175,199,185,149,156,153,182,198,154,184,150,108,0,0,0,1,1,0,1,0,0,0,4,0,80,194,109,117,145,167,192,147,155,157,152,151,168,136,151,124,0,1,1,0,0,0,0,0,1,0,2,0,104,209,190,193,203,224,176,142,151,160,160,161,158,162,155,113,0,0,1,0,1,1,0,1,0,0,0,0,133,198,190,200,211,234,141,140,145,152,155,151,147,157,175,186,0,0,0,1,2,1,0,0,0,0,9,4,133,211,236,224,187,154,129,150,157,166,186,199,206,218,210,198,15,2,0,0,0,0,0,0,34,94,101,172,170,183,137,144,194,158,197,200,218,221,218,205,179,164,164,224,72,0,0,13,0,2,47,98,140,176,182,170,175,136,112,189,207,213,207,218,205,171,156,157,182,220,210,228,115,0,88,128,67,28,71,192,196,166,164,144,132,120,143,206,219,213,208,167,137,153,200,210,204,205,190,205,160,27,167,157,161,164,143,141,163,187,122,150,170,177,174,151,194,214,157,145,179,208,206,197,189,184,183,187,189,9,128,167,179,172,158,157,155,183,149,145,157,165,163,151,150,153,137,172,225,216,207,209,215,218,249,245,205,0,8,34,88,146,185,218,219,187,203,204,179,181,183,175,163,167,177,206,226,206,197,177,152,123,89,56,0,0,1,3,0,0,14,35,70,99,122,110,82,67,61,48,32,24,19,9,0,0,0,0,0,0,0,1,18,0,0,0,0,3,2,0,0,0,0,0,1,3,6,8,8,14,17,19,17,22,27,32,36,35,32,30,11,0,0,0,0,0,0,0,0,0,0,0,0,0,0,0,0,0,0,0,0,0,0,0,0,0,0,0,0,0,0,0,0,0,0,0,0,0,0,0,0,0,0,0,0,0,0,0,0,0,0,0,0,0,0,0,0,0,0,0,0,0,0,0,0,0,0,0,0,0,0,0,0,0,0,0,0,0,0,0,0,0,0,0,0,0,0,0,0,0,0,0,0,0,0,0,0,0,0,0,0,0,0,0,0,0,0,0,0,0,0,0,0,6
0,0,0,0,0,0,0,0,0,0,0,0,0,0,0,0,0,0,0,0,0,0,0,0,0,0,0,0,0,0,0,0,0,0,0,0,0,0,0,0,0,0,0,0,0,0,0,0,0,0,0,0,0,0,0,0,0,0,0,0,0,0,0,0,0,0,0,0,0,0,0,0,0,0,0,0,0,0,0,0,0,0,0,0,0,0,0,0,0,0,0,0,0,0,0,0,0,0,0,0,0,0,0,0,0,0,0,0,0,0,0,0,0,0,0,0,0,0,0,0,0,0,0,0,0,12,53,86,65,63,68,65,61,42,28,28,39,1,0,1,0,0,0,0,0,0,0,0,0,0,2,0,13,104,86,103,91,79,94,74,83,82,78,99,134,80,0,1,0,0,0,0,0,0,0,0,1,1,3,0,65,131,80,82,116,89,137,85,138,120,113,140,95,127,16,0,0,0,0,0,0,0,0,0,1,2,1,0,125,118,122,125,149,118,157,103,150,123,101,139,89,124,74,0,0,0,0,0,0,0,0,0,0,1,0,37,147,122,138,118,138,128,157,102,155,128,92,132,97,88,124,5,0,0,0,0,0,0,0,0,2,0,0,102,117,139,129,142,123,127,149,96,150,125,106,151,136,100,149,10,0,0,0,0,0,0,0,0,1,0,24,146,106,165,113,163,117,145,143,119,167,140,132,158,141,124,135,0,0,0,0,0,0,0,0,0,0,0,92,145,119,179,93,189,117,152,155,126,172,133,125,153,136,126,143,0,0,0,1,0,0,0,0,0,0,0,133,90,176,141,111,182,116,170,150,126,170,137,126,162,133,119,141,7,1,1,0,0,1,1,1,0,0,26,111,87,119,67,111,136,76,148,107,100,162,114,110,149,120,110,146,7,1,0,1,2,1,0,0,0,25,83,119,140,144,167,157,148,165,139,142,133,129,128,123,118,126,111,122,5,1,1,0,0,0,16,33,65,70,54,59,61,76,82,99,126,160,178,169,173,163,158,144,125,127,118,97,0,2,0,0,21,60,64,74,74,77,77,74,80,63,59,59,72,65,76,79,102,120,117,114,109,102,89,83,0,1,0,33,83,78,74,77,81,74,80,86,83,85,91,90,101,103,93,109,111,115,119,116,105,92,104,110,5,0,15,82,73,84,83,98,95,91,88,93,97,99,102,104,110,105,122,125,103,110,114,112,118,130,134,114,10,0,41,66,81,93,102,102,103,113,106,111,111,112,108,112,117,126,113,126,121,111,129,142,135,114,93,104,13,11,138,106,88,79,87,84,105,98,118,123,141,122,134,131,123,130,135,130,123,146,151,133,125,121,128,115,14,154,191,172,180,187,173,162,158,144,133,117,117,119,123,123,127,132,118,120,127,127,111,111,111,109,84,93,0,119,192,188,195,194,193,193,200,214,210,211,215,214,201,181,163,148,144,147,157,151,153,158,162,171,167,195,23,0,53,156,208,217,232,233,228,224,222,226,232,237,255,255,255,255,255,255,255,254,248,240,240,210,203,255,76,0,0,0,0,20,31,70,103,120,135,145,141,125,111,103,93,72,93,103,102,114,145,167,178,186,170,120,0,0,0,0,0,0,0,0,0,0,0,0,0,0,0,0,0,0,0,0,0,0,0,0,0,0,0,0,0,0,0,0,0,0,0,0,0,0,0,0,0,0,0,0,0,0,0,0,0,0,0,0,0,0,0,0,0,0,0,0,0,0,0,0,0,0,0,0,0,0,0,0,0,0,0,0,0,0,0,0,0,0,0,0,0,6
0,0,0,0,0,0,0,0,0,4,0,30,145,157,177,177,186,190,195,183,154,129,137,80,0,0,0,0,0,0,0,0,0,0,0,0,0,7,0,96,255,242,255,255,255,255,253,252,255,252,253,178,0,0,0,0,0,0,0,0,0,0,0,0,0,2,0,69,245,228,230,233,232,235,238,252,245,179,162,73,0,0,0,0,0,0,0,0,0,0,0,0,0,2,0,71,246,231,238,239,241,252,241,191,128,124,187,94,0,0,0,0,0,0,0,0,0,0,0,0,0,3,0,49,246,230,236,254,248,195,146,135,156,151,171,57,0,3,0,0,0,0,0,0,0,0,0,0,0,6,0,26,239,237,253,197,147,129,136,149,145,137,169,48,0,3,0,0,0,0,0,0,0,0,0,0,0,5,0,21,244,228,131,124,145,140,135,144,140,134,166,37,0,3,0,0,0,0,0,0,0,0,0,0,0,5,0,38,220,92,132,149,128,139,148,144,142,126,173,31,0,0,0,0,0,0,0,0,0,0,0,0,0,2,0,12,131,123,145,131,135,150,149,148,134,123,168,44,0,0,0,0,0,0,0,0,0,0,0,0,0,2,0,0,144,143,148,147,144,149,143,140,128,132,145,134,0,0,0,0,0,0,0,0,0,0,0,0,0,2,0,0,143,151,156,158,151,159,147,140,135,138,142,255,0,0,0,0,0,0,0,0,0,0,0,0,0,4,0,8,158,144,145,143,139,141,132,135,140,134,167,254,87,0,0,0,0,0,0,0,0,0,0,0,0,5,0,61,190,119,139,133,129,129,127,131,137,123,210,248,244,0,0,0,0,0,0,0,0,0,0,0,0,3,0,111,252,122,133,137,134,135,139,144,135,134,252,237,255,60,0,0,0,0,0,0,0,0,0,0,0,0,0,180,241,204,137,156,147,140,145,144,109,147,255,234,255,128,0,0,0,0,0,0,0,0,0,0,2,0,0,242,222,247,195,135,160,150,140,134,94,180,255,220,255,136,0,0,0,0,0,0,0,0,0,0,2,0,42,252,215,223,247,168,129,158,143,137,111,229,244,225,255,103,0,0,0,0,0,0,0,0,0,0,1,0,103,251,210,218,232,237,141,138,154,131,141,255,246,234,255,84,0,0,0,0,0,0,0,0,0,0,0,0,183,246,216,224,222,243,223,131,145,122,235,197,244,235,255,64,0,0,0,0,0,0,0,0,0,2,0,6,247,223,219,226,222,225,246,187,110,193,76,0,255,234,255,42,0,0,0,0,0,0,0,4,4,0,0,145,245,204,225,226,217,219,229,233,223,104,0,0,255,234,255,34,0,0,0,0,0,2,1,0,0,0,56,247,212,213,217,217,217,216,217,235,199,0,0,0,255,235,255,38,0,0,0,0,0,0,0,0,26,146,207,194,228,243,230,230,231,217,227,252,0,0,0,0,255,234,255,38,0,0,0,0,0,33,187,237,231,255,61,82,115,156,189,202,231,222,255,85,0,2,0,0,232,237,255,34,0,0,0,0,80,234,238,224,230,189,75,119,116,126,127,128,124,142,159,0,0,1,0,0,230,237,241,37,0,0,0,0,155,255,230,230,235,159,93,126,135,147,143,150,131,205,49,0,2,2,0,0,228,235,243,43,0,0,0,0,0,156,248,255,255,207,142,150,148,146,139,147,200,139,0,0,0,5,0,5,240,250,255,46,0,0,0,0,0,0,0,0,55,95,115,143,155,157,163,141,73,0,0,1,0,1,0,0,107,82,37,0,0,0,6
0,0,0,0,0,0,0,0,0,0,0,0,0,0,0,0,0,0,0,0,0,0,0,0,0,0,0,0,0,0,0,0,0,0,0,0,0,0,0,0,0,0,0,0,0,0,0,0,0,0,0,0,0,0,0,0,0,0,0,0,0,0,0,0,0,0,0,0,0,0,0,0,0,0,0,0,0,0,0,0,0,0,0,0,0,0,0,0,0,0,0,0,0,0,1,0,0,0,0,0,0,0,5,10,0,22,44,0,2,1,0,0,0,0,0,0,0,0,0,0,0,0,0,0,0,1,1,1,1,0,4,1,10,161,167,42,0,2,0,0,0,0,0,0,0,0,0,0,0,0,1,1,0,0,0,0,0,2,2,0,148,184,156,31,0,2,0,0,0,0,0,0,0,0,0,0,0,0,0,1,0,1,0,0,1,0,0,156,184,161,32,0,0,1,0,0,0,0,0,0,0,0,0,0,0,0,0,1,4,2,0,0,0,0,127,187,167,57,0,2,1,0,0,0,0,0,0,0,0,0,0,0,0,1,1,2,1,0,0,0,0,117,217,176,97,0,0,1,2,2,4,1,0,0,0,0,0,0,0,0,0,0,0,0,18,54,55,148,130,170,159,166,4,0,1,0,2,0,0,0,0,0,0,0,0,0,0,0,0,1,0,95,144,159,141,229,180,212,203,242,31,0,2,0,0,67,193,54,0,0,0,0,0,0,0,0,0,2,0,154,183,140,68,37,34,200,210,210,138,0,0,91,214,189,193,40,0,0,0,0,1,1,1,0,0,2,0,0,0,0,0,0,0,1,201,190,186,67,219,230,160,130,117,22,0,0,1,1,2,1,0,1,2,2,1,0,0,2,2,0,0,0,106,203,187,255,170,107,118,141,144,12,0,0,0,1,1,0,1,0,0,0,1,4,1,1,2,0,0,0,21,216,216,140,118,154,128,131,147,2,1,0,1,2,1,1,0,0,37,5,0,0,2,2,2,2,0,11,227,227,117,130,136,130,154,148,133,5,1,0,0,0,0,0,5,121,161,167,113,2,0,1,4,0,0,189,197,113,128,131,164,170,100,75,95,18,2,1,2,1,0,67,137,161,130,144,174,180,51,0,1,0,164,220,107,133,146,169,146,80,68,91,104,15,1,1,2,0,75,166,153,194,150,161,151,174,220,95,0,121,230,111,131,166,148,85,55,87,93,91,100,4,0,0,0,0,133,159,141,253,47,184,204,176,193,219,144,227,126,134,176,138,71,78,91,91,87,91,97,1,73,177,126,74,174,171,154,250,8,0,204,189,180,193,233,118,126,170,106,60,84,88,97,94,91,97,95,0,21,137,179,203,203,197,184,193,113,65,164,190,200,190,133,138,163,85,74,94,90,94,87,77,91,88,88,0,12,74,40,60,80,131,146,180,201,209,222,201,174,148,141,117,64,77,101,94,90,85,103,97,84,94,103,0,11,81,103,100,70,75,60,54,80,85,100,98,87,87,61,58,81,84,87,88,85,78,64,68,64,73,103,0,0,0,14,31,77,94,107,114,107,98,95,97,104,101,118,120,150,133,121,130,117,130,141,148,147,164,90,0,1,0,0,0,0,0,1,27,45,57,58,67,71,64,60,45,41,30,18,12,5,18,58,54,44,55,14,0,0,0,0,0,0,0,0,0,0,0,0,0,0,0,0,0,0,0,0,0,0,0,0,0,0,0,0,0,0,0,0,0,0,0,0,0,0,0,0,0,0,0,0,0,0,0,0,0,0,0,0,0,0,0,0,0,6
0,0,0,0,0,0,0,0,0,0,0,0,0,0,0,0,0,0,0,0,0,0,0,0,0,0,0,0,0,0,0,0,0,0,0,0,0,0,0,0,0,0,0,0,0,0,0,0,0,0,0,0,0,0,0,0,0,0,0,0,0,0,0,0,0,0,0,0,0,0,0,0,0,0,0,0,0,0,0,0,0,0,0,0,0,0,0,0,0,0,0,0,0,0,0,0,0,0,0,0,0,0,0,0,0,0,0,0,0,0,0,0,0,0,0,0,0,0,0,0,0,0,0,0,0,0,2,0,22,112,0,0,0,1,1,0,0,1,0,0,0,0,0,0,0,0,0,0,0,0,0,0,0,4,0,0,117,184,82,0,0,0,0,0,2,5,1,0,0,0,0,0,0,0,0,0,0,0,1,0,2,0,33,166,139,135,179,66,0,0,0,0,0,0,0,0,0,0,0,0,0,0,0,0,0,0,0,0,0,35,154,151,135,151,183,209,155,170,139,129,142,113,0,0,0,0,0,0,0,0,0,0,0,0,2,0,0,122,137,135,152,155,184,231,225,205,203,212,216,187,3,0,0,0,0,0,0,0,0,0,0,1,0,0,60,116,115,149,174,180,196,224,216,221,214,203,187,192,134,0,0,0,0,0,0,0,0,0,0,0,0,77,144,103,133,152,155,156,165,221,214,205,214,211,189,212,137,0,0,0,0,0,0,0,0,0,0,1,106,93,120,191,101,129,158,151,146,173,197,196,188,174,148,166,72,0,0,0,0,0,1,0,0,6,0,22,128,91,78,181,252,113,133,150,194,167,153,156,148,147,146,166,164,0,4,0,0,0,1,3,4,0,7,139,124,106,135,95,201,253,184,202,178,171,181,185,192,190,177,170,189,17,0,0,2,0,0,0,0,28,133,132,150,114,125,114,100,209,209,170,185,188,184,184,182,171,155,153,186,78,0,0,0,0,1,27,68,118,117,114,175,151,159,174,198,184,179,195,182,174,158,138,137,150,150,153,170,101,0,0,38,93,98,116,124,100,111,137,132,162,255,237,194,183,155,167,162,160,163,147,133,147,150,152,158,109,0,17,120,120,109,114,119,113,116,118,137,144,161,172,166,168,151,133,154,154,165,162,153,162,157,164,154,115,0,45,109,98,102,113,124,114,116,116,122,127,130,147,155,168,170,152,150,154,155,154,149,145,138,166,133,99,0,97,144,125,128,118,111,112,124,143,148,159,166,155,145,151,162,162,158,162,158,157,167,160,162,156,155,93,26,81,105,150,167,166,164,171,171,174,174,172,183,186,183,183,190,191,195,192,190,185,182,179,176,153,171,58,70,105,75,52,62,82,101,122,125,142,133,131,144,150,141,133,133,128,120,102,98,99,82,85,81,79,100,69,27,148,149,144,128,124,104,81,82,63,71,63,71,80,113,135,149,149,149,133,140,148,155,162,165,153,157,112,0,0,21,89,143,178,194,198,210,226,190,218,220,226,108,76,56,23,88,242,178,212,200,204,203,185,182,114,0,0,0,0,0,0,0,1,11,30,6,24,22,22,0,0,0,0,0,110,59,91,71,113,99,94,98,38,0,0,0,0,0,0,0,0,0,0,0,0,0,0,0,0,0,0,0,0,0,0,0,0,0,0,0,0,0,0,0,0,0,0,0,0,0,0,0,0,0,0,0,0,0,0,0,0,0,0,0,0,0,0,0,0,0,0,0,0,0,0,0,0,0,0,0,0,0,0,0,0,0,0,0,0,0,0,0,0,0,0,0,0,6
0,0,0,0,0,0,0,0,0,0,0,0,0,0,0,0,0,0,0,0,0,0,0,0,0,0,0,0,0,0,0,0,0,0,0,0,0,0,0,0,0,0,0,0,0,0,0,0,0,0,0,0,0,0,0,0,0,0,0,0,0,0,0,0,0,0,0,0,0,0,0,0,0,0,0,0,0,0,0,0,0,0,0,0,0,0,0,0,0,0,0,0,0,0,2,0,17,196,210,213,208,194,174,169,145,113,92,0,0,3,0,0,0,0,0,0,0,0,0,0,0,1,3,0,6,215,215,205,201,202,201,213,210,205,238,196,0,0,1,0,0,0,0,0,0,0,0,0,0,0,4,0,0,201,230,224,206,199,198,196,184,170,159,211,94,0,6,0,0,0,0,0,0,0,0,0,0,0,1,0,0,109,110,119,156,196,216,243,255,255,216,224,83,0,10,0,0,0,0,0,0,0,0,0,0,0,0,0,0,0,0,0,0,0,0,0,14,20,97,250,156,0,1,0,0,0,0,0,0,0,0,0,0,0,0,0,1,9,8,6,4,0,0,0,0,0,169,231,225,7,0,3,0,0,0,0,0,0,0,0,0,0,0,0,1,2,0,0,0,0,0,0,15,255,238,222,189,0,0,2,0,0,0,0,0,0,0,0,0,0,0,2,0,0,0,0,0,0,0,78,234,230,224,220,34,0,2,0,0,0,0,0,0,0,0,0,0,0,3,0,0,165,164,0,0,0,127,246,217,222,221,26,0,8,0,0,0,0,0,0,0,0,0,1,0,3,0,0,119,165,167,181,13,147,245,206,227,219,16,0,5,0,0,0,0,0,0,0,0,0,0,0,3,0,0,100,191,163,182,224,239,233,207,231,255,5,0,2,1,5,7,5,0,0,0,0,0,0,1,3,0,0,132,189,144,184,219,229,237,233,223,203,0,0,0,0,0,0,0,0,1,0,0,0,0,5,0,0,45,179,175,145,166,217,227,235,230,232,255,53,0,0,0,1,21,44,86,27,2,0,0,5,5,0,0,122,196,154,156,198,217,224,237,239,242,236,206,255,166,82,143,196,192,222,230,82,0,2,5,0,0,51,177,184,111,135,203,226,226,229,235,245,223,201,212,215,238,232,235,236,241,230,211,29,0,0,0,41,169,190,134,111,168,196,212,223,233,243,233,205,203,221,239,254,253,250,252,246,230,226,204,20,0,0,4,177,141,108,147,191,203,215,220,235,243,226,217,219,250,255,255,194,116,66,29,185,244,227,230,20,154,69,161,224,201,220,232,219,219,223,229,242,228,232,217,253,248,112,0,0,0,0,0,118,233,225,223,5,173,204,193,221,225,224,229,236,233,230,240,236,222,199,235,165,0,0,0,0,0,24,162,252,226,222,178,0,3,169,223,211,210,217,218,227,234,238,226,201,193,189,223,206,120,131,131,157,211,248,231,222,225,211,61,0,0,0,138,243,255,252,237,230,230,228,217,205,204,211,220,244,255,239,241,240,234,229,229,241,219,101,0,0,2,0,0,0,60,120,178,194,207,208,200,192,191,182,182,171,152,152,149,147,154,166,175,137,26,0,0,1,0,0,0,0,0,0,0,0,0,0,0,0,0,0,0,0,0,0,0,0,0,0,0,0,0,0,0,0,0,0,0,0,0,0,0,0,0,0,0,0,0,0,0,0,0,0,0,0,0,0,0,0,0,0,0,0,0,0,0,0,0,0,0,0,0,0,0,0,0,0,0,0,0,0,0,0,0,0,0,0,0,0,0,0,6
0,0,0,0,0,0,0,0,0,0,0,0,0,0,0,0,0,0,0,0,0,0,0,0,0,0,0,0,0,0,0,0,0,0,0,0,0,0,0,0,0,0,0,0,0,0,0,0,0,0,0,0,0,0,0,0,0,0,0,0,0,0,0,0,0,0,0,0,0,0,0,0,0,0,3,26,0,0,0,0,0,0,0,2,0,0,0,0,0,0,0,0,0,0,0,0,0,0,1,130,151,169,222,245,218,193,134,78,19,7,214,121,0,0,0,0,0,0,0,0,0,0,0,0,1,0,1,198,221,224,216,209,214,212,215,220,213,231,159,0,0,0,0,0,0,0,0,0,0,0,0,0,2,0,0,182,198,202,202,205,195,197,197,196,220,117,121,0,0,0,0,0,0,0,0,0,0,0,0,0,2,0,0,198,202,202,207,205,204,204,195,201,207,0,196,7,0,0,0,0,0,0,0,0,0,0,0,0,3,0,12,232,206,214,210,210,210,205,207,219,202,0,187,0,0,0,0,0,0,0,0,0,0,0,0,0,4,0,42,200,201,208,209,207,205,204,198,213,187,0,144,0,0,0,0,0,0,0,0,0,0,0,0,0,5,0,72,205,199,211,208,206,205,204,194,213,190,0,188,54,0,0,0,0,0,0,0,0,0,0,0,0,0,0,97,209,200,210,208,206,204,202,199,213,204,0,91,0,0,0,0,0,0,0,0,0,0,1,0,0,1,0,108,212,199,208,208,206,204,204,199,202,234,15,109,0,0,0,0,0,0,0,0,0,1,2,0,1,0,0,182,202,202,209,206,204,201,199,202,185,210,116,142,15,0,0,0,0,0,0,0,0,0,1,0,5,0,23,239,197,200,206,201,200,198,197,196,186,201,173,0,0,0,0,0,0,0,0,0,0,0,0,0,1,0,126,193,206,206,208,202,202,201,201,201,191,180,232,28,0,0,0,0,0,0,0,0,0,0,0,2,0,4,204,185,205,205,200,201,201,201,202,202,188,178,191,124,0,0,0,0,0,2,0,0,0,0,7,0,0,129,200,193,212,206,206,204,204,201,198,195,195,185,185,189,0,0,0,0,0,0,0,0,0,3,0,1,142,201,185,196,210,202,206,206,204,201,200,202,204,196,194,209,0,0,0,0,0,2,4,6,0,0,24,173,174,178,192,200,214,206,205,204,201,200,201,196,198,195,193,213,0,0,2,1,0,0,0,0,0,37,192,188,179,185,189,193,209,200,200,201,189,190,199,200,207,201,197,207,0,1,0,0,0,7,38,44,113,198,170,167,186,192,187,186,204,207,197,195,230,234,210,204,204,195,189,202,0,0,40,121,127,164,158,170,183,147,156,175,196,198,188,200,189,197,204,248,163,34,206,201,186,186,184,206,9,52,187,165,162,158,163,163,157,176,191,187,186,195,195,187,190,205,208,36,0,0,221,197,194,194,191,212,18,77,186,198,209,197,180,188,183,184,193,183,184,194,186,195,237,154,0,0,0,0,222,189,192,191,188,188,33,0,6,80,162,208,219,236,237,228,213,207,210,205,219,204,53,0,0,4,0,0,255,212,211,207,201,248,59,0,0,0,0,0,1,37,58,89,123,149,156,144,81,0,0,0,0,0,0,0,90,80,58,54,46,39,0,0,0,0,0,0,0,0,0,0,0,0,0,0,0,0,0,0,0,0,0,0,0,0,0,0,0,0,0,0,0,0,0,0,0,0,0,0,0,0,0,0,0,0,0,0,0,0,0,0,0,0,0,0,0,0,0,6
0,0,0,0,0,0,0,0,0,0,0,0,0,0,0,0,22,38,46,43,36,6,0,0,0,0,0,0,0,0,0,0,0,0,0,0,0,0,0,4,0,81,213,186,232,224,234,244,245,244,195,223,45,0,3,0,0,0,0,0,0,0,0,0,0,0,0,6,0,87,205,187,192,190,197,199,202,204,207,232,77,0,6,0,0,0,0,0,0,0,0,0,0,0,0,5,0,55,180,176,197,190,204,209,203,203,206,206,32,0,1,0,0,0,0,0,0,0,0,0,0,0,0,5,0,41,215,186,212,206,215,200,199,219,208,205,34,0,1,0,0,0,0,0,0,0,0,0,0,0,0,4,0,15,206,182,198,204,207,195,200,210,207,237,36,0,1,0,0,0,0,0,0,0,0,0,0,0,0,4,0,18,202,157,191,206,204,199,212,206,204,250,45,0,2,0,0,0,0,0,0,0,0,0,0,0,0,2,0,22,222,160,189,193,204,201,212,212,202,220,49,0,1,0,0,0,0,0,0,0,0,0,0,0,0,1,0,42,230,168,173,198,207,202,208,214,202,215,103,0,0,0,0,0,0,0,0,0,0,0,0,0,0,0,0,97,196,142,202,208,210,215,222,223,191,204,189,0,0,0,0,0,0,0,0,0,0,0,0,0,0,0,0,147,175,191,212,196,210,218,209,193,194,196,244,14,0,0,0,0,0,0,0,0,0,0,0,0,3,0,12,198,185,208,186,212,220,207,201,178,183,201,201,130,0,0,0,0,0,0,0,0,0,0,0,0,0,0,69,216,167,178,210,227,208,208,203,172,177,186,187,209,0,0,0,0,0,0,0,0,0,0,0,0,0,0,122,191,164,203,215,196,199,197,176,172,189,190,193,241,54,0,0,0,0,0,0,0,0,0,0,0,0,0,170,177,206,212,198,179,178,162,168,189,192,191,195,200,96,0,0,0,0,0,0,0,0,0,0,3,0,25,195,174,213,183,182,185,171,171,181,190,196,199,198,247,73,0,0,0,0,0,0,0,0,0,0,0,0,91,195,168,176,158,165,159,161,183,188,197,198,205,208,167,0,0,0,0,0,0,0,0,0,0,0,0,0,159,188,166,168,171,184,185,180,196,202,209,224,189,184,23,0,0,0,0,0,0,0,0,0,0,3,0,19,204,167,175,187,177,179,191,204,201,240,193,80,189,185,0,0,0,0,0,0,0,0,0,0,0,0,0,99,196,152,168,189,181,179,213,199,213,180,0,0,186,134,0,2,0,0,0,0,0,0,0,0,3,0,0,178,159,151,171,173,173,190,203,207,200,0,0,0,215,88,0,3,0,0,0,0,0,1,3,0,0,0,119,171,139,163,165,174,190,205,200,227,0,0,0,0,160,81,0,2,0,0,1,3,0,0,0,0,28,147,184,136,159,156,171,185,192,195,214,72,0,5,0,0,157,81,0,2,0,0,0,0,0,0,67,147,170,150,142,134,151,165,191,197,193,205,212,0,0,0,0,0,152,78,0,2,0,0,0,5,95,141,170,172,160,152,148,160,182,190,187,201,203,216,71,0,1,0,4,0,146,80,0,2,0,0,90,197,202,192,185,191,186,175,176,192,200,189,196,191,214,178,0,0,1,0,11,0,147,90,0,6,0,0,60,170,182,189,191,202,245,249,250,246,242,240,218,255,198,0,0,0,0,0,10,0,141,122,0,6,0,0,0,0,0,0,0,2,22,35,47,57,78,100,90,49,0,0,0,0,0,0,4,0,53,30,0,2,0,6
0,0,0,0,0,0,0,0,0,0,0,0,0,0,0,0,0,5,0,0,0,1,3,2,1,0,0,0,0,0,0,0,0,0,0,0,0,0,0,0,0,0,1,2,0,0,6,87,25,0,0,0,0,1,0,0,0,0,0,0,0,0,0,0,0,0,0,0,0,6,0,0,0,0,101,227,176,64,51,9,0,0,0,0,0,0,0,0,0,0,0,0,0,0,0,0,0,0,0,44,140,220,163,225,178,199,230,197,165,46,0,0,0,0,0,0,0,0,0,0,0,0,0,3,0,42,154,199,220,223,158,222,155,171,217,197,201,64,0,0,0,0,0,0,0,0,0,0,0,0,0,5,0,76,204,196,200,220,137,221,163,166,214,202,189,38,0,0,0,0,0,0,0,0,0,0,0,0,0,4,0,0,183,157,113,232,126,245,189,153,230,197,195,42,0,0,0,0,0,0,0,0,0,0,0,0,0,3,0,0,213,182,152,237,131,166,139,140,227,196,192,29,0,0,0,0,0,0,0,0,0,0,0,0,0,2,0,0,195,220,226,234,129,221,160,125,231,202,201,1,0,0,0,0,0,0,0,0,0,0,0,0,0,2,0,0,148,189,211,245,134,174,136,183,209,193,197,0,0,0,0,0,0,0,0,0,0,0,0,0,0,0,0,0,10,175,198,218,255,93,129,250,188,187,193,0,0,0,0,0,0,0,0,0,0,0,0,0,0,0,1,0,88,218,185,89,207,155,161,255,41,136,193,0,0,0,0,0,0,0,0,0,0,0,0,0,0,0,1,0,49,214,207,67,190,162,138,255,136,201,163,0,0,0,0,0,0,0,0,0,0,0,0,0,0,0,2,0,35,192,190,224,216,155,106,229,203,196,157,0,0,0,0,0,0,0,0,0,0,0,0,0,0,0,2,0,25,192,161,203,219,171,135,254,196,191,154,0,0,0,0,0,0,0,0,0,0,0,0,0,0,0,1,0,57,216,187,212,243,168,137,255,195,190,156,0,0,0,0,0,0,0,0,0,0,0,0,0,0,0,0,0,117,210,220,223,245,154,134,255,194,189,163,0,0,0,0,0,0,0,0,0,0,0,0,3,0,0,0,4,189,187,150,132,241,148,137,255,199,178,194,0,0,0,0,0,0,0,0,0,0,0,0,0,2,0,0,151,164,218,128,109,255,126,154,242,179,166,227,61,0,0,0,0,0,1,3,2,1,0,0,1,0,0,116,219,171,192,224,208,241,123,128,177,176,203,199,143,0,0,0,0,1,0,0,0,0,0,0,0,0,118,196,106,188,173,180,162,187,132,131,235,220,217,201,197,0,0,0,1,0,0,18,0,0,0,0,0,123,188,1,38,191,219,218,227,248,152,130,255,231,230,210,213,19,0,0,0,25,142,168,214,158,125,142,189,171,80,25,161,179,187,171,185,246,171,154,253,221,231,219,232,27,0,0,0,148,183,104,116,156,155,135,86,78,129,141,169,183,204,225,195,225,146,129,203,189,200,203,234,50,0,0,73,130,155,171,134,111,110,111,137,190,166,184,212,219,212,202,186,203,145,171,206,179,165,148,162,56,0,0,6,116,127,138,163,187,204,218,224,218,212,211,205,187,184,181,182,155,135,135,124,116,117,117,152,65,0,0,0,0,41,112,138,135,124,130,142,160,169,163,157,168,156,125,43,125,145,124,143,143,140,143,177,93,0,0,0,0,0,0,0,38,64,99,113,125,132,130,103,37,2,0,0,91,128,93,90,83,76,68,51,0,0,6
0,0,0,0,0,0,0,0,0,0,0,0,0,0,0,0,0,0,0,0,0,0,0,0,0,0,0,0,0,0,0,0,0,0,0,0,0,1,0,0,1,30,0,0,0,0,0,0,0,0,0,0,0,0,0,0,0,0,0,0,0,0,0,0,0,1,3,0,154,150,124,52,0,0,0,0,0,3,0,0,0,1,0,0,0,0,0,0,0,0,0,0,0,3,0,37,158,154,154,194,148,105,23,18,134,192,176,79,20,0,1,0,0,0,0,0,0,0,0,0,0,2,0,54,173,168,169,151,174,192,176,168,196,216,220,142,192,0,0,2,0,0,0,0,0,0,0,0,1,1,0,38,169,130,154,184,154,186,206,215,233,252,221,142,186,31,0,1,0,0,0,0,0,0,0,0,0,0,0,114,199,129,115,141,167,198,117,119,177,248,199,106,217,95,0,1,0,0,0,0,0,0,0,0,1,0,0,138,200,236,210,146,220,204,186,205,135,116,104,134,189,147,0,0,0,0,0,0,0,0,0,0,2,0,33,191,138,118,125,154,207,191,198,162,213,188,192,186,200,176,0,0,0,0,0,0,0,0,0,0,1,0,85,214,211,183,160,195,166,124,106,110,218,182,188,195,212,214,0,0,0,0,0,0,0,0,0,0,0,0,113,80,136,247,247,96,135,216,217,216,210,234,233,217,166,180,1,0,0,0,0,0,1,0,0,0,0,0,173,224,117,84,152,29,0,182,222,223,218,95,119,105,26,169,36,0,0,0,0,0,1,0,1,0,45,184,110,164,224,209,179,192,116,251,152,0,106,164,167,216,171,209,43,0,0,0,0,0,0,0,1,0,205,166,186,112,92,152,206,142,104,105,241,193,18,200,233,214,192,193,76,0,0,0,0,0,0,0,0,4,136,159,150,186,152,155,166,235,223,166,92,177,237,201,195,190,165,205,185,0,0,0,0,2,1,4,0,6,67,179,165,184,199,95,68,221,177,166,209,150,208,200,206,182,200,189,237,0,0,0,4,0,0,0,2,25,96,178,160,163,139,217,144,88,216,101,148,227,202,224,209,183,187,200,235,97,0,0,0,0,15,3,10,15,84,133,153,144,148,236,204,161,148,210,203,215,190,161,164,171,211,225,237,120,0,0,35,124,141,0,8,63,42,26,35,62,50,101,198,175,177,192,203,152,166,198,214,233,223,215,237,88,0,92,195,138,168,160,80,37,31,44,44,46,51,16,170,180,189,201,152,177,216,210,215,214,218,233,255,24,53,194,169,149,131,152,161,151,146,127,127,145,153,169,190,196,191,178,186,247,244,221,216,243,207,43,32,0,188,215,169,171,151,141,142,155,158,156,176,190,191,205,194,177,211,195,220,221,37,116,255,199,64,0,0,0,27,196,197,183,170,172,169,172,174,163,161,161,153,177,213,209,203,216,234,51,0,0,0,0,0,2,2,0,0,90,217,212,189,192,185,182,184,191,196,198,188,195,206,219,238,212,96,0,0,3,0,0,1,0,0,0,0,0,108,225,234,217,222,213,197,202,205,223,228,221,245,190,125,25,0,0,0,5,0,0,1,1,1,0,0,0,0,24,170,255,218,244,238,222,255,174,189,238,123,0,0,0,0,0,0,0,0,0,0,0,0,0,0,0,0,0,0,0,0,0,82,54,68,0,0,0,0,0,3,0,0,0,0,0,0,0,0,0,0,0,0,0,0,0,0,0,0,0,0,0,0,0,0,0,0,0,0,0,0,0,0,0,0,0,0,0,0,0,6
0,0,0,0,0,0,0,0,0,0,0,0,0,0,0,0,0,0,0,0,0,0,0,0,0,0,0,0,0,0,0,0,0,0,0,0,0,0,0,0,0,0,0,0,0,0,0,0,0,0,0,0,0,0,0,0,0,0,0,0,0,0,0,0,0,0,0,0,0,0,0,0,0,0,0,0,0,0,0,0,0,0,0,0,0,0,0,0,0,0,0,0,0,0,0,0,0,0,0,0,0,0,0,0,0,0,0,0,0,0,0,0,0,0,0,0,0,0,0,0,0,0,0,2,0,0,38,97,131,145,169,190,177,152,73,39,0,0,0,0,0,0,0,0,0,0,0,0,0,0,0,5,0,169,239,234,254,244,241,248,253,255,255,255,255,222,206,0,0,0,0,0,0,0,0,0,0,0,0,5,0,144,235,221,220,227,227,229,227,227,226,232,230,253,203,0,0,0,0,0,0,0,0,0,0,0,0,6,0,133,230,216,215,223,230,227,228,233,242,241,232,250,186,0,0,0,0,0,0,0,0,0,0,0,0,1,0,153,241,222,236,226,226,231,230,224,225,235,235,244,224,0,0,0,0,0,0,0,0,0,0,0,0,1,0,123,241,229,234,247,250,249,247,243,236,238,231,254,153,0,0,0,0,0,0,0,0,0,0,0,0,2,0,122,242,209,224,221,226,226,228,229,233,233,222,251,118,0,0,0,0,0,0,0,0,0,0,0,0,1,0,112,232,213,234,238,235,234,235,236,230,236,233,252,189,0,0,0,0,0,0,0,0,0,1,1,0,0,0,126,255,211,223,232,237,239,237,239,236,232,221,249,168,0,0,0,0,0,0,0,0,0,0,0,0,0,0,188,249,201,224,222,226,231,233,236,236,235,224,248,153,0,0,0,0,0,0,0,0,0,0,0,4,0,40,255,213,230,224,222,225,228,227,228,224,231,227,248,178,0,0,0,0,0,0,0,0,0,1,0,0,2,236,231,219,226,221,223,229,232,232,236,241,238,225,241,205,0,1,0,0,0,0,0,0,2,0,0,26,242,238,230,227,227,224,222,221,230,235,238,233,233,225,234,240,0,0,0,4,8,7,4,0,0,0,106,255,221,218,239,227,222,223,227,232,236,233,227,226,229,229,229,255,16,1,3,0,0,0,0,0,71,196,253,217,212,225,231,226,226,225,228,235,234,226,215,225,227,228,222,255,72,0,0,17,73,113,151,216,252,231,215,223,233,218,221,224,224,224,218,215,222,227,229,230,228,228,220,255,118,0,179,212,222,223,223,219,210,216,220,226,220,221,223,220,220,225,230,233,228,230,232,230,228,229,222,255,117,77,237,218,215,215,215,217,220,218,225,227,223,218,221,222,226,232,231,232,235,240,243,240,239,241,234,255,73,71,183,210,226,233,232,226,221,222,214,216,226,220,230,236,244,246,255,255,229,213,214,212,207,205,200,242,39,0,0,39,123,187,229,253,255,255,248,247,250,255,255,238,193,144,95,56,211,211,203,208,208,209,205,242,27,0,0,0,0,0,0,39,78,126,154,166,155,107,40,0,0,0,0,0,176,191,180,181,189,187,178,181,0,0,0,0,0,0,0,0,0,0,0,0,0,0,0,0,0,0,0,0,0,0,0,0,0,0,0,0,0,0,0,0,0,0,0,0,0,0,0,0,0,0,0,0,0,0,0,0,0,0,0,0,0,0,0,0,0,0,0,0,0,0,0,0,0,0,0,0,0,0,0,0,0,0,0,0,0,0,0,0,0,0,0,0,0,6
0,0,0,0,0,0,0,0,0,0,0,0,0,0,0,0,0,0,0,0,0,0,0,0,0,0,0,0,0,0,0,0,0,0,0,0,0,0,0,0,0,0,0,0,0,0,0,0,0,0,0,0,0,0,0,0,0,0,0,0,0,0,0,0,0,0,0,0,0,0,0,0,0,0,0,0,0,0,0,0,0,0,0,0,0,0,0,0,0,0,0,0,0,0,0,0,0,0,0,0,0,0,0,0,0,0,0,0,0,0,0,0,0,0,0,0,0,0,0,0,0,0,0,0,0,0,0,0,0,0,0,0,0,0,0,0,0,0,0,0,0,0,0,0,0,0,0,0,0,0,0,0,0,0,0,0,0,0,0,0,0,0,0,0,0,0,0,0,0,0,0,0,0,0,0,0,0,0,0,0,0,0,0,0,0,0,174,19,0,0,0,0,0,0,0,0,0,0,0,0,0,0,0,0,0,0,0,0,0,2,1,0,0,157,248,229,226,174,107,55,36,0,91,75,0,0,0,0,0,0,0,0,0,0,0,0,0,1,0,0,101,233,220,248,255,255,255,255,250,234,209,12,0,0,0,0,0,0,0,0,0,0,0,0,0,2,0,0,213,237,240,246,246,244,241,246,241,255,202,0,0,0,0,0,0,0,0,0,0,0,0,0,0,4,0,40,255,229,241,249,249,247,244,252,244,252,218,0,0,0,0,0,0,0,0,0,0,0,0,4,0,0,28,221,239,242,247,247,250,246,246,249,244,255,103,0,0,0,0,0,0,0,1,2,3,6,0,0,0,30,255,242,229,237,242,244,246,247,248,251,245,255,81,0,0,0,0,0,0,0,0,3,0,0,0,4,124,249,217,187,236,251,246,247,250,251,251,251,240,255,173,0,0,2,6,6,7,5,0,0,0,26,173,239,242,197,194,195,211,224,244,245,247,248,245,252,239,252,254,0,2,0,0,0,0,0,0,48,247,234,198,186,189,205,207,213,206,217,231,237,247,252,250,249,242,243,255,57,0,0,69,117,124,96,94,227,199,190,181,200,207,208,213,217,221,219,214,215,231,246,248,250,247,242,255,146,14,162,162,121,129,151,252,203,192,203,199,196,210,214,217,218,216,216,215,209,208,225,231,247,254,241,255,193,117,242,194,174,135,94,191,199,194,194,212,215,222,218,220,222,224,223,224,226,220,224,222,223,241,254,255,194,31,161,214,237,235,222,201,214,191,199,204,200,195,205,204,208,208,207,201,202,205,201,189,181,182,188,193,158,0,0,8,106,206,241,255,255,255,245,245,243,237,239,232,224,215,212,217,217,221,221,231,246,251,247,255,205,0,0,0,0,0,0,41,71,103,140,148,160,175,179,176,171,167,164,146,149,149,152,142,125,106,82,68,0,0,0,0,0,0,0,0,0,0,0,0,0,0,0,0,0,0,0,0,0,0,0,0,0,0,0,0,0,0,0,0,0,0,0,0,0,0,0,0,0,0,0,0,0,0,0,0,0,0,0,0,0,0,0,0,0,0,0,0,0,0,0,0,0,0,0,0,0,0,0,0,0,0,0,0,0,0,0,0,0,0,0,0,0,0,0,0,0,0,0,0,0,0,0,0,0,0,0,0,0,0,0,0,0,0,0,0,0,0,0,0,0,0,0,0,0,0,0,0,0,0,0,0,0,0,0,0,0,0,0,0,0,0,0,0,0,0,0,0,0,0,0,0,0,0,0,0,0,0,0,0,0,0,0,0,0,0,0,0,0,0,0,0,0,0,0,0,0,6
0,0,0,0,0,0,0,0,0,0,0,0,0,0,0,0,0,0,0,0,0,0,0,0,0,0,0,0,0,0,0,0,0,0,0,0,0,0,0,0,0,0,0,0,0,0,0,0,0,0,0,0,0,0,0,0,0,0,0,0,0,0,0,0,0,0,0,0,0,0,0,0,0,0,0,0,0,0,0,0,0,0,0,0,0,0,0,0,0,0,0,0,0,0,0,0,0,0,0,0,0,0,0,0,0,0,0,0,0,0,0,0,0,0,0,0,0,0,0,0,0,0,0,0,0,0,0,0,0,0,0,0,0,0,0,0,0,0,0,0,0,0,0,0,0,0,0,0,0,0,0,0,0,0,0,0,0,0,0,0,0,0,0,0,0,0,0,0,0,0,0,0,0,0,0,0,0,0,0,0,0,0,0,0,3,4,2,0,0,0,0,4,0,26,29,0,0,0,0,0,0,0,0,0,0,0,0,0,0,0,0,0,0,0,0,0,2,1,0,0,0,86,16,0,0,0,0,0,0,0,0,0,0,0,0,0,0,0,0,0,45,26,0,0,0,0,0,0,12,82,0,1,0,0,0,0,0,0,0,0,0,0,0,0,0,1,0,0,179,246,209,39,36,22,102,202,229,151,0,1,0,0,0,0,0,0,0,0,0,0,0,0,0,1,0,18,209,226,227,242,245,250,222,227,222,169,0,0,0,0,0,0,0,0,0,0,0,0,0,0,0,0,0,130,236,221,225,200,203,209,215,219,217,178,0,0,0,0,0,0,0,0,0,0,1,1,0,0,1,0,7,247,228,232,225,200,212,206,207,224,213,197,0,0,0,0,0,0,0,0,0,0,0,0,0,3,0,0,170,225,216,237,220,205,212,208,206,219,211,233,1,0,0,0,0,0,0,0,0,0,0,0,3,0,0,128,238,197,204,216,212,207,211,208,204,212,207,251,68,0,0,1,3,3,2,2,0,1,5,5,0,0,105,224,153,176,173,210,203,206,205,210,206,210,201,212,168,0,5,0,0,0,0,0,0,0,0,0,0,109,164,44,87,137,178,217,204,196,197,203,201,204,196,204,230,0,0,0,18,25,17,0,0,0,47,132,182,168,78,90,164,176,183,203,216,211,191,201,218,210,203,208,234,45,60,140,128,134,144,145,163,157,111,64,0,35,179,217,209,197,207,236,249,255,253,240,237,239,239,218,232,53,125,255,203,152,126,120,85,70,70,127,197,242,223,221,226,253,239,212,191,178,188,196,200,209,203,207,217,10,0,83,177,233,241,236,220,225,234,229,225,227,234,231,214,200,183,198,221,212,178,188,197,203,214,219,193,0,0,0,0,11,94,154,220,211,220,230,237,237,255,237,235,239,215,188,116,200,255,255,255,255,248,240,240,0,0,2,0,0,0,0,0,0,37,52,73,94,103,85,56,2,0,0,0,15,184,150,142,136,127,116,103,0,0,0,0,0,0,0,0,0,0,0,0,0,0,0,0,0,0,0,0,0,0,0,0,0,0,0,0,0,0,0,0,0,0,0,0,0,0,0,0,0,0,0,0,0,0,0,0,0,0,0,0,0,0,0,0,0,0,0,0,0,0,0,0,0,0,0,0,0,0,0,0,0,0,0,0,0,0,0,0,0,0,0,0,0,0,0,0,0,0,0,0,0,0,0,0,0,0,0,0,0,0,0,0,0,0,0,0,0,0,0,0,0,0,0,0,0,0,0,0,0,0,0,0,0,0,0,0,0,0,0,0,0,0,0,0,0,0,0,0,0,6
0,0,0,0,0,0,0,0,0,0,0,0,0,0,0,0,0,0,0,0,0,0,0,0,0,0,0,0,0,0,0,0,0,0,0,0,0,0,0,0,0,0,0,0,0,0,0,0,0,0,0,0,0,0,0,0,0,0,0,0,0,0,0,0,0,0,0,0,0,0,0,0,0,0,0,0,0,0,0,0,0,0,0,0,0,0,0,0,0,0,0,0,0,0,0,0,0,0,0,0,0,0,0,0,0,0,0,0,0,0,0,0,0,0,0,0,0,0,0,0,0,0,0,0,0,0,0,0,0,0,4,2,0,0,0,0,0,0,0,0,0,0,0,0,0,0,0,0,0,2,0,1,8,9,6,4,3,5,2,0,0,0,0,0,108,172,8,0,0,0,0,0,0,0,0,0,0,1,2,0,0,0,0,0,0,0,0,1,0,0,40,202,253,255,49,0,0,0,0,0,0,0,0,0,0,0,0,0,157,135,74,0,0,0,0,0,0,58,234,252,209,102,0,0,0,0,0,0,0,0,0,0,0,2,0,0,169,223,239,227,201,237,200,169,135,214,244,179,0,0,0,0,0,0,0,0,0,0,0,0,0,1,0,0,0,0,0,40,102,169,213,251,248,239,228,0,0,6,5,0,0,0,0,0,0,0,0,0,1,1,0,0,0,0,0,0,0,0,0,39,237,240,33,0,0,0,0,0,0,0,0,0,0,0,0,0,0,0,0,0,2,3,1,4,3,2,0,145,251,220,0,0,0,22,168,106,0,0,0,0,0,0,1,0,0,1,1,1,0,1,0,0,0,0,0,235,255,90,0,151,240,227,254,122,0,0,0,0,0,0,3,1,0,3,1,0,0,1,0,0,6,0,14,231,236,232,255,255,228,216,225,57,0,0,0,0,0,2,0,3,0,0,0,1,2,0,0,0,0,0,76,255,237,166,181,232,219,223,255,47,0,0,0,0,0,2,1,0,0,0,0,0,0,0,0,0,0,136,239,215,64,0,121,255,219,225,255,29,0,0,0,0,0,0,0,0,109,231,249,128,0,0,0,0,226,220,77,0,0,0,153,255,221,230,255,11,0,0,0,0,0,0,64,217,224,214,217,245,251,0,0,255,207,6,0,0,2,0,146,255,221,228,255,0,0,0,0,0,0,158,235,219,229,227,215,213,238,197,251,255,0,0,0,2,1,0,144,244,222,228,255,0,0,0,0,0,203,253,221,255,95,255,248,228,219,233,236,0,0,0,0,0,3,0,141,243,222,229,255,0,67,204,165,179,255,218,240,195,0,3,253,226,231,255,15,0,2,0,0,1,3,0,140,243,222,228,255,0,101,244,216,220,226,230,221,181,173,181,243,221,241,121,0,0,0,0,0,0,2,0,133,240,222,227,255,0,35,232,242,234,234,230,227,238,240,250,217,242,215,0,0,0,1,0,0,0,3,0,126,243,221,230,228,6,0,39,114,182,233,252,255,255,255,255,255,255,31,0,0,0,0,1,0,0,6,0,138,224,200,206,254,19,0,0,0,0,0,0,4,26,42,45,49,0,0,0,0,0,0,0,0,0,2,0,3,6,0,0,0,0,0,0,0,0,0,0,0,0,0,0,0,0,0,0,0,0,0,0,0,0,0,0,0,0,0,0,0,0,0,0,0,0,0,0,0,0,0,0,0,0,0,0,0,0,0,0,0,0,0,0,0,0,0,0,0,0,0,0,0,0,0,0,0,0,0,0,0,0,0,0,0,0,0,0,0,0,0,0,0,0,0,0,0,0,6
0,0,0,0,0,0,0,0,0,0,0,0,0,2,6,0,0,1,0,0,0,0,0,0,109,75,0,1,0,0,0,0,0,0,0,0,0,0,0,0,0,0,0,0,0,0,0,0,0,0,0,0,62,129,0,0,0,0,0,0,0,0,0,0,0,0,0,2,0,0,110,105,124,151,184,190,199,206,213,177,199,164,0,0,0,0,0,0,0,0,0,0,0,0,0,4,0,7,193,204,221,222,219,220,220,219,219,213,228,153,0,0,0,0,0,0,0,0,0,0,0,0,0,4,0,1,181,183,206,208,204,202,205,206,209,207,222,128,0,0,0,0,0,0,0,0,0,0,0,0,0,4,0,11,189,192,214,209,206,208,211,212,217,207,222,132,0,0,0,0,0,0,0,0,0,0,0,0,0,5,0,16,228,193,225,209,202,205,208,210,219,187,205,128,0,0,0,0,0,0,0,0,0,0,0,0,0,6,0,23,235,192,227,205,203,210,212,214,223,181,205,110,0,0,0,0,0,0,0,0,0,0,0,0,0,5,0,36,235,192,229,205,204,214,214,214,215,185,211,116,0,0,0,0,0,0,0,0,0,0,0,0,0,2,0,66,237,194,226,208,208,213,212,216,217,183,203,174,0,0,0,0,0,0,0,0,0,0,0,0,0,0,0,118,202,188,228,209,212,214,212,218,215,192,199,227,0,0,0,0,0,0,0,0,0,0,0,0,2,0,0,193,196,193,227,210,213,215,213,217,215,208,200,227,82,0,0,0,0,0,0,0,0,0,0,0,5,0,43,225,192,198,225,211,213,214,215,214,225,227,190,224,188,0,0,0,0,0,0,0,0,0,0,0,0,0,134,202,187,199,225,212,213,213,212,214,232,163,157,216,241,9,0,0,0,0,0,0,0,0,0,2,0,0,199,197,192,199,226,214,213,213,210,230,180,8,107,203,210,49,0,0,0,0,0,0,0,0,0,1,0,51,229,194,199,199,225,216,211,211,207,219,159,107,193,210,196,80,0,0,0,0,0,0,0,0,0,0,0,156,201,198,197,199,211,218,212,213,200,190,225,255,245,195,222,78,0,0,0,0,0,0,0,0,1,0,46,233,196,203,199,209,212,202,201,204,205,212,219,198,180,187,217,13,0,0,0,0,0,0,1,1,0,0,197,199,193,191,198,205,202,196,205,223,205,196,202,179,187,191,198,0,0,0,0,4,2,0,0,0,0,170,198,193,192,197,201,201,202,219,220,192,216,235,155,199,183,190,184,0,0,4,0,0,0,0,0,12,162,214,183,188,196,206,208,215,222,211,186,240,187,0,0,223,188,198,166,0,0,0,0,82,132,147,169,187,198,184,189,191,198,210,214,223,208,186,247,117,0,0,54,239,188,200,142,0,0,0,115,188,173,162,100,54,123,196,192,199,207,214,225,216,187,247,80,0,0,0,86,204,187,202,114,0,0,24,169,185,190,191,195,202,191,189,196,205,216,222,221,192,213,121,0,0,0,0,102,205,186,198,92,0,0,77,188,177,186,193,197,204,213,205,206,215,218,220,203,217,187,0,0,0,0,0,123,208,188,200,67,0,0,0,107,165,194,197,192,194,194,185,200,203,211,202,205,238,0,0,0,0,0,0,137,203,183,193,51,0,0,0,0,0,56,136,191,228,231,225,210,212,207,231,222,0,0,2,0,0,0,0,184,223,201,203,50,0,0,0,2,0,0,0,0,17,41,90,155,128,161,104,57,0,2,0,0,0,0,0,85,137,133,130,9,0,6
0,0,0,0,0,0,0,0,0,0,0,0,0,0,0,0,0,0,0,0,0,0,0,0,0,0,0,0,0,0,0,0,0,0,0,0,0,0,0,0,0,0,0,0,0,0,0,0,0,0,0,0,0,0,0,0,0,0,0,0,0,0,0,0,0,0,0,0,0,0,0,0,0,0,0,0,0,0,0,0,0,0,0,0,0,0,0,0,0,0,0,0,0,0,0,0,0,0,0,0,0,0,0,0,0,0,0,0,0,0,0,0,0,0,0,0,0,0,0,0,0,0,0,0,0,0,0,0,0,0,0,0,0,0,0,0,0,0,0,0,0,0,0,0,0,0,0,0,0,1,0,0,0,0,0,59,71,13,1,0,0,0,0,1,33,36,64,0,0,0,0,0,0,0,0,0,0,0,0,0,4,0,40,196,162,166,141,153,126,116,113,129,163,119,158,87,0,0,0,0,0,0,0,0,0,0,0,0,0,0,96,179,160,181,188,194,185,182,182,177,157,150,173,122,0,0,0,0,0,0,0,0,0,0,0,0,0,0,111,171,158,174,176,194,179,205,202,180,180,182,179,137,0,0,0,0,0,0,0,0,0,0,0,1,0,0,185,177,142,182,143,185,173,164,174,194,189,188,168,141,0,0,0,0,0,0,0,0,0,0,0,0,0,0,173,199,201,200,206,195,177,186,185,188,200,168,194,141,0,0,0,0,0,0,0,0,0,0,1,3,0,0,176,153,161,162,193,173,180,181,189,177,170,163,162,111,1,0,0,0,0,0,0,0,2,0,0,0,0,128,202,177,166,188,173,175,181,163,171,160,161,157,177,78,1,1,0,0,0,0,2,0,0,0,0,67,180,181,143,164,175,185,173,183,175,173,187,179,189,182,225,55,0,0,0,2,3,0,0,0,3,94,175,186,171,196,215,211,205,188,173,163,155,156,155,164,154,154,174,8,1,3,0,0,0,0,7,104,169,181,174,170,166,153,163,206,221,228,239,237,234,225,255,250,215,195,158,0,0,0,0,0,32,99,163,175,166,170,177,177,188,189,182,181,176,202,192,199,195,233,171,18,170,199,163,0,0,22,118,139,168,175,163,167,183,171,190,198,194,199,207,190,202,205,211,207,211,219,7,0,125,204,167,0,16,175,158,156,166,160,176,183,189,193,200,198,198,199,213,198,201,209,201,193,240,92,0,105,219,174,181,0,65,190,171,177,169,174,182,166,194,186,193,195,205,209,201,199,198,198,198,196,205,205,131,193,179,170,185,11,5,169,189,193,195,196,202,192,194,198,200,209,207,205,202,208,213,206,214,207,202,188,215,186,186,177,169,36,0,2,54,128,168,173,194,212,219,227,226,232,221,207,204,198,193,187,185,194,193,189,176,193,207,192,181,27,0,0,0,0,0,1,8,21,47,60,58,52,35,14,7,7,2,1,1,1,1,2,7,9,13,11,10,0,0,0,0,0,0,0,0,0,0,0,0,0,0,0,0,0,0,0,0,0,0,0,0,0,0,0,0,0,0,0,0,0,0,0,0,0,0,0,0,0,0,0,0,0,0,0,0,0,0,0,0,0,0,0,0,0,0,0,0,0,0,0,0,0,0,0,0,0,0,0,0,0,0,0,0,0,0,0,0,0,0,0,0,0,0,0,0,0,0,0,0,0,0,0,0,0,0,0,0,0,0,0,0,0,0,0,0,0,0,0,0,0,0,0,0,0,0,0,0,0,0,0,0,0,0,0,0,0,0,0,0,0,0,0,0,0,0,0,0,0,6
0,0,0,0,0,0,0,0,0,0,0,0,0,0,0,0,0,0,0,0,0,0,0,0,0,0,0,0,0,0,0,0,0,0,0,0,0,0,0,0,0,0,0,0,0,0,0,0,0,0,0,0,0,0,0,0,0,0,0,0,0,0,0,0,0,0,0,0,0,0,0,0,0,0,0,0,0,0,0,0,0,0,0,0,0,0,0,0,0,0,0,0,0,0,0,0,0,0,0,0,0,0,0,0,0,0,0,0,0,0,0,0,0,0,0,0,0,0,0,0,0,0,0,0,0,0,0,0,0,0,0,0,0,0,0,0,0,0,0,0,0,0,0,0,0,0,0,0,0,0,0,0,0,0,0,0,0,0,114,68,0,0,0,0,1,2,2,0,0,0,0,0,0,0,0,0,0,0,0,0,0,0,0,0,0,4,176,205,142,0,0,0,0,0,0,0,0,0,0,0,0,0,0,0,0,0,0,0,0,1,5,0,130,175,157,199,229,238,202,152,107,62,0,0,0,0,0,0,0,0,0,0,0,0,0,0,0,1,0,0,190,186,193,207,190,217,225,203,195,202,193,48,0,0,0,0,0,0,0,0,0,0,0,0,0,3,0,21,197,188,216,212,208,212,200,195,194,181,213,57,0,0,0,0,0,0,0,0,0,0,0,0,0,3,0,85,241,192,209,194,199,207,213,192,211,187,208,25,0,0,0,0,0,0,0,0,0,0,0,0,5,0,0,177,155,219,253,239,224,214,190,195,194,199,190,0,0,0,0,0,0,0,0,0,0,0,4,7,0,0,151,153,113,252,212,234,226,210,214,204,187,226,147,0,0,0,0,0,0,0,0,0,3,1,4,0,17,138,122,221,238,205,207,216,240,211,209,217,212,242,172,0,0,0,0,0,0,1,4,1,0,0,0,162,100,117,9,194,255,244,200,201,230,230,215,239,205,233,210,0,0,0,2,3,2,0,0,0,13,108,205,154,86,64,231,161,175,254,253,214,204,236,210,208,203,215,254,0,1,2,0,0,0,0,56,181,157,167,111,150,205,216,178,182,204,222,218,205,203,215,197,192,195,209,235,22,0,0,0,0,9,87,123,143,116,150,171,182,186,180,196,209,208,208,207,195,214,224,217,209,198,200,254,75,0,143,227,214,197,157,119,141,160,156,174,178,194,208,207,218,225,216,221,219,245,248,204,210,222,237,255,159,0,79,110,146,171,188,215,216,168,204,227,195,239,216,188,166,142,108,66,75,89,84,63,85,160,171,143,51,20,4,0,0,0,0,0,0,12,13,10,11,5,0,1,0,2,7,16,15,20,19,23,10,0,0,0,19,18,44,61,66,62,59,54,46,44,42,41,33,37,49,57,59,62,62,65,64,65,68,67,69,74,71,64,46,0,0,0,7,12,24,38,46,44,44,45,42,37,34,32,29,26,24,24,24,22,21,18,15,14,8,3,0,0,0,0,0,0,0,0,0,0,0,0,0,0,0,0,0,0,0,0,0,0,0,0,0,0,0,0,0,0,0,0,0,0,0,0,0,0,0,0,0,0,0,0,0,0,0,0,0,0,0,0,0,0,0,0,0,0,0,0,0,0,0,0,0,0,0,0,0,0,0,0,0,0,0,0,0,0,0,0,0,0,0,0,0,0,0,0,0,0,0,0,0,0,0,0,0,0,0,0,0,0,0,0,0,0,0,0,0,0,0,0,0,0,0,0,0,0,0,0,0,0,0,0,0,0,0,0,0,0,0,0,0,0,0,0,0,0,0,0,0,6
0,0,0,0,0,0,0,0,0,0,0,0,0,1,0,0,0,0,0,5,24,30,0,0,105,21,0,0,0,0,0,0,0,0,0,0,0,0,0,0,0,0,6,0,116,211,222,223,229,215,200,198,209,0,0,0,0,0,0,0,0,0,0,0,0,0,0,0,0,2,0,0,187,234,198,219,233,222,206,243,156,0,0,0,0,0,0,0,0,0,0,0,0,0,0,0,0,1,0,73,182,151,122,152,226,231,233,204,121,0,0,0,0,0,0,0,0,0,0,0,0,0,0,0,4,0,36,250,229,181,246,255,245,241,247,215,120,24,0,0,0,0,0,0,0,0,0,0,0,0,0,0,4,0,31,147,179,106,157,183,175,161,146,172,67,67,0,0,0,0,0,0,0,0,0,0,0,0,0,0,0,0,0,68,116,0,0,0,0,0,0,122,6,0,0,0,0,0,0,0,0,0,0,0,0,0,0,0,0,4,0,114,186,0,0,0,0,0,0,255,0,0,0,0,0,0,0,0,0,0,0,0,0,0,0,0,0,8,0,114,103,0,0,0,0,47,220,228,0,0,0,0,0,0,0,0,0,0,0,0,0,0,0,0,2,0,0,168,128,83,31,39,162,241,248,114,0,1,0,0,0,0,0,0,0,0,0,0,0,0,0,0,2,0,200,234,220,235,230,240,242,226,74,0,0,0,0,0,0,0,0,0,0,0,0,0,0,0,0,9,0,93,252,130,225,224,224,218,239,94,0,0,0,0,0,0,0,0,0,0,0,0,0,0,0,0,7,0,0,232,0,0,255,224,222,244,178,0,0,4,160,149,0,0,0,0,0,0,0,0,0,0,0,11,0,0,243,54,0,219,253,224,231,240,0,52,217,207,163,96,0,0,0,0,0,0,0,0,0,2,5,0,0,188,200,190,244,254,229,231,238,186,188,255,153,56,46,50,0,0,0,0,0,0,0,0,3,0,0,60,255,159,199,238,227,226,233,229,239,252,135,39,48,83,100,60,0,0,0,0,0,0,0,5,0,0,135,236,47,0,229,233,223,232,228,242,211,55,40,88,91,82,94,32,0,0,0,0,0,0,2,0,34,255,106,0,0,0,255,229,230,229,255,166,62,70,90,84,80,82,102,27,0,0,0,0,0,0,0,42,210,211,179,187,139,167,255,226,230,255,143,47,77,85,80,79,83,79,97,24,0,0,0,0,0,0,98,219,209,215,225,231,254,232,226,227,246,148,42,90,79,83,85,82,83,83,102,15,0,0,0,0,0,0,180,212,209,219,220,219,222,225,233,241,163,50,84,87,81,80,79,85,88,85,94,7,0,0,0,0,193,198,228,235,237,233,232,234,233,238,231,141,46,79,85,81,85,77,85,82,83,79,98,7,0,0,0,0,30,63,130,140,155,195,217,215,199,183,99,44,83,81,84,76,84,86,84,84,79,87,101,6,0,0,0,0,46,52,49,37,40,45,46,53,54,48,65,89,80,83,86,78,86,78,86,84,83,78,93,8,0,0,0,0,42,73,79,82,89,94,85,86,94,99,80,81,83,84,86,85,90,90,87,83,86,95,103,6,0,0,0,0,35,90,58,63,61,65,73,73,78,81,73,76,71,65,63,73,71,70,54,57,55,52,66,10,0,0,0,0,1,53,104,114,113,99,92,86,89,94,90,87,92,132,113,123,133,131,136,144,147,130,169,19,0,0,0,0,0,0,0,10,47,67,78,103,112,108,99,105,83,84,61,39,34,15,51,132,116,113,87,0,0,0,6
0,0,0,0,0,0,0,0,0,0,0,0,0,0,0,0,0,0,0,0,0,0,0,0,0,0,0,0,0,0,0,0,0,0,0,0,0,0,0,0,5,0,124,184,157,139,128,118,111,160,154,146,141,134,0,0,0,0,0,0,0,0,0,0,0,0,0,0,3,0,111,208,225,240,222,238,212,220,208,211,246,184,0,0,0,0,0,0,0,0,0,0,0,0,0,0,0,0,0,0,0,0,0,0,0,0,0,0,52,82,0,0,0,0,0,0,0,0,0,0,0,0,0,0,0,0,6,0,0,0,0,0,0,0,0,0,77,236,0,0,0,0,0,0,0,0,0,0,0,0,0,0,0,0,0,1,3,4,4,4,3,1,0,0,160,255,50,0,0,0,0,0,0,0,0,0,0,0,0,0,0,0,0,0,0,0,0,0,0,0,0,8,229,243,214,0,0,0,0,0,0,0,0,0,0,0,0,0,0,0,0,0,0,0,0,0,1,0,0,212,239,219,225,13,0,0,0,0,0,0,0,0,0,0,0,0,0,0,0,0,0,0,0,0,2,0,98,245,221,223,255,65,0,0,0,0,0,0,0,0,0,0,0,0,0,0,0,0,0,0,0,1,0,0,255,232,227,225,255,106,0,0,0,0,0,0,0,0,0,0,0,0,0,0,0,0,0,0,0,1,0,125,247,229,235,225,255,113,0,0,0,0,0,0,0,0,0,1,0,0,0,0,0,0,0,0,0,0,0,240,241,228,237,224,255,76,0,0,0,0,0,0,0,1,0,0,0,0,0,0,0,0,0,1,0,0,11,255,233,236,239,230,255,73,0,0,0,0,0,0,1,1,5,9,8,8,6,3,0,0,0,0,0,75,255,243,236,242,242,230,255,61,0,0,0,0,0,0,0,3,0,0,0,0,0,0,0,1,0,0,144,255,225,207,254,233,233,228,255,55,0,0,0,0,0,2,0,0,21,130,149,120,61,0,0,0,0,165,254,244,4,88,255,224,238,227,255,42,0,0,0,0,0,0,0,56,216,229,231,235,232,255,150,0,155,255,177,26,0,145,255,223,237,233,255,22,0,0,0,1,0,0,128,213,221,226,214,220,225,232,238,205,242,180,0,0,0,139,255,229,237,233,255,14,0,5,3,4,0,125,242,219,180,220,255,241,229,234,233,236,209,46,0,1,0,144,250,229,236,235,255,0,0,0,0,0,0,174,224,226,176,0,106,255,255,235,238,236,119,0,0,2,0,144,250,229,236,236,255,0,0,58,102,83,39,191,234,220,255,0,0,0,192,230,247,198,0,0,0,1,0,141,251,229,234,237,255,0,0,129,247,235,255,233,234,240,236,191,202,185,212,237,240,31,0,1,0,0,0,141,251,229,233,238,252,0,0,53,227,218,225,231,233,235,241,252,255,255,238,249,201,0,0,0,0,0,0,140,251,229,233,240,237,0,0,81,240,221,223,225,228,228,234,230,223,229,228,244,68,0,3,0,0,0,0,142,251,230,232,241,228,0,0,20,235,239,243,236,231,232,229,229,228,229,237,251,0,0,3,4,0,1,0,141,247,225,229,242,219,0,0,0,0,43,137,223,255,245,250,249,244,239,255,111,0,2,0,1,0,7,0,154,255,240,243,254,180,0,0,0,0,0,0,0,0,44,100,155,198,227,162,0,0,2,0,1,0,5,0,82,220,180,174,198,102,0,0,1,0,2,0,0,0,0,0,0,0,0,0,0,0,3,0,2,0,0,0,0,0,0,0,0,0,0,6
0,0,0,0,0,0,0,0,0,0,0,0,0,0,0,0,0,0,0,0,0,0,0,0,0,0,0,0,0,0,0,0,0,0,0,0,0,0,0,0,0,0,0,0,0,0,0,0,0,0,0,0,0,0,0,0,0,0,0,0,0,0,0,0,0,0,0,0,0,0,0,0,0,0,0,0,0,0,0,0,0,0,0,0,0,0,0,0,0,0,0,0,0,0,0,0,0,0,0,0,0,0,0,0,0,0,0,0,0,0,0,0,0,0,0,0,0,0,0,0,0,0,0,0,0,0,0,0,0,0,0,0,0,0,0,0,0,0,0,0,0,0,0,0,0,0,0,0,0,0,0,0,3,0,0,222,231,226,224,220,216,214,191,166,135,171,71,0,0,0,0,0,0,0,0,0,0,0,0,0,2,0,0,255,238,245,250,249,249,248,254,255,255,251,140,0,0,0,0,0,0,0,0,0,1,4,0,0,2,0,4,255,228,237,235,236,236,236,237,233,236,237,47,0,0,0,0,0,0,0,0,0,0,0,0,0,1,0,127,255,235,237,240,239,239,240,239,236,239,255,81,0,0,0,0,0,0,0,0,0,0,1,3,1,0,0,238,239,230,241,239,239,239,239,238,241,230,255,127,0,0,0,0,0,0,0,0,0,0,0,0,0,0,77,255,231,233,239,239,239,239,239,237,242,228,251,171,0,0,0,0,0,0,0,0,0,0,3,1,0,0,234,253,226,237,241,239,240,239,241,238,238,239,240,252,0,0,0,0,0,0,0,0,0,0,4,0,0,143,255,222,230,234,238,241,241,238,241,238,239,236,240,255,0,0,0,0,0,0,0,0,0,0,5,0,45,255,227,230,231,235,238,239,238,235,236,236,236,235,228,255,61,0,0,0,0,0,0,0,0,0,0,0,252,236,222,231,230,233,235,234,235,232,234,236,236,235,225,255,126,0,0,0,0,0,0,0,0,0,0,171,255,217,231,227,227,231,231,227,230,231,232,237,237,236,227,255,94,1,0,0,2,4,3,8,0,0,106,255,227,228,231,236,235,237,236,228,236,237,235,238,236,240,241,255,0,4,5,5,0,0,0,0,0,85,255,229,223,224,224,224,224,229,236,240,233,227,242,237,236,234,243,238,0,0,0,0,0,5,60,115,191,255,218,215,216,212,218,224,230,230,225,232,255,255,232,248,240,232,247,226,0,0,40,130,213,216,228,255,236,204,213,224,224,223,227,234,233,230,244,255,223,50,0,255,237,231,245,221,0,123,255,240,225,216,216,213,216,228,226,228,228,225,235,229,234,251,246,74,0,0,55,255,231,231,242,210,0,51,170,219,240,244,244,240,233,231,231,223,222,231,234,245,255,133,0,0,0,0,122,248,228,229,243,209,0,0,0,1,38,112,167,218,254,255,255,255,255,255,255,180,6,0,0,2,5,0,134,255,245,244,255,197,0,0,1,0,0,0,0,0,0,7,39,51,55,62,8,0,0,2,0,0,2,0,36,158,105,79,82,24,0,0,0,0,0,0,0,0,0,0,0,0,0,0,0,0,0,0,0,0,0,0,0,0,0,0,0,0,0,0,0,0,0,0,0,0,0,0,0,0,0,0,0,0,0,0,0,0,0,0,0,0,0,0,0,0,0,0,0,0,0,0,0,0,0,0,0,0,0,0,0,0,0,0,0,0,0,0,0,0,0,0,0,0,0,0,0,0,0,0,0,0,0,0,0,0,0,0,0,0,0,0,0,0,0,0,0,0,0,0,0,0,0,6
0,0,0,0,0,0,0,0,0,0,0,0,0,0,0,0,0,0,0,0,0,0,0,0,0,0,0,0,0,0,0,0,0,0,0,0,0,0,0,0,0,0,0,0,0,0,0,0,0,0,0,0,0,0,0,0,0,0,0,0,0,0,0,0,0,0,0,0,0,0,0,0,0,0,0,0,0,0,0,0,0,0,0,0,0,0,0,0,0,0,0,0,0,0,0,0,0,0,0,0,0,0,0,0,0,0,0,0,0,0,0,0,0,0,0,0,0,0,0,0,0,0,0,0,0,2,0,0,0,0,14,5,22,161,176,171,165,81,0,0,0,0,0,0,0,0,0,0,0,0,0,0,0,2,0,97,163,127,232,255,216,248,133,238,227,227,0,0,0,0,0,0,0,0,0,0,0,0,0,0,5,0,59,255,148,109,0,5,71,163,67,9,169,102,0,0,0,0,0,0,0,0,0,0,0,0,2,3,0,24,163,0,87,107,0,0,0,0,0,126,233,128,0,1,0,0,0,0,0,0,0,0,1,1,4,0,0,213,27,0,60,194,0,0,0,0,129,235,239,98,0,1,0,0,0,0,0,0,0,0,0,0,5,0,100,189,167,0,144,237,214,255,255,254,216,236,170,0,0,0,0,0,0,0,0,0,0,0,0,3,0,8,141,0,151,177,212,241,220,113,141,219,232,212,0,0,2,0,0,0,0,0,0,0,0,0,0,3,0,132,30,0,0,157,0,163,255,18,0,255,255,24,0,0,0,0,0,0,0,0,0,0,1,0,5,0,71,220,77,9,144,255,167,135,251,227,174,255,198,0,0,0,146,81,0,0,0,0,1,0,0,3,0,0,211,134,182,183,255,255,248,255,255,254,233,239,107,0,170,212,254,114,0,0,0,0,0,1,0,4,0,116,89,0,124,59,0,255,248,69,75,171,226,223,223,255,239,223,222,18,0,0,0,0,0,0,2,0,34,212,0,0,141,154,0,29,255,255,0,14,255,236,235,207,212,235,196,0,1,1,1,0,0,4,0,9,189,189,136,178,255,255,255,142,187,255,224,255,237,57,0,0,0,233,173,0,1,0,2,0,1,0,0,127,12,126,158,168,255,218,232,255,226,221,247,151,0,0,0,0,0,211,115,0,2,0,0,4,0,0,195,47,0,111,122,0,93,255,223,43,232,255,121,0,0,6,0,0,0,212,70,0,0,0,3,0,0,155,177,9,167,255,251,177,0,197,238,211,255,58,0,0,0,0,0,0,0,210,48,0,1,3,0,4,211,231,202,124,199,233,225,253,255,231,216,255,77,0,0,0,0,0,1,0,0,206,29,0,0,0,0,47,223,208,236,114,54,253,189,255,93,209,246,161,0,0,0,0,0,0,2,0,0,208,22,0,0,0,0,70,225,207,230,108,122,250,139,96,87,255,176,0,0,0,0,0,0,0,2,0,0,199,7,0,106,255,255,223,229,255,187,136,18,219,239,174,255,157,0,0,0,0,0,0,0,0,4,0,13,205,0,0,0,48,49,74,91,86,155,154,162,228,209,217,41,0,0,2,5,4,0,0,0,0,4,0,18,175,0,0,0,0,0,0,0,0,0,0,0,0,0,0,0,0,0,0,0,0,0,0,0,0,0,0,0,0,0,0,0,0,0,0,0,0,0,0,0,0,0,0,0,0,0,0,0,0,0,0,0,0,0,0,0,0,0,0,0,0,0,0,0,0,0,0,0,0,0,0,0,0,0,0,0,0,0,0,0,0,0,0,0,0,0,0,6
0,0,0,0,0,0,0,0,0,0,0,0,0,0,0,0,0,0,0,0,0,0,0,0,0,0,0,0,0,0,0,0,0,0,0,0,0,0,0,0,0,0,0,0,0,0,0,0,0,0,0,0,0,0,0,0,0,0,0,0,0,0,0,0,0,0,0,0,2,0,24,44,0,0,0,0,0,0,0,1,2,1,1,0,0,0,0,0,0,0,0,0,0,0,0,0,4,0,71,152,154,141,97,30,0,0,0,0,0,0,0,0,0,0,0,0,0,0,0,0,0,0,0,0,4,0,76,150,153,170,180,197,175,137,90,23,0,0,0,0,0,0,0,0,0,0,0,0,0,0,0,0,3,0,80,126,141,163,163,162,167,166,176,194,188,133,148,83,0,0,0,0,0,0,0,0,0,0,0,1,0,0,142,215,176,186,190,192,183,179,165,164,173,163,158,82,0,0,0,0,0,0,0,0,0,0,0,1,0,0,81,145,155,172,169,172,166,177,170,160,168,158,150,0,0,0,0,0,0,0,0,0,0,0,0,4,0,44,224,167,183,183,144,148,175,177,183,169,170,187,104,0,0,0,0,0,0,0,0,0,0,0,0,4,0,8,214,172,165,150,154,196,194,161,157,167,110,182,106,0,0,0,0,0,0,0,0,0,0,0,0,2,0,0,122,126,160,194,195,146,131,165,182,170,165,166,65,0,0,0,0,0,0,0,0,0,0,0,0,3,0,4,163,171,152,136,123,144,202,208,199,180,200,121,0,0,0,0,0,0,0,0,0,0,0,0,0,2,0,0,209,194,186,184,176,164,132,120,126,137,178,70,0,0,0,0,0,0,0,0,0,0,0,1,0,0,0,0,165,196,206,204,207,224,216,203,168,142,123,59,0,0,0,0,0,0,0,0,0,0,0,1,1,0,0,94,166,125,158,162,155,166,178,195,193,163,153,125,0,0,0,0,0,0,0,0,0,0,0,1,0,0,14,174,205,189,156,167,167,167,152,138,145,157,170,214,34,0,0,0,0,0,0,0,0,0,3,0,0,41,183,187,189,195,203,154,152,163,152,167,183,189,169,174,120,0,0,1,5,4,4,4,4,0,0,0,91,204,185,186,195,194,188,162,168,167,174,171,162,158,160,160,176,0,1,0,0,0,0,0,0,0,5,133,207,180,173,149,166,177,180,162,167,158,152,155,157,161,164,160,192,21,0,0,53,79,86,72,84,101,113,155,158,167,177,183,171,176,175,160,169,156,156,160,151,153,158,156,198,23,0,165,137,76,84,98,90,50,90,153,183,198,205,207,196,192,173,161,168,166,168,162,158,160,162,166,181,2,60,202,186,157,121,91,79,84,173,181,185,197,204,200,201,184,164,171,168,158,167,163,162,157,155,161,164,0,105,205,202,196,190,189,187,185,180,187,186,199,196,194,187,157,150,160,136,148,168,180,183,183,187,188,231,39,0,17,154,186,205,204,195,190,187,179,181,180,166,149,151,173,195,206,247,249,201,204,190,190,190,187,198,50,0,0,0,0,80,163,231,253,240,217,205,202,209,229,255,237,202,187,120,123,211,201,229,234,237,192,213,33,2,1,0,0,0,0,0,28,87,137,158,158,141,80,44,0,0,0,0,27,219,128,115,76,44,26,0,0,0,0,0,0,0,0,0,0,0,0,0,0,0,0,0,0,0,0,0,0,0,0,0,0,0,0,0,0,0,0,0,0,0,0,0,0,0,0,0,0,0,0,0,0,0,0,0,0,0,0,0,0,0,0,0,0,6
0,0,0,0,0,0,0,0,0,0,0,0,0,0,0,0,0,0,0,0,0,0,0,0,0,0,0,0,0,0,0,0,0,0,0,0,0,0,0,0,0,0,0,0,0,0,0,0,0,0,0,0,0,0,0,0,0,0,0,0,0,0,0,0,0,0,0,0,0,0,0,0,0,0,0,0,0,0,0,0,0,0,0,0,0,0,0,0,0,0,0,0,0,0,0,0,0,0,0,3,2,2,0,0,0,0,149,235,0,0,2,0,0,0,0,0,0,0,0,0,0,1,0,0,3,6,0,0,0,0,0,0,0,215,249,239,33,0,2,0,0,0,0,0,0,0,0,0,0,1,0,1,0,0,0,0,37,115,154,197,238,249,229,229,130,0,0,0,0,0,0,0,0,0,0,0,0,0,1,0,15,103,170,226,251,255,255,255,218,203,231,239,201,0,0,0,0,0,0,0,0,0,0,0,0,0,7,0,152,255,247,210,168,154,124,60,0,0,255,234,231,17,0,1,0,0,0,0,0,0,0,0,0,2,4,0,30,136,41,0,0,0,0,0,0,0,229,237,243,218,0,0,0,0,0,0,0,0,0,0,0,0,0,2,0,0,0,0,0,0,2,5,0,0,186,246,222,255,98,0,0,0,0,0,0,0,0,0,0,2,0,0,5,8,5,3,1,0,0,1,0,0,169,245,226,236,253,0,0,0,0,0,0,0,0,0,0,2,0,1,3,0,0,0,0,0,0,1,0,0,185,244,229,228,255,66,0,0,0,0,0,0,0,0,1,3,1,2,0,0,4,0,0,0,0,1,0,0,210,243,230,224,251,162,0,0,0,0,0,0,0,0,0,1,0,0,26,0,0,0,0,0,0,0,0,0,252,237,227,228,255,165,0,0,0,0,0,0,0,0,0,6,0,57,215,152,0,0,0,0,0,3,0,0,255,237,228,225,255,63,0,0,0,0,0,0,0,0,0,8,0,110,232,220,200,16,0,0,0,0,0,15,227,241,233,234,255,39,0,0,0,0,0,0,0,0,0,1,0,0,142,239,222,208,33,0,0,0,163,255,253,236,235,229,255,41,0,0,0,0,2,2,0,0,0,1,0,0,0,134,244,229,220,16,0,255,255,198,250,232,234,227,255,18,0,0,0,0,0,0,3,15,2,2,0,0,0,0,88,226,251,184,223,255,0,80,255,227,235,231,255,11,0,0,0,0,0,1,0,0,0,0,0,0,0,0,0,0,181,255,215,0,0,96,255,227,235,232,255,1,0,0,0,0,3,0,11,147,50,0,3,0,0,0,0,0,213,215,0,0,0,85,255,228,235,234,255,0,0,0,0,0,8,0,88,255,146,0,5,0,1,0,0,254,255,0,0,8,0,83,255,225,231,236,255,0,4,7,10,4,8,0,81,235,183,0,0,1,0,0,149,238,0,0,0,3,0,68,255,232,233,237,255,0,0,0,0,0,0,0,65,249,221,8,0,0,0,109,253,52,0,0,0,3,0,58,245,232,233,236,255,0,88,137,135,135,176,93,0,145,251,105,0,59,162,254,111,0,7,0,0,3,0,41,238,229,230,236,252,0,82,152,169,182,189,255,223,207,226,219,255,213,192,76,0,0,1,0,0,5,0,21,255,241,241,247,255,0,0,0,0,0,0,0,0,0,0,0,0,0,0,0,0,0,0,0,0,1,0,0,91,93,77,77,61,0,0,0,0,0,0,0,0,0,0,0,0,0,0,0,0,0,0,0,0,0,0,0,0,0,0,0,0,0,6
0,0,0,0,0,0,0,0,0,0,0,0,0,0,0,0,0,0,0,0,0,0,0,0,0,0,0,0,0,0,0,0,0,0,0,0,0,0,0,0,0,0,0,0,0,0,0,0,0,0,0,0,0,0,0,0,0,0,0,0,0,0,0,0,0,0,0,0,0,0,0,0,0,0,0,0,0,0,0,0,0,0,0,0,0,0,0,0,0,0,0,0,0,0,0,0,0,0,5,0,102,110,0,0,4,0,0,1,1,0,0,0,0,0,0,0,0,0,0,0,0,0,0,0,0,1,2,0,155,204,145,0,0,0,0,0,0,0,0,0,0,0,0,0,0,0,0,0,0,0,0,0,0,4,0,2,139,166,179,142,166,50,0,10,0,0,0,0,0,0,0,0,0,0,0,0,0,0,0,0,0,4,0,34,185,190,191,206,210,191,214,218,179,164,162,74,0,0,0,0,0,0,0,0,0,0,0,0,0,0,0,112,214,193,188,190,193,185,192,193,199,193,213,135,0,0,0,0,0,0,0,0,0,0,0,0,0,0,0,155,206,191,197,194,193,179,203,192,182,172,185,50,0,0,0,0,0,0,0,0,0,0,0,0,0,0,0,172,197,188,198,200,190,203,205,188,187,191,203,0,0,0,0,0,0,0,0,0,0,0,0,0,0,0,11,185,155,166,197,187,192,193,197,185,182,192,179,0,0,0,0,0,0,0,0,0,0,0,0,1,0,34,203,192,208,195,192,190,197,198,198,191,182,175,255,9,0,0,0,0,0,0,0,0,0,0,0,2,0,81,230,174,182,182,197,200,199,198,194,192,177,181,229,0,0,0,0,0,0,0,1,1,1,1,0,0,0,115,220,201,172,194,187,194,197,185,184,182,178,186,146,0,0,0,0,0,0,1,1,1,0,0,0,0,139,229,179,157,184,194,184,182,185,187,193,192,178,181,167,0,0,0,1,0,0,0,0,1,0,0,1,179,182,190,191,190,199,195,182,190,195,187,188,200,193,182,178,0,0,0,0,1,1,2,2,2,0,55,148,178,186,138,166,180,190,200,207,194,185,171,178,184,174,171,185,4,1,2,0,0,0,0,0,0,0,107,194,161,172,182,148,106,108,102,90,102,121,126,147,167,181,175,199,21,0,0,0,0,0,10,53,99,126,161,155,175,198,191,200,212,199,180,165,151,147,159,179,181,187,162,199,37,0,61,99,119,139,160,139,86,3,62,141,141,148,149,155,157,164,174,173,185,191,193,199,192,178,162,197,43,44,174,114,59,35,23,10,9,47,68,70,83,79,108,161,167,155,178,190,182,177,184,173,167,166,159,188,27,118,157,171,186,206,161,113,109,138,192,175,171,184,165,167,182,187,184,188,191,207,193,194,192,197,190,221,50,109,115,127,140,158,180,213,188,174,190,217,207,203,197,186,180,174,166,162,165,172,152,149,142,148,135,171,42,100,212,158,138,132,122,103,118,129,125,126,116,126,122,118,119,120,119,126,120,116,122,126,126,133,115,152,40,0,23,103,175,192,208,207,187,181,161,155,154,153,160,166,175,179,171,159,148,145,146,157,158,157,173,193,44,0,0,0,0,0,16,54,60,110,121,127,133,129,128,94,63,57,76,154,140,141,148,151,146,134,134,74,0,0,0,0,0,0,0,0,0,0,0,0,0,0,0,0,0,0,0,0,0,0,0,0,0,0,0,0,0,0,0,0,0,0,0,0,0,0,0,0,0,0,0,0,0,0,0,0,0,0,0,0,0,0,0,0,0,6
0,0,0,0,0,0,0,0,0,0,0,0,0,0,0,0,0,0,0,0,0,0,0,0,0,0,0,0,0,0,0,0,0,0,0,0,0,0,0,0,0,0,0,0,0,0,0,0,0,0,0,0,0,0,0,0,0,0,0,0,0,0,0,0,0,0,0,0,0,0,0,0,0,0,0,0,0,0,0,0,0,0,0,0,0,0,0,0,0,0,0,0,0,0,2,0,0,122,131,146,149,178,108,57,15,24,38,48,44,101,23,0,0,0,0,0,0,0,0,0,0,0,1,0,0,163,153,117,102,131,159,219,164,190,153,167,129,158,40,0,0,0,0,0,0,0,0,0,0,0,1,0,0,156,142,133,131,130,154,163,83,140,146,148,114,139,31,0,0,0,0,0,0,0,0,0,0,0,1,0,0,154,134,139,107,108,138,139,62,157,183,154,139,155,23,0,0,0,0,0,0,0,0,0,0,0,2,0,0,161,128,122,121,103,128,143,160,107,196,164,104,164,117,0,0,0,0,0,0,0,0,0,0,0,6,0,29,173,96,111,131,146,172,176,189,53,152,143,29,157,142,0,0,0,0,0,0,0,0,0,0,1,4,0,139,179,117,128,131,158,160,168,183,70,190,146,54,200,70,0,0,0,0,0,0,0,0,0,1,0,0,0,161,176,117,133,163,143,182,186,162,147,179,142,143,170,117,0,0,0,0,0,0,0,0,0,0,0,0,0,158,176,117,127,180,55,128,153,122,80,180,142,131,129,205,0,0,0,0,0,0,0,0,0,0,7,0,0,194,185,137,164,177,54,159,188,93,74,200,154,165,130,215,78,0,0,0,0,0,0,0,0,0,6,0,66,218,148,105,145,162,160,187,215,112,144,170,164,192,151,171,170,0,0,0,0,0,0,0,0,0,0,0,173,210,109,121,142,142,122,128,186,155,186,174,186,171,118,130,185,0,0,0,0,0,0,0,0,2,0,45,209,180,95,129,128,160,157,140,171,170,145,152,165,155,116,162,148,0,0,0,0,0,0,0,1,0,0,201,210,163,108,124,129,141,129,144,175,173,147,162,184,188,172,224,94,0,2,7,2,3,0,0,0,0,176,212,188,163,120,134,129,135,129,116,144,171,165,193,226,228,191,210,66,0,0,0,0,0,0,0,16,189,212,190,184,159,120,129,124,177,163,158,158,209,237,201,181,183,145,190,50,0,0,104,146,165,170,194,203,211,191,192,161,118,126,124,150,215,147,179,250,184,162,168,129,185,143,197,47,0,187,243,240,232,221,212,196,184,186,166,132,120,164,168,167,173,154,250,136,0,91,218,129,195,159,210,43,61,236,182,171,175,180,178,193,187,176,149,151,175,182,187,191,193,202,78,0,0,119,217,127,202,165,204,29,162,226,184,154,128,121,118,122,126,152,176,184,181,183,191,212,207,52,0,1,0,77,189,148,176,161,195,8,183,229,204,195,185,198,185,174,187,195,194,178,186,188,204,189,16,0,0,1,0,63,190,142,160,159,168,4,0,86,170,183,240,230,229,235,242,224,219,230,242,197,255,39,0,6,0,5,0,38,210,180,196,187,237,9,0,0,0,0,5,20,52,136,114,139,210,199,86,156,16,0,0,0,0,5,0,0,110,81,71,31,20,0,0,0,0,0,0,0,0,0,0,0,0,0,0,0,0,0,0,0,0,0,0,0,0,0,0,0,0,0,0,0,0,0,0,0,0,0,0,0,0,0,0,0,0,0,0,0,0,0,0,0,0,0,0,0,0,0,6
0,0,0,0,0,0,0,0,0,0,0,0,0,0,0,0,0,0,0,0,0,0,0,0,0,0,0,0,0,0,0,0,0,0,0,0,0,0,0,0,0,0,0,0,0,0,0,0,0,0,0,0,0,0,0,0,0,0,0,0,0,0,0,0,0,0,0,0,2,0,0,89,81,80,93,101,91,17,16,7,0,0,178,84,0,0,0,0,0,0,0,0,0,0,0,0,3,0,0,255,229,224,253,255,255,253,255,255,248,197,253,25,0,0,0,0,0,0,0,0,0,0,0,0,2,0,0,179,211,211,209,204,202,213,219,223,217,204,208,0,0,0,0,0,0,0,0,0,0,0,0,0,2,0,0,205,216,220,226,221,219,227,231,223,219,208,185,0,0,0,0,0,0,0,0,0,0,0,0,0,1,0,0,196,216,216,214,226,161,161,227,211,208,218,152,0,0,0,0,0,0,0,0,0,0,0,0,0,1,0,0,183,214,199,189,184,212,233,235,198,200,225,89,0,0,0,0,0,0,0,0,0,0,0,0,0,0,0,0,169,214,212,227,203,166,177,221,208,207,232,0,0,0,0,0,0,0,0,0,0,0,0,0,0,0,0,0,144,215,208,228,235,172,131,207,213,215,108,0,1,0,0,0,0,0,0,0,0,0,0,0,0,0,1,0,124,214,206,228,223,244,239,237,220,221,4,0,0,0,0,0,0,0,0,0,0,0,0,0,0,0,4,0,108,239,192,218,224,207,206,213,226,153,0,0,0,0,0,0,0,0,0,0,0,0,0,0,0,0,5,0,68,230,203,227,230,240,230,212,224,178,0,0,0,0,0,0,0,0,0,0,0,0,0,0,0,1,0,0,150,255,222,225,225,227,227,213,213,255,29,0,2,0,0,0,0,0,0,0,0,0,0,0,1,0,0,9,173,183,179,201,191,208,233,220,207,224,110,0,0,0,0,0,0,0,0,0,0,0,0,3,0,3,39,43,231,211,222,219,220,228,210,206,205,206,202,0,0,0,0,0,1,1,0,1,0,0,4,0,0,23,46,214,248,214,212,212,217,220,224,234,218,196,222,60,0,0,2,1,0,0,0,5,2,0,0,25,104,164,234,67,75,172,211,216,219,229,228,196,198,201,215,155,0,1,0,0,0,0,0,0,0,0,0,176,216,165,123,171,172,201,216,214,219,218,196,214,223,213,205,203,0,0,0,119,200,229,155,59,60,118,240,108,136,170,160,241,247,236,222,227,230,221,238,222,178,203,203,214,0,0,88,207,98,125,207,208,234,225,215,202,211,222,209,173,169,190,200,203,185,149,130,141,196,234,196,216,0,43,200,204,202,149,180,190,171,125,146,177,184,192,219,218,218,224,207,193,165,189,206,217,228,197,188,215,1,0,139,202,216,224,219,221,197,177,175,179,180,168,170,208,214,196,190,186,192,208,209,194,187,195,202,228,0,0,0,38,155,198,223,228,227,218,212,199,194,202,214,220,220,225,228,233,225,213,217,215,209,209,202,207,0,2,0,0,0,4,104,180,236,254,255,255,255,255,255,254,242,217,191,140,172,255,233,237,241,217,208,238,2,0,1,1,0,0,0,0,0,41,63,79,89,78,56,27,0,0,0,0,0,149,112,122,129,113,95,64,0,0,0,0,0,0,0,0,0,0,0,0,0,0,0,0,0,0,0,0,0,0,0,0,0,0,0,0,0,0,0,0,0,0,0,0,0,0,0,0,0,0,0,0,0,0,0,0,0,0,0,0,0,0,0,0,0,6
0,0,0,0,0,0,0,0,0,0,0,0,0,0,0,0,0,0,0,0,0,0,0,0,0,0,0,0,4,4,4,4,4,4,4,4,4,4,4,3,7,0,2,115,44,40,29,0,0,0,5,5,5,4,4,3,4,4,4,4,4,4,4,4,4,5,5,4,10,0,45,199,181,223,228,209,112,0,0,0,0,9,7,3,4,4,4,4,4,4,4,4,4,5,4,4,6,0,77,182,178,187,179,180,167,0,0,0,0,0,0,8,4,4,4,4,4,4,4,4,4,5,5,3,6,0,114,199,194,210,206,203,211,207,226,214,170,176,70,0,4,4,4,4,4,4,4,4,4,5,5,5,0,0,149,186,184,206,194,208,213,226,219,219,216,237,103,0,4,4,4,4,4,4,4,4,5,3,7,10,0,64,231,190,185,191,207,202,190,214,215,212,209,223,46,0,4,4,4,4,4,4,4,5,2,7,4,6,0,123,191,170,194,203,200,219,203,212,222,214,216,219,31,0,4,4,4,4,4,4,4,4,4,6,2,2,0,159,178,172,204,215,195,200,227,223,214,218,212,248,14,0,4,4,4,4,4,4,4,4,5,2,12,0,11,193,181,215,214,188,191,190,184,208,220,209,209,251,7,0,4,4,4,4,4,4,4,4,5,5,8,0,0,205,189,203,121,228,223,196,221,197,204,223,204,217,59,0,4,4,4,4,4,4,4,5,4,6,7,0,47,228,216,168,208,185,170,177,208,223,198,203,208,217,148,0,4,4,4,4,4,4,4,5,4,0,1,0,169,175,199,187,204,207,175,206,213,215,207,196,203,209,223,0,4,4,4,4,4,4,4,5,2,14,0,19,206,179,175,196,182,184,207,227,232,224,181,212,205,198,247,35,4,4,4,4,4,3,4,3,5,1,0,151,209,175,180,201,227,186,179,189,180,177,212,231,195,175,232,71,4,4,4,4,4,4,2,4,5,0,41,211,159,167,189,185,206,244,232,204,208,235,230,193,199,203,232,66,4,4,4,4,2,7,4,3,0,0,178,181,164,187,193,196,203,211,230,237,238,224,207,206,220,194,227,46,4,4,4,3,6,5,5,0,0,142,190,168,190,193,192,205,211,196,202,204,198,189,213,212,205,188,247,50,4,3,5,8,5,0,0,0,114,194,171,189,190,189,196,203,210,205,201,203,220,213,212,207,206,192,239,58,6,8,0,0,0,0,31,167,197,170,182,191,196,197,197,205,202,203,233,254,198,224,206,208,201,201,237,57,0,0,0,27,77,151,209,188,164,180,186,193,196,205,204,204,217,255,234,21,25,246,202,200,200,200,241,65,0,78,174,174,175,176,181,168,185,187,190,200,201,202,203,225,255,94,0,0,75,247,194,200,200,203,240,67,86,183,177,174,172,183,189,188,190,193,196,204,202,206,229,197,0,0,0,0,108,210,195,201,202,200,205,65,85,203,205,212,220,222,216,219,219,214,213,220,222,218,113,0,0,2,6,0,147,233,212,220,223,216,230,106,0,29,48,64,82,96,111,127,135,144,155,138,107,10,0,0,3,7,7,0,49,162,143,144,140,136,126,29,0,0,0,0,0,0,0,0,0,0,0,0,0,0,5,6,7,7,0,8,0,0,0,0,0,0,0,0,9,6,9,14,8,9,8,9,8,6,7,6,10,10,5,2,6,2,6,4,9,14,9,6,7,5,13,9,5,3,5,5,5,4,4,3,4,2,4,3,6,5,1,6,5,4,7,4,3,3,4,1,4,5,0,6,6
0,0,0,0,0,0,0,0,0,0,0,0,0,0,0,0,0,0,0,0,0,0,0,0,0,0,0,0,0,0,0,0,0,0,0,0,0,0,0,0,0,0,0,0,0,0,0,0,0,0,0,0,0,0,0,0,0,0,0,0,0,0,0,0,0,0,0,0,0,0,0,0,0,0,0,0,0,0,0,0,0,0,0,0,0,0,0,0,0,0,0,0,0,0,0,0,0,0,0,0,0,0,0,0,0,0,0,0,0,0,0,0,0,0,0,0,0,0,0,0,0,0,0,0,0,0,0,0,0,0,0,0,8,19,12,0,0,0,0,0,0,0,0,0,0,0,0,0,0,0,0,0,0,0,0,114,200,222,253,255,255,255,255,255,238,183,48,0,0,0,0,0,0,0,0,0,0,0,0,0,1,0,0,194,218,202,204,214,226,202,216,230,240,255,124,0,0,0,0,0,0,0,0,0,0,0,0,0,0,0,0,198,216,215,220,206,217,238,208,200,215,234,42,0,0,0,0,0,0,0,0,0,0,0,0,0,1,0,29,250,217,199,224,176,156,189,222,224,216,235,64,0,0,0,0,0,0,0,0,0,0,0,0,0,0,0,166,201,146,180,188,163,203,160,195,180,183,237,126,0,0,0,0,0,0,0,0,0,0,0,0,0,0,0,189,199,184,212,211,165,217,201,191,182,174,223,187,0,0,0,0,0,0,0,0,0,0,0,0,0,0,0,236,223,230,255,240,152,161,141,209,202,181,243,70,0,0,0,0,0,0,0,0,0,0,4,0,0,0,138,236,210,136,153,228,253,211,238,255,230,246,225,215,0,0,0,0,0,0,0,0,0,0,1,0,32,255,234,230,234,217,169,139,218,237,207,180,166,202,164,230,36,0,0,0,0,0,0,0,0,0,0,0,118,207,221,228,238,235,225,205,201,191,150,139,160,192,207,254,0,0,0,0,0,0,0,0,0,2,0,70,195,166,211,221,230,239,228,229,236,181,172,186,208,213,239,255,0,1,0,1,3,3,3,4,0,0,8,255,233,168,120,152,164,166,157,192,232,206,225,230,225,216,228,255,72,0,1,0,0,0,0,0,0,0,213,149,133,166,138,138,154,143,147,199,227,215,227,205,222,237,222,255,122,0,0,3,50,35,34,66,158,246,251,209,138,124,142,171,207,238,254,237,213,195,188,212,247,245,236,255,120,0,143,213,220,255,255,255,251,214,203,235,235,180,193,245,249,225,202,190,188,201,225,244,237,222,211,255,75,78,242,215,220,215,215,211,205,215,224,219,224,247,248,200,182,184,189,232,255,230,196,181,171,175,172,219,52,69,196,222,230,222,222,224,222,222,226,231,231,234,239,231,217,250,255,221,92,136,198,180,187,186,180,228,48,0,16,134,186,233,244,251,227,227,225,228,230,231,229,255,238,144,34,0,0,98,237,181,191,195,191,254,51,0,0,0,0,15,43,94,140,163,193,193,203,211,170,109,0,0,0,0,0,55,255,233,230,221,209,223,55,1,0,0,0,0,0,0,0,0,0,0,0,0,0,0,0,1,3,0,0,0,26,9,0,0,0,0,0,0,0,0,0,0,0,0,0,0,0,0,0,0,0,0,0,0,0,0,0,0,0,0,0,0,0,0,0,0,0,0,0,0,0,0,0,0,0,0,0,0,0,0,0,0,0,0,0,0,0,0,0,0,0,0,0,0,0,0,0,0,0,0,0,0,0,0,0,0,0,0,0,0,0,0,0,0,0,0,0,0,0,0,0,6
0,0,0,0,0,0,0,0,0,0,0,0,0,0,0,0,0,0,0,0,0,0,0,0,0,0,0,0,0,0,0,0,0,0,0,0,0,0,0,0,0,0,0,0,0,0,0,0,0,0,0,0,0,0,0,0,0,0,0,0,0,0,0,0,0,0,0,0,0,0,0,0,0,0,0,0,0,0,0,0,0,0,0,0,0,0,0,0,0,0,0,0,0,0,0,0,0,0,0,0,0,0,0,0,0,0,0,0,0,0,0,0,0,0,0,0,0,0,0,0,0,0,0,0,0,0,0,0,0,0,0,0,0,0,0,0,0,0,0,0,0,0,0,0,0,0,0,0,0,0,2,0,33,166,63,7,0,0,0,0,0,0,0,0,0,0,0,0,0,0,0,0,0,0,0,0,0,0,0,0,158,241,224,255,219,167,78,63,59,42,70,140,211,171,0,0,0,0,0,0,0,0,0,0,0,1,0,0,245,218,213,219,236,255,255,255,255,255,255,243,236,230,25,0,0,0,0,0,0,0,0,0,0,5,0,28,255,219,222,224,217,209,217,224,221,223,225,223,211,241,152,0,0,0,0,0,0,0,0,0,0,3,0,128,255,212,222,227,229,230,231,233,236,236,238,225,226,235,202,0,0,0,0,0,0,0,0,0,0,0,0,221,237,215,225,228,231,234,234,234,238,237,225,224,222,226,255,0,0,0,0,0,0,0,0,0,0,0,24,255,220,225,226,227,231,234,231,228,231,226,230,229,220,211,255,130,0,0,0,0,0,0,3,0,0,0,157,255,222,230,227,229,233,231,229,230,227,227,228,224,231,219,255,102,0,0,0,0,2,0,0,0,0,7,255,230,228,234,231,234,236,232,228,235,230,225,225,225,224,219,255,53,0,0,0,0,3,2,0,0,0,149,255,223,229,232,231,233,232,227,227,235,232,225,221,229,228,235,255,64,0,0,0,0,0,0,2,0,15,255,227,228,228,230,231,233,230,223,226,228,226,232,240,250,253,241,194,0,0,1,5,2,0,6,0,0,213,255,229,232,231,234,230,235,229,225,219,237,255,246,220,186,142,199,92,0,0,0,0,0,0,0,0,147,255,223,233,234,232,227,236,236,221,231,255,222,163,150,152,170,181,251,80,0,0,0,39,92,95,100,176,255,226,229,232,233,232,236,222,229,255,255,150,124,188,185,205,204,185,246,40,0,0,161,240,232,228,255,255,223,233,230,232,232,230,224,235,255,199,60,0,82,243,188,193,195,184,237,17,0,49,249,222,221,226,224,223,226,224,226,229,234,234,240,247,112,0,0,0,84,233,191,204,190,190,219,0,0,104,230,239,243,238,238,236,235,242,241,239,236,245,191,47,0,0,0,0,56,237,189,197,183,198,174,0,0,0,70,156,191,214,221,235,241,241,234,221,169,99,0,0,0,0,2,0,53,253,208,232,218,249,142,0,0,0,0,0,0,9,8,13,21,26,21,10,0,0,0,0,0,0,1,0,23,147,111,102,88,77,21,0,0,0,0,0,0,0,0,0,0,0,0,0,0,0,0,0,0,0,0,0,0,0,0,0,0,0,0,0,0,0,0,0,0,0,0,0,0,0,0,0,0,0,0,0,0,0,0,0,0,0,0,0,0,0,0,0,0,0,0,0,0,0,0,0,0,0,0,0,0,0,0,0,0,0,0,0,0,0,0,0,0,0,0,0,0,0,0,0,0,0,0,0,0,0,0,0,0,0,0,0,0,0,0,0,0,0,0,0,0,0,0,0,0,6
0,0,0,0,0,0,0,0,0,0,0,0,0,0,0,0,0,0,0,0,0,0,0,0,0,0,0,0,0,0,0,0,0,0,0,0,0,0,0,0,0,0,0,0,0,0,0,0,0,0,0,0,0,0,0,0,0,0,0,0,0,0,0,0,0,0,0,0,0,0,0,0,0,0,0,0,0,0,0,0,0,0,0,0,0,0,0,0,0,0,0,0,0,0,0,0,0,0,0,0,0,0,0,0,0,0,0,0,0,0,0,0,0,0,0,0,0,0,0,0,0,0,0,0,0,0,0,0,0,0,0,0,0,0,0,0,0,0,0,0,0,0,0,0,0,0,0,0,0,0,0,0,0,0,0,0,0,0,0,0,0,0,0,0,0,0,0,0,0,0,0,0,0,0,0,0,0,0,0,0,0,0,0,0,0,0,0,1,1,2,3,6,0,15,18,0,0,0,0,0,0,0,0,0,0,0,0,0,0,0,0,0,40,23,0,0,0,0,0,0,0,110,113,0,0,0,0,0,0,0,0,0,0,0,0,0,0,0,0,0,222,237,194,44,0,1,11,35,31,176,104,0,0,0,0,0,0,0,0,0,0,0,0,0,4,0,44,255,238,226,254,255,238,255,255,251,248,255,165,0,0,0,0,0,0,0,0,0,0,0,0,0,0,0,180,246,226,235,244,181,216,202,228,239,235,244,211,0,0,0,0,0,0,0,0,0,0,0,0,1,0,0,252,233,233,230,255,172,215,221,243,247,229,235,255,36,0,0,0,0,0,0,0,0,0,2,1,0,0,186,255,213,227,227,241,244,227,221,243,242,241,237,255,11,0,0,0,0,0,0,0,3,4,2,0,0,171,255,216,231,229,240,231,242,249,251,237,241,241,242,255,0,0,1,3,4,2,1,0,0,0,0,19,218,255,224,233,229,239,231,230,238,239,240,245,244,243,232,255,94,0,0,0,0,0,0,0,0,55,182,255,255,218,234,235,234,228,236,251,250,248,244,244,239,242,234,255,171,0,0,0,5,58,124,189,245,255,255,228,216,236,233,235,228,243,247,243,246,241,248,238,240,242,239,253,207,0,184,217,231,237,239,235,228,227,225,234,237,234,241,238,240,244,246,245,237,246,240,235,239,237,237,255,210,85,255,230,222,226,221,223,226,232,238,239,235,237,232,232,236,234,235,244,255,252,245,254,251,249,241,255,141,38,173,232,247,241,241,233,228,230,226,229,228,232,233,240,251,255,255,255,243,243,216,215,222,213,194,213,95,0,0,26,120,203,241,255,255,255,255,255,255,255,255,255,227,145,51,0,0,139,255,252,255,255,250,255,137,0,0,0,0,0,0,20,50,69,76,72,62,55,48,0,0,0,0,0,0,0,74,44,48,43,25,14,0,0,0,0,0,0,0,0,0,0,0,0,0,0,0,0,0,0,0,0,0,0,0,0,0,0,0,0,0,0,0,0,0,0,0,0,0,0,0,0,0,0,0,0,0,0,0,0,0,0,0,0,0,0,0,0,0,0,0,0,0,0,0,0,0,0,0,0,0,0,0,0,0,0,0,0,0,0,0,0,0,0,0,0,0,0,0,0,0,0,0,0,0,0,0,0,0,0,0,0,0,0,0,0,0,0,0,0,0,0,0,0,0,0,0,0,0,0,0,0,0,0,0,0,0,0,0,0,0,0,0,0,0,0,0,0,0,0,0,0,0,0,0,0,0,0,0,0,0,0,0,0,0,0,0,0,0,0,0,0,0,0,0,0,0,0,0,0,0,6
0,0,0,0,0,0,0,0,0,0,0,0,0,0,0,0,0,0,0,0,0,0,0,0,0,0,0,0,0,0,0,0,0,0,0,0,0,0,0,0,0,0,0,0,0,0,0,0,0,0,0,0,0,0,0,0,0,0,0,0,0,0,0,0,0,0,0,0,0,0,0,0,0,0,0,0,0,0,0,0,0,0,0,0,0,0,0,0,0,0,0,0,0,0,0,0,0,0,0,0,0,0,0,0,0,0,0,0,0,0,0,0,0,0,0,0,0,0,0,0,0,0,0,0,0,0,0,0,0,0,0,0,0,0,0,0,0,0,195,118,0,0,0,0,0,0,0,0,0,0,0,0,0,0,0,0,0,0,0,0,0,6,0,0,0,0,157,3,0,0,0,0,0,0,0,0,0,0,0,0,0,1,0,0,143,198,221,254,255,255,255,255,220,255,61,0,0,0,0,0,0,0,0,0,0,0,0,0,0,2,0,0,235,249,235,236,233,233,237,241,244,229,0,0,0,0,0,0,0,0,0,0,0,0,0,0,0,2,0,0,175,236,223,227,228,232,236,233,244,201,0,0,0,0,0,0,0,0,0,0,0,0,0,0,0,0,0,0,209,245,222,229,227,232,239,224,246,182,0,0,0,0,0,0,0,0,0,0,0,0,0,0,0,0,0,0,242,239,226,234,237,237,230,224,255,175,0,0,0,0,0,0,0,0,0,0,1,2,0,1,0,0,0,201,255,220,239,227,216,228,241,227,255,201,0,0,0,0,0,0,0,0,0,0,0,1,0,1,0,0,105,255,213,224,221,180,218,200,228,219,220,255,10,0,0,0,0,0,0,0,0,0,0,0,0,0,0,0,249,234,227,221,230,210,216,217,236,221,222,255,36,0,0,0,0,0,0,0,0,0,1,1,0,4,0,69,255,215,211,236,240,231,244,243,242,243,225,255,113,0,0,0,0,0,0,1,0,0,0,0,0,0,18,255,233,223,237,197,206,248,230,224,224,229,221,232,236,0,1,0,0,0,1,1,0,0,0,8,0,0,236,254,216,235,216,142,198,191,245,243,255,229,229,227,255,35,0,1,5,4,4,5,4,1,0,0,0,229,253,218,226,230,217,217,180,173,255,134,167,255,255,255,255,40,0,0,0,0,0,0,0,0,0,91,255,255,218,222,227,228,235,253,221,250,232,28,0,0,18,63,120,0,0,0,20,34,38,44,46,95,210,255,238,212,230,222,224,232,228,221,233,254,173,6,96,145,166,191,255,32,27,187,220,228,230,234,240,255,250,212,216,226,224,233,224,223,225,238,255,254,248,247,243,228,215,194,212,0,106,255,232,231,225,220,216,218,221,224,220,217,220,218,224,251,255,254,135,0,64,213,179,181,185,191,197,0,22,107,171,222,255,255,255,255,255,250,248,249,252,255,255,238,108,0,0,0,121,255,215,225,214,246,189,0,0,0,0,0,1,27,67,113,141,165,167,166,170,124,51,0,0,0,0,0,23,140,120,113,104,120,73,0,0,0,0,0,0,0,0,0,0,0,0,0,0,0,0,0,0,0,0,0,0,0,0,0,0,0,0,0,0,0,0,0,0,0,0,0,0,0,0,0,0,0,0,0,0,0,0,0,0,0,0,0,0,0,0,0,0,0,0,0,0,0,0,0,0,0,0,0,0,0,0,0,0,0,0,0,0,0,0,0,0,0,0,0,0,0,0,0,0,0,0,0,0,0,0,0,0,0,0,0,0,0,0,0,0,0,0,0,0,0,0,0,6
0,0,0,0,0,0,0,0,0,0,0,0,0,0,0,0,0,0,0,0,0,0,0,0,0,0,0,0,0,0,0,0,0,0,0,0,0,0,0,0,0,0,0,0,0,0,0,0,0,0,0,0,0,0,0,0,0,0,0,0,0,0,0,0,0,0,0,0,0,0,0,0,0,0,0,0,0,0,0,0,0,0,0,0,0,0,0,0,0,0,0,0,0,0,0,0,0,0,0,0,0,0,0,0,0,0,0,0,0,0,0,0,0,0,0,0,0,0,0,0,0,0,0,0,0,0,0,0,0,0,0,0,0,0,0,0,0,0,0,0,0,0,0,0,0,0,0,0,0,0,0,0,0,0,0,0,0,0,0,0,2,3,0,0,0,30,53,0,0,0,0,0,0,0,0,0,0,0,0,0,0,6,0,68,207,172,15,0,0,0,0,0,0,52,146,0,0,0,0,0,0,0,0,0,0,6,0,0,0,0,0,150,177,172,197,172,48,13,0,76,167,167,54,0,0,0,0,0,0,0,0,0,0,1,1,0,1,0,14,195,167,179,215,229,235,230,255,210,205,211,35,0,0,0,0,0,0,0,0,0,0,0,2,1,0,0,111,199,159,203,218,218,220,228,228,197,190,198,31,0,0,0,0,0,0,0,0,0,0,1,0,0,0,72,187,164,191,230,221,228,223,229,227,190,195,229,17,0,0,0,0,0,0,0,0,0,1,0,0,0,81,233,198,189,193,230,237,237,243,250,227,196,194,232,18,0,0,0,0,0,0,1,1,0,0,3,0,0,152,185,190,218,235,206,204,208,215,215,219,214,214,221,104,0,0,0,0,0,0,1,0,0,4,0,0,73,203,120,112,215,235,255,253,226,217,227,202,213,157,174,206,46,0,3,0,0,4,5,6,0,0,0,88,177,182,176,180,164,87,166,187,183,233,166,134,202,167,184,238,77,0,0,0,0,0,0,0,0,28,134,174,151,147,173,182,249,249,246,173,210,253,204,214,215,227,210,225,0,0,26,101,127,131,87,81,132,157,125,114,152,157,150,146,171,202,220,117,117,143,178,177,174,187,188,234,24,0,177,145,53,92,109,114,101,102,118,134,152,156,160,171,178,183,195,206,219,168,221,200,207,201,190,218,11,57,190,182,155,85,96,120,127,150,161,163,167,182,196,200,193,183,182,186,240,229,185,195,196,190,197,214,0,71,198,199,198,195,180,171,170,167,182,193,196,195,190,187,194,208,251,228,209,207,198,194,198,198,199,232,3,0,24,133,185,197,203,200,195,189,194,194,187,191,206,208,222,145,68,24,211,204,189,183,186,191,193,194,3,0,0,0,0,54,110,171,224,235,206,206,205,238,166,41,0,0,0,0,252,206,235,240,244,206,209,249,7,0,0,4,0,0,0,0,0,22,59,52,40,16,0,0,0,1,0,0,56,29,34,27,32,32,37,31,0,0,0,0,0,0,0,0,0,0,0,0,0,0,0,0,0,0,0,0,0,0,0,0,0,0,0,0,0,0,0,0,0,0,0,0,0,0,0,0,0,0,0,0,0,0,0,0,0,0,0,0,0,0,0,0,0,0,0,0,0,0,0,0,0,0,0,0,0,0,0,0,0,0,0,0,0,0,0,0,0,0,0,0,0,0,0,0,0,0,0,0,0,0,0,0,0,0,0,0,0,0,0,0,0,0,0,0,0,0,0,0,0,0,0,0,0,0,0,0,0,0,0,0,0,0,0,0,0,0,0,0,0,0,0,0,0,0,0,0,0,6
0,0,0,0,0,0,0,0,0,0,0,0,0,0,0,0,0,0,0,0,0,0,0,0,0,0,0,0,0,0,0,0,0,0,0,0,0,0,0,0,0,0,0,0,0,0,0,0,0,0,0,0,0,0,0,0,0,0,0,0,0,0,0,0,0,0,0,0,0,0,0,0,0,0,0,0,0,0,0,0,0,0,0,0,0,0,0,0,0,0,0,0,0,0,0,0,0,0,0,0,0,0,0,0,0,0,0,0,83,106,0,4,0,0,0,0,0,0,0,0,0,0,1,0,0,51,76,95,109,131,142,132,126,115,141,142,169,20,0,3,0,0,0,0,0,0,0,0,0,0,4,0,16,217,255,255,255,255,255,255,255,255,255,244,214,7,0,3,0,0,0,0,0,0,0,0,0,0,2,0,29,230,244,244,242,243,238,240,242,243,242,206,195,5,0,1,0,0,0,0,0,0,0,0,0,0,6,0,57,251,245,243,247,252,243,247,246,248,252,208,242,17,0,1,0,0,0,0,0,0,0,0,0,0,5,0,96,253,245,247,246,250,240,247,244,251,247,190,238,20,0,1,0,0,0,0,0,0,0,0,0,1,0,0,149,255,242,246,246,249,239,248,246,250,255,191,244,61,0,1,0,0,0,0,0,0,0,0,0,1,0,0,197,252,244,246,246,249,237,249,247,253,237,182,234,128,0,0,0,0,0,0,0,0,0,0,0,1,0,0,244,250,245,246,247,248,236,249,248,253,223,218,239,222,0,0,0,0,0,0,0,0,0,0,0,4,0,41,255,247,244,248,252,246,240,248,244,248,249,250,245,255,50,0,0,0,0,0,0,0,0,0,0,6,0,102,254,241,247,247,252,246,240,248,245,248,244,249,243,233,174,0,0,0,0,0,0,0,0,0,2,0,0,207,255,234,248,247,252,246,239,247,244,247,249,247,249,244,227,2,0,0,0,0,0,0,0,0,0,0,31,255,238,247,246,247,252,246,238,247,245,247,245,242,255,230,225,76,0,0,0,0,0,0,1,0,0,0,141,221,178,255,243,246,254,245,243,247,243,248,253,255,255,200,226,85,0,0,0,0,1,0,1,0,0,42,210,143,202,254,249,249,246,240,240,255,255,255,238,236,218,195,232,54,0,0,0,1,4,1,0,0,0,172,168,199,255,251,254,248,252,255,248,236,187,180,164,161,158,181,208,0,0,1,4,0,0,0,0,49,178,187,208,255,247,246,247,255,248,209,175,154,191,188,197,218,250,242,207,0,0,0,0,0,0,47,129,200,217,234,255,250,253,248,255,230,176,160,202,255,163,208,255,245,251,226,197,0,0,0,28,107,154,180,244,132,230,255,252,246,240,255,233,151,191,255,217,52,0,208,218,190,246,219,207,0,0,121,182,195,197,181,219,236,243,245,242,249,255,243,173,220,250,77,0,0,0,213,240,242,241,222,215,0,116,235,236,244,252,246,239,227,226,249,252,255,222,198,249,174,0,0,0,0,0,236,233,241,226,201,211,0,14,137,164,196,238,236,250,248,255,255,246,228,230,220,64,0,0,3,1,0,0,255,251,246,253,220,233,9,0,0,0,1,38,62,98,132,150,151,138,115,79,0,0,0,1,0,1,0,16,200,147,146,173,172,161,0,0,0,0,0,0,0,0,0,0,0,0,0,0,0,0,0,0,0,0,0,0,0,0,0,0,0,0,0,0,0,0,0,0,0,0,0,0,0,0,0,0,0,0,0,0,0,0,0,0,0,0,0,0,0,0,0,6
0,0,0,0,0,0,0,0,0,0,0,0,0,0,0,0,0,0,0,0,0,0,0,0,0,0,0,0,0,0,0,0,0,0,0,0,0,0,0,0,0,0,0,0,0,0,0,0,0,0,0,0,0,0,0,0,0,0,0,0,0,0,0,0,0,0,0,0,0,2,0,1,126,160,123,0,0,0,0,0,0,0,6,2,0,0,0,0,0,0,0,0,0,0,0,0,0,5,0,21,193,208,235,175,81,56,19,0,0,0,0,0,0,0,0,0,0,0,0,0,0,0,0,0,0,5,0,11,197,215,224,201,227,197,189,180,168,125,115,22,0,0,0,0,0,0,0,0,0,0,0,0,0,6,0,21,217,233,224,167,179,184,186,187,198,195,216,66,0,0,0,0,0,0,0,0,0,0,0,0,0,6,0,29,217,217,218,173,186,178,185,189,190,176,179,21,0,0,0,0,0,0,0,0,0,0,0,0,0,9,0,104,232,238,215,179,186,198,184,182,194,179,196,0,0,0,0,0,0,0,0,0,0,0,0,0,0,5,0,54,205,232,206,181,196,203,200,191,191,176,205,0,0,0,0,0,0,0,0,0,0,0,0,0,0,3,0,0,190,228,198,167,184,174,167,166,174,182,188,0,0,0,0,0,0,0,0,0,0,0,0,0,0,1,0,14,170,193,211,186,166,174,195,197,162,191,177,0,0,0,0,0,0,0,0,0,0,0,0,0,0,0,0,194,203,193,207,167,192,201,195,212,163,197,166,0,0,0,0,0,0,0,0,0,0,1,0,0,2,0,3,188,194,207,175,193,214,206,195,201,165,193,171,0,0,0,0,0,0,0,0,0,0,1,0,1,0,0,133,199,193,199,183,195,202,203,197,213,165,185,188,0,0,0,0,0,0,0,0,0,0,0,0,8,0,65,209,194,210,189,200,180,179,180,179,206,160,178,202,0,0,0,0,0,0,0,0,0,0,0,3,0,24,199,186,199,143,164,195,181,175,183,199,202,172,189,198,0,0,0,0,0,0,0,0,0,0,10,0,0,201,173,140,135,149,209,203,214,218,220,186,177,194,207,207,0,0,0,0,3,3,2,4,7,1,0,0,218,194,128,106,90,193,185,183,189,139,116,143,215,220,205,230,2,0,2,2,0,0,0,0,0,0,53,168,196,60,146,141,183,183,192,198,192,160,148,232,228,228,229,241,77,0,0,0,0,0,0,27,97,144,188,124,41,132,229,218,227,228,219,235,255,237,236,225,217,227,224,226,136,0,18,136,170,172,203,255,210,128,136,102,139,154,152,166,187,190,195,210,212,215,236,251,249,252,213,207,175,0,159,214,188,183,180,146,128,180,213,235,250,174,176,195,188,194,192,185,187,213,195,190,198,206,204,213,180,22,188,214,233,247,250,225,240,252,241,241,244,246,255,209,163,167,166,173,185,208,197,202,197,195,192,213,162,146,211,174,181,185,196,216,223,230,230,236,233,221,207,199,198,206,214,252,211,197,195,204,208,206,208,205,174,142,240,236,226,214,201,184,182,161,157,162,179,184,191,220,223,232,184,115,204,223,223,223,219,216,212,212,184,0,27,109,179,255,239,255,255,255,255,255,245,244,238,89,12,0,0,0,202,253,229,236,255,255,255,255,216,0,0,0,0,0,0,48,27,18,144,63,18,128,65,0,0,0,0,0,56,145,79,64,117,51,92,133,80,0,0,0,0,0,0,0,0,0,0,0,0,0,0,0,0,0,0,0,0,0,0,0,0,0,0,0,0,6
0,0,0,0,0,0,0,0,0,0,0,0,0,0,0,0,0,0,0,0,0,0,0,0,0,0,0,0,0,0,0,0,0,0,0,0,0,0,0,0,0,0,0,0,0,0,0,0,0,0,0,0,0,0,0,0,0,0,0,0,0,0,0,0,0,0,0,0,0,0,0,0,0,0,0,0,0,0,0,0,0,0,0,0,0,0,0,0,0,0,0,0,0,0,0,0,0,0,0,0,0,0,0,0,0,0,0,0,0,0,0,0,0,0,0,0,0,0,0,0,0,0,0,0,0,0,0,0,0,0,0,0,0,0,0,0,0,0,0,0,0,0,0,0,0,0,0,0,0,0,0,0,0,0,36,35,21,7,0,0,0,0,0,0,0,0,0,0,0,0,0,0,0,0,0,0,0,0,0,1,0,5,96,100,118,145,154,121,125,114,113,112,107,101,75,0,0,0,0,0,0,0,0,0,0,0,0,1,0,5,87,70,91,118,162,122,151,130,134,142,133,137,118,0,0,0,0,0,0,0,0,0,0,1,1,2,0,2,97,95,104,105,107,89,126,116,120,122,125,117,187,47,0,0,0,0,0,0,0,0,0,1,1,2,0,5,104,105,107,112,118,105,132,117,126,120,120,129,140,21,0,0,0,0,0,0,0,0,0,1,0,1,0,0,93,96,108,121,110,103,128,113,125,132,105,140,146,18,0,0,0,0,0,0,0,0,0,0,0,0,0,31,142,108,108,107,81,95,121,112,121,130,112,126,88,0,0,0,0,0,1,0,0,1,0,0,0,6,44,63,105,129,97,107,88,110,128,116,116,109,120,146,9,0,0,0,0,1,0,1,0,0,0,5,42,71,63,48,55,81,97,100,88,101,120,117,125,130,125,120,19,0,0,0,0,0,0,0,0,9,40,62,68,51,59,68,67,77,105,129,107,103,112,110,121,109,105,121,33,0,0,0,0,0,3,18,51,73,75,60,50,55,55,64,71,87,88,89,91,107,128,125,96,89,100,124,64,0,0,0,11,44,55,64,71,67,56,59,66,59,66,89,100,99,105,101,112,121,128,97,100,110,104,112,103,0,0,23,55,56,56,56,55,54,54,62,72,80,88,96,116,108,107,109,118,103,99,101,107,107,103,118,110,0,0,66,85,75,83,84,89,93,93,99,118,132,134,130,133,137,146,134,154,141,140,158,153,130,125,126,85,0,75,124,104,84,79,73,71,72,70,67,83,99,99,104,97,104,117,104,125,112,113,110,110,116,107,108,141,14,101,174,183,187,181,173,165,158,155,151,150,157,153,153,158,157,163,163,162,161,175,179,184,190,182,181,177,33,0,3,67,125,187,171,183,196,206,207,247,249,255,251,247,243,239,235,235,233,223,221,223,227,195,187,225,38,0,0,0,0,0,0,17,34,46,50,51,60,67,95,99,100,105,101,93,97,95,103,80,63,51,46,47,0,0,0,0,0,0,0,0,0,0,0,0,0,0,0,0,0,0,0,0,0,0,0,0,0,0,0,0,0,0,0,0,0,0,0,0,0,0,0,0,0,0,0,0,0,0,0,0,0,0,0,0,0,0,0,0,0,0,0,0,0,0,0,0,0,0,0,0,0,0,0,0,0,0,0,0,0,0,0,0,0,0,0,0,0,0,0,0,0,0,0,0,0,0,0,0,0,0,0,0,0,0,0,0,0,0,0,0,0,0,0,0,0,0,0,0,0,0,0,0,0,0,0,0,0,0,0,0,0,0,0,0,0,0,0,0,0,0,0,0,0,6
0,0,0,0,0,0,0,0,0,0,0,0,0,0,0,0,0,0,0,0,0,0,0,0,0,0,0,0,0,0,0,0,0,0,0,0,0,0,0,0,0,0,3,2,1,0,0,0,0,0,2,0,144,13,0,2,0,0,0,0,0,0,0,0,0,0,0,0,0,0,0,0,0,0,2,3,1,2,0,0,67,29,0,4,0,0,0,0,0,0,0,0,0,0,0,1,0,0,8,0,0,0,0,0,0,0,0,12,146,11,0,5,0,0,0,0,0,0,0,0,0,0,0,5,0,19,208,203,226,39,0,0,0,0,231,236,255,94,0,3,0,0,0,0,0,0,0,0,0,0,0,2,0,58,234,216,231,172,176,207,207,197,234,223,239,142,0,2,0,0,0,0,0,0,0,0,0,0,0,0,0,150,229,220,215,156,170,179,175,168,229,226,244,143,0,0,0,0,0,0,0,0,0,0,0,0,0,0,0,219,236,224,225,145,165,172,166,179,249,227,247,187,0,0,0,0,0,0,0,0,0,0,0,0,4,0,23,255,228,231,221,145,179,180,169,184,245,226,244,230,0,0,0,0,0,0,0,0,0,0,0,0,0,0,121,236,224,241,217,155,182,180,168,182,245,223,234,241,27,0,0,0,0,0,0,0,0,0,0,1,0,0,221,229,228,240,213,158,185,180,169,185,247,224,233,250,151,0,0,0,0,0,0,0,0,0,0,4,0,39,255,222,219,236,207,162,177,182,167,185,246,224,237,236,255,0,0,0,0,0,0,0,0,1,0,3,0,157,234,219,228,243,192,178,179,177,174,186,245,223,238,230,255,44,0,0,0,0,0,0,0,0,0,0,1,254,225,232,227,242,179,169,178,189,166,178,243,221,244,228,255,89,0,0,0,0,0,0,0,0,0,0,123,236,216,230,241,221,140,149,146,132,107,201,239,227,241,223,255,113,0,0,0,0,0,0,0,1,0,0,255,221,229,223,245,212,142,156,156,168,221,247,224,233,235,234,255,115,0,0,0,1,6,0,7,0,0,190,227,212,222,220,227,233,240,240,246,253,239,224,242,248,248,233,242,77,0,5,0,0,0,0,0,0,123,254,201,222,215,224,227,231,236,234,222,227,238,251,247,219,193,172,206,70,0,0,0,0,0,0,4,149,254,201,218,214,225,232,232,231,234,232,230,245,232,208,185,182,185,187,221,43,0,85,219,238,222,219,252,247,197,206,213,210,228,231,230,231,236,240,226,235,202,190,193,195,195,189,213,32,38,217,228,222,222,215,209,188,196,204,218,221,221,226,228,227,237,225,251,77,103,235,188,198,197,191,209,10,78,230,213,221,212,213,207,211,216,220,226,232,228,225,237,235,216,233,70,0,96,245,185,197,195,196,204,0,78,202,209,224,237,235,232,223,220,223,222,232,228,235,235,207,234,63,0,0,93,237,189,195,193,193,193,0,69,254,190,185,188,207,225,235,238,238,243,245,243,228,203,238,94,0,0,0,99,209,189,193,190,194,165,0,0,148,233,211,207,197,192,195,190,196,205,203,200,193,244,122,0,0,1,0,80,216,196,196,193,202,163,0,0,0,0,69,150,216,242,232,243,204,204,207,206,212,130,0,0,0,1,0,83,186,178,177,185,183,121,0,0,0,0,0,0,0,8,31,90,123,108,128,143,51,0,0,3,0,1,0,0,0,0,0,0,0,0,0,0,0,3,1,0,0,0,0,0,0,0,0,0,0,0,0,0,1,0,0,0,0,0,0,0,0,0,0,6
0,0,0,0,0,0,0,0,0,0,0,0,0,0,0,0,0,0,0,0,0,0,0,0,0,0,0,0,0,0,0,0,0,0,0,0,0,0,0,0,0,0,0,0,0,0,0,0,0,0,0,0,0,0,0,0,0,0,0,0,0,0,0,0,0,0,0,0,0,0,0,0,0,0,0,0,0,0,0,0,0,0,0,0,0,0,0,0,0,0,0,0,0,0,0,0,0,0,0,0,0,0,0,0,0,0,0,0,0,0,0,0,0,0,0,0,0,0,0,0,0,0,0,0,2,0,0,108,75,68,60,80,90,99,75,48,16,0,0,0,0,0,0,0,0,0,0,0,0,0,0,0,2,0,19,255,249,255,255,255,255,255,255,255,234,255,48,0,0,0,0,0,0,0,0,0,0,0,0,0,2,0,36,239,224,231,226,223,224,223,226,235,242,224,0,0,0,0,0,0,0,0,0,0,0,0,0,0,1,0,104,246,233,240,236,234,235,237,238,234,247,214,0,0,0,0,0,0,0,0,0,0,0,0,0,0,0,0,209,255,226,239,237,237,239,240,241,233,253,208,0,0,0,0,0,0,0,0,0,0,0,1,0,1,0,32,255,231,239,237,239,237,239,239,241,232,253,212,0,0,0,0,0,0,0,0,0,0,0,0,0,0,0,221,255,224,242,239,237,238,239,241,240,236,241,255,0,0,0,0,0,0,0,0,0,0,0,4,0,0,144,255,220,244,236,242,240,238,240,241,238,241,225,255,50,0,0,0,0,0,0,0,0,0,0,6,0,46,255,230,231,234,238,238,240,235,237,237,237,240,230,252,172,0,0,0,0,0,0,0,0,0,0,0,0,248,237,228,235,237,239,237,237,232,233,234,239,233,234,238,255,0,0,0,0,0,0,0,0,0,0,0,146,255,219,234,233,234,236,236,237,232,232,230,234,229,232,223,255,58,0,0,0,0,0,0,0,2,0,31,255,229,237,230,232,233,234,235,238,231,231,231,232,233,234,224,255,97,1,0,0,0,1,0,4,0,0,233,255,225,231,231,231,231,230,232,234,231,232,233,233,234,237,227,255,110,0,0,1,2,4,8,0,0,156,255,219,225,229,232,232,232,232,232,232,235,235,225,230,239,241,233,255,64,0,0,0,0,0,0,0,149,255,223,226,233,236,237,236,237,237,230,227,226,239,255,255,240,240,232,255,43,0,0,0,26,79,129,217,255,222,235,229,234,233,238,238,230,232,245,252,255,255,186,162,255,232,224,255,54,0,140,206,228,239,241,238,221,229,233,235,238,231,230,232,243,255,251,161,66,0,0,56,255,229,233,255,72,154,255,241,225,220,220,222,228,226,225,225,233,236,242,255,248,97,0,0,0,0,0,133,251,226,225,245,106,9,101,199,217,255,255,255,255,255,255,255,255,255,245,118,0,0,0,0,2,0,0,205,255,243,243,255,128,0,0,0,0,51,66,70,86,86,86,105,85,55,0,0,0,5,0,0,0,0,0,94,116,82,84,64,0,0,0,0,0,0,0,0,0,0,0,0,0,0,0,0,0,0,0,0,0,0,0,0,0,0,0,0,0,0,0,0,0,0,0,0,0,0,0,0,0,0,0,0,0,0,0,0,0,0,0,0,0,0,0,0,0,0,0,0,0,0,0,0,0,0,0,0,0,0,0,0,0,0,0,0,0,0,0,0,0,0,0,0,0,0,0,0,0,0,0,0,0,0,0,0,0,0,0,0,0,0,0,0,0,0,0,0,0,0,0,0,0,6
0,0,0,0,0,0,0,0,0,0,0,0,0,0,0,0,0,0,0,0,0,0,0,0,0,0,0,0,0,0,0,0,0,0,0,0,0,0,0,0,0,0,0,0,0,0,0,0,0,0,0,0,0,0,0,0,0,0,0,0,0,0,0,0,0,0,0,0,0,0,0,0,0,0,0,0,0,0,0,0,0,0,0,0,0,0,0,0,0,0,0,0,0,0,0,0,0,0,0,0,0,0,0,0,0,0,0,0,0,0,0,0,0,0,0,0,0,0,0,0,0,0,0,0,0,0,0,0,0,0,0,0,0,0,0,0,0,0,0,0,0,0,0,0,0,0,0,0,0,0,0,0,0,0,0,0,0,0,0,0,0,0,0,0,0,0,0,0,0,0,0,0,0,0,0,0,0,0,0,0,0,0,0,0,0,0,0,0,0,0,0,0,0,188,28,0,0,0,0,0,0,0,0,0,0,0,0,0,0,0,0,0,61,95,16,0,0,0,0,26,8,179,10,0,0,0,0,0,0,0,0,0,0,0,0,0,0,11,0,22,198,227,204,221,234,230,218,218,214,202,0,0,0,0,0,0,0,0,0,0,0,0,0,0,1,0,0,165,201,200,204,210,210,213,213,215,222,201,0,0,0,0,0,0,0,0,0,0,0,0,0,0,0,0,98,205,191,206,202,194,196,203,206,218,221,198,0,0,0,0,0,0,0,0,0,0,0,0,0,1,0,41,233,190,196,204,204,203,208,208,217,211,212,216,5,0,0,0,0,0,2,0,0,0,0,0,2,0,13,222,193,194,211,207,205,207,210,215,211,216,213,236,102,0,0,0,0,0,0,1,1,2,4,4,0,0,202,203,188,202,208,206,206,208,212,218,216,217,213,224,244,0,0,3,4,2,2,0,0,0,0,0,27,203,216,183,197,204,207,207,208,206,206,205,206,227,218,224,233,0,1,0,0,0,0,0,0,0,17,116,232,198,188,199,205,209,203,202,204,207,212,215,222,231,221,223,248,0,0,0,91,154,147,142,149,178,208,229,199,203,218,210,209,209,209,212,215,213,217,221,214,217,230,221,255,10,0,148,201,190,192,198,195,180,186,198,190,194,198,205,208,217,223,220,227,225,216,225,229,234,237,225,252,0,105,192,185,206,205,202,200,193,191,201,202,208,212,213,215,220,218,218,217,212,217,217,217,211,201,196,225,21,46,144,183,189,192,195,202,199,202,213,215,221,220,216,210,207,210,230,237,216,181,170,170,168,167,177,215,46,0,0,44,123,179,204,218,215,218,214,212,215,222,221,215,192,149,101,48,62,220,197,206,209,213,216,255,86,0,0,0,0,0,0,42,63,86,107,117,102,74,42,0,0,0,0,0,0,163,137,120,106,82,69,63,3,0,0,0,0,0,0,0,0,0,0,0,0,0,0,0,0,0,0,0,0,0,0,0,0,0,0,0,0,0,0,0,0,0,0,0,0,0,0,0,0,0,0,0,0,0,0,0,0,0,0,0,0,0,0,0,0,0,0,0,0,0,0,0,0,0,0,0,0,0,0,0,0,0,0,0,0,0,0,0,0,0,0,0,0,0,0,0,0,0,0,0,0,0,0,0,0,0,0,0,0,0,0,0,0,0,0,0,0,0,0,0,0,0,0,0,0,0,0,0,0,0,0,0,0,0,0,0,0,0,0,0,0,0,0,0,0,0,0,0,0,0,0,0,0,0,0,0,0,0,0,0,0,0,0,0,0,0,0,0,0,0,0,0,0,0,0,0,0,6
0,0,0,0,0,0,0,0,0,0,0,0,0,0,0,0,0,0,0,0,0,0,0,0,0,0,0,0,0,0,0,0,0,0,0,0,0,0,0,0,0,0,0,0,0,0,0,0,0,0,0,0,0,0,0,0,0,0,0,0,0,0,0,0,0,0,0,0,0,0,0,0,0,0,0,0,0,0,0,0,0,0,0,0,0,0,0,0,0,0,0,0,0,0,0,0,0,0,0,0,0,0,0,0,0,0,0,0,0,0,0,0,0,0,0,0,0,0,0,0,0,0,0,0,0,0,0,0,0,0,0,0,0,0,0,0,0,0,0,0,0,0,0,0,0,0,0,0,0,0,0,0,0,0,0,0,0,0,0,0,0,0,0,0,0,0,0,0,0,0,0,0,0,0,0,0,0,0,0,0,0,0,0,0,0,0,1,2,3,2,0,1,0,91,61,0,0,0,0,0,0,0,0,0,0,0,0,0,0,1,0,0,0,0,0,0,0,0,0,0,0,105,33,0,0,0,0,0,0,0,0,0,0,0,0,0,0,2,0,0,191,97,71,64,70,39,73,228,176,129,0,0,0,0,0,0,0,0,0,0,0,0,0,0,0,3,0,18,201,147,211,212,246,247,219,219,228,138,0,1,0,0,0,0,0,0,0,0,0,0,0,0,0,4,0,45,166,184,203,196,196,199,205,203,195,82,0,2,0,0,0,0,0,0,0,0,0,0,0,0,0,0,0,85,211,204,199,203,204,215,216,206,228,70,0,2,0,0,0,0,0,0,0,0,0,1,0,0,1,0,0,175,218,199,199,201,209,215,213,215,229,83,0,1,0,0,0,0,0,0,0,0,0,0,0,5,0,0,106,211,208,202,208,208,214,213,215,223,213,140,0,0,1,0,0,0,0,0,0,0,0,1,5,0,0,85,188,214,203,204,211,214,213,214,215,219,206,221,0,0,1,0,0,0,0,0,0,2,6,0,0,13,151,198,207,210,201,206,210,208,208,230,190,163,149,224,56,0,0,2,5,2,0,0,0,0,0,0,119,176,95,169,205,207,201,203,204,205,205,180,47,0,81,228,146,0,0,0,0,0,0,0,0,23,94,161,116,0,23,184,216,201,194,204,199,208,212,186,142,65,175,220,189,0,0,10,94,110,112,140,166,149,85,28,57,164,231,220,234,236,232,220,215,221,229,237,250,251,254,213,191,0,0,144,195,184,177,87,0,0,20,153,216,206,192,220,240,204,172,165,179,177,169,170,176,173,200,218,198,0,102,213,190,203,198,187,196,214,226,199,200,209,211,222,209,177,200,233,255,239,226,224,223,216,216,216,204,23,0,87,169,170,185,194,226,221,228,214,241,240,238,224,228,222,194,162,75,138,255,255,255,255,255,222,255,63,0,0,0,0,19,40,59,76,90,106,105,103,103,83,47,0,0,0,0,42,134,83,74,63,57,58,68,5,0,0,0,0,0,0,0,0,0,0,0,0,0,0,0,0,0,0,0,0,0,0,0,0,0,0,0,0,0,0,0,0,0,0,0,0,0,0,0,0,0,0,0,0,0,0,0,0,0,0,0,0,0,0,0,0,0,0,0,0,0,0,0,0,0,0,0,0,0,0,0,0,0,0,0,0,0,0,0,0,0,0,0,0,0,0,0,0,0,0,0,0,0,0,0,0,0,0,0,0,0,0,0,0,0,0,0,0,0,0,0,0,0,0,0,0,0,0,0,0,0,0,0,0,0,0,0,0,0,0,0,0,0,0,0,0,0,0,0,0,6
0,0,0,0,0,0,0,0,0,0,0,0,0,0,0,0,0,0,0,0,0,0,0,0,0,0,0,0,0,0,0,0,0,0,0,0,0,0,0,0,0,0,0,0,0,0,0,0,0,0,0,0,0,0,0,0,0,0,0,0,0,0,0,0,0,0,0,0,0,0,0,0,0,0,0,0,0,0,0,0,0,0,0,0,0,0,0,0,0,0,0,0,0,0,0,0,0,0,0,0,0,0,0,0,0,0,0,0,0,0,0,0,0,0,0,0,0,0,0,0,0,0,0,0,0,0,0,0,0,0,0,0,0,0,0,0,0,0,0,0,0,0,0,0,0,0,0,0,0,0,0,0,0,0,0,4,6,2,0,0,0,0,0,0,0,0,0,0,0,0,0,0,0,0,0,0,0,0,0,0,0,0,0,0,0,0,0,1,0,0,0,0,158,151,0,1,0,0,0,0,0,0,0,0,0,0,0,0,0,5,0,99,123,10,0,0,0,0,111,175,224,143,0,1,0,0,0,0,0,0,0,0,0,0,0,0,1,0,0,169,221,202,137,141,185,189,194,217,223,104,0,1,0,0,0,0,0,0,0,0,0,0,0,0,1,0,27,188,187,202,216,225,223,226,199,209,215,92,0,2,0,0,0,0,0,0,0,0,0,0,0,0,0,0,112,214,163,197,199,199,201,212,193,203,209,78,0,1,0,0,0,0,0,0,0,0,0,0,0,0,0,0,194,178,150,207,211,213,211,212,202,198,219,119,0,1,0,0,0,0,0,0,0,0,0,0,0,1,0,93,200,110,160,224,207,212,211,213,207,192,218,184,0,0,0,0,0,0,0,0,0,0,0,2,0,0,45,192,155,137,215,213,207,211,211,211,209,207,210,230,0,0,0,0,0,1,2,2,3,1,0,0,0,63,198,144,156,214,221,205,210,209,210,215,213,223,206,236,88,0,0,2,3,0,0,0,0,0,0,17,142,219,179,129,164,194,208,218,212,210,212,222,180,193,204,207,172,0,3,0,0,0,0,0,3,62,148,219,196,54,86,174,197,203,194,198,206,208,205,166,151,192,202,218,194,11,0,0,82,141,158,189,215,193,150,65,0,0,138,213,207,215,213,202,202,210,225,234,255,243,251,218,199,15,0,137,193,176,166,84,29,62,0,0,93,210,226,224,232,231,224,216,210,191,178,185,181,180,187,175,187,5,63,199,189,195,203,188,158,200,211,209,240,225,227,231,216,187,173,169,176,187,194,198,202,198,209,212,239,47,79,202,218,210,198,206,201,193,193,198,203,206,207,193,189,201,216,246,255,218,213,215,210,210,208,203,203,77,0,10,109,173,227,209,212,216,224,230,232,233,230,236,238,255,239,211,142,211,215,215,221,220,221,219,212,88,0,0,0,0,0,14,34,67,108,153,158,155,144,89,43,3,0,0,0,138,201,146,128,108,79,57,36,0,0,2,1,0,0,0,0,0,0,0,0,0,0,0,0,0,0,0,0,0,0,0,0,0,0,0,0,0,0,0,0,0,0,0,0,0,0,0,0,0,0,0,0,0,0,0,0,0,0,0,0,0,0,0,0,0,0,0,0,0,0,0,0,0,0,0,0,0,0,0,0,0,0,0,0,0,0,0,0,0,0,0,0,0,0,0,0,0,0,0,0,0,0,0,0,0,0,0,0,0,0,0,0,0,0,0,0,0,0,0,0,0,0,0,0,0,0,0,0,0,0,0,0,0,0,0,0,0,0,0,0,0,0,0,0,0,0,0,0,0,6
0,0,0,0,0,0,0,0,0,0,0,0,0,0,0,0,0,0,0,0,0,0,0,0,0,0,0,0,0,0,0,0,0,0,0,0,0,0,0,0,0,0,0,0,0,0,0,0,0,0,0,0,0,0,0,0,0,0,0,0,0,0,0,0,0,0,0,0,0,0,0,0,0,0,0,0,0,0,0,0,0,0,0,0,0,0,0,0,0,0,0,0,0,0,0,0,0,0,0,0,0,0,0,0,0,0,0,0,0,0,0,0,0,0,0,0,0,0,0,0,0,0,0,0,0,0,0,0,0,0,0,0,0,0,0,0,0,0,0,0,0,0,0,0,0,0,0,0,0,0,0,0,0,0,0,0,0,0,0,0,0,2,2,3,0,29,97,0,0,0,0,0,0,0,0,0,0,0,0,0,0,0,0,0,0,11,0,0,0,0,0,0,0,85,62,44,0,0,0,0,0,0,0,0,0,0,0,0,0,0,4,0,29,247,161,181,200,133,99,39,78,130,179,10,0,0,0,0,0,0,0,0,0,0,0,0,0,0,3,0,121,209,211,220,236,233,234,229,210,214,177,0,0,0,0,0,0,0,0,0,0,0,0,0,0,2,0,0,216,197,213,209,208,199,179,206,198,203,134,0,0,0,0,0,0,0,0,0,0,0,0,0,0,6,0,93,221,191,214,210,224,213,195,217,193,209,113,0,0,0,0,0,0,0,0,0,0,0,0,0,3,0,0,210,188,204,214,215,217,196,195,221,177,237,78,0,0,0,0,0,0,0,0,0,0,0,0,0,0,0,132,238,187,210,216,214,205,193,195,211,171,239,79,0,0,0,0,0,0,0,0,0,0,0,0,5,0,8,227,192,192,209,231,220,209,203,217,226,195,217,153,0,0,0,0,0,0,0,0,0,0,0,5,0,0,164,203,196,187,205,211,219,206,229,220,214,189,201,207,0,0,0,0,0,0,0,0,0,0,6,0,0,158,212,183,187,216,206,158,227,223,206,129,226,219,211,236,21,1,3,6,3,3,8,5,3,0,0,0,150,216,179,199,208,222,238,222,223,249,216,226,162,218,207,223,56,6,0,0,0,0,0,0,0,0,67,182,203,183,189,206,220,220,210,225,200,176,229,230,180,237,194,217,97,0,7,65,76,94,70,52,103,158,150,182,183,189,203,225,231,223,202,206,204,160,239,220,224,219,191,205,49,0,147,196,146,124,130,77,60,88,135,172,186,193,207,224,220,201,182,176,179,181,196,179,179,191,200,202,0,88,221,196,198,192,183,180,165,172,156,152,172,185,216,216,187,187,228,250,241,209,218,215,212,198,207,139,0,9,131,191,217,209,211,209,206,207,213,215,216,215,206,204,226,255,228,98,155,213,181,184,192,188,208,56,0,0,0,0,69,161,204,240,248,241,238,239,235,228,253,255,181,48,0,0,145,255,216,218,216,212,227,0,0,0,2,0,0,0,0,22,61,102,148,162,167,166,105,0,0,0,0,0,120,183,147,155,145,144,91,0,0,0,0,0,0,0,0,0,0,0,0,0,0,0,0,0,0,0,0,0,0,0,0,0,0,0,0,0,0,0,0,0,0,0,0,0,0,0,0,0,0,0,0,0,0,0,0,0,0,0,0,0,0,0,0,0,0,0,0,0,0,0,0,0,0,0,0,0,0,0,0,0,0,0,0,0,0,0,0,0,0,0,0,0,0,0,0,0,0,0,0,0,0,0,0,0,0,0,0,0,0,0,0,0,0,0,0,0,0,0,0,0,0,6
0,0,0,0,0,0,0,0,0,0,0,0,0,0,0,0,0,0,0,0,0,0,0,0,0,0,0,0,0,0,0,0,0,0,0,0,0,0,0,0,0,0,0,0,0,0,0,0,0,0,0,0,0,0,0,0,0,0,0,0,0,0,0,0,0,0,0,3,0,0,123,173,167,168,158,154,102,56,27,31,21,0,0,0,0,0,0,0,0,0,0,0,0,0,0,6,0,155,246,230,240,255,255,255,255,255,255,255,232,216,207,88,0,0,0,0,0,0,0,0,0,0,0,7,0,58,231,221,224,223,231,233,235,236,232,232,230,225,242,90,0,0,0,0,0,0,0,0,0,0,0,7,0,73,222,201,214,224,229,227,232,232,229,229,223,224,208,0,0,0,0,0,0,0,0,0,0,0,0,7,0,87,225,210,216,224,232,235,230,231,233,228,223,221,245,0,0,0,0,0,0,0,0,0,0,0,0,6,0,115,222,210,206,209,193,218,223,223,210,212,227,224,228,0,0,0,0,0,0,0,0,0,0,0,0,6,0,137,226,215,212,202,108,188,184,171,220,213,224,228,214,0,0,0,0,0,0,0,0,0,0,0,0,0,0,158,226,217,211,217,205,211,218,195,223,218,225,232,182,0,0,0,0,0,0,0,0,0,0,0,0,0,0,178,225,217,200,200,223,209,230,221,207,219,227,236,150,0,0,0,0,0,0,0,0,0,0,0,0,0,0,191,230,219,217,217,215,190,211,206,204,219,227,241,128,0,0,0,0,0,0,0,0,0,0,0,1,0,0,169,218,220,249,248,223,213,248,249,245,246,223,236,103,0,0,0,0,0,0,0,0,0,0,0,5,0,0,201,195,196,200,203,200,218,224,207,204,203,196,214,99,0,0,0,0,0,0,0,0,0,0,0,6,0,76,224,176,198,197,199,213,211,194,201,203,204,202,219,113,0,0,0,0,0,0,0,0,0,0,0,0,0,175,203,200,207,209,208,228,221,211,211,208,204,201,205,74,0,0,0,0,0,0,0,0,0,0,10,0,41,200,196,208,214,206,207,212,206,204,210,208,212,203,213,65,0,0,0,0,0,0,0,0,0,6,0,0,187,199,201,220,217,213,216,218,216,215,214,217,216,205,219,73,0,0,1,2,3,4,4,6,0,0,0,149,189,186,198,202,194,187,199,204,198,203,202,201,199,201,207,221,10,0,0,0,0,0,0,0,0,28,144,157,123,154,153,151,147,149,168,171,157,167,169,166,171,190,196,221,56,0,0,8,36,48,56,79,127,154,90,20,79,132,144,140,132,136,161,148,129,149,156,161,177,195,208,195,0,0,133,138,102,111,112,109,94,33,10,72,116,125,131,149,171,195,208,217,225,233,229,222,222,211,212,149,0,47,198,188,178,148,110,77,64,77,114,131,144,168,201,206,219,218,212,209,212,211,209,209,209,207,210,185,0,93,203,205,206,213,212,213,214,218,216,216,220,223,219,216,219,224,231,219,203,197,198,198,203,206,204,196,0,0,43,160,182,204,210,215,213,214,215,215,220,220,214,235,198,153,78,152,255,229,248,250,255,228,217,230,0,0,0,0,0,46,80,132,160,176,175,162,131,90,43,0,0,0,0,0,211,177,176,168,168,150,135,105,0,0,0,0,0,0,0,0,0,0,0,0,0,0,0,0,0,0,0,0,0,0,0,0,0,0,0,0,0,0,0,0,0,0,0,0,0,0,0,0,0,0,0,0,0,0,0,0,0,0,0,0,0,0,0,0,0,6
0,0,0,0,0,0,0,0,0,0,0,0,0,1,0,0,59,91,118,114,94,74,37,0,0,0,0,0,0,0,0,0,0,0,0,0,0,0,0,0,0,2,0,9,217,232,226,255,255,255,231,216,223,11,0,0,0,0,0,0,0,0,0,0,0,0,0,0,0,1,0,0,191,225,211,205,206,217,218,229,215,0,0,0,0,0,0,0,0,0,0,0,0,0,0,0,0,1,0,0,218,227,217,221,228,231,217,233,129,0,0,0,0,0,0,0,0,0,0,0,0,0,0,0,0,0,0,0,196,228,211,217,224,227,219,229,42,0,0,0,0,0,0,0,0,0,0,0,0,0,0,0,0,0,0,0,173,234,209,223,224,219,226,248,0,0,0,0,0,0,0,0,0,0,0,0,0,0,0,0,0,0,1,0,169,233,216,223,223,220,233,209,0,0,0,0,0,0,0,0,0,0,0,0,0,0,0,0,0,0,0,0,173,231,213,221,221,219,239,158,0,0,0,0,0,0,0,0,0,0,0,0,0,0,0,0,0,0,0,0,190,227,213,223,223,219,237,93,0,1,0,0,0,0,0,0,0,0,0,0,0,0,0,0,0,1,0,0,205,220,216,224,224,219,231,62,0,2,0,0,0,0,0,0,0,0,0,0,0,0,0,0,0,2,0,0,220,217,218,224,224,217,226,61,0,3,0,0,0,0,0,0,0,0,0,0,0,0,0,0,0,4,0,19,237,212,220,224,224,219,225,55,0,3,0,0,0,0,0,0,0,0,0,0,0,0,0,0,0,1,0,65,213,210,222,223,224,220,227,55,0,2,0,0,0,0,0,0,0,0,0,0,0,0,0,0,0,0,0,162,215,210,221,225,224,218,231,110,0,0,0,0,0,0,0,0,0,0,0,0,0,0,0,0,1,0,34,249,203,209,212,223,224,215,225,227,0,0,0,0,0,0,0,0,0,0,0,0,0,0,0,3,0,0,201,205,201,197,198,220,224,220,217,232,76,0,0,0,0,0,0,0,0,0,0,0,0,0,1,0,0,141,237,192,200,200,216,228,221,222,218,223,209,0,0,0,0,0,0,0,0,0,0,0,0,1,0,0,109,242,194,201,203,216,221,218,215,215,216,214,255,27,0,0,0,0,0,0,0,1,2,1,0,0,0,101,245,195,201,214,220,220,219,210,214,214,214,215,254,50,0,0,0,0,0,2,0,0,0,0,0,0,101,248,197,204,214,219,218,217,215,217,225,226,226,219,255,94,0,0,0,0,0,0,0,0,0,0,0,138,245,193,205,216,215,217,217,216,223,231,240,237,227,205,233,96,0,0,0,0,0,0,198,194,217,207,223,230,193,211,215,216,216,221,229,231,240,237,206,192,191,182,217,40,0,0,0,0,0,78,230,202,197,199,202,196,208,218,219,223,222,229,222,254,203,148,210,194,201,195,229,20,0,0,0,0,0,135,218,212,218,215,212,206,205,210,215,217,227,220,244,119,0,35,251,195,200,198,232,0,0,0,0,0,0,132,215,202,202,210,218,218,225,221,224,222,211,230,60,0,0,73,251,198,200,201,230,0,0,0,0,0,0,0,75,186,201,211,205,206,207,206,201,200,244,61,0,2,0,69,214,193,196,200,187,0,0,0,0,0,0,0,0,0,45,116,194,234,230,231,206,241,64,0,1,2,0,90,217,199,205,213,243,0,0,0,0,0,0,0,0,0,0,0,0,0,20,29,60,0,0,0,0,1,0,14,38,29,45,56,32,0,0,0,6
0,0,0,0,0,0,0,0,0,0,0,0,0,0,0,0,0,0,0,0,0,0,0,0,0,0,0,0,0,0,0,0,0,0,0,0,0,0,0,0,0,0,0,0,0,0,0,0,0,0,0,0,0,0,0,0,0,0,0,0,0,0,0,0,0,0,0,0,0,0,0,0,0,0,0,0,0,0,0,0,0,0,0,0,0,0,0,0,0,0,0,0,0,0,0,0,0,0,0,0,0,0,0,0,0,0,0,0,0,0,0,0,0,0,0,0,0,0,0,0,0,0,0,0,0,0,1,0,0,54,0,0,0,0,0,0,0,0,0,0,0,0,0,0,0,0,0,0,0,0,0,0,0,0,0,0,0,223,251,43,0,0,0,0,0,0,0,0,0,0,0,0,0,0,0,0,0,0,0,0,0,0,1,0,159,248,211,236,224,218,197,146,169,203,105,0,0,0,0,0,0,0,0,0,0,0,0,0,0,4,0,0,168,203,181,151,227,215,227,205,188,250,54,0,0,0,0,0,0,0,0,0,0,0,0,0,0,4,0,71,255,206,202,177,210,200,194,156,146,226,35,0,0,0,0,0,0,0,0,0,0,0,0,0,0,2,0,38,215,201,187,180,205,206,192,167,143,255,37,0,0,0,0,0,0,0,0,0,0,0,0,0,0,0,0,125,243,210,171,191,220,170,189,185,170,255,25,0,0,0,0,0,0,0,0,0,0,0,0,0,0,0,11,184,181,231,197,208,220,172,175,225,177,233,84,0,0,0,0,0,0,0,0,0,0,0,0,0,1,0,88,253,198,215,172,190,203,201,160,199,201,237,188,0,0,0,0,0,0,0,0,0,0,0,0,0,0,0,186,169,237,172,172,218,223,201,157,170,180,232,227,0,0,0,0,0,0,0,0,0,0,0,2,0,3,140,255,225,177,155,201,212,202,204,206,198,235,214,254,41,0,0,1,3,4,1,1,0,0,2,0,0,235,248,155,171,151,167,201,226,199,162,164,202,199,137,255,108,3,7,0,0,0,0,0,0,0,0,0,170,205,197,153,173,182,217,223,216,210,174,171,160,58,0,218,158,3,0,0,30,32,25,11,1,28,74,191,255,187,175,198,203,217,209,205,206,197,171,183,141,16,0,216,192,0,10,197,231,223,216,208,251,255,255,255,185,159,199,195,200,213,213,203,205,191,186,191,213,208,147,245,160,0,178,242,199,212,225,227,214,195,180,164,172,166,180,193,209,217,223,213,214,213,224,228,227,230,220,255,149,0,184,218,203,146,100,170,197,168,137,144,163,184,202,213,219,208,198,216,224,217,211,208,207,195,182,201,188,0,0,87,190,249,169,128,167,166,155,173,196,211,218,213,232,229,230,192,163,193,164,165,145,125,130,156,181,0,0,0,0,62,170,224,233,215,210,231,239,231,224,203,154,85,18,0,0,190,216,204,192,189,203,219,143,0,0,0,0,0,0,0,32,75,97,107,97,79,37,0,0,0,0,0,0,48,47,44,46,37,24,8,0,0,0,0,0,0,0,0,0,0,0,0,0,0,0,0,0,0,0,0,0,0,0,0,0,0,0,0,0,0,0,0,0,0,0,0,0,0,0,0,0,0,0,0,0,0,0,0,0,0,0,0,0,0,0,0,0,0,0,0,0,0,0,0,0,0,0,0,0,0,0,0,0,0,0,0,0,0,0,0,0,0,0,0,0,0,0,0,0,0,0,0,0,0,0,0,0,0,0,0,0,0,0,0,0,0,0,0,0,0,0,0,0,6
0,0,0,0,0,0,0,0,0,0,0,0,0,0,0,0,0,0,0,0,0,0,0,0,0,0,0,0,0,0,0,0,0,0,0,0,0,0,0,0,0,0,0,0,0,0,0,0,0,0,0,0,0,0,0,0,0,0,0,0,0,0,0,0,0,0,0,0,0,0,0,0,0,0,0,0,0,0,0,0,0,0,0,0,0,0,0,0,0,0,0,0,0,0,0,0,0,0,0,0,0,0,0,0,0,0,0,0,0,0,0,0,0,0,0,0,0,0,0,0,0,0,0,0,0,0,0,0,0,7,108,0,0,0,0,0,0,0,0,0,0,0,0,0,0,0,0,0,0,0,0,0,0,3,3,0,0,189,239,198,74,0,5,4,7,6,5,4,0,0,0,0,0,0,0,0,0,0,0,0,0,0,10,0,110,254,207,214,115,0,0,0,0,0,0,0,0,0,0,0,0,0,0,0,0,0,0,0,0,2,0,0,193,222,228,223,209,149,124,78,60,69,55,0,0,0,0,0,0,0,0,0,0,0,0,0,0,14,0,144,247,227,230,235,241,246,245,246,237,224,246,79,0,0,0,0,0,0,0,0,0,0,0,0,1,0,0,230,244,229,235,234,235,228,229,232,211,181,229,72,0,0,0,0,0,0,0,0,0,0,0,0,2,0,0,249,235,232,231,233,234,232,233,238,224,208,244,84,0,0,0,0,0,0,0,0,0,0,0,0,0,0,0,192,232,233,237,236,239,235,234,237,236,241,110,0,0,0,0,0,0,0,0,0,0,1,0,0,3,0,0,230,231,241,240,241,239,238,237,239,235,255,16,0,0,0,0,0,0,0,0,0,2,1,0,1,0,0,143,255,219,240,240,241,240,240,233,231,240,254,0,0,0,0,0,0,0,0,0,0,2,7,0,0,6,189,255,222,234,234,234,236,239,237,244,238,228,250,82,0,0,0,0,0,0,0,0,2,0,0,0,61,255,214,224,231,235,230,234,235,236,236,231,244,234,243,219,0,0,0,1,4,7,2,5,0,0,21,127,240,212,227,209,171,229,237,231,234,234,233,236,236,234,234,255,0,4,1,0,0,0,0,0,0,195,237,228,229,226,221,235,202,181,215,232,229,229,226,233,231,231,228,238,43,0,0,0,0,67,93,98,189,236,225,223,230,227,223,223,234,220,214,230,228,230,230,233,235,235,233,251,76,17,169,206,223,235,239,238,233,221,226,226,222,225,238,237,242,250,251,247,239,255,255,255,255,217,210,224,117,42,180,202,217,219,227,231,237,240,240,239,230,255,238,205,167,120,71,42,27,6,0,0,0,0,0,0,0,0,0,0,0,6,30,43,49,56,54,46,24,5,0,0,0,0,0,0,0,0,0,0,0,2,12,17,1,13,27,14,5,0,0,0,0,0,0,0,0,0,5,14,19,28,25,20,20,19,16,14,16,20,23,30,6,0,3,11,14,18,23,24,24,27,24,25,25,24,19,16,15,14,14,15,17,17,16,19,20,19,20,19,1,0,0,0,0,0,0,0,0,0,0,0,0,0,0,0,0,0,0,0,0,0,0,0,0,0,0,0,0,0,0,0,0,0,0,0,0,0,0,0,0,0,0,0,0,0,0,0,0,0,0,0,0,0,0,0,0,0,0,0,0,0,0,0,0,0,0,0,0,0,0,0,0,0,0,0,0,0,0,0,0,0,0,0,0,0,0,0,0,0,0,0,0,0,0,0,0,0,0,0,0,0,0,0,0,0,0,0,0,0,0,0,0,6
0,0,0,0,0,0,0,0,0,0,0,0,0,0,0,0,0,0,0,0,0,0,0,0,0,0,0,0,0,0,0,0,0,0,0,0,0,0,0,0,0,0,0,0,0,0,0,0,0,0,0,0,0,0,0,0,0,0,0,0,0,0,0,0,0,0,0,0,0,0,0,0,0,0,0,0,0,0,0,0,0,0,0,0,0,0,0,0,0,0,0,0,0,0,0,0,0,0,0,0,0,0,0,0,0,0,0,0,0,0,0,0,0,0,0,0,0,0,0,0,0,0,1,0,0,190,197,189,143,76,11,0,0,15,46,57,81,121,0,0,0,0,0,0,0,0,0,0,0,0,6,0,64,242,228,249,255,255,255,253,255,255,255,252,254,241,11,0,0,0,0,0,0,0,0,0,0,0,7,0,78,242,228,235,225,225,235,246,243,237,234,234,242,204,0,0,0,0,0,0,0,0,0,0,0,0,6,0,29,255,236,238,243,238,243,234,238,239,240,236,254,208,0,0,0,0,0,0,0,0,0,0,0,4,1,0,0,243,238,235,243,246,243,231,237,244,248,235,255,122,0,0,0,0,0,0,0,0,2,9,6,0,0,0,0,187,255,241,217,251,251,252,255,248,245,233,240,110,0,0,0,0,0,0,0,2,0,0,0,6,93,241,254,193,255,236,178,188,199,224,192,215,244,226,219,220,2,0,0,0,0,0,0,0,0,86,169,183,133,228,199,3,255,249,249,252,241,240,202,227,246,236,250,145,0,0,0,0,0,3,0,74,209,193,115,0,0,0,0,0,249,243,236,242,241,243,252,246,245,229,249,228,0,0,0,0,1,0,0,166,87,0,0,0,1,0,0,253,255,237,244,242,235,237,239,237,234,236,240,255,8,0,0,0,0,0,0,0,0,0,2,0,0,0,224,255,227,244,236,238,237,242,240,240,239,245,233,255,98,0,0,0,0,0,1,6,7,0,3,0,0,156,255,229,241,239,237,235,240,240,236,244,238,236,230,246,195,0,0,0,0,0,2,0,0,2,0,0,138,255,218,230,232,231,241,240,236,238,237,242,238,233,233,239,253,0,0,1,4,2,1,0,0,0,0,167,255,224,237,236,238,241,238,235,235,236,237,237,233,233,224,238,255,0,0,0,0,0,0,0,0,95,213,255,225,227,225,228,237,241,237,234,237,236,235,237,234,222,245,249,228,0,0,0,56,141,183,204,250,255,228,206,226,229,230,231,235,239,238,235,235,236,237,239,238,255,250,150,119,13,0,221,254,240,237,234,226,215,221,236,234,243,233,234,233,234,234,234,233,241,250,255,255,222,112,91,149,43,17,182,208,218,228,232,242,236,228,229,238,246,252,255,255,255,255,255,254,254,252,234,166,92,110,129,150,42,39,100,67,86,99,127,141,182,255,255,250,237,225,199,185,165,148,131,121,110,111,99,99,127,133,120,157,43,17,134,150,141,134,130,111,113,154,151,138,126,119,121,122,123,130,130,142,143,146,154,156,146,151,150,182,45,0,0,5,17,47,63,80,76,58,37,33,26,17,20,18,10,7,7,26,32,38,58,60,43,55,95,66,0,0,0,0,0,0,0,0,0,0,0,0,0,0,0,0,0,0,0,0,0,0,0,0,0,0,0,0,0,0,0,0,0,0,0,0,0,0,0,0,0,0,0,0,0,0,0,0,0,0,0,0,0,0,0,0,0,0,0,0,0,0,0,0,0,0,0,0,0,0,0,0,0,0,0,0,0,0,0,0,0,0,0,0,0,6
0,0,0,0,0,0,0,0,0,0,0,0,0,0,0,0,0,0,0,0,0,0,0,0,0,0,0,0,0,0,0,0,0,0,0,0,0,0,0,0,0,0,0,0,0,0,0,0,0,0,0,0,0,0,0,0,0,0,0,0,0,0,0,0,0,0,0,0,0,0,0,0,0,0,0,0,0,0,0,0,0,0,0,0,0,0,0,0,0,0,0,0,0,0,0,0,0,0,0,0,0,0,0,0,0,0,0,0,0,0,0,0,0,0,0,0,0,0,0,0,0,0,0,0,0,0,0,0,0,0,0,0,0,0,0,0,0,0,0,0,0,0,0,0,0,0,0,0,0,0,0,0,0,0,0,0,0,0,0,0,0,0,0,0,0,0,0,0,0,0,0,0,0,0,0,0,0,0,0,0,2,0,5,138,144,165,193,204,207,199,203,206,199,160,0,0,0,0,0,0,0,0,0,0,0,1,0,0,3,0,55,255,195,199,205,220,221,214,208,213,217,235,0,0,0,0,0,0,0,0,0,0,0,1,1,0,1,0,97,194,162,186,219,229,222,219,226,226,213,202,0,0,0,0,0,0,0,0,0,0,0,1,1,0,0,0,155,175,201,221,219,225,220,222,227,227,215,221,0,0,0,0,0,0,0,0,0,0,0,1,0,3,0,13,188,173,219,219,220,223,222,225,226,223,212,246,34,0,0,0,0,0,0,0,0,0,0,1,0,0,0,118,197,174,220,220,220,222,225,223,220,222,221,239,120,0,0,0,0,0,0,0,0,0,0,2,4,0,33,207,165,185,217,229,224,224,225,221,224,219,230,216,220,0,0,0,0,0,0,0,0,0,0,5,0,0,172,179,181,215,225,220,219,222,223,220,219,211,205,213,250,85,0,0,0,0,0,0,0,0,3,0,0,114,200,187,212,219,220,218,213,219,221,219,209,203,188,210,242,137,0,0,0,0,0,1,3,4,0,0,105,210,183,219,212,213,217,215,214,220,227,223,226,235,231,238,232,135,0,0,3,3,0,0,0,0,3,146,189,69,134,217,210,221,235,219,221,228,207,189,174,169,157,148,179,137,0,0,0,0,0,1,51,120,186,135,73,53,142,202,208,226,232,215,199,186,175,176,167,177,198,207,248,148,0,0,3,59,108,146,118,87,0,0,27,184,212,198,227,228,188,170,208,224,199,169,235,232,236,230,251,143,32,140,179,186,191,176,72,15,34,52,122,201,219,218,215,173,187,216,138,42,0,58,254,217,218,215,242,146,103,212,202,209,210,218,230,222,215,246,221,218,215,215,188,224,179,24,0,0,0,106,222,209,213,213,236,139,0,38,92,150,179,193,191,203,213,211,208,223,219,222,223,104,0,0,0,0,0,159,233,215,234,228,255,181,0,0,0,0,0,13,41,60,82,111,116,117,115,87,0,0,0,0,0,0,0,91,183,145,145,135,149,75,0,0,0,0,0,0,0,0,0,0,0,0,0,0,0,0,0,0,0,0,0,0,0,0,0,0,0,0,0,0,0,0,0,0,0,0,0,0,0,0,0,0,0,0,0,0,0,0,0,0,0,0,0,0,0,0,0,0,0,0,0,0,0,0,0,0,0,0,0,0,0,0,0,0,0,0,0,0,0,0,0,0,0,0,0,0,0,0,0,0,0,0,0,0,0,0,0,0,0,0,0,0,0,0,0,0,0,0,0,0,0,0,0,0,0,0,0,0,0,0,0,0,0,0,0,0,0,0,0,0,0,0,0,0,0,0,0,0,0,0,6
0,0,0,0,0,0,0,0,0,0,0,0,0,0,0,0,0,0,0,0,0,0,0,0,95,3,0,0,0,0,0,0,0,0,0,0,0,0,0,0,0,0,0,0,0,0,0,0,0,0,0,27,234,3,0,0,0,0,0,0,0,0,0,0,0,4,0,88,170,199,252,252,250,240,253,245,237,247,184,213,44,0,1,0,0,0,0,0,0,0,0,0,0,6,0,171,255,210,202,207,224,251,222,197,243,208,202,246,29,0,0,0,0,0,0,0,0,0,0,0,0,0,0,135,190,174,236,194,169,160,158,246,177,153,220,218,29,0,0,0,0,0,0,0,0,0,0,0,0,0,0,124,222,217,188,216,233,235,255,195,157,255,158,228,86,0,1,0,0,0,0,0,0,0,0,0,0,0,0,170,223,139,215,201,171,172,163,167,255,159,190,251,206,0,0,0,0,0,0,0,0,0,0,0,0,0,0,105,219,230,198,221,226,221,212,255,154,177,248,233,255,0,0,0,0,0,0,0,0,0,0,0,0,3,0,169,252,127,186,186,172,162,177,161,174,249,228,232,247,56,0,0,0,0,0,0,0,0,0,0,0,0,0,112,168,209,254,251,252,250,212,205,242,232,231,230,250,159,0,0,0,0,0,0,0,0,0,0,0,0,0,140,255,241,232,235,229,237,244,239,235,230,233,231,237,249,0,0,0,0,0,0,0,0,0,0,0,0,0,228,239,231,236,234,236,234,237,230,227,225,237,232,227,255,39,0,0,0,0,0,0,0,0,0,3,0,14,255,233,235,237,234,232,235,234,233,230,227,232,227,218,255,99,0,0,0,0,0,0,0,0,0,3,0,22,255,229,239,234,234,233,234,235,231,231,226,228,228,222,255,131,0,0,0,0,0,0,0,0,0,3,0,59,243,227,237,233,233,233,234,234,231,230,234,231,224,226,255,77,0,0,0,0,0,0,0,0,0,2,0,92,247,228,233,232,233,234,233,231,232,233,226,238,252,236,255,3,0,0,0,0,0,0,0,0,0,0,0,146,246,226,233,233,233,233,233,234,235,224,255,255,188,224,242,0,0,0,0,0,0,0,0,0,0,0,0,204,242,225,236,233,233,234,231,235,225,255,218,0,0,177,222,0,0,0,0,0,0,0,0,0,1,0,0,254,236,229,234,233,233,233,234,227,255,234,0,0,0,202,177,0,0,0,0,0,0,0,0,0,1,0,55,255,219,236,232,234,233,234,232,238,251,0,0,2,0,171,144,0,0,0,2,0,0,1,3,6,0,0,190,255,220,234,232,233,233,234,231,255,49,0,4,0,0,169,101,0,0,0,2,3,3,0,0,0,0,72,255,224,229,231,232,233,233,226,246,174,0,0,0,0,0,165,104,0,0,0,0,0,0,0,1,54,142,254,238,229,229,231,230,233,230,235,255,7,0,2,0,0,0,161,83,0,0,0,0,10,129,216,255,255,255,230,222,227,229,232,230,234,227,246,163,0,0,0,0,5,0,159,67,0,0,0,86,232,242,227,221,218,222,222,226,232,231,227,232,231,227,243,44,0,1,0,0,6,0,158,51,0,0,0,145,236,236,249,244,238,231,227,218,223,225,227,229,230,250,197,0,0,1,0,1,0,0,179,34,0,0,0,0,2,53,109,183,219,255,255,255,255,255,255,255,255,252,15,0,0,0,0,1,0,0,216,26,0,0,0,0,0,0,0,0,0,0,26,66,88,114,139,141,88,0,0,0,0,0,0,0,0,0,11,0,0,0,6
0,0,0,0,0,0,0,0,0,0,0,0,0,0,0,0,0,0,0,0,0,0,0,0,0,0,0,0,0,0,0,0,0,0,0,0,0,0,0,0,0,0,0,0,0,0,0,0,0,0,0,0,0,0,0,0,0,0,0,0,0,0,0,0,0,0,0,0,0,0,0,0,0,0,0,0,0,0,0,0,0,0,0,0,0,0,0,0,0,0,0,0,0,0,0,0,0,0,0,0,0,0,1,0,0,0,0,1,128,0,0,1,0,0,0,0,0,0,0,0,0,0,0,0,0,0,0,0,0,0,0,0,0,0,60,118,151,0,0,0,0,0,0,0,0,0,0,0,0,0,0,0,0,0,0,0,0,0,5,0,19,140,145,161,60,0,0,0,0,0,0,0,0,0,0,0,0,0,0,0,1,1,3,3,3,0,0,0,145,206,159,64,0,0,0,0,0,0,0,0,0,0,0,0,0,0,0,0,0,0,0,0,0,0,17,169,184,118,60,0,0,1,1,1,0,0,0,0,0,0,0,0,0,0,0,0,1,21,19,35,66,93,153,169,13,0,0,0,0,0,0,0,0,0,0,0,0,0,0,0,0,0,40,87,109,120,124,128,124,118,128,103,0,0,0,0,0,0,17,44,0,0,0,0,0,0,0,0,0,35,138,109,99,101,109,114,130,142,149,163,0,0,0,0,48,126,169,142,0,0,0,0,0,0,0,0,0,122,38,0,0,0,0,7,44,144,175,186,85,0,101,161,184,184,202,118,0,0,0,0,0,0,1,0,25,112,0,1,1,0,0,0,0,0,136,173,142,194,196,194,140,169,212,62,0,0,0,0,0,0,0,0,60,107,0,1,1,3,0,0,0,0,112,171,184,221,145,163,132,167,239,19,0,0,0,0,0,3,0,5,99,112,0,1,1,0,0,0,0,103,249,182,198,171,188,142,173,177,202,0,0,0,0,0,0,0,0,0,112,124,0,0,1,0,0,0,93,196,124,175,192,175,171,169,200,171,142,0,0,0,0,0,0,19,58,79,81,147,25,0,0,0,0,52,182,157,132,190,204,116,130,126,163,179,138,0,3,1,3,0,31,118,46,159,114,122,99,0,0,0,19,157,149,120,163,196,151,153,144,163,149,171,64,0,0,0,0,0,3,103,91,97,206,93,149,0,0,0,145,161,145,175,192,255,208,145,136,171,165,179,17,0,33,9,0,0,0,60,126,95,153,140,169,33,0,103,179,181,188,130,184,243,128,145,167,149,163,190,0,0,130,142,145,149,110,124,138,138,120,140,149,134,110,190,184,177,157,120,167,161,130,177,181,171,192,138,0,0,81,120,149,159,175,186,186,194,192,186,177,171,181,194,182,202,184,198,218,196,206,196,188,181,206,87,0,0,11,77,62,72,83,116,128,151,159,167,167,161,147,120,97,89,89,83,81,68,70,58,29,35,70,44,0,0,0,60,85,118,101,87,72,68,64,77,72,77,70,66,87,101,124,118,136,136,147,194,182,184,214,27,0,1,0,0,0,0,36,50,103,130,114,126,122,124,103,91,91,79,73,54,50,23,58,138,116,103,107,3,0,0,0,0,0,0,0,0,0,0,0,0,0,0,0,0,0,0,0,0,0,0,0,0,0,0,0,0,0,0,0,0,0,0,0,0,0,0,0,0,0,0,0,0,0,0,0,0,0,0,0,0,0,0,0,0,0,0,0,0,0,0,0,0,0,0,0,0,0,0,0,0,0,0,0,0,0,0,0,0,0,0,0,0,0,0,6
0,0,0,0,0,0,0,0,0,0,0,0,0,0,0,0,0,0,0,0,0,0,0,0,0,0,0,0,0,0,0,0,0,0,0,0,0,0,0,0,0,0,0,0,0,0,0,0,0,0,0,0,0,0,0,0,0,0,0,0,0,0,0,0,0,0,0,0,0,0,0,0,0,0,0,0,0,0,0,0,0,0,0,0,0,0,0,0,0,0,0,0,0,0,0,0,0,0,0,0,0,0,0,0,0,0,0,0,0,0,0,0,0,0,0,0,0,0,0,0,0,0,0,0,0,0,0,0,0,0,0,0,0,0,0,0,0,0,0,0,0,0,0,0,0,0,0,0,0,0,0,0,0,0,0,0,0,0,0,0,0,0,0,0,0,0,0,0,0,0,0,0,0,0,0,0,0,0,0,0,0,0,0,0,0,0,0,0,0,0,0,0,0,0,0,0,0,0,0,0,0,0,0,0,0,0,0,0,0,0,0,0,0,0,0,0,0,0,104,200,162,137,71,0,0,0,0,0,0,0,0,0,0,0,0,0,1,0,0,123,155,161,165,200,22,118,239,193,191,219,207,0,0,0,0,0,0,0,0,0,0,0,0,0,4,0,42,184,190,188,200,255,70,211,204,188,184,207,157,0,0,0,0,0,0,0,0,0,0,0,0,2,0,0,169,179,173,183,187,201,24,190,194,185,187,212,168,0,0,0,0,0,0,0,0,0,0,0,0,1,0,94,168,157,189,193,203,186,151,208,196,192,183,213,180,0,0,0,0,0,0,0,0,0,0,2,0,0,40,166,151,185,198,191,221,164,212,190,188,194,190,203,194,0,0,0,0,0,0,0,0,0,5,1,0,15,160,174,185,189,194,208,209,160,195,194,195,190,185,201,219,0,0,0,1,3,3,3,9,0,0,0,34,169,187,191,192,188,203,209,189,171,202,194,187,192,169,199,238,14,0,2,0,0,0,0,0,0,5,118,206,187,194,201,196,203,203,215,175,183,186,123,113,185,161,200,212,39,3,0,0,7,17,41,73,141,211,193,185,197,204,195,198,209,212,208,154,204,202,174,188,202,192,204,252,56,0,40,163,151,190,205,193,193,183,184,196,204,194,189,214,220,223,207,160,214,172,179,173,166,164,184,210,16,32,177,184,174,172,176,180,188,197,203,203,185,187,214,228,195,179,153,158,174,173,176,181,189,189,194,231,29,67,195,210,205,207,199,195,189,182,180,174,181,211,207,174,173,194,234,234,230,205,195,197,195,185,185,241,40,0,0,76,158,204,232,242,229,210,201,211,228,222,230,229,224,194,113,5,185,215,189,190,188,182,184,248,35,0,0,0,0,0,24,64,106,138,159,181,184,155,103,41,0,0,0,0,5,201,177,181,178,176,180,205,21,0,0,0,0,0,0,0,0,0,0,0,0,0,0,0,0,0,0,0,0,0,0,0,0,0,0,0,0,0,0,0,0,0,0,0,0,0,0,0,0,0,0,0,0,0,0,0,0,0,0,0,0,0,0,0,0,0,0,0,0,0,0,0,0,0,0,0,0,0,0,0,0,0,0,0,0,0,0,0,0,0,0,0,0,0,0,0,0,0,0,0,0,0,0,0,0,0,0,0,0,0,0,0,0,0,0,0,0,0,0,0,0,0,0,0,0,0,0,0,0,0,0,0,0,0,0,0,0,0,0,0,0,0,0,0,0,0,0,0,0,0,0,0,0,0,0,0,0,0,0,0,0,0,0,0,0,0,0,0,0,0,0,0,0,0,0,0,0,6
0,0,0,0,0,0,0,0,1,2,0,0,0,0,0,11,30,45,68,67,80,93,74,107,12,0,3,0,0,0,0,0,0,0,0,0,0,6,0,45,253,208,255,255,255,255,255,255,255,254,254,255,34,0,7,0,0,0,0,0,0,0,0,0,0,9,0,45,237,233,238,236,236,236,233,228,230,236,234,246,16,0,6,0,0,0,0,0,0,0,0,0,0,6,0,56,236,224,236,242,241,246,240,235,241,238,241,244,0,0,4,0,0,0,0,0,0,0,0,0,0,7,0,55,240,226,239,241,240,243,238,236,239,238,240,255,0,0,5,0,0,0,0,0,0,0,0,0,0,7,0,51,237,227,239,242,241,244,239,238,241,240,239,255,12,0,5,0,0,0,0,0,0,0,0,0,0,7,0,48,235,227,240,242,242,245,242,242,245,242,238,255,24,0,1,0,0,0,0,0,0,0,0,0,0,6,0,55,237,228,241,241,241,246,244,242,244,248,232,253,97,0,1,0,0,0,0,0,0,0,0,0,0,8,0,65,239,226,241,242,239,243,242,240,244,241,234,249,232,0,0,0,0,0,0,0,0,0,0,0,0,9,0,87,240,224,241,241,237,241,241,239,243,245,248,239,254,82,0,1,0,0,0,0,0,0,0,0,0,8,0,116,238,219,240,236,237,242,241,240,245,247,244,241,249,253,0,0,0,0,0,0,0,0,0,0,0,1,0,138,237,227,235,229,236,244,241,241,246,245,246,244,238,255,122,0,0,0,0,0,0,0,0,0,0,0,0,177,235,232,234,232,235,240,242,240,245,246,244,241,241,249,252,0,0,0,0,0,0,0,0,0,2,0,0,243,238,235,229,234,240,245,243,241,244,243,240,243,243,239,255,23,0,0,0,0,0,0,0,0,6,0,62,241,237,245,233,227,235,246,245,241,243,242,239,241,244,236,255,57,0,0,0,0,0,0,0,0,0,0,166,246,230,232,232,234,239,246,246,243,242,240,239,240,245,231,255,111,0,0,0,0,1,0,0,3,0,1,253,225,229,235,244,250,245,244,248,240,239,236,243,241,237,220,255,110,0,0,0,0,0,0,0,0,0,132,248,212,245,243,243,245,248,243,246,237,233,249,246,230,224,226,255,87,0,0,0,0,0,0,3,0,14,255,212,232,245,239,239,239,244,244,248,244,255,244,238,228,225,225,255,75,0,0,0,0,2,0,0,0,207,235,206,232,239,236,237,239,242,242,255,255,101,244,238,227,229,225,255,71,1,7,10,0,0,0,0,94,255,223,218,215,239,238,238,244,239,242,255,47,0,255,233,230,228,230,255,61,0,0,0,0,0,36,145,255,235,226,219,223,241,240,235,242,238,255,77,0,0,255,239,231,228,226,255,55,0,22,149,229,254,255,248,230,234,227,223,233,238,231,239,236,254,117,0,0,0,255,233,226,230,229,255,48,18,224,254,236,237,230,227,229,221,217,230,236,234,236,236,255,180,0,0,0,0,255,234,224,234,236,255,41,136,253,215,233,231,230,226,211,211,217,235,239,239,235,251,255,0,0,2,0,0,216,237,230,235,233,240,34,99,246,253,249,243,244,236,222,218,225,228,236,241,254,243,35,0,0,0,0,0,204,236,225,231,234,241,22,0,39,118,169,218,241,254,255,255,255,255,255,255,213,39,0,6,1,1,0,0,255,247,235,233,229,251,5,0,0,0,0,0,0,0,0,0,20,20,16,11,0,0,0,0,3,0,0,0,86,76,52,42,39,12,0,6
0,0,0,0,0,0,0,0,0,0,0,0,0,0,0,0,0,0,0,0,0,0,0,0,0,0,0,0,0,0,0,0,0,0,0,0,0,0,0,0,0,0,0,0,0,0,0,0,0,0,0,0,0,0,0,0,0,0,0,0,0,0,0,0,0,0,0,0,0,0,0,0,0,0,0,0,0,0,0,0,0,0,0,0,0,0,0,0,0,0,0,0,0,0,0,0,0,0,0,0,0,0,0,0,0,0,0,0,0,0,0,0,0,0,0,0,0,0,0,0,0,0,0,0,0,0,0,0,0,0,0,0,0,0,0,0,0,0,0,0,0,0,0,0,0,0,0,0,0,0,0,0,0,0,0,0,5,189,81,0,0,0,0,0,0,0,0,0,0,0,0,0,0,0,0,0,0,0,0,0,0,0,0,0,153,231,224,255,212,132,59,13,0,0,0,0,0,0,0,0,0,0,0,0,0,0,0,0,0,0,0,0,255,212,212,220,241,215,232,240,193,159,85,0,0,0,0,0,0,0,0,0,0,0,0,0,0,8,0,130,231,216,228,220,253,89,204,233,225,247,205,0,0,0,0,0,0,0,0,0,0,0,0,0,0,0,0,245,224,207,226,235,236,132,244,226,217,234,94,0,0,0,0,0,0,0,0,0,0,0,0,0,0,0,222,217,198,169,206,223,219,235,231,230,220,247,54,0,0,0,0,0,0,0,0,0,2,2,0,0,0,180,255,200,200,235,255,255,255,244,233,229,216,243,69,0,0,0,3,4,3,2,1,2,1,4,0,0,139,255,199,213,233,254,185,17,85,255,240,226,215,233,56,0,0,2,0,0,0,0,0,0,0,0,0,157,239,205,227,229,219,244,128,27,0,129,255,225,222,238,87,0,0,0,0,12,0,0,0,0,17,130,245,203,203,195,167,255,225,236,109,136,86,127,255,217,221,236,159,0,0,69,188,219,243,220,214,216,247,218,140,139,187,222,214,227,241,255,150,0,56,243,239,226,221,226,197,0,0,169,204,147,177,202,207,207,199,186,188,170,158,178,195,202,205,226,255,255,255,243,229,233,217,225,207,0,84,223,219,224,210,198,187,193,194,202,192,171,185,201,220,230,227,226,226,241,233,225,235,234,227,236,182,0,64,180,215,219,227,226,225,219,217,214,213,224,232,234,234,228,228,237,227,229,227,223,224,224,219,211,221,9,0,0,61,151,213,217,232,236,233,230,227,227,228,229,229,229,253,236,222,203,204,204,205,199,203,195,206,51,0,0,0,0,0,38,122,181,226,205,219,219,206,218,165,108,45,2,118,255,221,221,221,221,220,216,224,82,0,3,5,0,0,0,0,0,0,10,24,26,14,0,0,0,0,0,0,131,129,120,134,129,111,91,74,6,1,0,0,0,4,3,0,0,0,0,0,0,0,0,0,3,3,0,0,0,0,0,0,0,0,0,0,0,0,0,0,0,0,0,0,0,0,0,0,0,0,0,0,0,0,0,0,0,0,0,0,0,0,0,0,0,0,0,0,0,0,0,0,0,0,0,0,0,0,0,0,0,0,0,0,0,0,0,0,0,0,0,0,0,0,0,0,0,0,0,0,0,0,0,0,0,0,0,0,0,0,0,0,0,0,0,0,0,0,0,0,0,0,0,0,0,0,0,0,0,0,0,0,0,0,0,0,0,0,0,0,0,0,0,0,0,0,0,0,0,0,0,0,0,0,0,0,0,0,0,0,0,0,0,0,0,0,0,0,0,0,0,0,0,0,0,0,0,6
0,0,0,0,0,0,0,0,0,0,0,0,0,0,0,0,0,0,0,0,0,0,0,0,0,0,0,0,0,0,0,0,0,0,0,0,0,0,0,0,0,0,0,0,0,0,0,0,0,0,0,0,0,0,0,0,0,0,0,0,0,0,0,0,0,0,0,0,0,0,0,0,0,0,0,0,0,0,0,0,0,0,0,0,8,8,8,8,8,8,8,8,8,7,7,7,7,6,2,0,0,0,0,0,0,0,0,0,0,0,5,7,8,8,8,8,8,8,8,8,7,8,7,7,10,0,8,151,165,174,172,172,178,187,183,167,148,125,0,8,8,8,8,8,8,8,8,8,7,8,7,8,12,0,59,173,168,168,177,195,203,200,198,206,216,162,0,6,8,8,8,8,8,8,8,8,8,7,8,8,8,0,135,174,169,172,178,198,193,172,183,179,185,110,0,6,8,8,8,8,8,8,8,8,6,15,5,8,5,0,180,187,164,165,193,203,183,173,182,168,189,103,0,8,8,8,8,8,8,8,8,8,6,6,12,10,0,10,189,180,190,179,178,179,174,189,184,164,211,106,0,8,8,8,8,8,8,8,8,7,10,6,7,12,0,52,209,153,190,175,165,187,199,195,187,164,192,136,0,3,8,8,8,8,8,8,8,8,7,10,8,3,0,120,199,154,164,169,178,183,193,192,185,169,178,180,2,1,8,8,8,8,8,8,8,7,8,8,8,0,23,160,153,158,159,178,183,187,190,194,183,175,187,200,36,0,8,7,8,7,8,7,8,8,10,6,10,0,108,173,130,155,185,185,198,197,178,179,192,175,162,198,114,0,8,7,8,7,7,8,7,8,7,12,0,30,149,124,136,164,180,183,208,195,177,195,183,167,169,157,150,0,7,8,8,8,7,8,8,7,11,2,2,130,128,133,173,172,165,192,199,175,175,179,182,170,187,168,190,41,7,7,6,7,8,6,6,11,3,0,100,151,138,151,169,175,184,199,200,184,169,170,180,168,179,175,232,62,6,8,8,10,8,10,11,2,0,89,159,123,157,146,168,175,192,200,175,175,168,165,178,174,173,169,219,71,10,8,8,10,7,10,0,0,92,175,143,155,150,158,169,182,200,184,173,175,172,159,178,172,179,187,228,74,7,6,11,3,0,0,37,130,151,121,125,124,134,154,172,168,177,180,163,162,185,188,194,202,193,193,222,47,11,2,0,16,66,120,143,129,106,124,123,123,159,177,182,178,167,158,193,243,202,180,229,175,155,153,214,50,0,13,90,130,163,146,129,125,138,157,167,153,172,174,167,159,177,243,222,85,0,108,211,128,169,165,212,52,5,106,128,126,135,134,138,135,136,158,170,164,185,167,157,213,211,67,0,0,0,134,204,139,169,157,194,43,74,180,163,163,167,160,153,150,158,159,169,168,170,178,233,144,0,0,1,11,0,129,172,140,130,145,177,28,28,141,144,167,192,239,224,214,209,206,209,211,217,184,52,0,3,7,7,2,0,219,203,193,216,197,254,27,3,0,0,0,5,27,46,65,75,75,74,52,26,0,0,7,6,8,8,3,0,99,134,125,125,109,77,0,0,0,0,0,0,0,0,0,0,0,0,0,0,0,0,0,0,0,0,0,0,0,0,0,0,0,0,0,0,0,0,0,0,0,0,0,0,0,0,0,0,0,0,0,0,0,0,0,0,0,0,0,0,0,0,0,0,0,0,0,0,0,0,0,0,0,0,0,0,0,0,0,0,0,0,0,0,0,0,0,0,0,0,0,6
0,0,0,0,0,0,0,0,0,0,0,0,0,0,0,0,0,0,0,0,0,0,0,0,0,0,0,0,0,0,0,0,0,0,0,0,0,0,0,0,0,0,0,0,0,0,0,0,0,0,0,0,0,0,0,0,0,0,0,0,0,0,0,0,0,0,0,0,0,0,0,45,152,82,57,44,0,0,0,0,0,0,0,0,0,0,0,0,0,0,0,0,0,1,0,0,0,0,0,137,211,195,222,237,206,0,0,25,33,69,75,0,0,0,0,0,0,0,0,0,0,0,0,0,0,0,0,168,183,179,173,186,229,166,209,202,206,222,148,0,0,0,0,0,0,0,0,0,0,1,0,0,1,0,8,211,184,178,189,196,201,221,214,206,187,197,47,0,0,0,0,0,0,0,0,0,0,1,0,0,3,0,34,197,171,196,199,226,220,197,211,207,202,197,18,0,0,0,0,0,0,0,0,0,0,1,0,0,2,0,77,213,189,191,181,203,167,169,215,202,178,219,23,0,0,0,0,0,0,0,0,0,0,0,0,2,0,0,156,188,175,177,199,180,200,208,164,179,199,221,46,0,0,0,0,0,0,0,0,0,0,0,1,1,0,0,166,172,176,199,216,234,255,226,211,137,176,248,87,0,0,0,0,0,0,0,0,0,0,0,2,0,0,95,197,196,174,227,197,241,244,242,216,213,136,185,188,0,0,0,0,0,0,0,0,0,0,0,4,0,80,172,181,194,227,248,185,236,241,241,220,211,231,133,241,0,0,0,0,0,0,0,0,0,0,2,0,32,112,87,207,237,246,216,170,225,235,253,214,207,215,197,144,0,0,0,0,0,0,0,0,0,0,5,0,102,9,165,234,235,220,221,173,214,221,244,211,208,220,212,190,32,0,0,0,0,0,0,0,0,0,4,0,111,184,211,230,216,205,217,184,224,224,230,193,232,211,204,193,0,0,0,0,0,0,0,0,0,0,0,0,2,247,212,202,201,211,236,195,229,221,222,187,245,233,196,212,7,0,0,0,0,0,0,0,0,0,1,0,22,240,209,200,221,211,227,186,211,212,223,187,220,243,231,225,75,0,0,0,0,0,1,1,0,0,0,0,148,226,195,195,217,220,222,178,214,228,232,189,209,216,234,222,119,0,0,0,0,0,1,0,0,0,0,112,223,194,188,192,196,226,223,177,214,224,219,190,208,201,200,219,106,0,0,1,0,0,0,0,0,0,121,222,183,192,208,201,191,214,213,192,223,224,208,186,204,196,193,225,91,0,0,0,4,0,0,0,25,173,228,193,198,195,198,207,216,213,195,187,212,225,205,189,216,201,202,209,28,3,3,1,0,0,14,128,222,214,188,190,197,199,197,195,203,215,206,200,234,250,200,176,202,179,151,131,0,0,0,0,11,129,202,199,190,194,201,203,202,196,198,195,199,207,249,232,155,48,161,168,144,147,136,147,8,0,0,100,180,197,193,190,192,192,196,204,203,200,206,214,223,203,77,0,0,8,236,150,155,157,144,150,11,32,166,200,192,188,189,191,193,188,177,189,196,210,219,221,93,0,0,0,0,28,170,154,143,135,137,149,11,27,203,186,199,209,239,237,240,231,234,237,233,206,103,0,0,0,0,1,0,0,185,205,173,169,170,173,21,0,0,0,11,44,53,56,63,74,73,49,14,0,0,0,0,2,0,0,0,0,60,57,45,45,45,47,0,0,0,0,0,0,0,0,0,0,0,0,0,0,0,0,0,0,0,0,0,0,0,0,0,0,0,0,0,6
0,0,0,0,0,0,0,0,0,0,0,0,0,0,0,0,0,0,0,0,0,0,0,0,0,0,0,0,0,0,0,0,0,0,0,0,0,0,0,0,0,0,0,0,0,0,0,0,0,0,0,0,0,0,0,0,0,0,0,0,0,0,0,0,0,0,0,0,0,0,0,0,0,0,0,0,0,0,0,0,0,0,0,0,0,0,0,0,0,0,0,0,0,0,0,0,0,0,0,0,0,0,0,0,0,0,0,0,0,0,0,0,0,0,0,0,0,0,0,0,0,0,0,0,0,0,0,0,0,0,0,0,0,0,0,0,0,0,0,0,0,0,0,0,0,0,0,0,0,0,0,0,0,0,2,0,51,2,0,1,3,1,0,0,0,1,1,0,0,0,0,0,0,0,0,0,0,0,0,0,0,0,0,0,169,11,0,0,0,0,1,1,5,4,2,0,0,0,0,0,0,0,0,0,0,0,0,0,0,4,0,32,138,136,179,45,0,0,0,0,0,0,1,0,0,0,0,0,0,0,0,0,0,0,0,0,0,0,0,115,170,157,222,194,204,169,164,117,84,24,0,1,0,0,0,0,0,0,0,0,0,0,0,0,1,0,0,123,160,208,207,166,166,192,187,173,178,75,0,0,0,0,0,0,0,0,0,0,0,0,0,0,5,0,11,164,101,225,235,216,204,206,191,181,180,120,0,0,0,0,0,0,0,0,0,0,0,0,0,0,0,0,80,234,227,170,178,223,248,239,255,223,207,187,25,0,0,0,0,0,3,1,0,0,3,0,0,1,0,0,140,210,209,210,192,214,197,192,217,211,195,212,0,0,0,0,0,0,3,0,2,2,1,4,0,0,0,170,167,146,209,209,217,235,236,225,244,216,198,224,5,0,0,0,0,1,0,0,2,1,0,0,0,0,137,177,139,206,218,223,240,197,206,216,216,235,195,209,62,0,0,0,0,0,0,3,4,0,0,0,131,232,132,125,220,220,228,233,219,211,229,201,232,228,215,205,60,0,0,0,0,0,1,0,0,0,74,238,181,132,142,243,210,236,223,200,228,226,197,222,224,197,228,217,122,0,2,4,6,0,0,0,9,166,223,107,103,146,241,215,236,212,206,236,188,178,255,191,220,224,214,210,186,0,0,0,0,0,0,55,183,140,124,37,222,245,223,215,221,233,230,199,233,218,212,224,212,209,247,215,178,15,10,63,84,112,143,168,179,144,157,212,205,213,201,214,217,210,223,220,217,217,213,229,218,226,231,225,201,36,112,170,168,171,161,144,137,170,193,232,239,242,234,240,226,231,229,215,246,253,242,229,255,222,196,187,154,4,0,0,8,30,77,21,0,84,103,111,113,116,114,98,83,57,49,35,34,29,19,15,2,0,0,0,0,5,29,25,17,2,0,3,12,0,0,0,0,0,0,0,0,0,0,0,1,6,8,11,28,33,37,47,53,31,2,10,19,30,35,27,30,35,34,36,36,37,38,34,34,34,34,34,36,35,31,31,39,33,23,17,16,1,0,0,0,0,0,0,0,0,0,0,0,0,0,0,0,0,0,0,0,0,0,0,0,0,0,0,0,0,0,0,0,0,0,0,0,0,0,0,0,0,0,0,0,0,0,0,0,0,0,0,0,0,0,0,0,0,0,0,0,0,0,0,0,0,0,0,0,0,0,0,0,0,0,0,0,0,0,0,0,0,0,0,0,0,0,0,0,0,0,0,0,0,0,0,0,0,0,0,0,0,0,0,0,0,0,0,0,0,0,0,0,0,6
0,0,0,0,0,0,0,0,0,0,0,0,0,0,0,0,0,0,0,0,0,0,0,0,0,0,0,0,0,0,0,0,0,0,0,0,0,0,0,0,0,0,0,0,0,0,0,0,0,0,0,0,0,0,0,0,0,0,0,0,0,0,0,0,0,0,0,0,0,0,0,0,0,0,0,0,0,0,0,0,0,0,0,0,0,0,0,0,0,0,0,0,0,0,0,0,0,0,0,0,0,0,0,0,0,0,0,0,0,0,0,0,0,0,0,0,0,0,0,0,0,0,0,0,0,0,0,0,0,0,0,0,0,0,0,0,0,0,0,0,0,0,0,0,0,0,0,0,0,0,0,0,0,0,0,0,0,0,0,0,0,0,0,0,0,0,0,0,0,0,0,0,0,0,0,0,2,0,1,1,0,24,83,2,0,0,0,0,1,5,2,3,0,1,1,0,0,0,0,0,0,0,0,0,2,0,1,3,0,45,242,173,196,189,107,0,0,0,0,0,0,0,0,0,0,0,0,0,0,0,0,0,1,0,2,0,0,74,196,223,195,189,215,150,98,64,38,39,93,183,4,0,0,0,0,0,0,0,0,0,1,4,0,0,111,214,230,229,167,163,169,208,219,219,215,195,194,203,2,0,0,0,0,0,0,0,0,0,0,0,5,115,230,201,211,191,193,200,216,211,205,200,204,208,193,210,33,0,0,0,0,0,3,2,0,0,11,61,174,198,204,240,218,185,195,195,210,228,224,219,236,242,211,214,83,0,0,0,0,1,3,0,0,43,166,230,211,200,205,183,162,191,201,211,207,224,224,232,217,221,218,203,141,0,1,0,1,4,3,0,10,255,187,191,202,237,200,183,196,205,215,218,210,230,223,218,212,214,201,195,203,0,0,3,0,0,0,0,49,223,209,209,182,196,175,200,223,228,225,221,222,230,219,214,218,207,193,190,225,10,0,0,0,7,37,98,92,166,193,171,188,202,221,222,233,230,223,230,222,215,219,221,211,190,202,201,222,26,0,0,140,190,182,159,162,177,181,217,212,226,225,224,230,237,228,231,226,211,207,215,216,212,214,196,233,42,0,129,253,223,198,156,146,197,203,229,221,230,224,225,233,225,216,221,215,229,214,205,211,202,200,187,230,19,32,185,216,231,230,240,198,233,223,237,231,238,233,235,240,240,236,239,237,246,236,236,238,224,231,202,231,16,113,162,157,181,182,196,191,197,196,207,201,204,201,189,189,185,178,176,173,178,173,175,177,169,167,147,171,38,126,224,175,180,176,174,164,169,164,164,160,162,160,167,169,174,176,174,176,181,175,180,178,181,177,169,194,108,8,122,188,210,212,223,209,232,244,240,239,243,243,243,240,243,244,240,239,239,237,240,237,233,233,225,246,94,0,0,0,39,64,104,133,143,147,148,152,156,160,153,150,147,146,147,150,149,152,152,154,159,148,135,142,2,0,0,0,0,0,0,0,0,0,0,0,0,0,0,0,0,0,0,0,0,0,0,0,0,0,0,0,0,0,0,0,0,0,0,0,0,0,0,0,0,0,0,0,0,0,0,0,0,0,0,0,0,0,0,0,0,0,0,0,0,0,0,0,0,0,0,0,0,0,0,0,0,0,0,0,0,0,0,0,0,0,0,0,0,0,0,0,0,0,0,0,0,0,0,0,0,0,0,0,0,0,0,0,0,0,0,0,0,0,0,0,0,0,0,0,0,0,0,0,0,0,0,0,0,0,0,0,0,0,0,0,0,0,0,0,0,0,0,0,0,6
0,0,0,0,0,0,0,0,0,0,0,0,0,0,0,0,0,0,0,0,0,0,0,0,0,0,0,0,0,0,0,0,0,0,0,0,0,0,0,0,0,0,0,0,0,0,0,0,0,0,0,0,0,0,0,0,0,0,0,0,0,0,0,0,0,0,0,0,0,0,0,0,0,0,0,0,0,0,0,0,0,0,0,0,0,0,0,0,0,0,0,0,0,0,0,0,0,0,0,0,0,0,0,0,0,0,0,0,0,0,0,0,0,0,0,0,0,0,0,0,0,0,0,0,0,0,0,0,0,0,0,0,0,0,0,0,0,0,0,0,0,0,0,0,0,0,0,0,0,0,0,0,0,1,0,0,1,2,0,0,0,0,4,3,2,0,0,0,0,0,0,0,0,0,0,0,0,0,0,0,0,0,0,2,0,0,62,132,16,0,0,0,0,0,1,1,0,0,0,0,0,0,0,0,0,1,1,0,0,0,4,0,0,70,190,170,144,217,119,24,0,0,0,0,0,0,0,0,0,0,0,0,1,1,0,2,0,11,0,8,174,204,164,150,149,136,178,208,193,161,102,0,0,0,0,0,0,0,0,0,0,0,0,0,2,0,0,188,213,168,180,190,181,176,147,158,165,153,162,103,0,0,0,0,0,0,0,0,0,1,0,4,0,0,212,208,170,183,180,190,197,184,183,185,176,150,145,116,0,0,0,0,0,0,0,0,0,0,6,0,0,150,212,170,187,210,163,135,136,140,184,156,153,139,132,151,0,0,0,0,0,0,0,0,0,2,0,0,255,208,173,169,182,209,201,167,200,138,171,145,148,145,152,106,0,0,0,0,0,1,0,0,0,0,26,193,215,164,177,168,178,192,222,173,124,164,149,153,144,195,206,19,0,0,0,2,3,2,1,0,0,44,212,196,153,171,173,184,185,183,204,240,150,134,157,147,144,193,150,0,0,5,4,0,0,0,0,0,192,215,185,197,181,167,174,181,181,183,186,202,245,192,166,212,184,194,205,0,0,0,0,0,0,0,0,97,198,195,171,233,201,163,182,166,182,185,183,188,187,212,222,199,176,156,205,18,0,51,155,187,185,211,236,209,181,188,180,169,220,199,166,171,176,181,187,188,180,197,203,155,163,126,205,42,40,234,219,213,208,196,180,180,188,177,182,168,170,216,196,181,177,180,187,186,198,212,195,170,172,158,237,50,53,236,190,195,190,164,174,182,178,180,166,167,166,173,206,200,195,197,194,208,219,236,205,195,200,180,194,24,153,209,194,201,199,177,183,184,172,171,179,168,174,156,192,204,196,192,194,185,189,190,170,171,161,148,187,52,158,196,186,177,173,181,190,186,181,173,185,182,186,179,180,188,181,193,148,193,158,139,131,128,132,123,168,44,0,25,92,141,177,174,180,194,197,193,195,199,188,189,192,103,39,4,0,140,227,170,184,185,185,174,210,67,0,0,0,0,0,16,41,48,64,83,68,80,60,43,18,0,0,0,0,0,60,64,67,58,55,36,18,0,0,0,0,0,0,0,0,0,0,0,0,0,0,0,0,0,0,0,0,0,0,0,0,0,0,0,0,0,0,0,0,0,0,0,0,0,0,0,0,0,0,0,0,0,0,0,0,0,0,0,0,0,0,0,0,0,0,0,0,0,0,0,0,0,0,0,0,0,0,0,0,0,0,0,0,0,0,0,0,0,0,0,0,0,0,0,0,0,0,0,0,0,0,0,0,0,0,0,0,0,0,0,0,0,0,0,0,0,0,0,0,0,6
0,0,0,0,0,0,0,0,0,0,0,0,0,0,0,0,0,0,0,0,0,0,0,0,0,0,0,0,0,0,0,0,0,0,0,0,0,0,0,0,0,0,0,0,0,0,0,0,0,0,0,0,0,0,0,0,0,0,0,0,0,0,0,0,0,0,0,0,0,0,0,0,0,0,0,0,0,0,0,0,0,0,0,0,0,0,0,0,0,0,0,0,0,0,0,0,0,0,0,0,0,0,0,0,0,0,0,0,0,0,0,0,0,0,0,0,0,0,0,0,0,0,0,0,98,124,101,87,74,83,49,45,19,53,71,69,61,41,0,0,0,0,0,0,0,0,0,0,0,0,1,0,152,201,197,205,194,244,216,213,186,215,192,189,200,186,0,0,0,0,0,0,0,0,0,0,0,2,5,0,128,203,184,178,162,204,228,154,183,192,180,175,191,119,0,3,0,0,0,0,0,0,0,0,0,0,4,0,60,168,159,158,165,186,212,152,173,174,165,157,167,44,0,3,0,0,0,0,0,0,0,0,0,0,4,0,50,186,129,155,167,184,175,146,174,165,174,181,193,1,0,2,0,0,0,0,0,0,0,0,0,1,4,0,60,202,119,177,185,183,166,166,171,170,166,189,133,0,0,0,0,0,0,0,0,0,0,0,0,0,4,0,68,178,144,211,197,174,171,182,181,189,185,196,134,0,0,0,0,0,0,0,0,0,0,0,0,1,3,0,32,176,121,175,136,193,208,174,187,177,153,180,182,0,0,2,0,0,0,0,1,1,0,0,0,3,0,0,118,166,117,126,91,126,133,170,168,177,201,202,201,123,0,3,1,0,0,0,0,0,0,0,1,4,0,0,142,184,220,231,255,176,165,199,189,153,190,185,180,149,0,0,0,0,0,0,0,0,0,0,0,1,0,11,127,129,155,165,189,168,228,181,201,124,106,89,159,190,15,0,0,0,1,1,0,0,0,1,1,0,16,129,175,187,182,203,174,172,203,177,175,202,212,209,177,159,60,0,2,0,3,2,4,3,8,0,0,13,130,158,161,196,181,195,131,194,175,152,139,143,149,152,147,158,133,0,0,1,0,0,0,0,0,1,70,110,125,147,158,161,170,166,187,154,134,164,170,164,168,156,152,148,146,1,0,0,21,30,15,7,73,130,149,136,129,161,170,157,156,162,167,163,159,172,165,161,154,149,136,145,166,20,0,91,131,147,143,146,150,143,137,139,150,158,163,173,175,173,180,155,150,171,143,145,138,139,147,133,157,41,25,128,127,124,134,135,130,139,147,150,164,158,157,166,161,167,176,175,171,187,170,187,184,178,181,159,216,68,74,181,164,152,147,144,143,140,145,146,148,158,166,175,182,193,195,222,187,180,158,150,146,150,150,148,184,63,1,77,135,154,205,206,209,203,199,197,202,213,212,199,165,120,61,7,2,162,162,142,135,144,149,142,190,69,0,0,0,0,26,36,61,87,95,93,95,62,39,7,0,0,0,0,0,121,116,112,110,111,112,116,131,32,0,0,0,0,0,0,0,0,0,0,0,0,0,0,0,0,0,0,0,0,0,0,0,0,0,0,0,0,0,0,0,0,0,0,0,0,0,0,0,0,0,0,0,0,0,0,0,0,0,0,0,0,0,0,0,0,0,0,0,0,0,0,0,0,0,0,0,0,0,0,0,0,0,0,0,0,0,0,0,0,0,0,0,0,0,0,0,0,0,0,0,0,0,0,0,0,0,0,0,0,0,0,0,0,0,0,0,0,0,0,0,0,6
0,0,0,0,0,0,0,0,0,0,0,0,0,0,0,0,0,0,0,0,0,0,0,0,0,0,0,0,0,0,0,0,0,0,0,0,0,0,0,0,0,0,0,0,0,0,0,0,0,0,0,0,0,0,0,0,0,0,0,0,0,0,0,0,0,0,0,0,0,0,0,0,0,0,0,0,0,0,0,0,0,0,0,0,0,0,0,0,0,0,0,0,0,0,0,0,0,0,0,0,0,0,0,0,0,0,0,0,0,0,0,0,0,0,0,0,0,0,0,0,0,0,0,0,0,0,0,0,0,0,0,0,0,0,0,0,0,0,113,0,0,0,0,0,0,0,0,0,0,0,0,0,1,0,0,172,192,194,114,0,0,0,0,0,0,0,181,0,0,0,0,0,0,0,0,0,0,0,1,0,1,0,9,227,240,240,253,214,178,193,190,190,180,179,205,0,0,0,0,0,0,0,0,0,0,2,1,0,0,0,109,238,217,228,228,236,242,240,240,239,237,255,174,0,0,0,0,0,0,0,0,0,1,1,0,5,0,0,207,241,223,235,235,218,216,217,217,222,219,242,144,0,0,0,0,0,0,0,0,0,0,0,1,3,0,31,255,226,216,228,232,223,227,230,226,226,222,246,127,0,0,0,0,0,0,0,0,0,0,2,0,0,0,165,235,214,219,228,228,225,228,225,225,228,219,246,117,0,0,0,0,0,0,0,0,0,0,0,2,0,15,235,224,224,222,230,226,222,226,223,233,229,213,241,156,0,0,0,0,0,0,0,0,0,0,0,0,0,144,221,221,226,225,232,222,219,221,227,227,189,213,215,172,0,0,0,0,0,0,0,0,0,0,0,0,49,234,215,229,224,226,232,223,226,239,230,176,209,205,231,209,0,0,0,0,0,0,0,0,0,2,0,0,210,209,205,213,217,226,224,200,220,192,129,173,226,222,224,246,0,0,1,6,6,2,2,2,0,0,0,178,228,168,152,178,199,215,223,223,199,222,143,216,177,180,219,252,31,0,0,0,0,0,0,0,0,36,183,225,136,78,169,202,211,218,227,221,248,142,210,235,196,217,225,255,72,0,0,62,99,93,73,95,160,214,199,110,53,165,213,216,219,224,233,235,249,210,209,239,240,243,225,255,73,0,148,187,169,179,172,219,125,116,81,109,201,220,207,227,233,237,232,226,209,167,236,207,211,208,214,238,35,35,210,208,196,176,147,152,99,155,196,229,223,219,238,235,216,210,197,207,216,198,219,215,214,217,218,251,44,116,229,224,225,222,229,229,237,232,226,219,219,222,216,216,224,230,255,255,229,223,220,220,224,225,218,242,47,1,129,195,227,230,223,220,216,218,220,227,232,232,242,239,255,212,163,62,216,233,228,235,236,237,232,231,62,0,0,0,31,125,174,205,233,244,252,250,223,197,124,50,0,0,0,0,216,255,242,255,247,237,225,227,62,2,4,0,0,0,0,0,0,0,0,0,0,0,0,0,0,0,0,0,7,0,0,0,0,0,0,0,0,0,0,0,0,0,0,0,0,0,0,0,0,0,0,0,0,0,0,0,0,0,0,0,0,0,0,0,0,0,0,0,0,0,0,0,0,0,0,0,0,0,0,0,0,0,0,0,0,0,0,0,0,0,0,0,0,0,0,0,0,0,0,0,0,0,0,0,0,0,0,0,0,0,0,0,0,0,0,0,0,0,0,0,0,0,0,0,0,0,0,0,0,0,0,0,0,0,0,0,0,0,0,0,0,0,0,0,0,0,0,0,0,6
0,0,0,0,0,0,0,0,0,0,0,0,0,0,0,0,0,0,0,0,0,0,0,0,0,0,0,0,0,0,0,0,0,0,0,0,0,0,0,0,0,0,0,0,0,0,0,0,0,0,0,0,0,0,0,0,0,0,0,0,0,0,0,0,0,0,0,0,0,0,0,0,0,0,0,0,0,0,0,0,0,0,0,0,0,0,0,0,0,0,0,0,0,0,0,0,0,0,0,0,0,0,0,0,0,0,0,0,0,0,0,0,0,0,0,0,0,0,0,0,0,0,0,0,0,0,0,0,0,0,0,0,0,0,0,0,0,0,0,0,0,0,0,0,0,0,0,0,0,0,0,0,0,0,0,0,0,0,0,0,0,0,0,1,1,1,2,5,0,0,0,0,0,0,0,0,0,0,0,1,0,0,143,149,115,58,21,8,0,0,0,0,0,0,0,0,0,0,0,0,0,0,0,0,0,0,0,2,0,0,201,253,242,247,247,237,254,231,199,171,148,103,55,10,0,0,0,0,0,0,0,0,0,0,0,2,0,0,191,224,216,224,232,238,241,247,253,255,255,250,252,219,0,0,0,0,0,0,0,0,0,0,0,3,0,0,232,222,221,234,237,239,234,231,235,232,235,233,240,186,0,0,0,0,0,0,0,0,0,0,0,2,0,0,223,229,215,221,230,234,241,241,242,239,238,228,244,153,0,0,0,0,0,0,0,0,0,0,0,1,0,0,197,248,224,228,227,221,229,233,227,228,225,229,255,70,0,0,0,0,0,0,0,0,0,0,0,1,0,52,254,237,238,240,238,233,236,238,238,244,240,244,255,0,0,0,0,0,0,0,0,0,0,0,0,0,0,179,231,231,235,235,238,240,242,243,238,238,241,236,245,0,0,0,0,0,0,0,0,0,0,6,0,0,105,255,234,243,233,238,236,236,238,238,243,240,240,233,240,0,0,0,0,0,0,0,3,6,0,0,0,133,255,229,236,238,237,235,236,237,239,239,239,240,241,235,250,0,0,2,6,7,0,0,0,0,0,4,188,255,212,236,236,233,238,235,239,239,241,242,243,245,231,228,255,18,1,0,0,0,0,0,0,55,179,255,241,229,221,224,238,243,238,234,235,237,241,237,233,229,231,232,255,65,0,0,61,141,174,189,253,243,246,234,229,228,235,226,222,228,234,239,238,232,231,229,235,237,243,230,249,95,35,204,244,246,246,245,239,228,230,232,235,233,238,235,234,233,227,227,237,233,230,235,237,232,234,230,251,93,194,248,220,228,230,228,228,232,232,238,235,235,236,239,241,237,234,222,212,238,243,247,247,255,250,234,255,39,174,239,246,243,237,235,234,237,234,230,231,231,234,237,235,237,248,249,255,255,241,214,218,196,190,195,192,5,0,91,187,237,255,255,255,251,249,249,253,254,253,255,255,255,211,166,113,30,186,210,193,200,203,214,213,6,0,0,0,0,39,68,118,157,181,189,185,176,173,144,64,0,0,0,0,0,144,175,135,148,133,112,87,0,0,0,0,0,0,0,0,0,0,0,0,0,0,0,0,0,0,0,0,0,0,0,0,0,0,0,0,0,0,0,0,0,0,0,0,0,0,0,0,0,0,0,0,0,0,0,0,0,0,0,0,0,0,0,0,0,0,0,0,0,0,0,0,0,0,0,0,0,0,0,0,0,0,0,0,0,0,0,0,0,0,0,0,0,0,0,0,0,0,0,0,0,0,0,0,0,0,0,0,0,0,0,0,0,0,0,0,0,0,0,0,0,6
0,0,0,0,0,0,0,0,0,0,0,0,0,0,0,0,0,0,0,0,0,0,0,0,0,0,0,0,0,0,0,0,0,0,0,0,0,0,0,0,0,0,0,0,0,0,0,0,0,0,0,0,0,0,0,0,0,0,0,0,0,0,0,0,0,0,0,0,0,0,0,0,0,0,0,0,0,0,0,0,0,0,0,0,0,0,0,0,0,0,0,0,0,0,0,0,0,0,0,0,0,0,0,0,0,0,0,0,0,0,0,0,0,0,0,0,0,0,0,0,0,0,0,0,0,0,0,0,0,0,0,0,0,0,0,0,0,0,0,0,0,0,0,0,0,0,0,0,0,0,0,0,0,0,0,0,0,0,0,0,0,0,0,0,0,0,0,0,0,0,0,0,0,0,0,0,0,0,0,0,0,0,1,0,0,26,97,74,115,147,54,0,0,0,3,0,0,0,0,0,0,0,0,0,0,0,0,0,0,0,2,0,1,206,194,201,190,192,209,114,0,0,0,0,0,0,0,0,0,0,0,0,0,0,0,0,0,1,0,0,110,211,154,152,176,180,181,226,106,29,5,0,0,0,0,0,0,0,0,0,0,0,0,0,1,0,0,16,204,153,158,184,187,184,193,193,194,236,84,0,0,0,0,0,0,0,0,0,0,0,0,5,0,0,3,203,200,168,178,180,181,188,193,189,189,194,61,0,0,0,0,0,0,0,0,0,0,0,3,0,0,3,112,134,178,177,173,184,186,194,201,196,189,210,29,0,0,0,0,1,2,1,0,0,3,8,0,66,250,177,166,161,196,173,174,188,200,200,197,187,178,222,65,0,0,0,0,0,0,0,1,0,0,0,67,233,163,176,202,195,186,174,208,217,211,201,198,204,194,216,124,0,0,0,0,0,0,1,0,0,11,129,236,145,131,154,184,190,204,211,214,187,187,225,238,229,208,208,186,0,0,0,0,0,0,4,0,90,156,60,92,115,195,176,170,186,193,206,190,196,200,194,188,180,186,214,204,0,0,0,3,0,0,5,0,41,34,0,68,110,156,222,211,194,201,205,188,226,227,202,200,185,196,184,147,2,0,14,8,13,12,12,10,8,0,97,149,134,110,132,213,213,205,225,201,219,214,200,197,185,213,236,255,38,0,0,6,11,11,8,11,1,29,106,70,89,90,90,110,142,120,138,171,193,219,216,194,190,160,118,148,32,90,94,8,0,0,20,8,0,104,91,146,200,186,165,158,150,137,116,114,140,145,132,133,148,156,160,218,85,52,163,190,166,59,4,45,58,125,163,206,64,59,91,115,139,166,195,190,196,214,211,190,184,165,113,91,21,0,2,72,134,163,78,166,170,162,222,92,162,201,172,144,115,101,104,142,178,158,118,96,84,93,136,200,109,0,0,0,0,0,21,45,53,66,74,56,118,109,109,109,109,104,91,62,49,50,68,77,82,102,96,67,0,0,0,0,0,0,0,0,0,0,0,0,0,0,0,0,0,0,0,0,0,0,0,0,0,0,0,0,0,0,0,0,0,0,0,0,0,0,0,0,0,0,0,0,0,0,0,0,0,0,0,0,0,0,0,0,0,0,0,0,0,0,0,0,0,0,0,0,0,0,0,0,0,0,0,0,0,0,0,0,0,0,0,0,0,0,0,0,0,0,0,0,0,0,0,0,0,0,0,0,0,0,0,0,0,0,0,0,0,0,0,0,0,0,0,0,0,0,0,0,0,0,0,0,0,0,0,0,0,0,0,0,0,0,0,0,0,0,0,0,0,6
0,0,0,0,0,0,0,0,0,0,0,0,0,0,0,0,0,0,0,0,0,0,0,0,0,0,0,0,0,0,0,0,0,0,0,0,0,0,0,0,0,0,0,0,0,0,0,0,0,0,0,0,0,0,0,0,0,0,0,0,0,0,0,0,0,0,0,0,0,0,0,0,0,0,0,0,0,0,0,0,0,0,0,0,0,0,0,0,0,0,0,0,0,0,0,0,0,0,0,0,0,0,0,0,0,0,0,0,0,0,0,0,0,0,0,0,0,0,0,0,0,0,0,0,0,0,0,0,126,6,0,0,0,0,0,0,0,0,8,4,0,0,0,0,0,0,0,0,0,0,0,0,0,0,0,102,183,170,105,42,42,23,0,0,0,0,0,0,0,0,0,0,0,0,0,0,0,0,0,0,3,0,20,161,178,191,181,242,253,201,194,196,183,157,104,0,0,0,0,0,0,0,0,0,0,0,0,1,0,0,145,176,195,193,30,12,36,40,58,69,101,144,158,0,0,0,0,0,0,0,0,0,0,0,1,2,0,0,122,193,198,202,64,41,45,44,45,36,25,26,0,0,0,0,0,0,0,0,0,0,0,0,0,3,0,42,196,187,184,193,243,255,253,253,247,226,170,181,49,0,0,0,0,0,0,0,0,0,0,0,0,0,0,163,187,186,199,177,187,190,210,214,220,227,228,240,68,0,0,0,0,0,0,0,0,0,0,0,1,0,14,244,170,157,193,187,194,188,183,173,169,177,176,183,16,0,0,0,0,1,0,0,0,0,0,3,0,0,190,168,155,197,185,190,189,193,199,198,198,193,182,217,0,0,0,0,0,0,0,0,0,0,0,0,0,88,203,158,167,192,191,192,194,196,198,201,199,195,191,216,3,0,1,0,2,5,4,4,2,0,0,0,110,230,148,168,193,188,193,191,192,195,196,194,196,200,188,188,23,0,1,0,0,0,0,0,0,0,0,62,182,130,164,192,186,182,187,195,196,195,190,185,191,191,185,193,90,0,0,0,13,60,48,44,70,123,171,158,130,171,194,182,188,190,191,187,188,203,198,192,195,190,191,191,167,0,0,53,139,140,179,190,183,151,129,163,126,195,175,182,183,189,194,196,198,206,200,198,197,192,189,183,192,0,0,142,161,130,115,96,90,99,137,172,155,194,191,190,196,199,192,186,180,184,187,190,196,204,201,202,213,0,0,122,197,197,182,168,162,172,171,168,193,184,186,191,197,204,204,220,217,231,229,212,202,185,161,147,102,0,52,40,24,120,170,196,206,204,199,200,201,207,208,208,225,183,136,119,98,72,59,55,51,46,54,55,94,48,19,108,105,45,22,43,79,111,133,145,149,137,118,79,51,49,74,85,91,111,116,126,146,141,148,150,159,69,0,0,36,93,119,112,88,81,60,58,58,62,78,107,100,91,51,21,4,136,158,140,122,141,136,118,113,45,1,0,0,0,0,17,46,55,83,83,95,102,73,72,0,0,0,0,0,17,21,22,0,6,0,0,0,0,0,0,0,0,0,0,0,0,0,0,0,0,0,0,0,0,0,0,0,0,0,0,0,0,0,0,0,0,0,0,0,0,0,0,0,0,0,0,0,0,0,0,0,0,0,0,0,0,0,0,0,0,0,0,0,0,0,0,0,0,0,0,0,0,0,0,0,0,0,0,0,0,0,0,0,0,0,0,0,0,0,0,0,0,0,0,0,0,0,0,0,0,0,0,0,0,0,0,0,0,0,0,0,0,0,0,0,0,0,0,0,0,6
0,0,0,0,0,0,0,0,0,0,0,0,0,0,0,0,0,0,0,0,0,0,0,0,0,0,0,0,0,0,0,0,0,0,0,0,0,0,0,0,0,0,0,0,0,0,0,0,0,0,0,0,0,0,0,0,0,0,0,0,0,0,0,0,0,0,0,0,0,0,0,0,0,0,0,0,0,0,0,0,0,0,0,0,0,0,0,0,0,0,0,0,0,0,0,0,0,0,0,0,0,0,0,0,0,0,0,0,0,0,0,0,0,0,0,0,0,0,0,0,0,0,0,0,0,0,0,62,97,129,135,148,147,141,140,106,62,49,0,0,0,0,0,0,0,0,0,0,0,0,1,0,3,0,67,188,186,217,215,221,217,211,203,189,196,192,18,0,0,0,0,0,0,0,0,0,0,0,0,0,3,0,62,143,141,123,130,147,163,178,224,176,169,206,37,0,0,0,0,0,0,0,0,0,0,0,0,1,1,0,94,157,174,198,210,203,195,193,189,151,180,193,12,0,0,0,0,0,0,0,0,0,0,1,0,1,0,3,198,188,192,163,153,166,177,186,225,224,184,167,79,0,0,0,0,0,0,0,0,0,0,0,0,1,0,0,99,111,148,182,200,181,157,155,204,207,189,89,0,0,0,0,0,0,0,0,0,0,0,0,0,2,0,6,126,165,148,141,159,193,221,221,186,172,171,136,0,0,0,0,0,0,0,0,0,0,0,1,1,0,0,146,170,164,177,193,177,157,176,239,181,136,152,182,6,0,1,1,0,0,0,0,0,0,0,2,1,1,0,117,170,177,161,148,192,207,222,252,187,216,149,228,128,0,1,0,0,0,0,0,0,0,0,2,0,0,9,85,113,159,192,200,182,180,181,198,141,190,130,161,218,20,0,0,0,0,0,0,0,0,0,0,7,0,160,206,180,172,190,194,190,180,177,181,189,228,230,190,186,89,0,0,0,0,0,0,0,0,0,1,0,0,111,170,159,181,200,206,193,196,182,159,255,250,244,204,180,88,0,0,0,0,0,0,0,0,4,0,1,130,119,153,192,171,158,130,161,169,158,175,167,169,181,176,200,60,0,0,0,0,0,0,0,1,0,0,13,143,182,204,176,160,149,163,194,193,189,190,209,200,177,172,182,0,1,0,0,0,1,4,6,0,0,50,101,95,155,203,227,183,183,223,192,181,187,209,174,137,170,196,137,0,0,1,2,1,0,0,0,0,50,120,99,148,152,154,189,199,206,193,186,192,165,20,0,0,78,233,55,0,0,0,0,0,6,32,64,101,138,122,125,138,157,167,187,211,187,201,216,74,0,0,0,0,56,219,8,0,0,3,50,79,107,136,143,129,125,116,125,143,176,182,178,194,223,174,0,0,0,0,1,0,84,201,0,0,76,155,137,136,126,122,117,123,120,119,146,165,167,172,198,217,103,0,0,2,0,0,2,0,84,177,0,0,30,83,113,147,164,174,184,180,196,206,206,182,192,216,246,33,0,0,0,0,0,0,7,0,88,170,0,0,0,0,0,0,0,0,42,67,79,109,130,130,120,95,0,0,4,0,0,0,0,0,8,0,93,180,0,0,0,0,0,0,0,0,0,0,0,0,0,0,0,0,0,0,0,0,0,0,0,0,0,0,0,0,0,0,0,0,0,0,0,0,0,0,0,0,0,0,0,0,0,0,0,0,0,0,0,0,0,0,0,0,0,0,0,0,0,0,0,0,0,0,0,0,0,0,0,0,0,0,0,0,0,0,0,0,0,0,0,0,0,0,6
0,0,0,0,0,0,0,0,0,0,0,0,0,0,0,0,0,0,0,0,0,0,0,0,0,0,0,0,0,0,0,0,0,0,0,0,0,0,0,0,0,0,0,0,0,0,0,0,0,0,0,0,48,145,9,0,0,0,0,0,0,0,0,0,0,0,0,0,0,0,0,0,0,4,29,37,82,101,87,30,145,159,0,0,0,0,0,0,0,0,0,0,0,0,0,0,4,0,71,148,148,153,182,206,188,186,185,178,176,88,0,1,0,0,0,0,0,0,0,0,0,0,0,0,3,0,95,181,180,167,162,179,171,172,175,166,192,125,0,0,0,0,0,0,0,0,0,0,0,0,0,1,0,0,158,178,170,182,173,153,179,171,178,170,189,110,0,1,0,0,0,0,0,0,0,0,0,0,0,2,0,1,173,142,140,174,177,145,192,196,191,177,188,56,0,1,0,0,0,0,0,0,0,0,0,0,0,3,0,14,143,133,173,179,192,143,197,191,183,183,195,94,0,0,0,0,0,0,0,0,0,0,0,0,0,0,0,88,172,175,189,177,176,148,194,179,190,188,193,161,0,0,0,0,0,0,0,0,0,0,0,0,3,0,0,168,172,182,172,181,171,147,191,186,194,188,184,200,11,0,0,0,0,0,0,0,0,0,0,0,0,0,74,173,173,178,185,175,160,143,192,190,187,180,173,185,121,0,0,0,0,0,0,0,0,0,0,1,0,0,160,176,174,178,180,170,177,140,201,184,186,176,159,173,194,0,0,0,0,0,0,0,0,0,0,5,0,26,171,162,166,179,177,175,179,130,199,180,181,173,162,162,199,44,0,0,0,0,0,0,0,0,0,1,0,98,180,170,180,183,177,168,181,128,190,180,173,171,164,166,189,70,0,0,0,0,0,0,0,0,1,0,0,161,165,170,176,182,171,165,193,130,178,180,174,180,182,179,183,87,0,0,0,0,0,0,0,0,0,0,94,173,166,168,168,166,175,161,180,137,182,183,191,194,191,184,218,48,0,0,0,0,0,0,0,3,0,27,182,158,170,162,166,157,163,163,177,132,194,195,184,181,179,183,206,0,1,1,3,2,5,1,0,0,0,153,166,160,161,167,168,167,170,160,170,138,198,175,173,181,191,182,170,0,0,2,0,0,0,0,0,4,133,160,164,170,166,164,170,177,186,180,179,139,173,190,194,187,182,175,157,0,0,0,0,6,6,21,71,156,178,158,164,164,166,167,172,174,193,179,152,189,209,193,170,172,161,173,139,0,0,70,156,137,163,166,171,154,158,166,167,163,178,182,184,185,180,177,196,211,181,173,165,173,168,180,116,0,42,162,150,149,157,159,160,159,161,172,157,150,173,187,186,186,181,185,194,187,168,163,166,165,165,183,89,0,52,144,137,145,154,152,156,154,151,148,147,152,171,176,190,191,183,181,179,182,171,167,183,171,165,186,57,0,80,197,150,155,159,139,133,145,161,172,177,181,179,188,179,160,156,165,167,173,175,170,174,162,162,177,31,0,55,163,209,209,205,204,192,185,185,183,182,175,186,182,164,165,172,180,186,184,178,179,179,179,178,195,33,0,0,0,60,95,198,165,199,205,206,210,235,238,239,239,252,255,246,222,215,218,220,214,222,219,218,215,36,0,0,0,0,0,0,0,41,48,43,116,64,100,125,43,99,60,34,94,30,46,61,20,54,38,36,32,0,0,0,0,0,0,0,0,0,0,0,0,0,0,0,0,0,0,0,0,0,0,0,0,0,0,0,0,0,0,6
0,0,0,0,0,0,0,0,0,0,0,0,0,0,0,0,0,0,0,0,0,0,0,0,0,0,0,0,0,0,0,0,0,0,0,0,0,0,0,0,0,0,0,0,0,0,0,0,0,0,0,0,0,0,0,0,0,0,0,0,0,0,0,0,0,0,0,0,0,0,0,0,0,0,0,0,0,0,0,0,0,0,0,0,0,0,0,0,0,0,0,0,0,1,1,0,0,0,0,0,0,0,0,0,32,157,198,0,0,0,0,0,0,0,0,0,0,0,0,0,0,1,0,0,22,34,36,38,21,47,170,187,241,228,221,109,0,0,1,0,0,0,0,0,0,0,0,0,1,0,0,185,232,225,229,233,213,190,242,166,80,0,0,237,118,0,0,0,0,0,0,0,0,0,0,0,1,0,0,110,83,69,66,49,59,16,2,0,0,0,0,174,251,84,0,0,0,0,0,0,0,0,0,0,0,0,0,0,0,0,0,0,0,0,0,0,3,2,0,111,237,226,55,0,0,0,0,0,0,0,0,0,0,0,0,4,3,2,3,4,5,4,3,1,0,0,0,170,232,230,222,0,0,0,0,0,0,0,0,0,0,0,0,0,0,0,0,0,0,0,0,0,1,0,0,252,223,223,226,7,0,0,0,0,0,0,0,0,0,0,0,0,0,0,0,0,0,0,0,0,2,0,0,225,226,221,235,106,0,0,0,0,0,0,0,0,0,0,0,1,0,0,0,0,0,0,0,0,1,0,98,246,222,225,255,80,0,0,0,0,0,0,0,0,0,0,0,0,0,0,0,0,0,0,0,1,0,0,169,240,222,226,255,22,0,0,0,0,0,0,0,0,0,0,0,0,0,0,0,0,0,0,2,0,0,61,232,231,228,225,255,23,0,0,0,0,0,0,0,0,0,0,0,0,0,0,0,0,0,1,0,0,136,255,228,227,227,224,255,14,0,0,0,0,0,0,0,0,0,0,0,0,0,0,0,0,3,0,0,217,254,223,229,229,226,224,255,7,0,0,0,0,1,2,0,0,0,0,0,0,0,3,1,10,0,6,212,243,78,234,231,223,224,225,255,0,0,0,0,0,1,0,0,5,4,0,0,0,0,0,5,0,14,213,233,54,0,253,232,226,226,223,255,0,0,0,0,0,0,1,9,0,0,0,0,0,0,4,0,0,200,237,74,0,0,255,227,228,229,227,252,0,0,0,0,0,1,0,0,2,0,0,0,0,0,6,0,163,246,93,0,0,0,255,230,226,227,230,249,0,0,0,1,1,0,0,84,179,86,0,1,0,0,0,98,252,142,0,0,0,0,255,232,223,223,233,250,0,3,5,0,0,0,197,217,207,155,0,0,0,0,9,230,191,0,0,1,0,0,250,230,224,224,231,243,0,0,0,0,0,0,132,215,214,189,8,0,0,0,183,239,43,0,0,0,0,0,250,230,223,224,232,229,0,107,197,174,165,145,173,212,222,212,0,0,0,152,255,107,0,4,1,1,0,0,245,228,222,221,231,213,0,25,131,176,205,219,216,228,227,238,138,81,246,247,125,0,0,5,0,2,0,0,255,230,225,224,237,215,0,0,0,0,0,43,90,143,191,208,219,231,183,57,0,0,5,0,1,1,0,0,175,203,196,188,198,106,0,0,0,0,0,0,0,0,0,0,0,0,0,0,0,0,0,0,0,0,0,0,0,0,0,0,0,0,0,0,0,0,0,0,0,0,0,0,0,0,0,0,0,0,0,0,0,0,0,0,0,0,0,0,0,0,0,6
0,0,0,0,0,0,0,0,0,0,0,0,0,0,0,0,0,0,0,0,0,0,0,0,0,0,0,0,0,0,0,0,0,0,0,0,0,0,0,0,0,0,0,0,0,0,0,0,0,0,0,0,0,0,0,0,0,0,0,0,0,0,0,0,0,0,0,0,0,0,0,0,0,0,0,0,0,0,0,0,0,0,0,0,0,0,0,0,0,0,0,0,0,0,0,0,0,0,0,0,0,0,0,0,0,0,0,0,0,0,0,0,0,0,0,0,0,0,0,0,0,0,0,0,0,0,0,0,0,90,52,25,0,0,0,0,0,2,7,3,0,0,0,0,0,0,0,0,0,0,0,0,0,0,3,0,5,197,206,203,204,172,76,0,0,0,0,0,0,0,0,0,0,0,0,0,0,0,0,0,0,0,7,0,43,200,190,204,210,208,228,120,0,81,89,0,0,0,0,0,0,0,0,0,0,0,0,0,0,0,4,0,95,212,194,201,204,205,217,213,134,213,222,44,0,0,0,0,0,0,0,0,0,0,0,0,0,0,0,0,142,210,204,207,212,222,220,221,228,201,171,0,0,0,0,0,0,0,0,0,0,0,0,0,0,0,0,0,222,208,205,216,216,214,211,217,201,210,129,0,0,0,0,0,0,0,0,0,0,0,0,0,0,0,0,64,206,205,222,221,215,213,206,217,207,202,39,0,0,0,0,0,0,0,0,0,0,0,0,0,0,0,0,192,206,211,221,214,215,222,216,218,203,220,15,0,0,0,0,0,0,0,0,0,1,3,0,3,0,0,105,204,199,211,206,206,211,219,216,222,201,225,5,0,0,0,0,0,0,0,0,0,0,1,5,0,0,80,224,204,210,211,211,211,214,217,215,217,198,208,37,0,0,0,0,0,0,0,0,2,4,1,0,0,91,144,201,205,191,203,208,215,220,221,207,203,193,214,110,0,0,0,0,1,2,3,4,0,0,0,54,138,119,185,222,187,211,214,217,223,221,217,204,193,191,204,193,0,1,3,0,0,0,0,0,0,54,154,122,18,183,233,231,208,186,194,200,206,207,210,200,189,198,196,232,0,0,0,0,1,23,22,97,208,162,54,0,154,247,227,237,234,218,209,218,223,218,229,212,190,198,194,229,3,0,27,142,129,165,205,168,96,76,125,213,228,213,227,224,224,223,218,220,218,214,238,219,195,205,202,230,0,20,188,204,141,48,24,20,60,137,193,195,211,215,224,227,227,212,201,205,209,217,225,210,212,211,201,210,23,16,146,170,207,220,255,255,228,194,182,207,224,213,223,225,214,201,198,188,180,168,153,157,137,90,61,130,66,122,177,116,102,139,178,198,213,216,215,231,214,208,195,198,206,205,205,230,177,158,177,190,208,197,199,210,78,25,190,202,204,190,189,175,176,192,188,180,193,190,199,215,209,213,154,120,219,217,208,209,208,208,202,214,111,0,0,3,56,155,216,229,253,242,240,249,237,242,243,146,12,0,0,0,7,228,180,199,201,173,167,194,62,0,0,0,0,0,0,0,37,36,53,67,50,25,0,0,0,0,0,0,0,0,0,0,0,0,0,0,0,0,0,0,0,0,0,0,0,0,0,0,0,0,0,0,0,0,0,0,0,0,0,0,0,0,0,0,0,0,0,0,0,0,0,0,0,0,0,0,0,0,0,0,0,0,0,0,0,0,0,0,0,0,0,0,0,0,0,0,0,0,0,0,0,0,0,0,0,0,0,0,0,0,0,0,0,0,0,0,0,0,0,0,0,6
0,0,0,0,0,0,0,0,0,0,0,0,0,0,0,0,0,0,0,0,0,0,0,0,0,0,0,0,0,0,0,0,0,0,0,0,0,0,0,0,0,0,0,0,0,0,0,0,0,0,0,0,0,0,0,0,0,0,0,0,0,0,0,0,0,0,0,0,0,0,0,0,0,0,0,0,0,0,0,0,0,0,0,0,0,0,0,0,0,0,0,0,0,0,0,0,0,0,0,0,0,0,0,0,0,0,0,0,0,0,0,0,0,0,0,0,0,0,0,0,0,0,0,0,0,0,0,0,0,0,0,0,0,0,0,0,0,0,0,0,0,0,0,0,0,0,0,0,0,0,0,0,0,0,0,0,0,0,0,0,0,0,0,0,0,0,0,0,0,0,0,0,0,0,0,0,0,1,0,0,0,0,0,0,155,31,0,0,0,0,0,0,0,0,0,0,0,0,0,0,0,0,0,0,0,0,0,0,0,0,0,0,202,54,40,0,0,0,0,0,0,4,0,0,0,0,0,0,0,0,0,0,0,0,0,0,0,0,0,0,91,173,169,150,0,0,0,0,0,0,0,0,0,0,0,0,0,0,0,0,0,0,0,0,0,2,0,0,118,186,202,233,230,83,0,0,16,84,0,0,0,0,0,0,0,0,0,0,0,0,0,0,0,0,0,66,178,154,209,208,235,238,250,124,140,244,0,0,0,0,0,0,0,0,0,0,0,0,1,0,0,0,102,94,220,204,222,216,209,220,233,242,239,199,0,0,0,0,0,0,1,0,0,0,0,2,0,0,44,117,206,120,95,223,217,220,229,227,221,221,221,202,43,46,1,0,0,0,0,0,0,2,0,0,17,159,188,166,177,239,165,133,196,234,221,223,233,231,219,230,129,94,0,0,0,0,0,2,0,0,0,132,168,173,111,131,87,128,238,222,137,133,210,241,226,224,217,230,206,73,0,1,3,2,0,0,0,41,191,174,129,115,124,112,138,143,120,199,255,208,127,154,227,250,229,214,184,0,1,0,0,0,0,0,98,180,146,117,118,113,102,133,139,149,153,136,150,234,251,188,139,181,159,139,119,0,0,1,41,69,93,88,140,110,108,107,123,129,180,187,153,142,149,157,156,134,190,224,151,141,147,170,158,0,0,99,138,123,125,116,120,111,107,125,133,141,239,224,187,153,159,167,165,167,143,140,159,170,163,157,148,0,28,127,110,107,104,108,101,99,112,112,125,127,130,137,150,161,167,163,157,163,164,178,167,163,161,160,150,0,106,134,137,143,146,159,155,162,163,176,195,200,202,202,208,206,204,203,204,202,204,209,208,207,209,184,186,0,33,83,118,147,143,153,154,158,153,146,139,123,117,98,86,82,61,63,73,66,59,52,47,45,53,59,79,0,0,0,0,19,31,34,48,62,69,70,79,86,85,106,99,97,95,105,111,116,122,119,136,138,142,139,129,0,0,0,0,0,0,0,0,0,0,0,0,0,0,0,0,0,0,0,0,0,0,0,0,0,0,0,0,0,0,0,0,0,0,0,0,0,0,0,0,0,0,0,0,0,0,0,0,0,0,0,0,0,0,0,0,0,0,0,0,0,0,0,0,0,0,0,0,0,0,0,0,0,0,0,0,0,0,0,0,0,0,0,0,0,0,0,0,0,0,0,0,0,0,0,0,0,0,0,0,0,0,0,0,0,0,0,0,0,0,0,0,0,0,0,0,0,0,0,0,0,0,0,0,0,0,0,0,0,0,0,0,0,0,0,0,0,0,0,0,0,6
0,0,0,0,0,0,0,0,0,0,0,0,0,0,0,0,0,0,0,0,0,0,0,0,0,0,0,0,0,0,0,0,0,0,0,0,0,0,0,0,0,0,0,0,0,0,0,0,0,0,0,0,0,0,0,0,0,0,0,0,0,0,0,0,0,0,0,0,0,0,0,0,0,0,0,0,0,0,0,0,0,0,0,0,0,0,0,0,0,0,0,0,0,0,0,0,0,0,0,0,0,0,0,0,0,0,0,0,0,0,0,0,0,0,0,0,0,0,0,0,0,0,0,0,0,1,1,0,0,0,0,0,0,0,0,0,0,0,0,0,0,0,0,0,0,0,0,0,0,0,0,0,0,0,1,4,9,5,3,1,1,0,0,8,0,91,87,0,0,0,0,0,0,0,0,0,0,0,0,0,0,0,0,0,0,0,0,0,0,0,0,0,0,67,81,0,0,0,0,0,0,0,0,0,0,0,0,0,1,0,0,124,148,172,74,0,0,0,0,59,77,149,70,0,0,0,0,0,0,0,0,0,0,0,0,0,2,0,0,188,196,191,194,196,216,199,171,214,234,212,2,0,0,0,0,0,0,0,0,0,0,0,0,0,4,0,27,187,173,172,193,217,222,227,224,204,206,182,0,0,0,0,0,0,0,0,0,0,0,0,0,0,0,0,88,217,168,183,201,213,210,214,207,207,213,187,0,0,0,0,0,0,0,0,0,0,0,0,0,1,0,0,158,196,185,212,221,214,216,223,219,201,207,148,0,0,0,0,0,0,0,0,0,0,0,1,0,1,0,32,236,196,202,213,220,218,221,220,223,200,209,146,0,0,0,0,0,0,0,0,0,0,1,0,6,0,0,180,191,188,187,208,221,219,218,221,222,198,211,151,0,0,0,0,0,0,0,0,0,0,0,6,0,0,145,189,142,168,186,216,220,219,218,221,222,202,210,181,0,0,0,0,0,0,0,0,1,4,1,0,0,142,197,174,175,196,201,211,220,219,218,221,220,209,204,226,2,0,0,0,3,7,3,1,0,0,0,31,158,154,127,163,183,191,202,218,219,219,217,220,219,213,198,214,59,0,4,6,0,0,0,0,0,49,132,186,177,154,177,181,182,184,196,209,217,222,222,223,214,213,202,212,147,0,0,0,25,74,117,152,140,121,123,135,170,188,198,195,197,201,208,219,221,218,211,209,213,224,206,202,194,0,0,91,179,124,46,14,0,31,86,139,172,181,182,199,220,226,215,209,213,211,208,209,213,216,197,198,200,0,0,181,193,177,162,120,127,148,160,165,174,188,203,211,202,181,173,189,200,191,188,192,194,196,203,205,203,0,114,206,187,199,204,205,202,184,196,205,213,212,208,193,194,201,211,221,220,222,224,219,216,216,219,203,238,48,66,183,204,206,200,201,203,210,212,212,208,206,200,209,211,211,214,229,235,201,192,193,191,190,199,195,200,59,0,0,59,143,208,233,242,235,226,217,222,232,238,241,241,219,184,158,80,199,245,225,234,236,245,213,255,104,0,0,0,0,0,8,54,97,130,143,137,116,90,56,19,0,0,0,0,97,153,122,129,121,111,95,78,11,0,0,0,0,0,0,0,0,0,0,0,0,0,0,0,0,0,0,0,0,0,0,0,0,0,0,0,0,0,0,0,0,0,0,0,0,0,0,0,0,0,0,0,0,0,0,0,0,0,0,0,0,0,0,0,0,0,0,0,0,0,0,0,0,0,0,0,0,0,0,0,0,0,0,0,0,0,0,0,0,0,0,0,0,6
0,0,0,0,0,0,0,0,0,0,0,0,0,0,0,0,0,0,0,0,0,0,0,0,0,0,0,0,0,0,0,0,0,0,0,0,0,0,0,0,0,0,0,0,0,0,0,0,0,0,0,0,0,0,0,0,0,0,0,0,0,0,0,0,0,0,0,0,0,0,0,0,0,0,0,0,0,0,0,0,0,0,0,0,0,0,0,0,0,0,0,0,0,0,0,0,0,0,0,0,0,0,0,0,0,0,0,0,0,0,0,0,0,0,0,0,0,0,0,0,0,0,0,0,0,0,0,0,0,0,0,0,0,0,0,0,0,0,0,0,0,0,0,0,0,0,0,0,0,0,0,0,0,1,0,0,123,145,158,183,88,0,103,81,47,3,0,0,0,0,0,0,0,0,0,0,0,0,0,0,0,2,0,0,242,234,242,255,245,162,253,232,240,210,178,0,0,0,0,0,0,0,0,0,0,0,0,0,0,2,0,0,199,215,208,185,227,234,239,222,202,203,136,0,0,0,0,0,0,0,0,0,0,0,0,0,0,5,0,46,214,224,255,173,145,181,190,231,206,198,51,0,0,0,0,0,0,0,0,0,0,0,0,0,0,0,0,120,199,213,199,192,231,251,220,216,197,196,16,0,0,0,0,0,0,0,0,0,0,0,0,0,1,0,0,187,177,215,215,174,237,202,191,244,162,190,0,0,0,0,0,0,0,0,0,0,0,0,0,0,0,0,55,203,202,224,233,220,202,219,221,255,188,180,0,0,0,0,0,0,0,0,0,0,0,0,0,0,0,34,159,197,233,211,174,188,251,177,238,236,179,175,0,0,0,0,0,0,0,0,0,0,0,0,0,0,19,166,174,222,229,203,194,231,197,215,219,240,197,199,6,0,0,0,0,0,0,0,0,0,1,0,0,30,191,182,199,210,207,232,172,181,241,161,222,253,227,211,61,0,0,0,1,3,4,0,0,0,0,0,35,201,70,189,236,209,223,229,248,213,215,200,243,242,239,202,123,0,1,0,0,0,0,0,0,0,0,78,226,83,45,214,205,222,216,244,150,220,220,194,255,241,242,215,163,0,0,0,0,22,62,84,93,98,153,206,181,141,255,213,213,231,240,254,236,208,220,200,255,253,242,232,202,0,0,36,162,163,162,184,129,212,204,193,212,236,213,200,220,249,252,226,163,193,190,167,152,160,160,180,185,0,51,171,183,189,190,199,179,209,212,225,234,230,237,254,236,217,166,143,142,194,175,175,208,202,197,204,231,53,111,204,181,173,178,178,189,214,242,254,255,251,248,223,185,179,186,205,210,207,208,204,194,191,193,192,198,73,14,147,171,194,193,187,183,166,156,176,181,182,170,174,180,186,198,184,190,190,180,191,191,191,192,193,205,59,0,0,0,40,135,193,213,230,231,215,217,202,229,209,213,244,181,227,227,184,255,183,225,224,212,183,229,56,1,1,0,0,0,0,5,49,58,126,112,61,171,74,71,126,7,26,45,0,52,0,1,0,0,0,0,0,0,0,0,0,0,0,0,0,0,0,0,0,0,0,0,0,0,0,0,0,0,0,0,0,0,0,0,0,0,0,0,0,0,0,0,0,0,0,0,0,0,0,0,0,0,0,0,0,0,0,0,0,0,0,0,0,0,0,0,0,0,0,0,0,0,0,0,0,0,0,0,0,0,0,0,0,0,0,0,0,0,0,0,0,0,0,0,0,0,0,0,0,0,0,0,0,0,0,0,0,0,0,0,0,0,0,0,0,0,0,0,0,6
0,0,0,0,0,0,0,0,0,0,0,0,0,0,0,0,0,0,0,0,0,0,0,0,0,0,0,0,0,0,0,0,0,0,0,0,0,0,0,0,0,0,0,0,0,0,0,0,0,0,0,0,0,0,0,0,0,0,0,0,0,0,0,0,0,1,0,0,95,84,54,28,0,8,89,105,126,135,137,108,91,27,0,0,0,0,0,0,0,0,0,0,0,0,0,0,255,249,243,255,255,255,255,255,255,255,255,241,255,180,0,1,0,0,0,0,0,0,0,0,0,3,0,0,212,222,225,229,231,234,227,231,224,228,222,224,243,178,0,0,0,0,0,0,0,0,0,0,0,4,0,22,224,221,222,231,238,236,217,230,245,250,235,219,230,185,0,0,0,0,0,0,0,0,0,0,0,5,0,32,255,198,198,193,236,191,174,191,178,197,200,178,202,224,0,0,0,0,0,0,0,0,0,0,0,11,0,48,255,206,205,196,236,189,182,223,134,185,183,194,225,240,85,0,0,0,0,0,0,0,0,0,0,6,0,82,237,226,241,236,255,211,153,205,228,255,255,239,219,225,182,0,0,0,0,0,0,0,0,0,0,4,0,139,237,212,235,240,237,250,255,251,255,240,190,174,190,213,236,0,0,0,0,0,0,0,0,0,0,0,0,197,233,216,229,235,238,230,228,226,222,209,194,192,221,223,255,45,0,0,0,0,0,0,0,0,1,0,0,238,231,222,228,231,237,229,213,201,223,210,233,233,234,225,255,98,0,0,0,0,0,0,0,0,5,0,21,255,228,228,226,234,240,212,218,220,219,218,239,237,229,221,255,114,0,0,0,0,0,0,0,0,2,0,103,240,226,232,225,236,234,214,232,238,244,238,226,232,216,212,255,86,0,0,0,0,0,0,0,0,0,0,180,233,221,225,231,234,231,221,233,236,234,230,237,230,212,198,221,0,0,0,0,0,1,0,0,0,0,2,255,227,225,224,235,231,232,227,238,235,226,239,224,199,186,204,218,0,0,0,1,0,4,0,0,0,0,157,235,217,224,228,228,229,231,233,234,238,246,208,200,205,200,218,212,0,0,0,0,0,0,0,2,0,38,255,215,233,227,233,231,230,229,226,239,252,176,218,211,209,195,208,191,0,0,1,6,5,0,0,0,0,239,227,213,234,223,227,228,230,232,230,255,82,29,255,202,207,193,210,175,0,0,0,0,0,0,0,17,214,250,220,229,227,231,229,228,229,228,255,159,0,60,255,194,204,194,210,164,0,0,0,78,154,205,212,255,255,225,220,221,229,230,228,233,229,242,194,0,0,68,255,194,205,192,211,143,0,0,146,205,201,223,229,221,219,230,227,232,234,233,236,229,239,228,0,0,0,60,255,200,205,190,214,122,0,7,215,218,213,212,218,220,214,220,230,229,231,235,227,234,252,17,0,1,0,57,219,198,202,194,211,103,0,76,203,219,223,231,231,235,230,234,233,235,234,230,234,255,50,0,0,0,0,47,214,193,195,190,209,81,0,0,14,49,117,166,194,217,235,245,249,255,255,251,225,54,0,0,0,2,0,61,228,206,240,204,221,79,0,0,0,0,0,0,0,0,20,39,67,82,85,69,0,0,0,1,0,2,0,9,86,53,54,48,54,0,0,0,0,0,0,0,0,0,0,0,0,0,0,0,0,0,0,0,0,0,0,0,0,0,0,0,0,0,0,0,0,0,0,0,0,0,0,0,0,0,0,0,0,0,0,0,0,0,0,0,0,0,0,0,0,0,0,6
0,0,0,0,0,0,0,0,0,0,0,0,0,0,0,0,0,0,0,0,0,0,0,0,0,0,0,0,0,0,0,0,0,0,0,0,0,0,0,0,0,0,0,0,0,0,0,0,0,0,0,0,0,0,0,0,0,0,0,0,0,0,0,0,0,0,0,0,0,0,0,0,0,0,0,0,0,0,0,0,0,0,0,0,0,0,0,0,0,0,0,0,0,0,0,0,0,0,0,0,0,0,0,0,0,0,0,0,0,0,0,0,0,0,0,0,0,0,0,0,0,0,0,3,0,0,149,165,141,0,0,0,0,0,34,67,27,0,2,0,0,0,0,0,0,0,0,0,0,2,0,6,0,71,239,203,232,144,0,7,142,240,223,252,188,0,7,0,0,0,0,0,0,0,0,0,0,1,0,5,0,171,213,198,204,223,203,255,235,226,218,230,178,0,0,0,0,0,0,0,0,0,0,0,0,1,2,0,0,194,208,201,208,194,199,225,216,220,225,217,218,0,0,1,0,0,0,0,0,0,0,0,0,0,7,0,47,216,201,200,212,186,201,224,219,225,223,219,234,131,0,0,0,0,0,0,0,0,0,0,0,0,6,0,134,219,197,205,224,184,189,234,224,220,223,222,220,232,24,0,0,0,0,0,0,0,0,0,0,1,0,0,210,208,201,204,213,213,207,227,225,223,223,219,213,228,188,0,0,0,0,0,0,0,0,0,0,5,0,39,211,200,205,201,213,199,191,224,225,221,221,217,212,213,255,14,0,0,0,0,0,0,0,0,0,5,0,143,215,201,203,206,220,198,194,228,220,224,213,206,212,214,231,72,0,0,0,0,0,0,0,0,5,0,7,242,204,201,209,209,219,193,196,227,218,219,211,217,214,218,232,123,0,0,0,0,0,0,0,1,0,0,180,208,200,207,213,206,223,186,206,229,221,223,220,218,220,213,231,107,0,0,0,0,0,0,0,0,0,94,212,202,212,202,212,216,227,173,213,230,219,216,225,238,217,211,238,5,0,0,0,0,0,6,0,0,33,249,204,205,205,210,216,220,235,157,221,218,220,255,247,202,180,197,229,0,0,0,3,6,1,0,0,53,241,204,201,207,211,217,218,224,226,129,216,231,255,160,0,86,203,196,226,0,2,3,0,0,0,0,116,251,197,192,201,209,214,218,219,225,209,168,240,210,19,0,0,147,196,196,216,0,0,0,13,70,141,220,214,194,199,203,208,214,217,215,221,218,215,237,142,0,0,0,0,161,194,201,207,0,0,136,196,205,207,198,191,200,206,209,213,216,214,218,215,217,221,65,0,0,3,0,0,174,197,203,190,0,101,208,185,192,196,197,202,208,209,208,211,215,218,212,220,221,59,0,0,2,0,0,0,195,195,207,175,0,96,223,220,213,211,214,212,212,213,208,209,208,212,224,217,60,0,1,0,0,2,0,0,173,193,202,155,0,0,73,155,205,233,243,254,254,251,250,248,246,250,215,46,0,4,1,0,0,2,0,0,187,201,218,177,0,0,0,0,0,0,22,34,53,73,89,100,90,61,0,0,0,1,1,0,0,1,0,0,163,151,150,84,0,0,0,0,0,0,0,0,0,0,0,0,0,0,0,0,0,0,0,0,0,0,0,0,0,0,0,0,0,0,0,0,0,0,0,0,0,0,0,0,0,0,0,0,0,0,0,0,0,0,0,0,0,0,0,0,0,0,0,0,0,0,0,0,0,0,0,0,0,0,0,0,0,0,0,0,0,0,0,0,0,0,0,0,0,6
0,0,0,0,0,0,0,0,0,0,0,0,0,0,0,0,0,0,0,0,0,0,0,0,0,0,0,0,0,0,0,0,0,0,0,0,0,0,0,0,0,0,0,0,0,0,0,0,0,0,0,0,0,0,0,0,0,0,0,0,0,0,0,0,0,0,0,0,0,0,0,0,0,0,0,0,0,0,0,0,0,0,0,0,0,0,0,0,0,0,0,0,0,0,0,0,0,4,0,0,37,0,0,0,0,0,0,0,0,0,0,0,0,0,0,0,0,0,0,0,0,0,0,0,0,0,0,22,206,125,18,0,0,0,0,0,1,22,0,0,0,0,0,0,0,0,0,0,0,0,0,0,2,0,39,161,149,169,207,208,210,208,196,181,179,191,25,0,0,0,0,0,0,0,0,0,0,0,0,1,0,0,153,154,163,174,182,194,194,193,191,193,187,205,26,0,0,0,0,0,0,0,0,0,0,0,0,1,0,85,213,120,170,175,186,193,196,192,186,186,196,188,0,0,0,0,0,0,0,0,0,0,0,0,0,0,0,125,148,150,166,185,192,195,189,193,201,200,199,200,0,0,0,0,0,0,0,0,0,0,0,0,6,0,44,207,153,161,167,185,191,193,191,196,193,199,189,235,25,0,0,0,0,0,0,0,0,0,0,0,0,0,99,201,140,161,174,193,202,202,196,195,190,194,185,211,86,0,0,0,0,0,0,0,0,0,0,5,0,0,163,170,149,163,187,202,189,184,179,193,207,197,193,202,161,0,0,0,0,0,0,0,0,0,0,4,0,35,198,161,166,181,200,176,188,187,185,208,205,199,197,197,209,0,0,0,0,0,0,0,0,0,0,2,0,99,158,133,164,195,185,189,205,196,195,200,195,195,197,194,233,31,0,0,0,0,0,0,0,0,0,0,0,165,194,180,194,190,178,198,191,193,197,196,196,198,202,195,235,87,0,0,0,0,0,0,0,0,0,0,64,213,202,232,215,194,180,184,195,198,199,200,208,207,208,201,214,93,0,0,0,0,0,0,1,1,0,11,195,210,195,198,214,232,217,192,207,209,202,211,202,202,212,211,255,68,0,0,0,0,5,2,0,0,0,153,170,136,180,202,188,178,211,228,220,215,219,227,232,232,215,173,142,9,0,1,3,0,0,0,0,52,158,154,170,168,190,195,214,227,230,222,195,173,223,220,175,144,118,96,97,7,0,0,0,0,23,71,149,169,94,135,194,214,225,219,235,234,211,178,196,244,193,148,144,132,127,122,112,5,0,0,65,134,166,139,103,87,137,178,199,214,233,229,232,202,174,230,226,100,0,106,191,136,121,117,108,0,0,136,176,132,75,80,134,171,192,198,214,228,225,233,202,183,242,164,1,0,0,125,186,134,125,115,103,0,54,211,193,193,202,212,209,220,228,232,240,229,223,195,194,248,109,0,0,2,0,111,173,121,116,117,102,0,53,173,165,180,220,230,226,235,236,232,216,216,224,243,235,54,0,0,0,1,0,106,177,121,112,121,98,0,0,0,0,16,45,61,96,122,145,161,175,184,165,100,0,0,0,3,0,3,0,99,165,119,112,112,70,0,0,0,0,0,0,0,0,0,0,0,0,0,0,0,0,0,0,0,0,0,0,0,0,0,0,0,0,0,0,0,0,0,0,0,0,0,0,0,0,0,0,0,0,0,0,0,0,0,0,0,0,0,0,0,0,0,0,0,0,0,0,0,0,0,0,0,0,0,0,0,0,0,0,0,0,0,0,0,0,0,0,0,0,0,6
0,0,0,0,0,0,0,0,0,0,0,0,0,0,0,0,0,0,0,0,0,0,0,0,0,0,0,0,0,0,0,0,0,0,0,0,0,0,0,0,0,0,0,0,0,0,0,0,0,0,0,0,0,0,0,0,0,0,0,0,0,0,0,0,0,0,0,0,0,0,0,0,0,0,0,0,0,0,0,0,0,0,0,0,0,0,0,0,0,0,0,0,0,0,0,0,0,0,0,0,0,0,0,0,0,0,0,0,0,0,0,0,0,0,0,0,0,0,0,0,0,0,0,0,0,1,0,0,0,0,87,29,0,0,0,4,0,0,0,0,0,0,0,0,0,0,0,0,0,0,0,0,0,0,0,4,0,7,192,204,161,15,0,0,0,4,0,0,0,0,0,0,0,0,0,0,0,0,0,0,0,0,2,6,0,113,209,196,230,218,101,147,178,219,65,0,0,0,0,0,0,0,0,0,0,0,0,0,0,0,3,0,0,181,202,209,213,225,209,216,186,212,41,0,0,0,0,0,0,0,0,0,0,0,0,0,0,0,7,0,94,205,198,214,192,169,208,195,208,208,16,0,0,0,0,0,0,0,0,0,0,0,0,0,0,5,0,0,195,214,196,184,216,190,234,214,216,182,0,0,0,0,0,0,0,0,0,0,0,0,0,0,0,10,0,75,219,181,212,208,221,219,217,209,215,183,0,0,0,0,0,0,0,0,0,0,0,0,0,0,1,0,0,186,212,173,208,224,208,219,216,207,213,153,0,0,0,0,0,0,0,0,0,0,0,1,0,0,7,0,34,233,199,235,222,211,214,212,217,216,218,131,0,0,0,0,0,0,0,0,0,0,1,1,0,4,0,0,169,133,206,219,213,215,217,218,218,210,219,162,0,0,0,0,0,0,0,0,0,0,0,0,8,0,0,173,214,152,189,204,200,210,216,218,214,207,212,236,0,0,0,0,1,2,2,2,2,3,5,0,0,0,172,186,196,218,220,215,207,214,216,213,217,217,213,226,124,0,1,2,0,0,0,0,0,0,0,0,47,174,190,186,214,207,212,229,211,214,217,220,225,222,217,215,228,0,0,0,0,0,0,0,0,0,53,167,230,187,182,201,205,199,205,218,219,219,219,226,219,213,210,206,209,42,0,72,157,161,142,142,149,199,186,188,179,182,193,202,211,207,209,218,224,225,219,217,211,207,210,205,214,50,0,148,168,156,156,173,164,186,183,181,182,205,193,196,210,215,218,220,218,211,205,207,205,205,211,207,216,45,37,184,174,173,163,149,165,189,196,201,193,192,207,205,204,215,217,208,212,225,231,236,237,236,237,217,250,42,83,197,205,197,195,181,170,208,199,201,205,201,206,210,214,212,220,234,253,226,192,179,177,178,180,177,205,36,0,64,151,189,199,205,202,216,215,216,220,221,220,222,220,231,255,163,52,129,155,136,137,142,150,149,182,30,0,0,0,47,133,185,220,227,222,222,218,220,226,221,243,143,11,0,0,167,234,200,202,202,203,182,238,48,1,0,0,0,0,0,36,88,134,160,180,179,160,134,53,0,0,0,0,51,131,107,123,123,129,132,131,14,0,0,0,0,0,0,0,0,0,0,0,0,0,0,0,0,0,0,0,0,0,0,0,0,0,0,0,0,0,0,0,0,0,0,0,0,0,0,0,0,0,0,0,0,0,0,0,0,0,0,0,0,0,0,0,0,0,0,0,0,0,0,0,0,0,0,0,0,0,0,0,0,0,0,0,0,0,0,0,0,0,0,0,0,6
0,0,0,0,0,0,0,0,0,0,0,0,0,0,0,0,0,0,0,0,0,0,0,0,0,0,0,0,0,0,0,0,0,0,0,0,0,0,0,0,0,0,0,0,0,0,0,0,0,0,0,0,0,0,0,0,0,0,0,0,0,0,0,0,0,0,0,0,0,0,0,0,0,0,0,0,0,0,0,0,0,0,0,0,0,0,0,0,0,0,0,0,0,0,0,0,0,0,0,1,2,0,0,0,0,0,0,7,0,32,44,0,0,0,0,0,0,0,0,0,0,0,0,0,0,1,4,0,0,0,1,2,2,3,4,0,0,170,99,0,0,0,0,0,0,0,0,0,0,0,0,0,0,0,0,0,0,0,0,0,0,0,0,0,0,181,0,0,0,0,0,0,0,0,0,0,0,0,0,0,4,0,64,174,169,54,6,41,57,47,112,204,215,133,0,0,0,0,0,0,0,0,0,0,0,0,0,0,6,0,116,193,207,222,221,235,240,241,233,196,212,139,0,0,0,0,0,0,0,0,0,0,0,0,0,1,0,0,160,187,204,215,218,221,220,223,214,192,214,140,0,0,0,0,0,0,0,0,0,0,0,0,0,3,0,1,216,183,212,225,221,226,224,231,219,182,214,148,0,0,0,0,0,0,0,0,0,0,0,0,0,2,0,75,231,175,221,229,223,227,224,235,213,185,212,180,0,0,0,0,0,0,0,0,0,0,0,0,1,0,0,186,197,191,217,225,223,223,222,235,206,195,208,237,0,0,0,0,0,0,0,0,0,0,0,0,7,0,42,229,188,185,225,229,220,219,217,230,212,196,199,222,75,0,0,0,0,0,0,0,0,0,0,0,0,0,147,197,181,185,222,226,216,221,217,226,219,200,201,217,202,0,0,0,0,0,0,0,0,0,0,11,0,25,215,189,188,195,223,220,218,219,217,228,214,208,205,205,246,22,0,0,0,0,0,0,0,0,2,0,0,162,195,180,187,203,225,220,217,217,217,235,150,182,206,202,240,74,0,0,0,0,0,0,0,0,0,0,86,227,183,195,200,221,226,223,221,224,222,217,178,207,208,191,219,84,0,0,0,0,0,0,2,0,0,31,208,185,194,203,210,217,220,218,219,217,228,223,220,201,194,193,245,129,0,0,0,2,6,5,0,0,33,193,182,179,194,206,206,214,227,217,225,216,186,181,186,200,218,200,223,117,2,8,4,0,0,0,0,84,211,191,178,189,200,212,211,222,224,210,185,179,223,218,222,228,214,183,223,120,0,0,0,0,0,27,137,203,176,183,188,195,209,210,220,224,190,173,203,255,155,226,221,208,212,197,226,119,0,55,130,149,161,186,188,167,170,182,196,199,208,222,228,181,184,250,252,43,0,253,209,211,214,193,221,119,146,214,188,189,187,183,181,183,200,198,197,209,225,215,179,199,255,150,0,0,35,255,212,214,213,196,226,123,138,199,213,208,199,198,199,203,214,210,216,217,204,187,221,245,51,0,0,0,53,229,207,213,207,191,216,111,0,0,81,165,211,243,243,231,231,222,219,225,230,255,163,0,0,0,2,0,63,237,211,222,223,211,243,138,0,0,0,0,0,32,84,131,157,176,186,160,123,31,0,0,3,0,2,0,48,194,186,180,177,166,177,66,0,0,0,0,0,0,0,0,0,0,0,0,0,0,0,0,0,0,0,0,0,0,0,0,0,0,0,0,0,0,0,0,0,0,0,0,0,0,0,0,0,0,0,0,0,0,0,0,0,0,0,0,0,0,0,0,6
0,0,0,0,0,0,0,0,0,0,0,0,0,0,0,0,0,0,0,0,0,0,0,0,0,0,0,0,0,0,0,0,0,0,0,0,0,0,0,0,0,0,0,0,0,0,0,0,0,0,0,0,0,0,0,0,0,0,0,0,0,0,0,0,0,0,0,0,0,0,0,0,0,0,0,0,0,0,0,0,0,0,0,0,0,0,0,0,0,0,0,0,0,0,0,0,0,0,0,0,0,0,0,0,0,0,0,0,0,0,0,0,0,0,0,0,0,0,0,0,0,0,0,0,0,0,0,0,0,0,0,0,0,0,0,0,0,0,0,0,0,0,0,0,0,0,0,0,0,0,0,0,0,0,0,0,0,0,0,0,0,0,0,0,0,0,74,15,0,0,0,0,0,0,0,0,0,0,0,0,0,0,0,2,6,2,2,1,1,1,1,1,3,0,237,138,0,0,0,0,0,0,0,0,0,0,0,0,0,0,7,0,0,0,0,0,0,0,0,0,0,0,235,57,0,0,0,0,0,0,0,0,0,0,0,0,0,5,0,32,117,87,93,56,17,1,19,48,59,111,239,0,0,0,0,0,0,0,0,0,0,0,0,0,0,1,0,190,223,185,219,252,255,255,236,211,211,178,155,0,0,0,0,0,0,0,0,0,0,0,0,0,0,0,0,238,160,133,195,149,155,205,149,140,119,143,131,0,0,0,0,0,0,0,0,0,0,0,0,0,1,0,74,254,137,198,208,194,205,203,154,168,161,181,183,0,0,0,0,0,0,0,0,0,1,5,0,0,0,0,200,181,166,199,209,203,224,194,167,157,149,171,202,0,0,0,0,0,0,0,0,0,0,0,0,2,0,13,255,153,176,200,202,199,217,193,183,162,171,168,214,0,0,0,4,5,4,2,2,2,1,0,0,0,20,240,202,179,182,198,202,199,206,180,173,157,148,146,235,18,0,0,0,0,0,0,0,0,0,0,0,127,255,233,160,191,192,190,199,199,196,175,159,135,109,157,243,64,0,0,0,3,0,0,0,0,43,150,253,255,211,166,196,201,199,192,197,198,194,188,158,178,169,181,219,107,0,73,227,223,217,236,225,241,235,233,215,194,196,197,207,205,204,206,194,194,193,186,167,172,151,166,210,118,0,180,218,199,211,221,225,221,211,208,212,211,208,196,204,198,195,195,209,214,217,197,190,181,171,196,225,127,28,209,184,164,161,162,182,208,205,202,206,190,184,195,204,209,217,217,197,195,221,208,215,211,198,164,177,158,0,29,194,226,213,178,151,153,147,139,177,187,190,203,201,188,189,184,204,210,183,182,180,177,171,131,171,191,0,0,0,10,125,169,208,249,224,203,181,195,192,187,196,204,203,179,141,193,239,236,237,222,223,196,226,146,0,0,0,0,0,0,0,68,58,125,212,167,149,190,108,11,0,0,0,0,170,75,83,95,84,54,36,0,0,0,0,0,0,0,0,0,0,0,0,0,0,0,0,0,0,0,0,0,0,0,0,0,0,0,0,0,0,0,0,0,0,0,0,0,0,0,0,0,0,0,0,0,0,0,0,0,0,0,0,0,0,0,0,0,0,0,0,0,0,0,0,0,0,0,0,0,0,0,0,0,0,0,0,0,0,0,0,0,0,0,0,0,0,0,0,0,0,0,0,0,0,0,0,0,0,0,0,0,0,0,0,0,0,0,0,0,0,0,0,0,0,0,0,0,0,0,0,0,0,0,0,0,0,0,0,0,0,0,0,0,0,0,0,0,0,0,0,0,6
0,0,0,0,0,0,0,0,0,0,0,0,0,0,0,0,0,0,0,0,0,0,0,0,0,0,0,0,0,0,0,0,0,0,0,0,0,0,0,0,0,0,0,0,0,0,0,0,0,0,0,0,0,0,0,0,0,0,0,0,0,0,0,0,0,0,0,0,0,0,0,0,0,0,0,0,0,0,0,0,0,0,0,0,0,0,0,0,0,0,0,0,0,0,0,0,0,0,0,0,0,0,0,0,0,0,0,0,0,0,0,0,0,0,0,0,0,0,0,0,0,0,0,1,0,52,99,89,87,94,90,77,66,57,43,37,13,8,0,0,0,0,0,0,0,0,0,0,0,0,0,0,0,105,232,217,221,242,242,249,255,250,248,248,217,238,0,0,0,0,0,0,0,0,0,0,0,0,0,0,0,55,171,178,174,191,192,197,200,201,197,200,213,180,0,0,0,0,0,0,0,0,0,0,0,1,0,0,0,110,167,164,180,197,204,217,206,197,204,195,222,172,0,0,0,0,0,0,0,0,0,0,0,0,0,0,0,138,177,185,204,203,207,206,206,203,202,209,218,210,0,0,0,0,0,0,0,0,0,0,0,1,3,0,0,135,198,200,197,202,208,211,208,207,200,212,191,226,28,0,0,0,0,0,0,0,0,0,0,0,0,0,61,175,219,191,191,198,200,207,202,200,189,191,181,217,116,0,0,0,0,0,0,0,0,0,0,1,0,0,121,169,213,178,189,191,200,210,201,190,195,185,173,177,200,0,1,0,0,0,0,0,1,2,0,0,0,80,130,170,219,189,188,191,202,214,193,177,177,180,175,168,214,48,0,0,1,1,0,0,0,0,0,0,43,154,133,197,211,183,187,188,197,206,189,187,185,185,171,170,213,90,0,0,1,0,0,2,0,0,0,20,145,146,158,195,195,180,198,193,192,204,189,194,189,198,190,187,210,112,0,0,0,0,2,3,0,0,2,130,136,151,153,192,194,182,185,187,198,209,189,198,194,192,197,189,218,95,2,1,0,0,0,0,0,2,112,139,130,143,160,202,184,170,184,177,187,203,184,185,194,182,182,187,227,8,0,0,0,0,1,7,41,112,142,139,155,150,173,208,173,171,190,177,174,194,206,229,211,202,203,203,213,0,17,109,101,100,103,118,141,144,146,155,170,165,189,210,170,172,167,165,198,247,212,48,111,232,193,206,178,0,57,178,119,125,136,143,146,150,151,153,167,161,192,211,175,173,181,239,221,95,0,0,109,246,188,202,153,0,113,171,153,157,144,136,131,139,148,153,155,159,201,201,165,211,250,111,0,0,0,0,116,212,183,201,115,0,89,191,184,178,168,161,161,162,165,171,175,182,194,191,199,238,43,0,0,0,1,0,116,214,188,203,93,0,0,90,197,193,204,195,192,185,187,192,197,188,195,202,238,15,0,1,0,0,3,0,105,210,191,204,57,0,0,0,0,23,111,169,220,214,244,237,212,243,216,212,57,0,2,2,0,0,2,0,142,233,207,222,53,0,0,3,0,0,0,0,0,0,52,54,13,108,35,0,0,0,0,0,0,0,0,0,21,53,25,38,0,0,0,0,0,0,0,0,0,0,0,0,0,0,0,0,0,0,0,0,0,0,0,0,0,0,0,0,0,0,0,0,0,0,0,0,0,0,0,0,0,0,0,0,0,0,0,0,0,0,0,0,0,0,0,0,0,0,0,0,0,0,0,0,0,0,0,0,0,0,0,0,0,0,0,0,0,0,0,0,0,0,0,0,0,0,6
0,0,0,0,0,0,0,0,0,0,0,0,0,0,0,0,0,0,0,0,0,0,0,0,0,0,0,0,0,0,0,0,0,0,0,0,0,0,0,0,0,0,0,0,0,0,0,0,0,0,0,0,0,0,0,0,0,0,0,0,0,0,0,0,0,0,0,0,0,0,0,0,0,0,0,0,0,0,0,0,0,0,0,0,0,0,0,0,0,0,0,0,0,0,0,0,0,0,0,0,0,0,0,0,0,0,0,0,0,0,0,0,0,0,0,0,0,0,0,0,0,0,0,0,0,0,0,0,0,0,0,0,1,2,1,0,0,0,119,37,0,0,0,0,0,0,0,0,0,0,0,0,0,3,0,3,84,12,0,0,0,0,0,0,0,35,196,10,0,0,0,0,0,0,0,0,0,0,0,0,0,4,0,47,185,185,17,0,0,0,0,36,182,216,141,0,0,0,0,0,0,0,0,0,0,0,0,0,0,0,0,98,188,198,194,230,246,238,216,202,204,190,143,0,0,0,0,0,0,0,0,0,0,0,0,0,0,0,0,159,195,192,206,215,213,212,213,206,196,213,145,0,0,0,0,0,0,0,0,0,0,0,0,0,1,0,24,213,190,199,209,212,209,207,207,214,195,208,118,0,0,0,0,0,0,0,0,0,0,0,0,0,0,0,109,219,189,204,205,208,203,207,211,222,194,201,111,0,0,0,0,0,0,0,0,0,0,0,0,0,0,0,206,196,192,206,205,208,204,212,209,221,212,205,132,0,0,0,0,0,0,0,0,0,0,0,0,0,0,116,201,179,199,210,206,209,212,217,213,213,214,218,181,0,0,0,0,0,0,0,0,0,0,0,5,0,31,200,172,198,215,203,200,210,215,219,214,198,213,219,217,1,0,0,0,0,0,0,0,0,0,3,0,0,141,193,199,217,214,199,204,215,219,221,213,193,216,218,229,80,0,0,0,0,0,0,0,3,0,0,0,119,165,163,204,214,216,202,209,210,204,207,188,174,192,208,222,135,1,1,4,5,5,1,0,0,0,11,131,198,186,212,215,215,227,206,196,200,196,195,189,204,210,216,206,151,1,0,0,0,0,0,0,21,116,179,149,157,222,211,216,215,218,210,195,208,217,223,233,235,229,232,201,153,0,0,10,67,75,92,150,177,150,121,100,149,216,210,213,218,218,223,229,211,183,166,157,164,182,203,203,163,0,86,156,148,146,121,86,103,122,167,195,200,211,220,214,220,205,181,156,149,156,182,205,217,195,179,206,177,12,171,180,147,98,70,74,156,211,204,219,222,214,228,204,167,155,188,227,241,226,208,203,185,176,188,195,141,82,191,196,204,202,200,191,195,201,201,209,212,210,197,185,202,255,246,182,102,178,174,171,179,184,195,207,129,0,72,135,175,191,198,200,205,201,204,208,208,201,205,238,207,108,18,0,0,209,175,175,177,171,186,204,122,0,0,0,15,75,123,152,190,214,219,226,221,195,160,73,0,0,0,0,0,231,187,208,221,225,233,246,127,0,2,0,0,0,0,0,0,7,40,44,27,0,0,0,0,0,2,0,0,123,115,91,89,64,48,50,0,0,0,0,0,0,0,0,0,0,0,0,0,0,0,0,0,0,0,0,0,0,0,0,0,0,0,0,0,0,0,0,0,0,0,0,0,0,0,0,0,0,0,0,0,0,0,0,0,0,0,0,0,0,0,0,0,0,0,0,0,0,0,0,0,0,0,0,0,0,0,0,0,0,0,0,0,0,0,0,0,0,0,0,0,6
0,0,0,0,0,0,0,0,0,0,0,0,0,0,0,0,0,0,0,0,0,0,0,0,0,0,0,0,0,0,0,0,0,0,0,0,0,0,0,0,0,0,0,0,0,0,0,0,0,0,0,0,0,0,0,0,0,0,0,0,0,0,0,0,0,0,0,0,0,0,0,0,0,0,0,0,0,0,0,0,0,0,0,0,0,0,0,0,0,0,0,0,0,0,0,0,0,0,0,0,0,0,0,0,0,0,0,0,0,0,0,0,0,0,0,0,0,0,0,0,0,0,0,0,0,0,0,0,0,23,0,0,0,0,1,1,1,1,1,0,0,0,0,0,0,0,0,0,0,0,0,0,0,0,4,0,44,140,146,201,0,0,0,2,0,1,0,0,0,0,0,0,0,0,0,0,0,0,0,0,0,0,5,0,69,185,214,239,0,0,8,0,0,0,13,7,0,0,0,0,0,0,0,0,0,0,0,0,0,1,8,0,91,183,187,85,0,174,202,138,181,170,166,21,0,0,0,0,0,0,0,0,0,0,0,0,0,3,0,7,172,178,212,0,159,255,90,177,244,224,168,0,0,0,0,0,0,0,0,0,0,0,0,0,0,9,0,50,98,73,153,95,255,196,119,132,173,222,100,0,0,0,0,0,0,0,0,0,0,0,0,0,0,7,0,173,151,202,172,94,218,219,220,252,170,158,20,0,0,0,0,0,0,0,0,0,0,0,0,1,3,0,0,195,167,232,153,106,188,244,190,175,217,223,35,0,0,0,0,0,0,0,0,0,0,1,0,0,0,0,149,180,181,110,109,184,233,117,252,165,207,213,89,0,0,0,0,0,0,0,0,0,0,0,0,10,0,79,211,171,225,134,162,217,240,239,129,221,221,129,33,0,0,0,0,0,0,1,0,0,0,1,5,0,0,194,157,81,168,171,175,220,144,226,132,206,181,212,111,0,0,0,0,0,0,0,0,2,4,0,0,1,166,184,217,64,174,200,145,227,246,223,172,251,227,195,186,0,0,0,1,4,3,4,3,0,0,0,55,180,235,154,108,13,166,157,177,165,137,135,236,194,225,176,234,10,1,2,0,0,0,0,0,7,49,129,163,149,22,110,246,158,22,91,211,249,127,241,113,182,208,167,215,42,1,0,0,37,36,6,112,164,121,123,148,138,59,250,203,194,110,214,128,209,74,108,80,166,208,178,251,40,0,50,97,171,127,231,184,94,110,77,187,153,58,220,108,227,171,89,163,153,123,252,255,234,199,233,238,14,0,118,197,161,49,49,125,131,18,184,131,84,199,219,204,175,201,238,132,120,192,134,122,200,255,197,161,45,55,210,205,111,19,218,241,85,161,84,141,248,175,105,193,145,222,213,82,98,160,218,177,146,201,180,215,38,20,154,189,148,164,231,177,84,154,192,233,167,169,235,187,178,213,224,251,254,222,202,217,220,218,192,210,25,0,0,45,161,205,193,203,252,224,215,205,205,223,252,255,252,182,118,0,113,253,211,227,223,239,206,253,54,4,0,0,0,0,33,76,132,176,188,191,201,180,118,57,0,0,0,0,104,250,195,204,189,189,151,133,20,0,0,0,0,0,0,0,0,0,0,0,0,0,0,0,0,0,0,0,0,0,0,0,0,0,0,0,0,0,0,0,0,0,0,0,0,0,0,0,0,0,0,0,0,0,0,0,0,0,0,0,0,0,0,0,0,0,0,0,0,0,0,0,0,0,0,0,0,0,0,0,0,0,0,0,0,0,0,0,0,0,0,0,0,6
0,0,0,0,0,0,0,0,0,0,4,0,31,154,110,95,50,0,0,2,0,0,0,34,94,89,0,0,0,0,0,0,0,0,0,0,0,0,8,0,74,255,245,253,255,202,0,0,0,153,255,239,255,223,0,0,0,0,0,0,0,0,0,0,0,1,10,0,63,242,227,228,231,255,198,59,232,255,237,235,252,142,0,0,0,0,0,0,0,0,0,0,0,0,8,0,81,250,227,236,235,236,255,255,255,230,239,237,255,105,0,2,0,0,0,0,0,0,0,0,0,0,7,0,112,249,223,243,241,255,167,164,250,243,242,236,255,85,0,3,0,0,0,0,0,0,0,0,0,0,0,0,154,248,228,243,234,254,194,192,255,242,245,232,255,58,0,3,0,0,0,0,0,0,0,0,0,0,0,0,181,244,221,233,229,252,225,190,250,246,250,238,255,42,0,1,0,0,0,0,0,0,0,0,0,0,0,0,197,241,224,234,239,247,241,215,253,238,237,239,255,191,0,0,0,0,0,0,0,0,0,0,0,0,0,0,206,248,238,241,240,243,240,217,250,236,239,233,234,255,60,0,0,0,0,0,0,0,0,0,0,0,0,0,221,242,230,233,235,237,238,218,242,234,240,240,225,248,209,0,0,0,0,0,0,0,0,0,0,1,0,0,246,242,228,229,231,229,238,223,243,242,238,230,236,238,255,22,0,0,0,0,0,0,0,0,0,5,0,38,255,232,233,230,232,231,238,227,241,243,237,236,236,233,255,78,0,0,0,0,0,0,0,0,0,0,0,146,255,225,231,229,235,235,240,228,239,243,237,239,240,230,255,107,0,0,0,0,0,0,0,0,1,0,0,241,234,222,230,232,237,237,243,228,240,245,238,238,239,231,255,117,0,0,0,0,0,0,0,0,4,0,21,255,226,227,233,236,238,235,244,226,236,243,238,238,238,231,255,88,0,0,0,0,0,0,0,0,8,0,90,255,224,233,234,236,239,234,243,224,237,241,232,233,240,229,255,71,0,0,0,0,0,6,1,0,0,0,168,241,220,233,232,234,241,230,243,227,230,247,255,255,244,235,255,51,0,0,0,0,0,0,1,2,0,0,243,244,228,231,232,235,240,236,241,223,246,255,141,126,255,233,255,18,0,0,0,0,0,0,0,3,0,17,255,233,233,230,233,235,240,232,239,227,255,60,0,75,255,235,255,0,0,0,0,0,5,10,0,0,0,159,255,220,226,235,231,234,241,233,244,229,255,0,0,136,249,234,255,0,0,2,5,0,0,0,0,0,80,255,227,231,231,230,238,237,237,255,241,209,255,64,0,152,250,238,241,0,0,0,0,0,44,81,156,207,255,231,231,236,235,236,234,237,229,255,91,199,209,0,0,160,249,241,222,0,0,0,121,213,235,239,255,242,220,226,234,234,235,234,235,232,255,255,0,230,72,0,0,173,247,244,191,0,0,67,252,221,218,223,223,223,226,232,236,235,236,239,240,232,255,67,0,20,0,0,0,185,246,246,167,0,0,122,236,235,241,233,229,227,227,231,230,228,229,234,229,255,159,0,0,0,0,0,0,191,241,243,150,0,0,0,37,137,213,255,255,248,249,245,241,238,242,244,255,199,0,0,1,2,1,7,0,175,253,255,128,0,0,0,0,0,0,17,48,115,180,217,242,255,250,240,132,0,0,5,0,0,0,5,0,147,186,168,40,0,0,1,6,0,0,0,0,0,0,0,0,0,0,0,0,0,0,0,0,0,0,0,0,0,0,0,0,0,6
0,0,0,0,0,0,0,0,0,1,1,0,0,185,125,23,0,0,0,0,0,0,0,0,0,0,0,0,0,0,0,0,0,0,0,0,0,0,4,0,0,217,235,229,238,153,83,87,101,116,144,140,196,71,0,4,0,0,0,0,0,0,0,0,0,0,7,0,51,229,212,219,234,240,242,244,249,250,248,241,255,60,0,5,0,0,0,0,0,0,0,0,0,0,10,0,84,238,216,224,220,224,223,221,221,223,225,225,238,36,0,5,0,0,0,0,0,0,0,0,0,0,7,0,150,240,223,234,225,223,227,229,228,224,230,228,249,80,0,2,0,0,0,0,0,0,0,0,0,2,0,0,205,210,216,234,244,240,241,238,238,239,236,231,247,87,0,1,0,0,0,0,0,0,0,0,0,4,0,0,229,210,179,172,190,194,199,216,223,222,228,217,225,121,0,0,0,0,0,0,0,0,0,0,0,6,0,109,236,226,241,238,224,219,207,198,186,188,193,206,230,187,0,0,0,0,0,0,0,0,0,0,0,8,0,156,242,223,222,227,235,233,238,240,240,252,251,255,242,205,0,0,0,0,0,0,0,0,0,0,0,0,0,133,208,222,242,232,222,228,224,241,254,253,232,186,152,200,14,0,0,0,0,0,0,0,0,0,5,0,0,255,218,183,202,240,254,248,244,229,190,145,118,149,198,255,158,0,0,0,0,0,0,0,0,0,4,0,28,217,236,253,202,179,196,203,175,158,166,182,240,251,236,231,255,0,0,0,0,0,0,0,0,0,2,0,151,192,132,166,189,199,173,106,192,233,242,255,233,224,226,225,240,66,0,0,0,0,0,0,0,0,0,0,201,231,213,174,208,233,241,150,249,236,172,228,228,231,230,224,241,110,0,0,0,0,0,0,0,3,0,0,219,236,236,238,211,160,116,161,255,238,240,225,231,232,230,224,244,131,0,0,0,0,0,0,0,0,0,74,247,223,226,228,239,252,244,169,228,227,213,232,229,231,228,226,255,81,0,0,0,0,9,1,0,0,0,220,238,227,236,227,224,225,248,242,211,222,233,219,229,237,232,237,248,0,0,0,0,0,1,0,4,0,74,246,225,234,233,223,229,230,227,231,242,230,225,255,255,231,228,244,167,0,0,0,0,0,0,3,0,0,255,234,227,228,227,224,232,233,231,233,225,234,255,216,219,234,218,247,53,0,1,5,6,0,0,0,0,213,238,222,227,223,228,230,232,228,231,228,247,255,75,0,18,233,227,224,0,0,0,0,0,0,0,16,236,242,219,227,222,232,225,230,233,232,224,239,255,7,0,0,0,228,233,173,0,0,0,91,151,158,178,255,238,220,230,225,226,228,226,226,237,233,237,255,27,0,8,0,0,218,237,134,0,0,101,248,240,239,239,226,225,226,232,228,228,231,232,227,229,227,253,102,0,0,3,0,0,210,235,79,0,2,170,234,217,222,222,233,231,227,233,230,230,233,233,234,225,238,250,0,0,4,4,0,0,207,219,6,0,4,114,255,229,227,228,222,224,236,227,231,232,235,232,229,230,247,57,0,4,0,3,0,0,207,204,0,0,2,0,129,212,247,250,247,237,230,231,222,219,224,227,228,250,107,0,1,0,0,4,0,0,215,186,0,0,1,0,0,0,47,135,200,254,255,255,255,255,244,244,255,119,0,0,0,0,0,3,0,0,217,153,0,9,0,0,1,0,0,0,0,0,8,50,88,131,143,156,52,0,0,4,0,0,0,1,0,0,33,9,0,2,0,6
0,0,0,0,0,0,0,0,0,0,0,0,0,0,0,0,0,0,0,0,0,0,0,0,0,0,0,0,0,0,0,0,0,0,0,0,0,0,0,0,0,0,0,0,0,0,0,0,0,0,0,0,0,0,0,0,0,0,0,0,0,0,0,0,0,0,0,0,0,0,0,0,0,0,0,0,0,0,0,0,0,0,0,0,0,0,0,0,0,0,0,0,0,0,0,0,0,0,0,0,0,0,0,0,0,0,0,0,0,0,0,0,0,0,0,0,0,0,0,0,0,0,0,0,0,0,1,0,0,33,51,85,109,97,77,63,45,9,0,0,0,0,0,0,0,0,0,0,0,0,0,0,0,0,4,0,20,240,247,255,255,255,255,255,240,220,213,0,0,0,0,0,0,0,0,0,0,0,0,0,0,0,2,0,79,207,215,217,210,238,245,238,212,214,167,0,0,0,0,0,0,0,0,0,0,0,0,0,0,2,1,0,106,206,232,236,241,248,245,243,204,215,131,0,0,0,0,0,0,0,0,0,0,0,0,0,0,3,0,0,159,211,235,235,238,248,251,241,199,238,124,0,0,0,0,0,0,0,0,0,0,0,0,0,0,0,0,86,191,211,237,237,239,248,248,228,195,237,133,0,0,0,0,0,0,0,0,0,0,0,0,0,0,0,3,177,196,234,234,243,240,250,240,223,201,232,179,0,0,0,0,0,0,0,0,0,0,0,0,0,0,0,125,198,223,244,237,244,241,247,244,237,210,206,232,2,0,0,0,0,0,0,0,0,0,3,0,0,0,57,209,221,231,237,240,244,244,239,249,232,213,204,244,75,0,0,0,0,0,0,0,0,0,0,4,0,9,196,216,241,239,248,242,241,240,237,248,238,226,208,230,143,0,0,0,0,0,0,0,0,0,4,0,0,171,220,239,239,242,239,238,236,242,244,248,242,235,215,219,166,0,0,0,0,0,0,0,0,0,0,0,144,192,206,248,243,235,241,241,233,249,252,254,250,245,221,224,178,0,0,0,0,0,4,5,0,0,0,141,206,212,239,241,243,238,234,239,250,255,239,215,222,216,204,224,140,1,2,4,3,0,0,0,0,45,165,187,217,240,246,239,232,235,242,247,242,191,197,223,196,203,201,239,94,0,0,0,0,0,4,59,157,129,37,172,227,225,239,233,235,237,233,202,192,254,224,142,217,232,207,255,66,0,0,39,82,133,171,142,53,46,156,219,219,231,233,238,238,209,196,241,242,117,0,0,238,222,203,255,45,53,197,205,206,198,162,88,156,225,222,216,225,240,240,238,203,221,255,148,0,0,0,90,255,216,218,255,39,114,236,232,232,229,235,241,239,228,226,226,223,230,228,214,252,226,51,0,0,2,0,116,218,212,209,224,32,0,28,121,158,179,197,213,224,231,233,234,234,231,227,255,158,0,0,0,1,0,0,212,245,236,233,242,54,0,0,0,0,0,17,34,75,109,146,167,181,188,158,42,0,0,1,0,0,1,0,110,177,146,142,158,16,0,4,1,0,0,0,0,0,0,0,0,0,0,0,0,0,5,1,0,0,0,0,0,0,0,0,0,0,0,0,0,0,0,0,0,0,0,0,0,0,0,0,0,0,0,0,0,0,0,0,0,0,0,0,0,0,0,0,0,0,0,0,0,0,0,0,0,0,0,0,0,0,0,0,0,0,0,0,0,0,0,0,0,0,0,0,0,0,0,0,0,0,0,0,0,0,0,0,0,0,0,0,0,0,0,0,0,0,0,0,0,0,6
0,0,0,0,0,0,0,0,0,0,0,0,0,0,0,0,0,0,0,0,0,0,0,0,0,0,0,0,0,0,0,0,0,0,0,0,0,0,0,0,0,0,0,0,0,0,0,0,0,0,0,0,0,0,0,0,0,0,0,0,0,0,0,0,0,0,0,0,0,0,0,0,0,0,0,0,0,0,0,0,0,0,0,0,0,0,0,0,0,0,0,0,0,0,0,1,0,0,86,65,56,18,0,0,0,0,0,0,0,0,0,0,0,0,0,0,0,0,0,0,0,0,0,3,0,4,172,155,191,193,173,111,30,0,0,3,14,25,28,5,0,0,0,0,0,0,0,0,0,0,0,1,0,0,146,129,121,145,163,196,184,175,169,164,168,143,152,126,0,0,0,0,0,0,0,0,0,0,0,1,0,0,195,144,140,160,146,113,119,142,143,159,148,125,143,38,0,0,0,0,0,0,0,0,0,0,0,0,4,0,74,178,137,123,106,113,131,134,122,133,136,131,193,20,0,0,0,0,0,0,0,0,0,0,0,0,2,0,28,184,157,176,187,172,187,166,148,179,157,159,149,0,0,0,0,0,0,0,0,0,0,0,0,0,1,0,0,199,177,160,171,164,166,178,148,158,152,159,169,0,0,0,0,0,0,0,0,0,0,0,0,0,1,0,25,183,177,120,115,137,149,146,130,113,121,161,74,0,0,0,0,0,0,0,0,0,0,0,0,0,0,0,120,172,149,183,124,120,145,144,179,189,181,198,79,0,0,0,0,0,0,0,0,0,0,2,0,0,0,0,216,183,105,123,119,147,182,171,146,116,59,135,42,0,0,0,0,0,0,0,0,0,0,0,0,2,0,8,224,184,171,146,132,153,136,102,113,144,148,193,77,0,0,0,0,0,0,0,0,0,0,0,0,2,0,121,221,167,152,181,206,205,180,153,170,191,161,204,172,0,0,0,0,0,0,0,0,0,0,0,0,0,0,227,164,188,150,113,182,234,227,215,229,227,210,195,149,0,0,0,0,0,0,0,0,0,0,4,0,0,204,184,92,131,172,166,209,221,170,197,212,157,110,73,133,0,0,0,0,0,0,6,3,1,0,0,1,210,178,122,122,115,131,194,209,196,183,189,184,130,99,120,169,0,0,1,7,3,1,7,0,0,0,80,216,165,140,116,109,113,171,181,210,219,222,196,191,139,147,108,186,28,0,0,0,0,0,0,0,63,179,188,160,137,113,110,118,140,176,139,144,158,164,154,141,108,107,64,172,32,0,3,111,116,72,107,200,183,161,124,121,96,102,140,147,159,157,156,165,148,142,173,170,158,159,142,218,8,0,169,195,195,198,197,164,147,137,134,114,117,137,161,166,155,150,153,157,179,167,191,203,197,218,173,237,17,152,209,142,125,128,150,145,146,158,165,153,143,156,164,146,146,163,203,255,229,205,194,200,184,170,149,209,2,107,178,202,188,167,151,133,129,123,116,120,119,134,151,163,196,241,158,20,27,204,182,193,175,171,160,211,0,0,0,17,97,173,199,223,217,216,222,224,228,230,226,203,91,0,0,0,0,255,217,212,245,196,204,205,0,0,0,0,0,0,0,6,36,54,69,77,75,67,22,0,0,0,0,0,0,76,88,75,82,67,77,27,0,0,0,0,0,0,0,0,0,0,0,0,0,0,0,0,0,0,0,0,0,0,0,0,0,0,0,0,0,0,0,0,0,0,0,0,0,0,0,0,0,0,0,0,0,0,0,0,0,0,0,0,0,0,0,0,0,6
0,0,0,0,0,0,0,0,0,0,0,0,0,0,0,0,0,0,0,0,0,0,0,0,0,0,0,0,0,0,0,0,0,0,0,0,0,0,0,0,0,0,0,0,0,0,0,0,0,0,0,0,0,0,0,0,0,0,0,0,0,0,0,0,0,0,0,0,0,0,0,0,0,0,0,0,0,0,0,0,0,0,0,0,0,0,0,0,0,0,0,0,0,0,0,0,0,0,0,0,0,0,0,0,0,0,0,0,0,0,0,0,0,0,0,0,0,0,0,0,0,0,0,0,0,0,0,0,0,0,0,0,0,0,0,0,0,0,0,0,0,0,0,0,0,0,0,0,0,0,0,0,0,0,0,96,11,0,0,0,0,0,0,0,0,0,0,0,0,0,0,0,0,0,0,0,0,0,0,0,2,0,8,251,234,237,215,194,171,163,181,207,148,0,0,0,0,0,0,0,0,0,0,0,0,1,0,0,0,0,185,232,240,254,254,255,255,255,255,255,234,0,0,2,0,0,0,0,0,0,0,0,0,1,0,1,0,67,247,133,176,252,224,229,246,246,236,233,239,34,0,1,0,0,0,0,0,0,0,0,0,0,0,0,0,211,182,255,198,200,255,228,244,243,234,224,250,193,0,0,0,0,0,0,0,0,0,0,0,0,4,0,101,226,156,250,169,244,202,255,236,237,236,239,245,255,26,0,0,0,0,0,0,0,0,0,0,0,0,0,223,194,254,166,245,193,88,180,248,243,238,238,245,255,199,0,0,0,0,0,0,0,0,0,0,0,0,186,169,212,231,208,255,191,163,182,252,239,239,248,245,250,255,0,0,0,0,0,0,0,0,0,4,0,75,236,217,192,190,255,182,171,255,255,233,245,235,228,216,245,255,42,0,0,0,0,1,0,1,1,0,0,234,158,249,163,248,253,133,92,191,252,224,237,234,238,236,240,255,77,0,0,4,0,0,0,0,0,0,88,255,216,177,226,255,201,252,233,249,245,222,239,253,254,255,253,255,74,0,0,0,0,0,0,0,41,204,255,243,254,255,250,138,135,221,252,246,247,234,255,254,243,231,209,242,79,0,3,117,155,208,231,234,255,251,226,237,239,240,253,204,114,215,253,254,255,230,206,198,198,204,204,255,106,0,190,254,236,240,236,230,225,217,213,246,253,245,251,255,244,254,255,249,168,227,219,225,232,235,223,255,105,100,238,229,238,235,231,227,225,252,224,232,246,243,245,243,248,255,187,0,0,255,217,221,226,222,220,255,100,0,97,182,227,243,249,252,246,250,254,245,247,248,248,255,211,54,0,0,31,255,223,228,228,228,224,242,117,0,0,0,41,142,196,243,255,255,255,255,255,255,248,134,0,0,0,0,45,255,247,253,248,244,239,255,90,0,1,0,0,0,0,0,37,55,63,80,76,66,2,0,0,3,0,0,0,0,0,0,0,0,0,0,0,0,0,0,0,0,0,0,0,0,0,0,0,0,0,0,0,0,0,0,0,0,0,0,0,0,0,0,0,0,0,0,0,0,0,0,0,0,0,0,0,0,0,0,0,0,0,0,0,0,0,0,0,0,0,0,0,0,0,0,0,0,0,0,0,0,0,0,0,0,0,0,0,0,0,0,0,0,0,0,0,0,0,0,0,0,0,0,0,0,0,0,0,0,0,0,0,0,0,0,0,0,0,0,0,0,0,0,0,0,0,0,0,0,0,0,0,0,0,0,0,0,0,0,0,0,0,0,0,0,0,0,0,0,0,0,0,0,0,0,0,6
0,0,0,0,0,0,0,0,0,0,0,0,0,0,0,0,0,0,0,0,0,0,0,0,0,0,0,0,0,0,0,0,0,0,0,0,0,0,0,0,0,0,0,0,0,0,0,0,0,0,0,0,0,0,0,0,0,0,0,0,0,0,0,0,0,0,0,0,0,0,0,0,0,0,0,0,0,0,0,0,0,0,0,0,0,0,0,0,0,0,0,0,0,0,0,0,0,0,0,0,0,0,0,0,0,0,0,0,0,0,0,0,0,0,0,0,0,0,0,0,0,0,0,0,0,0,0,0,0,0,0,0,0,0,0,0,0,0,0,0,0,0,0,0,0,0,0,0,0,1,0,0,0,0,0,0,0,0,0,0,0,0,2,0,0,0,0,0,0,0,0,0,0,0,0,0,0,0,2,0,0,24,53,65,61,58,29,4,6,0,0,2,22,10,10,12,0,0,0,0,0,0,0,0,0,0,0,3,0,100,171,166,170,176,182,125,19,16,98,82,37,38,65,15,0,0,0,0,0,0,0,0,0,0,0,4,0,59,154,156,166,192,210,211,75,55,210,154,135,181,139,0,0,0,0,0,0,0,0,0,0,0,1,3,0,51,158,161,186,154,36,65,242,131,136,185,203,195,71,0,0,0,0,0,0,0,0,0,0,0,1,3,0,32,173,157,187,36,100,47,128,255,208,179,175,183,13,0,0,0,0,0,0,0,0,0,0,0,0,2,0,25,157,147,183,115,34,57,196,167,185,187,163,186,5,0,0,1,0,1,2,0,0,0,0,2,2,0,0,8,173,167,180,214,174,207,227,143,143,182,181,213,8,0,0,0,0,0,1,0,1,1,2,0,0,2,47,79,146,167,186,196,201,196,171,144,195,197,180,194,8,0,0,0,0,0,0,2,2,0,0,3,57,126,126,83,108,149,144,168,142,147,164,149,182,173,157,186,41,0,0,0,0,1,0,0,0,8,61,116,138,115,100,123,115,116,144,175,188,157,161,158,152,160,156,174,72,0,0,2,0,0,0,15,68,117,137,124,105,109,116,111,118,119,114,112,132,176,166,157,163,171,160,176,111,0,2,0,0,31,78,112,143,133,117,121,118,130,128,126,149,157,140,144,130,142,172,158,168,171,166,176,87,0,0,12,109,138,123,109,101,107,117,123,119,129,137,138,142,147,147,144,143,152,161,156,171,173,157,180,83,0,0,116,135,78,85,110,119,130,146,138,144,152,160,158,157,165,167,164,170,187,195,185,186,196,178,188,142,0,30,138,151,149,146,152,147,143,143,157,164,164,159,157,161,165,164,167,166,175,172,156,156,152,159,159,187,52,76,152,139,157,146,144,144,146,151,154,154,151,152,157,158,159,160,156,154,157,160,165,172,172,173,164,201,60,23,171,168,196,188,189,188,188,192,190,190,190,194,199,196,195,195,190,183,181,181,183,187,183,183,176,215,53,0,0,44,58,117,142,158,167,170,170,170,166,170,170,163,157,153,149,145,145,146,153,149,124,150,147,121,4,0,0,0,0,0,0,0,0,0,0,0,0,0,0,0,0,0,0,0,0,0,0,0,0,0,0,0,0,0,0,0,0,0,0,0,0,0,0,0,0,0,0,0,0,0,0,0,0,0,0,0,0,0,0,0,0,0,0,0,0,0,0,0,0,0,0,0,0,0,0,0,0,0,0,0,0,0,0,0,0,0,0,0,0,0,0,0,0,0,0,0,0,0,0,0,0,0,0,0,0,0,0,0,0,0,0,0,0,0,0,0,0,6
0,0,0,0,0,0,0,0,0,0,0,0,0,0,0,0,0,0,2,1,0,1,0,64,149,4,0,0,0,0,0,0,0,0,0,0,0,0,0,0,0,0,0,1,5,0,0,0,0,0,0,75,234,95,0,0,0,0,0,0,0,0,0,0,0,0,0,0,0,0,0,0,0,0,0,0,0,0,0,0,228,76,0,0,0,0,0,0,0,0,0,0,0,0,0,0,0,1,0,0,138,190,215,171,162,156,92,116,209,0,0,0,0,0,0,0,0,0,0,0,0,0,0,0,0,5,0,27,241,202,159,153,166,195,210,215,184,0,0,0,0,0,0,0,0,0,0,0,0,0,0,0,0,0,0,158,234,200,202,163,166,187,191,210,164,0,0,0,0,0,0,0,0,0,0,0,0,0,0,0,0,0,0,141,238,192,201,169,169,192,193,218,130,0,0,0,0,0,0,0,0,0,0,0,0,0,0,0,0,0,0,148,241,202,215,172,171,189,193,218,82,0,3,0,0,0,0,0,0,0,0,0,0,0,0,1,0,2,0,132,238,195,201,165,173,193,196,215,47,0,2,0,0,0,0,0,0,0,0,0,0,0,0,0,0,2,0,137,238,202,207,179,173,190,198,207,8,0,1,0,0,0,0,0,0,0,0,0,0,0,0,0,0,0,0,144,236,199,217,177,173,192,205,227,0,0,0,0,0,0,0,0,0,0,0,0,0,0,0,0,0,0,0,180,239,199,189,178,179,186,209,210,0,0,1,0,0,0,0,0,0,0,0,0,0,1,1,0,0,0,0,217,224,207,208,164,178,186,211,193,0,0,0,0,0,0,0,0,0,0,0,0,0,0,1,0,0,0,61,235,212,209,196,168,185,188,213,192,0,0,0,0,0,0,0,0,0,0,0,0,0,1,1,1,0,0,240,229,220,199,204,165,179,194,210,230,0,0,0,0,0,0,0,0,0,0,0,0,0,0,0,0,0,153,237,209,193,234,145,162,201,202,202,227,98,0,0,0,0,0,0,0,0,0,0,0,0,0,0,0,88,235,211,214,217,166,163,193,201,205,207,217,226,0,0,0,0,0,0,0,0,0,0,0,0,0,0,115,237,223,216,225,194,123,185,205,205,212,210,204,227,71,0,0,0,0,0,0,1,3,2,1,1,0,86,255,221,214,234,181,126,199,210,195,207,205,213,207,217,176,0,0,0,0,0,1,0,0,0,0,0,0,210,240,198,218,149,149,196,200,199,200,200,207,211,196,212,217,0,0,0,0,0,0,0,0,15,25,97,186,211,228,201,110,155,190,197,196,202,196,202,210,204,196,213,228,0,0,0,0,0,43,173,214,212,205,215,224,217,215,216,200,205,192,195,204,207,198,205,205,205,209,211,228,115,0,0,0,0,149,218,199,208,207,218,228,219,208,204,194,180,189,197,197,204,209,211,211,211,213,214,222,135,0,0,0,0,181,207,204,190,165,138,145,186,176,176,171,185,196,200,207,214,209,211,223,215,210,196,210,169,0,0,0,160,223,212,211,212,200,188,166,157,145,136,173,195,207,208,216,217,227,246,201,204,200,186,185,49,0,0,0,120,213,220,218,211,207,215,214,212,211,212,206,208,211,221,221,221,127,31,0,96,118,29,0,0,0,0,0,0,66,164,208,227,232,214,210,213,206,206,228,234,234,215,102,0,0,0,0,0,0,0,0,0,0,0,0,0,0,0,0,30,40,57,106,75,77,110,119,87,52,0,0,0,0,2,0,2,2,3,2,0,0,6
0,0,0,0,0,0,0,0,0,0,0,0,0,0,0,0,0,0,0,0,0,0,0,0,0,0,0,0,0,0,0,0,0,0,0,0,0,0,0,0,0,0,0,0,0,0,0,0,0,0,0,0,0,0,0,0,0,0,0,0,0,0,0,0,0,0,0,0,0,0,0,0,0,0,0,0,0,0,0,0,0,0,0,0,0,0,0,0,0,0,0,0,0,0,0,1,0,34,72,52,22,0,0,0,0,0,0,0,16,0,0,0,0,0,0,0,0,0,0,0,0,0,0,1,0,97,137,135,161,134,58,7,0,0,1,71,195,10,0,2,0,0,0,0,0,0,0,0,0,0,0,2,0,77,129,124,140,186,187,195,197,194,167,176,190,3,0,2,0,0,0,0,0,0,0,0,0,0,2,1,0,92,211,164,142,164,144,177,190,186,189,201,171,3,0,2,0,0,0,0,0,0,0,0,0,0,0,0,0,67,163,168,196,166,163,168,170,166,206,204,161,3,0,2,0,0,0,0,0,0,0,0,0,0,22,8,0,12,177,167,192,157,177,210,216,215,213,183,201,11,0,2,0,0,0,0,0,0,0,1,0,13,149,197,166,98,176,205,205,189,206,227,180,181,175,177,243,21,0,1,0,0,0,0,0,0,0,0,0,0,181,211,92,139,176,199,161,152,185,200,162,176,180,186,202,38,0,1,0,0,0,0,0,0,0,0,0,96,215,0,133,181,167,189,251,219,216,215,175,202,215,205,215,36,0,0,0,0,0,0,0,0,1,0,0,194,79,25,255,204,197,159,154,171,185,180,211,218,199,157,175,123,0,1,0,0,0,0,0,0,6,0,22,211,0,78,111,148,213,190,163,143,172,209,204,173,173,170,183,156,0,0,0,0,0,0,0,0,8,0,110,248,0,67,159,111,163,194,173,157,201,181,161,170,172,172,159,194,27,0,0,0,0,0,0,0,3,0,171,121,0,73,173,171,140,166,176,163,189,156,170,180,177,172,164,181,97,0,1,0,0,0,0,3,0,19,222,15,0,152,139,149,164,168,166,175,170,159,176,172,172,168,171,178,152,0,1,0,0,0,2,5,0,50,83,40,129,123,183,163,177,186,170,176,159,170,168,162,168,172,163,171,167,0,0,1,5,2,0,0,0,0,34,109,134,139,145,180,181,183,172,172,168,181,173,171,168,167,167,180,177,5,0,0,0,0,0,0,35,100,125,129,129,135,161,166,168,180,158,162,168,178,175,173,178,186,183,158,172,34,0,10,60,92,98,101,120,112,123,147,163,154,168,181,175,175,149,170,170,170,182,178,204,186,142,142,183,52,0,101,112,110,110,121,126,144,154,142,159,172,173,175,176,180,175,172,183,189,182,171,168,138,152,158,183,52,30,121,111,119,128,133,138,148,158,166,176,186,191,191,195,185,164,154,163,162,154,157,145,159,158,153,183,50,72,153,134,131,133,120,121,139,154,142,161,166,162,156,161,163,157,154,158,152,167,161,161,168,157,157,181,52,19,150,161,177,189,191,190,182,182,181,180,176,176,175,168,156,164,176,171,181,187,176,186,161,200,166,213,67,0,0,0,2,29,35,43,43,38,35,35,20,10,3,1,0,0,1,1,10,17,13,41,0,78,59,49,0,0,0,0,0,0,0,0,0,0,0,0,0,0,0,0,0,0,0,0,0,0,0,0,0,0,0,0,0,0,0,0,0,0,0,0,0,0,0,0,0,0,0,0,0,0,0,0,0,0,0,0,0,0,0,0,0,6
0,0,0,0,0,0,0,0,0,0,0,0,0,0,0,0,0,0,0,0,0,0,0,0,0,0,0,0,0,0,0,0,0,0,0,0,0,0,0,0,0,0,0,0,0,0,0,0,0,0,0,0,0,0,0,0,0,0,0,0,0,0,0,0,0,0,0,0,0,0,0,0,0,0,0,0,0,0,0,0,0,0,0,0,0,0,0,0,0,0,0,0,0,0,0,0,0,0,0,0,0,0,0,0,0,0,0,0,0,0,0,0,0,0,0,0,0,0,0,0,0,0,0,0,0,0,0,0,0,0,0,0,0,0,0,0,0,0,0,0,0,0,0,0,0,0,0,0,0,0,0,0,0,0,0,67,54,0,0,0,0,0,0,0,0,0,4,0,0,0,0,0,0,0,0,0,0,0,0,0,0,0,0,231,199,120,158,149,120,75,61,77,76,177,73,0,0,0,0,0,0,0,0,0,2,1,0,0,2,0,38,200,177,199,224,237,222,215,212,211,207,217,27,0,0,0,0,0,0,0,0,0,0,1,1,0,0,0,156,202,173,174,176,166,172,180,172,187,188,192,17,0,0,0,0,0,0,0,0,0,0,1,0,2,0,0,237,171,179,199,191,181,174,183,202,201,180,225,29,0,0,0,0,0,0,0,0,0,0,0,0,0,0,134,225,167,181,191,180,174,180,190,175,154,152,212,27,0,0,0,0,0,0,0,0,0,0,1,1,0,1,236,181,183,178,187,193,179,185,199,137,125,158,229,40,0,0,0,0,0,0,2,0,0,0,2,0,0,146,233,172,189,173,189,189,179,196,172,158,177,152,196,125,0,0,0,0,0,0,0,0,0,0,2,0,39,248,183,177,184,166,197,178,187,196,153,172,163,153,155,184,0,0,1,4,2,1,0,0,0,0,0,22,223,216,174,175,176,170,191,184,200,175,152,175,157,172,139,209,33,0,0,0,0,0,0,0,0,0,130,246,224,176,156,180,177,177,190,192,195,168,175,180,166,198,128,207,88,0,0,3,0,0,0,6,124,228,245,201,180,160,156,197,163,175,205,194,177,171,180,169,170,146,48,215,125,0,180,218,179,190,193,233,211,200,184,183,171,149,169,191,193,188,181,169,164,179,181,183,190,179,132,255,57,11,232,225,212,204,221,200,191,191,193,176,161,171,180,179,181,203,176,182,197,189,189,179,172,193,153,194,78,179,206,177,162,133,133,144,154,160,188,180,182,195,197,207,191,202,176,184,175,182,191,185,188,184,140,187,132,66,233,203,186,156,134,130,145,154,178,184,185,173,165,164,180,214,233,189,207,169,152,136,134,135,120,145,90,0,0,62,153,216,244,233,184,182,180,174,176,177,207,226,204,124,31,0,146,190,162,178,191,203,189,205,149,1,0,0,0,0,37,113,171,203,217,234,226,206,146,46,0,0,0,0,63,173,140,130,112,84,56,43,0,0,1,2,0,0,0,0,0,0,0,0,0,0,0,0,0,3,2,0,0,0,0,0,0,0,0,0,0,0,0,0,0,0,0,0,0,0,0,0,0,0,0,0,0,0,0,0,0,0,0,0,0,0,0,0,0,0,0,0,0,0,0,0,0,0,0,0,0,0,0,0,0,0,0,0,0,0,0,0,0,0,0,0,0,0,0,0,0,0,0,0,0,0,0,0,0,0,0,0,0,0,0,0,0,0,0,0,0,0,0,0,0,0,0,0,0,0,0,0,0,0,0,0,0,0,0,0,0,0,0,0,0,0,0,0,0,0,0,0,0,6
0,0,0,0,0,0,0,0,0,0,0,0,0,0,0,0,0,0,0,0,0,0,0,0,0,0,0,0,0,0,0,0,0,0,0,0,0,0,0,0,0,0,0,0,0,0,0,0,0,0,0,0,0,0,0,0,0,0,0,0,0,0,0,0,0,0,0,0,0,0,0,0,0,0,0,0,0,0,0,0,0,0,0,0,0,0,0,0,0,0,0,0,0,0,0,0,0,0,0,0,0,0,0,0,0,0,0,0,0,0,0,0,0,0,0,0,0,0,0,0,0,0,0,0,0,0,0,0,0,0,0,0,0,0,0,0,0,0,0,0,0,0,0,0,0,0,0,0,0,0,0,0,0,0,0,0,0,0,0,0,0,0,0,0,0,0,0,0,0,0,0,0,0,0,0,0,0,0,0,0,0,0,0,1,0,0,76,0,0,0,0,0,0,0,0,9,0,0,0,0,0,0,0,0,0,0,0,0,0,0,1,0,0,69,171,167,108,0,0,0,5,0,77,66,0,0,0,0,0,0,0,0,0,0,0,0,0,0,3,0,0,160,176,201,204,0,0,0,0,0,231,35,0,0,0,0,0,0,0,0,0,0,0,0,0,0,8,0,88,198,159,191,206,206,233,207,148,132,213,0,0,0,0,0,0,0,0,0,0,0,0,0,2,0,0,6,217,109,151,180,187,208,222,223,214,225,147,0,0,0,0,0,0,0,0,0,0,0,1,3,0,0,98,192,92,162,204,202,205,215,215,205,192,212,107,0,0,0,0,0,0,0,0,0,2,4,0,0,7,116,119,130,170,215,207,218,222,220,217,213,197,215,125,0,0,0,0,0,0,0,1,5,0,0,0,39,127,206,89,179,206,208,221,218,213,210,210,212,201,211,176,0,0,1,3,3,3,2,0,0,0,63,119,210,62,126,210,200,194,205,211,216,216,217,215,214,203,207,220,0,0,0,0,0,0,0,0,119,120,168,52,111,190,203,173,179,191,189,192,207,216,221,209,186,196,206,232,34,0,0,26,25,14,66,91,163,76,111,203,216,200,190,193,185,176,180,188,175,163,144,139,167,198,213,232,85,33,172,139,125,172,153,66,87,134,195,153,160,167,201,214,215,218,219,218,211,192,175,187,209,218,212,218,115,119,202,177,179,174,160,166,153,159,165,165,178,192,201,204,210,211,212,212,218,218,224,223,214,209,198,211,147,63,202,212,201,195,197,195,196,195,193,201,197,190,177,178,176,173,175,179,176,180,184,185,187,190,188,197,167,0,36,106,182,219,231,210,239,239,236,236,235,239,244,242,235,234,237,238,235,237,236,230,230,236,232,255,101,0,0,0,0,0,11,49,70,77,88,85,80,79,67,55,55,55,56,61,71,82,90,98,100,95,93,105,0,0,0,0,0,0,0,0,0,0,0,0,0,0,0,0,0,0,0,0,0,0,0,0,0,0,0,0,0,0,0,0,0,0,0,0,0,0,0,0,0,0,0,0,0,0,0,0,0,0,0,0,0,0,0,0,0,0,0,0,0,0,0,0,0,0,0,0,0,0,0,0,0,0,0,0,0,0,0,0,0,0,0,0,0,0,0,0,0,0,0,0,0,0,0,0,0,0,0,0,0,0,0,0,0,0,0,0,0,0,0,0,0,0,0,0,0,0,0,0,0,0,0,0,0,0,0,0,0,0,0,0,0,0,0,0,0,0,0,0,0,0,0,0,0,0,0,0,0,0,0,0,0,0,0,0,0,0,0,0,0,0,0,0,0,0,0,0,0,6
0,0,0,0,0,0,0,0,0,0,0,0,0,0,0,0,0,0,0,0,0,0,0,0,0,0,0,0,0,0,0,0,0,0,0,0,0,0,0,0,0,0,0,0,0,0,0,0,0,0,0,0,0,0,0,0,0,0,0,0,0,0,0,0,0,0,0,0,0,0,0,0,0,0,0,0,0,0,0,0,0,0,0,0,0,0,0,0,0,0,0,0,0,0,0,0,0,0,0,0,0,0,0,0,0,0,0,0,0,0,0,0,0,0,0,0,0,0,0,0,0,0,0,0,0,0,0,0,0,0,0,0,0,0,0,0,0,0,0,0,0,0,0,0,0,0,0,0,0,0,0,0,0,0,0,0,0,0,0,0,0,0,0,0,0,0,0,0,0,0,0,0,0,0,0,0,0,0,0,0,0,0,2,0,74,13,0,0,1,0,3,0,0,1,59,0,0,0,0,0,0,0,0,0,0,0,0,0,0,1,0,0,197,201,16,0,0,0,0,0,0,144,198,130,0,0,0,0,0,0,0,0,0,0,0,0,0,2,0,18,218,233,186,87,118,106,79,148,201,216,110,0,0,0,0,0,0,0,0,0,0,0,0,0,0,6,0,103,234,210,224,255,255,237,239,214,219,216,0,0,0,0,0,0,0,0,0,0,0,0,0,0,0,0,0,186,220,209,223,202,203,213,217,210,220,241,0,0,0,0,0,0,0,0,0,0,0,0,0,0,2,0,22,252,212,210,226,219,228,227,225,210,228,235,0,0,0,0,0,0,0,0,0,0,0,0,0,0,0,0,185,245,217,226,225,220,223,223,223,221,228,241,0,0,0,0,0,0,0,1,0,0,2,5,2,0,0,153,255,212,227,229,222,222,223,225,225,218,220,239,54,0,0,0,0,0,0,0,2,7,0,0,0,0,169,253,205,222,217,228,223,222,225,228,223,219,219,242,177,0,0,2,7,5,0,0,0,0,0,0,89,237,245,205,207,210,223,223,225,216,214,221,215,217,227,224,253,0,2,0,0,0,0,0,0,65,141,229,255,218,207,213,208,213,223,223,215,210,215,216,213,210,223,217,255,56,0,0,81,150,199,224,252,255,230,222,214,215,220,209,216,225,225,227,231,221,221,213,206,210,220,214,251,94,1,145,217,230,224,228,221,214,219,220,225,223,218,214,222,230,226,222,229,214,214,227,226,223,223,211,251,92,54,216,216,225,218,218,219,222,220,214,215,216,215,209,211,223,226,230,252,249,249,251,246,242,238,225,244,55,6,86,149,183,218,230,243,243,236,232,229,227,226,226,240,245,233,247,222,180,166,150,142,142,143,133,147,23,0,0,0,0,29,78,132,167,188,201,218,232,239,229,193,138,76,30,0,14,179,150,158,161,165,161,183,51,2,1,0,0,0,0,0,0,0,0,2,13,24,7,0,0,0,0,0,0,177,183,171,169,154,143,147,31,0,0,0,0,0,0,0,0,0,0,0,0,0,0,0,0,0,0,0,0,0,0,0,0,0,0,0,0,0,0,0,0,0,0,0,0,0,0,0,0,0,0,0,0,0,0,0,0,0,0,0,0,0,0,0,0,0,0,0,0,0,0,0,0,0,0,0,0,0,0,0,0,0,0,0,0,0,0,0,0,0,0,0,0,0,0,0,0,0,0,0,0,0,0,0,0,0,0,0,0,0,0,0,0,0,0,0,0,0,0,0,0,0,0,0,0,0,0,0,0,0,0,0,0,0,0,0,0,0,0,0,0,0,0,0,0,0,0,0,0,6
0,0,0,0,0,0,0,0,0,0,0,0,0,0,0,0,0,0,0,0,0,0,0,0,0,0,0,0,0,0,0,0,0,0,0,0,0,0,0,1,0,0,8,11,0,0,0,0,107,137,149,156,100,0,0,1,0,0,0,0,0,0,0,0,0,0,0,2,0,164,236,235,255,18,13,255,245,239,230,227,233,0,0,1,0,0,0,0,0,0,0,0,0,0,1,1,0,153,242,235,242,184,244,233,223,223,212,213,198,0,0,2,0,0,0,0,0,0,0,0,0,0,1,0,0,160,243,237,230,136,224,224,217,227,215,216,221,0,0,3,0,0,0,0,0,0,0,0,0,0,1,0,0,192,249,233,241,156,233,224,226,220,216,207,248,29,0,1,0,0,0,0,0,0,0,0,0,0,2,0,0,222,252,242,229,144,239,227,225,226,218,204,224,110,0,0,0,0,0,0,0,0,0,0,0,0,3,0,0,220,252,241,207,149,235,231,227,224,220,205,215,210,0,0,0,0,0,0,0,0,0,0,0,0,4,0,56,247,249,220,222,243,235,232,229,225,223,214,206,220,67,0,0,0,0,0,0,0,0,0,0,0,0,0,144,255,243,215,216,233,232,231,227,223,221,219,207,212,178,0,0,0,0,0,0,0,0,0,0,4,0,0,239,252,229,209,229,231,228,228,224,218,215,214,208,212,221,0,0,0,0,0,0,0,0,0,0,2,0,57,239,245,221,211,229,232,226,216,217,223,222,221,219,216,216,0,0,0,0,0,0,0,0,0,1,0,0,179,244,243,210,222,230,218,204,221,230,235,231,225,211,211,236,14,0,0,0,0,0,0,0,0,0,0,50,236,249,225,213,225,202,196,220,241,237,214,203,206,223,218,254,98,0,0,0,0,0,0,0,5,0,0,196,215,239,213,217,197,196,224,235,209,195,205,217,231,225,197,238,77,0,2,5,2,0,0,0,0,0,149,209,208,222,210,209,203,234,233,199,196,237,247,228,213,207,202,246,50,0,0,0,0,0,0,0,9,136,186,178,226,207,199,215,235,221,197,204,255,242,150,201,225,210,202,247,40,0,0,59,162,148,136,163,185,168,167,193,174,195,230,232,213,199,212,255,216,0,98,230,221,205,207,241,31,0,74,198,156,135,139,135,115,111,136,165,215,235,236,206,208,216,255,171,0,0,152,223,216,212,208,237,25,0,196,225,209,193,167,141,154,183,210,230,232,230,205,215,218,230,162,0,0,0,155,228,212,208,206,239,18,0,183,202,208,228,246,253,249,248,241,232,227,216,217,223,219,202,0,0,0,2,166,212,212,206,206,232,0,0,143,187,189,190,188,201,217,218,216,219,223,221,215,207,255,0,0,2,0,6,162,216,208,207,207,226,0,0,126,214,188,199,203,201,197,202,202,202,207,207,203,236,91,0,5,0,0,2,151,217,208,207,206,220,0,0,0,147,209,217,209,201,204,206,205,203,206,204,229,205,0,0,2,6,0,69,190,204,202,202,202,184,0,0,0,0,29,140,221,217,223,228,227,227,228,232,199,3,0,4,0,3,0,0,201,244,230,227,231,202,0,1,3,4,0,0,0,19,71,113,140,158,137,86,0,0,6,0,0,0,1,0,42,94,79,68,51,43,0,2,3,0,5,1,0,0,0,0,0,0,0,0,0,4,0,3,0,0,0,3,0,0,0,0,0,0,0,0,0,0,0,0,0,0,0,0,0,0,0,0,0,0,0,0,0,0,0,0,0,0,0,0,0,0,0,6
0,0,0,0,0,0,0,0,0,0,0,0,0,0,0,0,0,0,0,0,0,0,0,0,0,0,0,0,0,0,0,0,0,0,0,0,0,0,0,0,0,0,0,0,0,0,0,0,0,0,0,0,0,0,0,0,0,0,0,0,0,0,0,0,0,0,0,0,0,0,0,0,0,0,0,0,0,0,0,0,0,0,0,0,0,0,0,0,0,0,0,0,0,0,0,0,0,1,5,0,0,0,0,0,0,0,0,0,0,0,0,0,0,0,0,0,0,0,0,0,0,0,0,0,0,3,0,0,30,101,154,89,132,85,40,55,36,55,7,0,0,0,0,0,0,0,0,0,0,0,0,0,2,0,0,168,205,180,186,189,189,186,183,177,156,197,124,0,0,0,0,0,0,0,0,0,0,0,0,0,4,0,44,196,160,178,158,156,160,152,152,161,136,172,125,0,0,0,0,0,0,0,0,0,0,0,0,0,5,0,52,171,138,207,190,183,167,158,136,146,143,163,110,0,0,0,0,0,0,0,0,0,0,0,0,0,3,0,77,175,153,156,168,187,157,165,163,124,108,167,113,0,0,0,0,0,0,0,0,0,0,0,0,0,0,0,183,180,138,184,176,176,152,151,155,156,154,177,79,0,0,0,0,0,0,0,0,0,0,0,0,0,0,0,81,166,163,182,174,190,180,167,178,178,161,182,52,0,0,0,0,0,0,0,0,0,0,0,0,0,0,0,135,199,153,199,179,163,154,170,170,176,159,179,43,0,0,0,0,0,0,0,0,0,0,5,0,6,0,133,226,158,175,158,166,156,158,167,194,201,179,182,122,0,0,0,0,0,0,0,0,0,1,1,0,0,0,176,196,151,177,167,169,177,197,189,187,159,167,200,34,0,0,0,0,0,0,0,0,0,0,0,0,58,255,186,146,182,194,171,201,192,187,188,177,165,125,178,130,0,0,0,2,6,5,2,2,1,0,0,178,211,178,159,155,159,174,161,179,178,178,183,177,157,166,169,144,0,1,1,0,0,0,0,0,0,0,167,213,171,156,166,167,172,176,137,156,167,190,178,143,160,184,171,190,0,0,0,3,41,28,15,11,47,143,214,176,159,176,190,178,148,140,168,188,201,156,146,129,152,173,158,205,14,0,79,214,222,221,217,211,215,223,194,171,157,152,176,165,167,175,184,194,196,150,133,160,176,169,128,206,48,0,205,200,183,188,189,200,186,163,197,191,204,173,190,181,189,187,169,174,178,164,144,161,177,179,145,199,17,146,205,181,189,174,121,149,187,170,155,207,161,159,178,169,175,194,195,197,211,186,181,192,187,192,156,218,83,153,183,165,169,182,190,180,166,150,143,169,168,179,198,206,211,214,206,200,197,202,189,180,171,159,126,158,114,0,99,196,166,153,163,161,167,180,195,207,211,201,203,188,187,186,186,196,170,148,143,146,143,142,122,154,110,0,0,0,66,143,164,183,184,181,177,176,180,170,178,180,170,149,125,47,134,217,181,194,188,194,168,187,129,1,3,0,0,0,0,30,58,97,119,111,130,124,112,40,0,0,0,0,0,123,90,84,70,61,41,36,0,0,0,0,0,0,0,0,0,0,0,0,0,0,0,0,0,0,0,0,0,0,0,0,0,0,0,0,0,0,0,0,0,0,0,0,0,0,0,0,0,0,0,0,0,0,0,0,0,0,0,0,0,0,0,0,0,0,0,0,0,0,0,0,0,0,0,0,0,0,0,0,0,0,0,0,0,0,0,0,0,0,0,0,0,6
0,0,0,0,0,0,0,0,0,0,0,0,0,0,0,0,0,0,0,0,0,0,0,0,0,0,0,0,0,0,0,0,0,0,0,0,0,0,0,0,0,0,0,0,0,0,0,0,0,0,0,0,0,0,0,0,0,0,0,0,0,0,0,0,0,0,0,0,0,0,0,0,0,0,0,0,0,0,0,0,0,0,0,0,0,0,0,0,0,0,0,0,0,0,0,0,0,0,0,0,0,0,0,0,0,0,0,0,0,0,0,0,0,0,0,0,0,0,0,0,0,0,0,0,0,0,0,0,0,0,0,0,0,0,0,0,0,0,0,0,0,0,0,0,0,0,0,0,0,0,0,0,2,0,0,147,153,10,0,0,0,0,0,0,0,0,84,10,0,0,0,0,0,0,0,0,0,0,0,0,4,0,28,194,213,226,35,34,33,24,11,7,0,16,203,70,0,0,0,0,0,0,0,0,0,0,0,0,5,0,69,200,186,197,248,255,208,199,238,233,194,201,161,13,0,0,0,0,0,0,0,0,0,0,0,0,5,0,86,204,193,182,196,201,199,200,203,205,204,211,188,0,0,0,0,0,0,0,0,0,0,0,0,0,0,0,120,206,195,196,209,204,211,204,200,209,201,218,137,0,0,0,0,0,0,0,0,0,0,0,0,0,0,0,138,210,196,202,199,205,208,209,212,208,194,218,132,0,1,0,0,0,0,1,1,1,0,0,0,6,0,0,167,233,194,204,203,205,206,208,204,206,195,213,163,0,0,0,0,0,1,0,0,1,1,2,3,0,27,202,142,154,196,204,201,208,212,213,208,203,200,204,215,0,0,0,0,1,1,0,0,1,2,0,0,38,162,168,149,188,169,194,199,197,192,184,184,186,190,194,224,0,1,2,0,0,0,4,5,0,0,6,102,186,145,119,172,190,194,176,184,189,179,162,167,188,189,197,190,0,0,0,0,0,0,0,0,0,102,178,142,73,112,177,192,186,194,184,172,179,179,177,180,192,183,188,193,12,0,37,115,137,136,115,109,164,168,128,64,82,169,183,182,192,193,200,198,187,190,196,195,190,196,181,196,26,0,166,160,128,108,134,134,114,102,100,115,136,162,172,183,195,198,198,192,187,192,194,199,202,197,179,177,0,33,168,185,185,164,134,109,100,132,138,149,160,161,182,193,195,186,185,189,198,201,195,195,187,187,200,218,13,138,225,197,193,192,198,197,214,206,203,201,202,199,190,196,201,206,245,241,211,198,196,193,198,199,201,215,80,0,110,185,215,218,210,204,189,181,181,174,176,184,193,216,190,138,77,0,177,194,188,188,193,198,193,206,97,0,0,0,16,89,158,225,248,248,218,217,218,216,252,37,0,0,0,0,171,216,199,231,229,230,224,229,94,0,3,0,0,0,0,0,0,0,27,13,7,1,0,0,0,0,0,0,24,49,19,1,0,0,0,0,0,0,0,0,0,0,0,0,0,0,0,0,0,0,0,0,0,0,0,0,0,0,0,0,0,0,0,0,0,0,0,0,0,0,0,0,0,0,0,0,0,0,0,0,0,0,0,0,0,0,0,0,0,0,0,0,0,0,0,0,0,0,0,0,0,0,0,0,0,0,0,0,0,0,0,0,0,0,0,0,0,0,0,0,0,0,0,0,0,0,0,0,0,0,0,0,0,0,0,0,0,0,0,0,0,0,0,0,0,0,0,0,0,0,0,0,0,0,0,0,0,0,0,0,0,0,0,0,0,0,0,0,0,0,0,0,0,0,0,0,0,6
0,0,0,0,0,0,0,0,0,0,0,0,0,0,0,0,0,0,0,0,0,0,0,0,0,0,0,0,0,0,0,0,0,0,0,0,0,0,0,0,0,0,0,0,0,0,0,0,0,0,0,0,0,0,0,0,0,0,0,0,0,0,0,0,0,0,0,0,0,0,0,0,0,0,0,0,0,0,0,0,0,0,0,0,0,0,0,0,0,0,0,0,0,0,0,0,0,0,0,0,0,0,0,0,0,0,0,0,0,0,0,0,0,0,0,0,0,0,0,0,0,0,0,0,0,0,0,0,0,0,0,0,0,0,0,0,0,0,0,0,0,0,0,0,0,0,0,0,0,0,0,0,0,0,0,0,1,0,167,36,0,3,0,0,0,0,0,0,0,0,0,0,0,0,0,0,0,0,0,0,0,0,0,0,0,0,132,3,0,0,0,0,25,112,0,2,0,0,0,0,0,0,0,0,0,0,0,0,0,2,0,2,0,0,146,144,21,0,0,0,48,227,0,0,0,0,0,0,0,0,0,0,0,0,0,0,0,0,0,0,0,177,214,243,244,232,149,43,75,128,0,17,0,0,0,0,0,0,0,0,0,0,0,0,0,0,4,0,61,199,188,169,218,246,249,242,243,139,97,37,0,0,0,0,0,0,0,0,0,0,0,0,0,2,0,0,116,219,83,115,225,184,224,238,233,224,90,0,0,0,0,0,0,0,0,0,0,0,0,0,4,0,0,80,206,237,217,188,212,206,191,219,240,248,34,0,0,0,0,0,0,0,0,0,2,0,1,1,0,0,98,165,207,216,243,255,222,201,230,216,205,217,32,0,0,0,0,0,0,0,0,0,1,6,0,0,43,142,122,89,195,231,225,239,252,235,215,223,198,222,151,0,0,1,3,4,5,6,1,0,0,0,0,107,142,105,117,141,157,220,231,246,241,250,234,185,213,217,184,0,2,0,0,0,0,0,0,0,0,49,131,127,102,137,168,173,172,220,231,215,239,247,246,231,230,209,204,8,0,0,65,96,102,108,124,159,168,228,140,105,155,171,187,206,210,194,224,232,230,237,237,254,239,209,210,18,0,136,169,73,117,187,179,176,184,170,174,160,183,195,202,214,216,215,236,243,241,242,248,245,211,184,208,37,52,196,177,156,130,145,125,174,169,160,199,207,209,216,212,208,209,209,220,230,228,207,205,195,178,189,223,75,108,201,193,205,205,192,176,184,153,149,180,222,218,210,211,210,205,201,203,211,208,189,195,213,222,201,226,48,64,186,213,205,201,209,208,210,194,195,187,203,210,200,205,213,213,216,214,212,211,211,211,207,204,206,236,42,0,0,129,216,214,216,250,248,237,232,227,217,211,226,223,215,220,214,203,208,208,207,203,212,223,206,255,46,0,0,0,0,43,46,45,115,182,183,177,174,174,152,148,158,165,180,192,191,192,193,187,181,168,160,127,0,0,0,0,0,0,0,0,0,0,0,0,0,0,0,0,0,0,0,0,0,0,0,0,0,0,0,0,0,0,0,0,0,0,0,0,0,0,0,0,0,0,0,0,0,0,0,0,0,0,0,0,0,0,0,0,0,0,0,0,0,0,0,0,0,0,0,0,0,0,0,0,0,0,0,0,0,0,0,0,0,0,0,0,0,0,0,0,0,0,0,0,0,0,0,0,0,0,0,0,0,0,0,0,0,0,0,0,0,0,0,0,0,0,0,0,0,0,0,0,0,0,0,0,0,0,0,0,0,0,0,0,0,0,0,0,0,0,0,0,0,6
0,0,0,0,0,0,0,0,0,0,0,0,0,0,0,0,0,0,0,0,0,0,0,0,0,0,0,0,0,0,0,0,0,0,0,0,0,0,0,0,0,0,0,0,0,0,0,0,0,0,0,0,0,0,0,0,0,0,0,0,0,0,0,0,0,0,0,0,0,0,0,0,0,0,0,0,0,0,0,0,0,0,0,0,0,0,0,0,0,0,0,0,0,0,0,0,0,0,0,0,0,0,0,0,0,0,0,0,0,0,0,0,0,0,0,0,0,0,0,0,0,0,0,0,0,0,0,0,0,0,0,0,0,0,0,0,0,0,185,42,0,0,0,0,0,0,0,0,0,0,0,0,0,0,1,0,0,0,0,0,0,0,0,3,0,116,144,155,0,0,0,0,0,0,0,0,0,0,0,0,0,1,0,0,0,0,0,0,0,0,0,0,0,120,146,18,0,0,0,0,0,0,0,0,0,1,1,1,0,3,0,58,173,116,122,135,151,146,125,124,97,170,201,0,0,0,0,0,0,0,0,0,0,1,1,1,0,3,0,129,211,187,214,221,234,237,230,231,211,179,220,0,0,0,0,0,0,0,0,0,0,1,0,0,0,0,0,164,190,181,196,196,215,223,222,221,207,197,211,0,0,0,0,0,0,0,0,0,0,0,0,0,0,0,0,198,181,182,203,209,220,228,227,244,212,197,197,0,0,0,0,0,0,0,0,0,0,0,0,1,0,0,1,208,164,213,199,210,219,220,227,244,194,196,190,0,1,2,1,0,0,0,0,0,1,1,1,2,0,0,85,209,184,226,214,220,220,226,227,234,200,203,214,0,0,0,0,0,0,0,0,0,0,0,4,0,0,58,206,189,192,230,220,225,222,220,227,235,202,193,225,0,1,0,0,0,0,0,0,0,1,0,0,0,95,224,192,173,190,227,230,220,230,234,233,225,186,193,243,21,0,0,0,1,0,0,0,0,0,0,21,141,225,189,183,196,192,227,228,232,233,212,206,218,203,212,252,31,0,1,0,0,0,0,0,0,33,125,179,198,181,188,186,198,173,193,236,234,214,211,218,236,218,202,251,36,0,0,0,0,0,0,53,149,200,154,68,170,193,181,186,194,185,177,180,209,222,240,224,224,214,195,254,68,0,91,136,143,159,177,201,149,93,45,32,132,172,185,180,193,199,196,202,214,221,233,234,226,226,195,241,108,48,196,130,59,120,145,101,27,16,79,135,168,171,194,187,193,201,199,210,202,206,221,225,211,224,210,217,95,115,220,222,200,175,170,147,111,145,159,134,171,197,213,214,201,207,217,231,232,245,247,248,250,246,210,251,99,53,105,153,199,221,226,226,221,214,215,231,236,232,228,224,250,244,223,207,193,175,158,138,108,91,75,55,29,0,29,29,47,70,103,122,134,150,162,169,159,142,113,87,77,54,22,14,8,4,2,5,11,7,9,15,11,0,0,4,17,17,15,18,27,33,32,32,28,20,22,10,14,35,42,52,57,59,59,58,75,72,56,49,21,0,0,0,0,0,0,0,5,8,1,0,8,21,18,4,4,10,10,4,6,5,5,1,0,2,0,0,0,0,0,0,0,0,0,0,0,0,0,0,0,0,0,0,0,0,0,0,0,0,0,0,0,0,0,0,0,0,0,0,0,0,0,0,0,0,0,0,0,0,0,0,0,0,0,0,0,0,0,0,0,0,0,0,0,0,0,0,0,0,0,0,0,0,0,0,0,0,0,0,0,0,0,0,0,0,0,0,0,0,0,0,0,6
0,0,0,0,0,0,0,0,0,0,0,0,0,0,0,0,0,0,0,0,0,0,0,0,0,0,0,0,0,0,0,0,0,0,0,0,0,0,0,0,0,0,0,0,0,0,0,0,0,34,6,0,1,0,1,0,0,0,0,0,0,0,0,0,0,0,0,0,0,1,0,0,0,0,0,0,0,255,212,0,0,4,0,0,0,0,0,0,0,0,0,0,0,0,0,0,0,1,0,0,0,0,0,0,124,249,234,161,0,2,0,0,0,0,0,0,0,0,0,0,0,0,0,0,0,0,0,0,4,6,0,0,255,237,238,203,0,5,0,0,0,0,0,0,0,0,0,0,0,0,0,0,0,0,2,0,0,0,0,73,251,231,240,30,0,11,0,0,0,0,0,0,0,0,0,0,0,0,0,0,1,0,0,0,16,94,59,186,246,234,220,0,0,0,4,2,0,0,0,0,0,0,0,0,2,1,0,6,0,0,15,105,249,255,193,200,244,246,138,0,2,7,0,0,0,0,0,0,0,0,0,0,0,0,3,0,0,140,244,186,190,255,182,174,237,255,87,0,0,0,0,0,0,0,0,0,0,0,0,0,0,4,0,25,201,247,240,223,169,148,72,238,243,255,94,0,0,53,249,153,0,0,0,0,0,0,0,0,0,3,0,19,229,254,240,152,0,0,0,255,238,255,131,0,187,255,255,150,0,0,0,0,0,0,0,0,0,0,6,0,65,251,31,0,0,0,0,255,240,253,242,254,255,231,246,124,0,0,0,0,0,0,0,0,0,0,0,0,0,0,0,0,0,0,0,255,247,229,237,238,239,232,255,85,0,0,0,0,0,0,0,0,0,0,0,0,1,6,4,0,0,0,0,243,254,234,236,242,246,231,255,55,0,0,0,0,0,0,0,0,0,0,0,0,0,0,1,0,0,0,169,255,201,246,255,241,245,236,255,35,0,0,0,0,0,4,0,0,0,2,3,0,0,0,0,0,0,160,255,199,0,239,249,237,245,238,255,20,0,0,0,4,0,0,0,0,0,0,0,0,1,0,2,0,104,255,209,0,0,255,246,241,243,238,255,5,0,0,0,0,0,4,165,213,128,52,0,0,0,0,0,54,245,203,0,0,5,255,243,243,238,245,255,0,2,3,0,14,159,251,244,243,255,255,253,167,78,0,0,255,251,36,0,0,5,255,244,237,241,252,252,0,0,0,0,188,255,235,230,225,229,234,253,255,255,177,193,255,178,0,0,0,16,255,240,238,240,255,228,0,0,0,0,146,255,231,240,233,242,238,238,236,239,248,251,255,2,0,2,0,20,255,237,243,236,255,209,0,159,255,212,229,255,230,246,249,240,245,236,248,248,235,251,120,0,1,1,0,34,255,236,246,235,255,189,0,110,223,224,238,239,250,241,243,247,241,248,234,231,255,238,0,0,0,2,0,43,255,234,246,233,252,174,0,73,255,199,202,221,231,231,237,237,244,240,236,240,255,67,0,1,0,3,0,44,255,238,244,231,253,147,0,18,227,255,255,252,233,217,224,228,231,232,234,255,187,0,0,1,0,3,0,49,249,237,240,235,253,116,0,0,0,44,143,220,255,255,255,255,255,255,255,233,0,0,0,0,0,7,0,60,255,247,255,255,255,90,0,0,0,0,0,0,0,47,95,131,148,152,115,0,0,0,0,0,0,4,0,3,138,110,109,102,110,0,0,0,0,0,0,0,0,0,0,0,0,0,0,0,0,0,0,0,0,0,0,0,0,0,0,0,0,0,0,6
0,0,0,0,0,0,0,0,0,0,0,0,0,0,0,0,0,0,0,0,0,0,0,0,0,0,0,0,0,0,0,0,0,0,0,0,0,0,0,0,0,0,0,0,0,0,0,0,0,0,0,0,0,0,0,0,0,0,0,0,0,0,0,0,0,0,0,0,0,0,0,0,0,0,0,0,0,0,0,0,0,0,0,0,0,0,0,0,0,0,0,0,0,0,0,0,0,0,0,0,0,0,0,0,0,0,0,0,0,0,0,0,0,0,0,0,0,0,0,0,0,0,0,0,0,0,0,0,0,0,0,0,0,0,0,0,0,0,0,0,0,0,0,0,0,0,0,0,0,0,0,0,0,0,0,0,2,144,10,0,0,0,0,0,0,0,0,0,0,0,0,0,0,0,0,0,0,0,0,0,0,4,0,23,119,145,59,46,48,40,32,33,42,11,0,0,0,0,0,0,0,0,0,0,0,0,0,0,0,13,0,129,198,132,67,81,87,88,91,104,110,52,0,1,0,0,0,0,0,0,0,0,0,0,0,0,0,2,0,160,176,153,74,40,74,72,74,75,87,40,0,1,0,0,0,0,0,0,0,0,0,0,0,0,0,0,80,218,150,163,138,52,52,40,55,49,43,56,0,0,0,0,0,0,0,0,0,0,0,0,0,1,0,0,119,135,104,157,185,185,163,148,138,135,142,202,0,0,0,0,0,0,0,0,0,0,0,0,0,2,0,125,224,106,126,155,177,182,185,206,211,204,185,125,0,0,0,0,0,0,0,0,0,0,0,0,1,0,24,120,107,91,157,174,186,179,169,164,177,169,167,144,0,0,0,0,0,0,0,0,0,0,0,1,0,0,100,211,120,138,176,179,171,170,169,163,160,180,176,177,16,0,0,0,1,1,1,0,1,2,2,0,0,112,170,97,141,173,157,169,177,173,174,182,190,170,154,160,62,0,0,0,0,0,0,0,0,0,0,1,131,147,125,139,163,155,166,174,183,190,187,186,148,145,151,169,129,0,2,0,0,26,21,0,2,21,46,97,142,113,132,153,136,171,185,187,179,160,163,157,161,164,166,166,163,0,0,16,93,87,96,91,96,94,99,112,128,145,134,131,155,170,163,157,163,177,182,145,169,170,180,170,157,24,0,97,112,102,100,90,85,94,90,83,110,128,135,147,163,166,164,171,180,185,150,141,173,170,180,173,185,18,0,83,155,153,142,135,106,106,112,120,123,132,154,166,163,164,179,193,198,211,179,211,201,208,215,198,169,0,85,128,81,109,141,182,214,187,192,190,190,193,196,198,189,190,169,123,120,118,97,106,88,93,97,85,110,0,30,155,201,174,128,106,112,99,107,123,135,132,107,87,94,131,148,193,212,187,198,209,215,221,211,215,231,81,0,0,23,154,211,212,206,222,193,180,157,160,187,227,231,240,202,112,94,255,252,250,250,252,250,243,250,96,0,0,0,0,0,17,80,122,150,189,185,189,189,78,0,0,0,0,0,195,177,129,126,139,145,112,131,13,0,0,0,0,0,0,0,0,0,0,0,0,0,0,0,0,0,0,0,0,0,0,0,0,0,0,0,0,0,0,0,0,0,0,0,0,0,0,0,0,0,0,0,0,0,0,0,0,0,0,0,0,0,0,0,0,0,0,0,0,0,0,0,0,0,0,0,0,0,0,0,0,0,0,0,0,0,0,0,0,0,0,0,0,0,0,0,0,0,0,0,0,0,0,0,0,0,0,0,0,0,0,0,0,0,0,0,0,0,0,0,0,6
0,0,0,0,0,0,0,0,0,0,0,0,0,0,0,0,0,0,0,0,0,0,0,0,0,0,0,0,0,0,0,0,0,0,0,0,0,0,0,0,0,0,0,0,0,0,0,0,0,0,0,0,0,0,0,0,0,0,0,0,0,0,0,0,0,0,0,0,0,0,0,0,0,0,0,0,0,0,0,0,0,0,0,0,0,0,0,0,0,0,0,0,0,0,0,0,0,0,0,0,0,0,0,0,0,0,0,0,0,0,0,0,0,0,0,0,0,0,0,0,0,0,0,0,0,0,0,0,0,0,0,0,0,0,0,0,0,0,0,0,0,0,0,0,0,0,0,0,0,0,0,0,0,0,0,36,135,183,184,157,137,133,139,131,127,83,0,0,0,0,0,0,0,0,0,0,0,0,0,0,0,0,0,157,255,211,227,231,240,246,247,238,245,227,0,0,0,0,0,0,0,0,0,0,0,0,0,0,0,0,0,214,217,218,225,228,233,236,234,230,245,198,0,0,0,0,0,0,0,0,0,0,0,0,0,0,0,0,88,255,224,236,231,233,235,237,235,233,250,202,0,0,0,0,0,0,0,0,0,0,0,0,0,0,0,0,218,234,229,224,226,228,230,232,240,231,240,221,0,0,0,0,0,0,0,0,0,0,0,0,0,0,0,95,255,222,227,227,229,232,235,237,236,241,219,254,19,0,0,0,0,0,0,0,0,0,0,0,4,0,0,235,247,220,222,234,232,232,233,232,236,225,188,255,120,0,0,0,0,0,0,0,0,0,0,2,0,0,219,220,204,230,230,231,231,234,237,238,242,245,205,229,212,0,0,0,0,0,0,0,0,0,0,0,0,217,255,210,197,216,237,238,237,238,237,238,240,239,227,207,255,0,0,0,0,1,1,2,0,0,0,35,233,254,212,241,232,201,213,237,238,234,236,237,238,236,244,203,255,69,0,3,1,0,0,0,0,0,105,243,253,219,232,227,231,233,214,202,229,239,236,231,236,237,238,214,255,101,0,0,0,0,2,35,104,236,255,203,212,232,231,232,232,232,249,231,201,212,240,239,242,245,244,229,255,44,0,39,149,221,232,255,255,221,221,228,207,224,239,235,235,230,229,246,255,249,231,230,220,213,199,206,209,0,69,233,236,210,218,215,216,221,229,235,230,212,236,241,233,236,251,255,234,149,218,190,192,195,187,220,174,0,113,207,223,227,232,228,222,227,226,225,228,218,214,231,246,255,205,61,0,0,233,196,195,194,191,209,130,0,0,5,94,169,223,252,235,243,244,243,247,248,241,244,224,59,0,0,0,14,255,216,216,216,211,227,91,0,0,0,0,0,0,14,44,88,126,158,183,177,146,69,0,0,0,2,0,9,166,151,149,147,137,145,28,0,0,2,0,0,0,0,0,0,0,0,0,0,0,0,0,2,1,0,0,0,0,0,0,0,0,0,0,0,0,0,0,0,0,0,0,0,0,0,0,0,0,0,0,0,0,0,0,0,0,0,0,0,0,0,0,0,0,0,0,0,0,0,0,0,0,0,0,0,0,0,0,0,0,0,0,0,0,0,0,0,0,0,0,0,0,0,0,0,0,0,0,0,0,0,0,0,0,0,0,0,0,0,0,0,0,0,0,0,0,0,0,0,0,0,0,0,0,0,0,0,0,0,0,0,0,0,0,0,0,0,0,0,0,0,0,0,0,0,0,0,0,0,0,0,0,0,0,0,0,0,0,0,0,0,0,0,0,0,0,0,0,0,0,0,0,0,0,0,6
0,0,0,0,0,0,0,0,0,0,0,0,0,0,0,2,29,54,84,83,85,84,77,63,55,3,0,1,0,0,0,0,0,0,0,0,0,0,5,0,43,195,204,255,255,255,255,255,255,255,249,244,252,131,0,5,0,0,0,0,0,0,0,0,0,0,6,0,53,241,228,224,220,223,227,228,230,229,226,211,239,79,0,6,0,0,0,0,0,0,0,0,0,0,5,0,27,226,220,221,222,233,239,236,237,236,233,218,235,38,0,5,0,0,0,0,0,0,0,0,0,0,5,0,24,225,218,218,227,236,239,237,237,234,227,228,223,0,0,4,0,0,0,0,0,0,0,0,0,0,4,0,20,222,216,220,234,238,236,236,237,235,229,230,227,0,0,4,0,0,0,0,0,0,0,0,0,0,4,0,16,216,216,226,237,233,232,235,237,233,231,220,234,23,0,4,0,0,0,0,0,0,0,0,0,0,4,0,12,217,218,219,226,228,234,242,238,233,233,227,242,28,0,5,0,0,0,0,0,0,0,0,0,0,3,0,5,214,219,221,233,239,236,233,231,238,235,224,242,23,0,2,0,0,0,0,0,0,0,0,0,0,3,0,0,247,223,230,231,228,232,233,231,233,232,222,236,58,0,0,0,0,0,0,0,0,0,0,0,0,3,0,1,222,223,216,224,230,233,236,233,232,235,230,241,125,0,1,0,0,0,0,0,0,0,0,0,0,5,0,24,225,222,220,229,234,232,229,229,232,234,225,236,222,0,0,0,0,0,0,0,0,0,0,0,0,9,0,87,236,220,223,228,233,230,229,233,236,236,232,221,244,84,0,0,0,0,0,0,0,0,0,0,0,0,0,196,232,211,224,230,231,228,230,235,238,237,229,213,231,246,0,0,0,0,0,0,0,0,0,0,4,0,7,250,215,219,227,232,232,230,231,237,239,227,218,231,224,255,63,0,0,0,0,0,0,0,0,0,7,0,96,228,212,224,231,232,231,232,234,236,235,230,231,235,225,255,147,0,0,0,0,0,2,2,1,0,0,0,216,216,211,227,235,231,226,232,240,237,233,226,230,230,223,238,200,0,0,0,0,0,0,2,0,3,0,73,223,198,210,218,231,233,233,233,234,230,231,228,233,233,226,242,207,0,0,0,0,2,0,0,3,0,0,220,209,202,202,214,226,233,236,235,229,225,232,229,234,233,225,248,186,0,0,0,1,6,6,0,0,0,172,220,209,196,210,216,221,227,232,232,229,223,224,228,232,236,224,255,164,2,6,2,0,0,0,0,16,187,246,207,213,220,219,222,224,223,226,239,226,230,255,255,255,233,230,255,129,0,0,0,0,10,32,152,252,221,207,213,214,219,222,226,225,227,231,218,240,255,103,10,231,237,226,255,92,0,109,189,222,246,218,224,218,213,216,220,220,222,228,220,228,225,222,246,228,16,0,0,240,240,223,255,69,162,229,216,216,209,208,209,210,211,214,219,221,221,227,227,224,219,242,165,0,0,0,0,237,240,227,255,45,210,232,217,211,209,211,206,208,210,213,225,228,228,223,220,222,244,137,0,0,6,0,0,243,237,229,236,31,41,176,238,242,233,223,214,200,198,204,208,210,218,221,238,230,95,0,0,0,0,0,0,213,233,228,227,14,0,0,15,117,224,254,255,255,255,250,240,244,251,255,229,47,0,0,2,0,4,0,36,239,244,242,255,0,1,0,0,0,0,0,26,58,99,135,158,164,150,56,0,0,0,0,0,0,3,0,5,176,172,170,127,0,6
0,0,0,0,0,0,0,0,0,0,0,0,0,0,0,0,0,0,0,0,0,0,0,0,0,0,0,0,0,0,0,0,0,0,0,0,0,0,0,0,0,0,1,0,0,16,33,39,36,0,0,0,0,0,0,0,0,0,0,0,0,0,0,0,0,0,0,0,0,3,0,2,160,174,187,183,179,198,167,82,0,0,0,0,0,0,0,0,0,0,0,0,0,0,0,0,0,0,75,200,233,195,199,181,196,207,226,216,173,65,0,0,0,0,0,0,0,0,0,0,0,0,0,5,0,50,202,181,206,219,193,180,193,200,211,194,153,170,42,0,0,0,0,0,0,0,0,0,0,0,3,0,20,200,180,171,189,198,184,176,193,231,232,198,149,171,15,0,0,0,0,0,0,0,0,0,0,0,6,0,55,221,182,169,226,209,159,185,214,200,225,218,219,159,0,0,0,0,0,0,0,0,0,0,0,0,1,0,0,178,216,194,206,232,167,197,182,178,182,211,231,113,0,1,0,0,0,0,0,0,0,0,0,0,0,2,0,144,221,201,220,229,173,179,175,156,174,223,208,52,0,1,0,0,0,0,0,0,0,0,0,0,0,3,0,91,209,177,213,205,164,159,211,229,210,230,179,0,0,3,0,0,0,0,0,0,0,0,0,0,0,4,0,24,192,174,222,221,192,217,254,222,229,226,171,0,0,3,0,0,0,0,0,0,0,0,0,1,0,3,0,9,171,198,217,181,176,186,254,178,180,214,205,0,0,3,0,0,0,0,0,0,0,0,0,0,0,5,0,34,194,227,224,239,190,195,205,169,136,193,212,0,0,3,0,0,0,0,0,0,0,0,0,0,0,0,0,98,179,195,164,198,215,207,255,188,176,204,199,0,0,3,0,0,0,0,0,0,0,0,0,0,7,0,14,157,164,130,112,210,226,186,248,200,229,219,191,43,0,1,0,0,0,0,0,0,1,0,0,3,0,0,118,142,171,194,196,215,243,209,185,178,229,184,174,98,0,0,0,0,0,0,0,0,0,0,2,0,0,74,171,152,159,201,207,218,209,181,174,184,169,148,174,153,0,0,0,0,0,0,0,1,3,4,0,0,76,159,128,166,177,166,167,165,181,176,182,179,179,181,166,167,21,0,0,0,2,4,2,0,0,0,0,89,160,114,123,156,174,191,187,194,194,184,194,194,186,168,157,174,85,0,0,0,0,0,0,0,0,26,108,155,119,48,107,165,174,181,184,197,195,178,193,190,175,163,161,172,128,0,5,0,0,91,122,128,136,156,143,106,58,70,134,168,171,178,189,193,197,189,190,192,182,188,177,171,153,0,0,4,117,132,114,113,117,86,48,30,91,188,160,167,182,190,190,188,188,184,183,190,187,199,191,174,191,33,0,88,154,127,109,66,83,85,93,148,188,176,179,185,187,181,173,169,170,182,191,197,199,177,149,128,116,70,40,113,126,156,168,171,175,179,184,183,185,187,186,183,179,182,185,194,191,179,163,144,123,108,95,87,84,62,41,110,120,128,129,138,153,164,167,174,173,175,169,165,173,173,187,160,136,102,101,102,102,111,111,105,109,93,0,1,44,98,125,131,146,148,141,145,151,153,147,154,125,69,25,0,91,166,135,142,146,136,126,110,104,67,2,0,0,0,0,0,14,29,37,49,49,46,42,38,0,0,0,0,33,96,51,47,29,20,10,0,0,0,0,0,0,0,0,0,0,0,0,0,0,0,0,0,0,0,0,0,0,0,0,0,0,0,0,0,0,0,6
0,0,0,0,0,0,0,0,0,0,0,0,0,0,0,0,0,0,0,0,0,0,0,0,0,0,0,0,0,0,0,0,0,0,0,0,0,0,0,0,0,0,0,22,0,36,177,92,0,0,0,0,0,0,5,1,0,0,0,0,0,0,0,0,0,0,0,0,3,0,0,214,226,143,149,167,165,115,90,99,36,0,0,0,0,0,0,0,0,0,0,0,0,0,0,0,2,0,0,214,242,163,160,157,156,120,117,102,141,118,132,7,0,0,0,0,0,0,0,0,0,0,0,0,0,0,0,160,240,82,51,108,122,101,124,79,137,123,50,21,0,0,0,0,0,0,0,0,0,0,0,0,0,1,0,203,213,70,98,153,134,94,93,113,145,172,0,0,0,0,0,0,0,0,0,0,0,0,0,0,0,3,0,187,210,90,254,82,47,93,79,91,160,199,0,0,0,0,0,0,0,0,0,0,0,0,0,0,0,0,0,141,235,121,106,178,90,119,127,83,171,149,0,0,0,0,0,0,0,0,0,0,0,0,0,0,0,0,0,254,63,168,212,103,56,99,134,107,173,112,0,0,0,0,0,0,0,0,0,0,0,0,0,0,0,0,1,239,142,0,136,76,75,70,89,129,206,132,0,1,0,0,0,0,0,0,0,0,0,0,0,1,0,0,224,199,255,87,23,122,88,62,91,147,172,98,0,0,0,0,0,0,0,0,0,0,1,1,0,1,0,6,238,191,74,232,111,68,72,71,80,133,206,126,0,0,0,0,0,0,0,0,0,0,0,3,0,0,0,247,194,202,60,45,87,71,70,77,101,106,153,116,0,0,0,0,0,0,0,0,0,0,0,0,2,0,23,254,161,89,236,16,68,63,39,48,148,92,89,145,0,0,0,0,0,0,0,0,0,0,0,8,0,72,242,178,189,92,96,68,142,107,92,98,111,82,102,195,19,0,0,0,0,0,0,0,0,0,0,0,0,210,211,24,196,251,44,148,99,115,201,126,130,138,59,126,39,0,0,1,0,1,1,0,0,0,0,101,227,242,218,121,120,132,90,82,95,140,169,100,176,196,100,140,72,0,1,1,0,0,0,1,6,0,46,255,185,109,85,231,147,118,143,35,92,101,120,49,105,150,142,151,87,0,0,2,5,4,0,0,0,0,53,105,9,161,82,0,148,225,140,129,141,150,114,81,109,107,103,192,105,1,0,1,0,0,0,0,2,86,128,96,182,244,221,30,191,137,112,168,117,128,123,118,138,40,93,225,66,0,0,0,24,87,124,158,190,177,216,202,204,189,204,212,169,71,92,35,36,25,56,104,195,88,164,193,138,0,0,31,173,180,177,192,199,172,113,154,204,200,192,201,75,58,81,48,64,96,172,198,163,200,186,194,244,122,0,52,144,88,94,134,186,203,103,100,163,162,161,150,106,91,56,64,135,182,147,175,186,188,190,196,225,101,46,193,168,157,141,92,49,102,150,73,38,100,101,115,42,52,96,184,207,200,206,197,190,192,204,214,240,172,179,255,199,181,206,213,203,169,163,162,163,109,98,121,118,120,198,216,233,216,202,235,209,237,192,141,116,29,21,106,159,204,255,237,243,255,255,236,214,208,204,195,206,237,225,255,161,16,0,1,35,8,0,0,0,0,0,0,0,0,2,25,60,98,137,164,177,189,192,198,192,158,85,6,0,0,0,0,0,0,0,1,2,0,0,0,0,0,0,0,0,0,0,0,0,0,0,0,0,0,0,0,0,0,0,0,0,0,0,0,0,0,6
0,0,0,0,0,0,0,0,0,0,0,0,0,0,0,0,0,0,0,0,0,0,0,0,0,0,0,0,0,0,0,0,0,0,0,0,0,0,0,0,0,0,0,0,0,0,0,0,0,0,0,0,0,0,0,0,0,0,0,0,0,0,0,0,0,0,0,0,0,0,0,0,0,0,0,0,0,0,0,0,0,0,0,0,0,0,0,0,0,0,0,0,0,0,0,0,0,0,0,0,0,0,0,0,0,0,0,0,0,0,0,0,0,0,0,0,0,0,0,0,0,0,0,0,0,5,0,19,118,16,0,0,0,0,0,0,0,0,88,0,0,0,0,0,0,0,0,0,0,0,0,0,0,9,0,139,247,156,66,0,0,0,0,0,31,145,152,0,0,0,0,0,0,0,0,0,0,0,0,0,1,0,0,174,204,215,217,213,226,245,237,199,228,241,52,0,0,0,0,0,0,0,0,0,0,0,0,0,3,0,0,194,217,211,221,230,232,224,225,226,206,215,41,0,0,0,0,0,0,0,0,0,0,0,0,0,5,0,56,205,207,219,221,219,214,220,217,214,211,213,30,0,0,0,0,0,0,0,0,0,0,0,0,0,6,0,121,209,207,212,223,224,220,222,217,225,211,208,16,0,0,0,0,0,0,0,0,0,0,0,0,0,0,0,156,202,210,217,222,222,220,220,216,226,209,206,12,0,0,0,0,0,0,0,0,0,0,0,0,4,0,13,227,200,210,220,218,221,221,221,221,222,206,211,22,0,0,0,0,0,0,0,0,0,0,1,0,3,0,131,204,200,205,214,220,220,224,224,222,215,205,216,33,0,0,0,0,0,0,0,0,0,0,1,8,0,35,195,196,192,202,223,220,220,225,224,224,224,205,221,74,0,0,0,0,0,0,0,0,0,0,4,0,0,194,204,193,188,198,229,218,221,225,224,223,223,210,213,133,0,0,0,1,2,3,3,4,5,0,0,0,177,195,177,186,176,207,233,217,221,224,223,226,225,217,209,201,0,0,2,0,0,0,0,0,0,0,16,168,167,157,148,161,183,220,217,213,217,218,224,227,218,214,208,244,50,1,0,0,0,11,13,26,72,130,196,181,159,178,175,186,191,221,216,211,214,214,210,201,202,222,205,239,87,0,6,131,169,186,185,189,188,154,115,117,159,180,180,184,187,208,212,216,216,208,219,217,231,233,204,230,66,0,121,194,139,66,59,44,40,16,32,95,133,154,172,194,211,213,210,229,145,130,203,199,195,191,183,209,27,20,197,208,191,165,103,13,57,144,157,172,183,196,211,211,201,197,208,202,220,233,214,213,217,225,212,246,116,137,207,186,207,212,215,242,220,198,192,200,214,219,212,213,216,213,211,215,213,217,219,218,218,222,211,221,141,59,184,210,206,202,199,200,207,216,216,218,217,212,209,212,219,224,255,233,209,208,209,204,206,205,197,194,54,0,0,84,177,233,216,223,218,217,227,231,242,251,255,255,220,159,84,39,245,219,227,229,237,241,208,255,122,0,0,0,0,0,32,72,121,148,163,158,137,111,66,17,0,0,0,0,153,149,136,133,134,126,117,93,16,0,0,0,0,0,0,0,0,0,0,0,0,0,0,0,0,0,0,0,0,0,0,0,0,0,0,0,0,0,0,0,0,0,0,0,0,0,0,0,0,0,0,0,0,0,0,0,0,0,0,0,0,0,0,0,0,0,0,0,0,0,0,0,0,0,0,0,0,0,0,0,0,0,0,0,0,0,0,0,0,0,0,0,0,6
0,0,0,0,0,0,0,0,0,0,0,0,0,0,0,0,0,0,0,0,0,0,0,0,0,0,0,0,0,0,0,0,0,0,0,0,0,0,0,0,0,0,0,0,0,0,0,0,0,0,0,0,0,0,0,0,0,0,0,0,0,0,0,0,0,0,0,0,0,0,0,0,0,0,0,0,0,0,0,0,0,0,0,0,0,0,0,0,0,0,0,0,0,0,0,0,0,0,0,0,0,0,0,0,0,0,0,0,0,0,0,0,0,0,0,0,0,0,0,0,0,0,0,0,0,0,0,0,0,0,0,0,0,4,6,4,6,3,5,0,0,0,0,0,0,0,0,0,0,0,0,0,0,1,0,8,159,65,0,0,0,0,0,0,0,0,0,0,0,0,0,0,0,0,0,0,0,0,0,0,0,6,0,79,246,238,221,10,0,1,0,0,0,33,192,0,0,0,0,0,0,0,0,0,0,0,0,0,0,0,0,164,228,207,234,223,249,225,215,211,167,161,82,0,0,0,0,0,0,0,0,0,0,0,0,0,0,0,0,219,233,212,224,232,229,217,220,210,223,179,0,0,0,0,0,0,0,0,0,0,0,0,0,0,1,0,30,228,225,235,240,226,224,213,218,204,215,215,0,0,0,0,0,0,0,0,0,0,0,0,0,0,0,0,162,241,222,232,227,225,218,211,215,198,217,244,27,0,0,0,0,0,0,0,0,0,0,0,0,4,0,0,255,222,225,222,231,224,219,211,211,206,222,251,93,0,0,0,0,0,0,0,0,0,0,0,0,0,0,115,239,218,233,234,228,218,220,208,199,208,225,239,168,0,0,0,0,0,0,0,0,0,1,2,4,0,0,249,225,228,226,236,227,221,220,212,212,217,225,245,94,0,0,0,0,0,0,0,0,0,0,1,0,0,196,240,217,231,226,233,222,219,218,212,213,210,227,252,60,0,0,0,0,0,0,0,0,0,0,0,0,193,238,221,227,232,232,233,221,211,215,225,211,206,225,250,162,0,0,0,0,1,2,3,1,0,0,0,190,238,222,226,232,222,231,228,217,214,210,199,186,181,216,247,245,0,0,8,6,0,0,0,0,0,23,226,230,219,229,225,236,229,225,222,221,214,210,207,207,205,214,231,246,51,5,0,0,0,0,0,34,166,255,221,216,227,231,229,219,215,226,218,226,224,221,225,229,215,204,225,246,123,0,26,182,189,201,250,223,235,218,217,225,229,223,228,219,219,226,212,214,211,210,212,211,217,218,218,240,111,0,195,255,229,232,225,220,218,221,220,219,224,226,231,226,239,220,222,207,207,212,211,207,208,206,200,238,137,105,221,217,231,233,232,235,234,230,235,243,246,238,230,223,226,226,250,231,206,207,204,208,211,210,186,255,103,176,216,205,200,199,199,210,212,208,213,213,216,210,223,230,246,178,87,0,223,204,198,202,203,206,181,180,0,53,164,220,248,243,249,239,233,234,231,250,244,243,187,84,0,0,0,0,255,222,229,232,233,217,255,19,0,0,0,0,18,49,94,121,137,161,141,123,64,1,0,0,0,0,0,0,134,125,131,139,138,134,143,3,0,0,0,0,0,0,0,0,0,0,0,0,0,0,0,0,0,0,0,0,0,0,0,0,0,0,0,0,0,0,0,0,0,0,0,0,0,0,0,0,0,0,0,0,0,0,0,0,0,0,0,0,0,0,0,0,0,0,0,0,0,0,0,0,0,0,0,0,0,0,0,0,0,0,0,0,0,0,0,0,0,0,0,0,0,6
0,0,0,0,0,0,0,0,0,0,2,0,132,166,170,186,182,163,115,69,14,0,0,0,0,0,0,0,0,0,0,0,0,0,0,0,0,0,2,0,140,177,185,194,205,211,218,252,249,209,124,15,0,0,1,0,0,0,0,0,0,0,0,0,0,0,8,0,118,186,183,194,199,199,193,200,205,212,215,213,109,0,5,0,0,0,0,0,0,0,0,0,0,0,6,0,65,183,192,210,220,203,199,209,204,209,206,217,96,0,6,0,0,0,0,0,0,0,0,0,0,0,5,0,19,170,191,211,218,208,205,219,212,217,225,220,5,0,5,0,0,0,0,0,0,0,0,0,0,0,5,0,39,193,166,202,189,190,193,168,231,200,194,210,47,0,2,0,0,0,0,0,0,0,0,0,0,0,5,0,52,197,198,223,220,217,217,208,230,207,214,223,131,16,0,3,0,0,0,0,0,0,0,0,0,0,4,0,90,192,194,201,210,203,204,224,219,225,229,182,22,75,0,4,0,0,0,0,0,0,0,0,0,0,5,0,140,202,192,197,204,208,210,220,213,204,203,210,35,148,0,1,0,0,0,0,0,0,0,0,0,0,1,0,181,197,196,207,214,214,206,209,203,210,210,221,33,129,0,0,0,0,0,0,0,0,0,0,0,4,0,23,182,181,188,206,211,210,207,218,216,220,207,227,89,92,70,0,0,0,0,0,0,0,0,0,0,6,0,64,187,172,175,192,208,214,216,237,224,207,205,223,175,20,135,0,0,0,0,0,0,1,0,0,0,5,0,125,186,182,189,204,217,219,224,225,206,202,202,214,206,0,65,12,0,0,0,0,0,0,0,0,0,1,0,169,179,194,206,213,220,222,222,212,208,205,206,208,228,39,0,50,0,0,0,0,0,0,0,0,3,0,26,175,173,198,199,216,223,217,205,209,214,213,207,209,223,84,0,7,0,0,0,0,0,0,0,0,3,0,96,176,186,203,207,223,216,201,206,209,210,217,207,201,227,104,0,0,0,0,0,0,0,1,0,5,0,0,173,170,191,201,216,216,207,205,209,211,216,214,215,212,223,151,0,0,0,0,0,3,7,8,8,0,0,117,192,180,195,208,214,204,203,206,216,217,220,216,211,202,220,147,0,0,0,1,0,0,0,0,0,0,101,195,173,195,195,210,206,202,215,216,216,214,217,216,203,196,217,136,0,0,0,0,0,12,62,77,88,130,181,168,189,202,206,215,206,214,230,209,229,214,199,205,204,194,208,122,0,0,0,0,110,156,161,177,177,170,168,185,195,204,208,208,220,221,207,255,195,175,217,202,205,192,213,117,0,1,0,52,196,183,179,179,196,198,192,200,200,206,211,216,225,205,250,170,0,137,239,200,204,194,217,105,0,2,0,103,199,194,198,199,208,199,177,194,202,204,215,221,200,227,156,0,0,172,214,208,203,197,216,84,0,3,0,44,183,187,187,188,199,200,204,206,210,206,206,202,224,171,0,0,0,161,217,203,202,196,211,68,0,7,0,39,173,167,178,172,179,176,189,199,194,202,199,214,220,0,0,1,0,176,219,200,204,198,209,54,0,6,0,25,196,197,186,178,175,170,181,181,195,195,214,213,15,0,0,0,0,151,216,197,186,193,210,42,0,6,0,0,35,142,197,228,244,226,215,215,201,211,209,37,0,1,0,0,0,182,227,209,206,214,210,27,0,4,0,0,0,0,0,17,53,77,148,130,149,153,52,0,0,0,0,3,0,90,138,99,119,105,93,0,0,0,6
0,0,0,0,0,0,0,0,0,0,0,0,0,0,0,0,0,0,0,0,0,0,0,0,0,0,0,0,0,0,0,0,0,0,0,0,0,0,0,0,0,0,0,0,0,0,0,0,0,0,0,0,0,0,0,0,0,0,0,0,0,0,0,0,0,0,0,0,0,0,0,14,32,14,46,25,0,0,0,0,0,0,0,0,0,0,0,0,0,0,0,0,0,0,0,0,1,0,6,134,139,129,145,111,0,90,164,170,117,114,12,0,0,0,0,0,0,0,0,0,0,0,0,0,1,0,23,115,90,115,126,161,184,173,132,142,158,193,101,0,0,0,0,0,0,0,0,0,0,0,0,0,3,0,25,137,123,111,109,123,114,78,115,123,137,162,178,76,0,0,0,0,0,0,0,0,0,0,0,0,3,0,59,151,137,150,140,145,118,172,181,158,140,156,195,59,0,0,0,0,0,0,0,0,1,1,0,0,7,0,123,176,122,154,150,118,181,214,162,181,161,175,193,0,0,0,0,0,0,0,0,0,0,1,4,1,0,1,140,159,125,140,204,126,208,123,200,203,161,200,81,0,0,0,0,0,0,0,0,0,0,0,1,4,0,59,190,145,150,125,168,203,201,189,228,190,168,189,18,0,0,0,0,0,0,0,0,0,0,0,0,6,0,118,172,186,176,120,153,233,225,255,198,140,178,181,54,0,0,0,0,0,0,0,0,0,0,0,1,0,0,184,187,162,195,179,137,181,129,114,115,162,178,184,93,0,0,0,0,0,0,0,0,0,0,3,3,0,70,156,154,183,178,165,151,128,92,131,181,189,156,170,112,0,0,0,0,0,0,0,0,0,0,1,0,0,156,159,153,164,176,175,162,173,139,150,178,140,140,153,129,0,0,0,0,0,0,0,0,0,0,4,0,86,167,147,148,178,156,201,183,179,161,140,132,150,156,154,200,0,0,0,0,0,0,0,0,0,3,0,34,147,136,129,125,143,158,208,204,186,134,189,189,109,112,134,165,10,0,0,0,0,0,0,0,4,0,3,145,139,132,150,154,147,156,172,168,139,140,159,184,175,148,125,178,39,1,0,0,0,0,3,7,0,0,125,134,132,142,140,150,147,159,153,179,118,137,147,131,148,132,104,175,37,1,1,0,0,0,0,0,0,118,145,125,145,142,118,114,129,143,125,170,115,136,142,123,123,143,106,167,26,0,0,0,0,14,18,57,114,128,125,125,159,167,145,132,139,147,128,151,128,125,128,115,103,139,142,173,12,0,39,95,109,101,118,132,151,101,115,122,128,142,145,142,134,147,145,142,103,123,131,126,151,145,147,173,6,26,126,98,98,96,120,125,122,139,112,122,136,132,128,126,126,129,139,148,214,178,100,192,147,125,129,161,0,87,111,98,96,101,101,115,128,134,128,131,136,137,139,142,140,145,162,132,64,0,34,189,142,139,126,165,0,79,151,126,118,117,96,101,118,122,132,156,151,151,148,162,170,109,14,0,0,0,90,183,132,139,122,164,0,0,114,140,165,162,145,126,126,126,117,137,132,153,187,158,20,0,0,0,9,0,68,150,120,122,125,150,0,0,0,0,31,82,140,165,173,173,173,156,148,156,123,0,0,0,3,0,3,0,100,167,140,139,151,214,0,1,3,0,0,0,0,0,20,37,48,76,59,9,0,0,0,1,0,0,4,0,89,181,164,151,151,87,0,0,0,0,0,0,0,0,0,0,0,0,0,0,0,0,0,0,0,0,0,0,0,0,0,0,0,0,0,6
0,0,0,0,0,0,0,0,0,0,0,0,0,0,0,0,0,0,0,0,0,0,0,0,0,0,0,0,0,0,0,0,0,0,0,0,0,0,0,0,0,0,0,0,0,0,0,0,0,0,0,0,0,0,0,0,0,0,0,0,0,0,0,0,0,0,0,0,0,0,0,0,0,0,0,0,0,0,0,0,0,0,0,0,0,0,0,0,0,0,0,0,0,0,0,0,0,0,0,0,0,0,0,0,0,0,0,0,0,0,0,0,0,0,0,0,0,0,0,0,0,0,0,0,0,0,0,0,0,0,0,0,0,0,0,0,0,0,0,0,0,0,0,0,0,0,0,0,0,0,0,0,0,0,0,0,0,13,77,110,0,0,0,0,0,0,0,0,0,0,0,0,0,0,0,0,0,0,0,0,0,0,0,0,53,185,210,214,0,0,0,0,0,0,0,0,0,0,0,0,0,0,0,0,0,0,0,0,0,1,0,0,196,199,189,197,105,0,0,3,0,0,1,0,0,0,0,0,0,0,0,0,0,0,0,0,0,0,0,140,206,214,220,197,212,184,0,0,0,0,1,0,0,0,0,0,0,0,0,0,0,0,0,0,3,0,17,249,208,188,211,189,183,209,219,85,0,0,0,0,0,0,0,0,0,0,0,0,0,0,0,0,0,0,144,199,209,214,224,187,194,173,186,191,218,32,0,0,0,0,0,0,3,0,1,0,0,0,0,0,0,115,243,198,194,210,237,220,171,194,201,188,198,128,0,0,0,0,0,0,2,1,2,4,0,0,0,110,243,201,197,178,223,190,171,232,227,203,186,187,200,180,0,0,0,0,0,1,2,0,0,0,0,51,243,182,182,186,205,207,211,212,214,209,217,225,227,219,223,238,46,0,0,4,1,0,0,0,0,0,179,185,186,191,200,211,205,210,209,206,214,214,204,214,232,234,218,240,142,0,0,0,0,0,0,24,66,183,199,191,197,212,208,207,199,207,211,212,211,218,220,233,227,222,216,224,196,0,0,40,137,190,234,244,206,194,189,211,199,200,227,178,99,145,232,210,213,223,227,219,218,212,213,220,214,0,6,185,159,123,103,159,196,188,203,203,210,200,227,173,97,149,231,219,217,220,226,226,225,229,212,202,199,20,119,198,166,170,166,186,193,178,197,194,187,183,187,199,134,187,217,211,217,227,228,214,190,181,169,173,227,56,113,210,196,204,200,208,248,228,246,253,241,225,226,232,232,232,226,225,255,241,195,169,172,168,162,141,106,0,55,210,206,199,190,190,113,66,114,126,126,138,150,150,144,133,115,95,87,72,77,74,61,53,34,12,131,115,0,50,68,170,216,191,164,141,125,136,127,115,106,101,58,54,57,57,80,80,78,92,103,107,139,168,173,4,0,0,0,0,0,0,28,60,31,55,66,79,87,108,36,2,18,85,145,121,101,142,112,57,81,34,0,0,0,0,0,0,0,0,0,0,0,0,0,0,0,0,0,0,0,0,0,0,0,0,0,0,0,0,0,0,0,0,0,0,0,0,0,0,0,0,0,0,0,0,0,0,0,0,0,0,0,0,0,0,0,0,0,0,0,0,0,0,0,0,0,0,0,0,0,0,0,0,0,0,0,0,0,0,0,0,0,0,0,0,0,0,0,0,0,0,0,0,0,0,0,0,0,0,0,0,0,0,0,0,0,0,0,0,0,0,0,0,0,0,0,0,0,0,0,0,0,0,0,0,0,0,0,0,0,0,0,0,0,0,0,0,0,0,0,0,0,0,6
0,0,0,0,0,0,0,0,0,0,0,0,0,0,0,0,0,0,0,0,0,0,0,0,0,0,0,0,0,0,0,0,0,0,0,0,0,0,0,0,0,0,0,0,0,0,0,0,0,0,0,0,0,0,0,0,0,0,0,0,0,0,0,0,0,0,0,0,0,0,0,0,0,0,0,0,0,0,0,0,0,0,0,0,0,0,0,0,0,0,0,0,0,0,0,0,0,0,0,0,0,0,0,0,0,0,0,0,0,0,0,0,0,0,0,0,0,0,0,0,0,0,0,0,0,0,0,0,0,0,0,0,0,0,0,0,0,0,0,0,0,0,0,0,0,0,0,0,0,0,0,0,0,0,0,0,0,0,0,0,0,0,0,2,0,57,135,0,0,0,0,0,0,0,0,0,0,0,0,0,0,0,0,0,0,0,0,0,1,1,1,0,27,68,143,52,0,0,0,0,0,0,0,0,0,0,0,0,0,0,0,0,1,4,0,0,0,0,0,0,70,49,104,72,0,0,0,0,0,0,0,0,0,0,0,0,0,0,0,0,0,0,0,0,0,0,0,0,0,81,124,0,0,0,0,0,0,0,0,0,0,0,0,0,0,0,1,0,0,81,215,172,185,215,206,193,94,191,87,0,0,0,0,0,0,0,0,0,0,0,0,0,0,0,0,0,65,225,196,205,235,244,250,247,215,196,3,0,0,0,0,0,0,0,0,0,0,0,2,0,1,0,0,22,187,184,188,226,240,233,235,232,200,183,0,0,0,0,0,0,0,0,0,0,4,2,7,2,0,0,31,165,196,182,232,247,236,237,245,235,195,197,0,0,0,0,0,0,0,0,0,3,6,0,1,0,7,61,106,180,172,230,246,232,242,247,251,206,180,233,31,0,0,0,0,1,2,2,0,0,0,0,0,46,24,158,142,196,223,248,236,239,240,245,226,181,182,242,109,0,0,0,3,0,0,0,0,70,57,103,11,111,132,197,218,247,244,235,238,242,238,247,208,207,197,208,179,0,2,0,0,0,0,3,25,99,0,27,105,174,222,233,243,238,232,241,240,236,248,249,220,208,222,202,219,0,0,0,38,101,85,126,161,98,173,230,253,239,236,241,234,237,241,236,239,243,238,207,184,204,225,197,233,34,1,117,192,180,89,99,157,213,218,224,230,244,246,248,240,232,235,236,234,239,237,235,237,249,212,184,233,13,72,201,169,187,215,219,230,212,197,193,188,192,192,199,225,239,235,235,236,228,216,212,210,218,199,202,218,19,8,163,169,150,167,182,194,209,228,242,240,230,220,220,223,226,214,195,182,184,181,182,191,189,190,191,215,132,0,0,31,69,147,245,209,203,200,200,202,209,211,204,191,188,200,212,234,228,236,194,152,139,149,197,196,94,0,0,0,0,0,9,78,169,213,241,215,212,208,213,215,216,189,145,91,17,89,255,173,161,184,227,229,104,0,1,3,4,0,0,0,0,0,14,31,60,62,55,12,0,0,0,0,0,0,53,25,0,6,12,7,0,0,0,0,0,0,0,0,0,0,0,0,0,0,0,0,0,0,0,0,0,0,0,0,0,0,0,0,0,0,0,0,0,0,0,0,0,0,0,0,0,0,0,0,0,0,0,0,0,0,0,0,0,0,0,0,0,0,0,0,0,0,0,0,0,0,0,0,0,0,0,0,0,0,0,0,0,0,0,0,0,0,0,0,0,0,0,0,0,0,0,0,0,0,0,0,0,0,0,0,0,0,0,0,0,0,0,0,0,0,0,0,0,6
0,0,0,0,0,0,0,0,0,0,0,0,0,0,0,0,0,0,0,0,0,0,0,0,0,0,0,0,0,0,0,0,0,0,0,0,0,0,0,0,0,0,0,0,0,0,0,0,0,0,0,0,0,0,0,0,0,0,0,0,0,0,0,0,0,0,0,0,0,0,0,0,0,0,0,0,0,0,0,0,0,0,0,0,0,0,0,0,0,0,0,0,0,0,0,0,0,0,0,0,0,0,0,0,0,0,0,0,0,0,0,0,0,0,0,0,0,0,0,0,0,0,0,0,0,9,0,36,85,78,113,130,145,153,147,111,62,20,0,0,0,0,0,0,0,0,0,0,0,0,0,0,0,5,0,160,254,232,255,254,248,248,254,246,244,247,92,0,0,0,0,0,0,0,0,0,0,0,0,0,1,0,0,187,215,212,210,211,213,217,222,224,225,239,59,0,0,0,0,0,0,0,0,0,1,1,0,0,1,0,38,227,209,217,218,221,222,220,230,226,235,216,0,0,0,0,0,0,0,0,0,0,0,1,0,0,0,0,156,221,208,219,216,218,224,230,232,231,240,211,0,0,0,0,0,0,0,0,0,0,0,0,0,1,0,13,251,214,221,224,223,222,227,233,230,232,245,201,0,0,0,0,0,0,0,0,0,0,0,0,2,0,0,185,223,213,215,220,220,228,234,233,226,234,236,229,12,0,0,1,0,0,0,0,0,0,0,5,0,0,117,225,205,216,219,222,231,231,229,226,232,235,226,254,137,0,0,0,0,0,0,0,0,2,1,0,0,105,255,203,212,216,216,222,229,227,226,226,229,226,223,232,229,0,0,0,3,3,3,3,0,0,0,0,146,242,206,212,217,216,217,218,223,230,230,227,223,225,224,222,225,3,0,5,0,0,0,0,0,0,66,220,215,205,210,218,218,216,218,219,220,225,226,230,236,239,236,237,228,2,0,0,0,2,46,89,156,230,219,212,210,222,214,216,220,217,217,225,238,243,248,250,243,236,228,224,249,20,0,91,184,209,216,224,226,214,207,212,227,211,209,216,218,222,231,249,242,228,205,202,191,189,188,186,233,87,0,215,228,217,213,210,209,215,220,211,211,214,210,210,226,241,242,205,200,206,198,195,201,209,211,199,234,82,74,200,199,214,228,230,232,232,228,224,213,222,225,238,239,216,196,225,225,137,210,213,201,201,201,197,235,85,89,200,187,175,173,183,195,202,211,221,227,232,229,215,202,194,255,185,0,0,223,205,201,203,202,199,237,88,100,206,185,185,188,191,186,183,185,187,186,184,189,192,203,221,129,0,0,4,214,204,203,204,205,201,239,86,102,198,209,206,200,197,195,188,186,194,194,195,197,206,220,107,0,0,0,0,204,207,199,196,196,198,206,83,0,10,55,125,186,218,234,240,238,227,221,209,213,252,74,0,0,3,0,15,201,220,215,241,239,213,255,112,0,0,0,0,0,0,15,52,76,116,143,149,133,15,0,0,0,0,0,0,128,130,111,114,112,109,129,40,0,0,0,0,0,0,0,0,0,0,0,0,0,0,0,0,0,0,0,0,0,0,0,0,0,0,0,0,0,0,0,0,0,0,0,0,0,0,0,0,0,0,0,0,0,0,0,0,0,0,0,0,0,0,0,0,0,0,0,0,0,0,0,0,0,0,0,0,0,0,0,0,0,0,0,0,0,0,0,0,0,0,0,0,0,0,0,0,0,0,0,0,0,0,0,0,0,0,0,0,0,0,0,0,0,0,0,0,0,0,0,0,6
0,0,0,0,0,0,0,0,0,0,0,0,0,0,0,0,0,0,0,0,0,0,0,0,0,0,0,0,0,0,0,0,0,0,0,0,0,0,0,0,0,0,0,0,0,0,0,0,0,0,0,0,0,0,0,0,0,0,0,0,0,0,0,0,0,0,0,0,0,0,0,0,0,0,0,0,0,0,0,0,0,0,0,0,0,0,0,0,0,0,0,0,0,0,0,0,0,0,0,0,0,0,0,0,0,0,0,0,0,0,0,0,0,0,0,0,0,0,0,0,0,0,0,0,0,0,0,0,0,0,0,0,0,0,0,0,0,0,0,0,0,0,0,0,0,0,0,0,0,0,0,0,0,0,0,0,0,0,0,0,2,4,2,1,1,2,1,0,0,0,0,0,0,0,0,0,0,0,0,0,0,0,0,39,110,72,24,0,0,0,0,0,0,0,0,0,0,0,0,0,0,0,0,0,0,0,0,0,0,0,0,163,206,199,254,54,16,27,0,57,176,148,125,0,0,0,0,0,0,0,0,0,0,0,0,0,1,0,10,209,212,193,187,255,254,255,249,233,229,210,213,0,0,0,0,0,0,0,0,0,0,0,0,0,1,0,95,227,199,229,167,220,194,196,222,207,198,234,198,0,0,0,0,0,0,0,0,0,0,0,0,0,0,0,194,213,201,215,175,217,215,201,229,201,214,238,240,0,0,0,0,0,0,0,0,0,0,0,0,1,0,29,253,205,214,223,190,214,216,194,224,192,232,236,246,0,0,0,0,0,0,0,0,0,0,0,2,0,0,180,247,215,220,231,191,195,217,197,227,196,246,230,255,0,0,0,0,0,0,0,0,0,0,4,0,0,130,251,210,219,220,225,198,182,223,209,210,213,238,219,255,33,0,0,0,2,1,1,4,0,0,0,0,156,241,213,211,218,217,224,214,185,220,217,188,216,218,211,255,48,0,1,1,0,0,0,0,0,0,111,226,235,202,208,215,219,217,222,215,172,231,219,189,221,222,209,255,91,0,0,0,0,0,0,57,158,225,242,210,204,213,213,215,220,221,214,227,168,221,229,170,222,210,207,255,125,0,18,133,209,221,240,251,232,213,202,201,206,206,209,206,210,215,212,233,179,232,196,189,231,215,209,242,124,38,214,218,207,207,207,204,205,207,213,214,214,211,210,213,207,203,206,227,173,212,222,222,250,241,229,239,150,48,174,208,223,219,212,207,207,205,205,207,207,205,207,219,232,230,254,254,255,251,240,237,220,214,210,242,103,0,2,62,132,207,240,227,227,223,218,214,217,226,253,247,221,175,151,103,60,72,64,62,65,67,68,84,4,0,0,0,0,0,28,87,142,200,223,242,223,184,134,89,63,43,18,0,67,123,106,110,115,117,121,133,29,1,1,0,0,0,0,0,0,0,13,22,14,4,1,0,0,0,0,0,35,66,48,45,45,49,52,69,20,0,0,0,0,0,0,0,0,0,0,0,0,0,0,0,0,0,0,0,0,0,0,0,0,0,0,0,0,0,0,0,0,0,0,0,0,0,0,0,0,0,0,0,0,0,0,0,0,0,0,0,0,0,0,0,0,0,0,0,0,0,0,0,0,0,0,0,0,0,0,0,0,0,0,0,0,0,0,0,0,0,0,0,0,0,0,0,0,0,0,0,0,0,0,0,0,0,0,0,0,0,0,0,0,0,0,0,0,0,0,0,0,0,0,0,0,0,0,0,0,0,0,0,0,0,0,0,0,0,0,0,0,0,0,0,0,0,0,0,0,6
0,0,0,0,0,0,0,0,0,0,0,0,0,0,0,0,0,0,0,0,0,0,0,0,0,0,0,0,0,0,0,0,0,0,0,0,0,0,0,0,0,0,0,0,0,0,0,0,0,0,0,0,0,0,0,0,0,0,0,0,0,0,0,0,0,0,0,3,0,9,120,89,94,115,112,132,98,78,99,82,54,66,3,0,0,0,0,0,0,0,0,0,0,0,0,7,0,53,246,226,231,252,255,255,255,255,255,243,236,247,73,0,0,0,0,0,0,0,0,0,0,0,0,6,0,18,214,207,208,223,189,138,178,168,220,221,217,234,46,0,0,0,0,0,0,0,0,0,0,0,0,5,0,7,216,211,155,235,144,223,254,211,219,227,218,226,19,0,0,0,0,0,0,0,0,0,0,0,0,4,0,0,202,218,204,235,177,182,219,180,224,230,225,212,0,0,0,0,0,0,0,0,0,0,0,0,0,2,0,0,217,223,229,231,239,218,215,208,244,221,232,225,0,0,0,0,0,0,0,0,0,0,0,0,0,1,0,0,187,221,210,210,208,240,241,237,226,216,232,184,0,0,0,0,0,0,0,0,0,0,0,0,0,0,0,0,159,227,208,222,211,193,220,227,224,216,237,162,0,0,0,0,0,0,0,0,0,0,0,0,0,0,0,0,131,221,212,194,149,150,174,214,224,214,236,140,0,0,0,0,0,0,0,0,0,0,0,0,0,0,0,0,164,218,213,210,153,149,157,202,222,218,232,120,0,0,0,0,0,0,0,0,0,0,0,0,0,2,0,0,236,210,206,232,232,186,224,233,220,218,231,108,0,0,0,0,0,0,0,0,0,0,0,0,0,0,0,64,243,207,210,214,220,240,220,216,218,221,228,127,0,0,0,0,0,0,0,0,0,0,0,0,2,0,10,255,184,213,216,228,235,235,242,226,232,232,223,232,0,0,1,0,0,0,0,0,0,0,3,2,0,0,159,205,170,150,220,196,184,115,180,249,234,215,209,244,67,0,3,0,0,0,0,0,4,5,0,0,19,184,215,210,230,215,216,183,226,244,224,205,232,185,198,246,98,0,0,2,4,2,2,0,0,0,0,103,215,175,185,212,207,243,218,225,246,214,255,230,226,242,225,233,129,0,0,0,0,0,0,0,2,76,196,199,136,128,203,220,213,219,254,184,224,235,233,193,247,204,211,231,186,0,0,4,118,154,163,152,166,173,137,118,131,152,182,172,204,199,221,219,190,218,131,203,233,219,220,229,218,0,0,141,194,144,112,94,87,106,131,153,184,178,208,189,207,205,213,236,215,211,232,229,218,223,217,232,195,0,6,190,211,202,189,185,191,191,196,192,193,214,222,235,225,225,212,207,212,219,227,216,221,221,218,216,251,51,119,211,192,207,217,221,223,221,220,224,222,227,211,215,219,221,227,234,240,231,214,215,207,209,208,203,218,95,40,174,214,218,211,209,208,213,213,217,219,214,218,231,236,230,253,211,163,213,206,209,204,205,206,201,216,87,0,0,34,116,185,221,239,249,250,243,242,253,248,189,153,65,9,0,0,190,255,246,255,255,255,218,255,127,0,0,0,0,0,0,0,43,68,77,71,101,62,0,0,0,0,0,0,52,76,42,56,51,51,46,35,0,0,0,0,0,0,0,0,0,0,0,0,0,0,0,0,0,0,0,0,0,0,0,0,0,0,0,0,0,0,0,0,0,0,0,0,0,0,0,0,0,0,0,0,0,0,0,0,0,0,0,0,0,0,0,0,0,6
0,0,0,0,0,0,0,0,0,0,0,0,0,0,0,0,0,0,0,0,0,0,0,0,0,0,0,0,0,0,0,0,0,0,0,0,0,0,0,0,0,0,0,0,0,0,0,0,0,0,0,0,0,0,0,0,0,0,0,0,0,0,0,0,0,0,0,0,0,0,0,0,0,42,80,98,0,0,0,0,0,0,3,0,0,0,0,0,0,0,0,0,0,0,1,1,0,3,0,0,157,155,169,213,143,81,0,0,0,0,0,0,0,0,0,0,0,0,0,0,0,0,0,0,0,9,0,138,170,43,95,156,190,198,195,188,171,156,37,0,0,0,0,0,0,0,0,0,0,0,0,0,1,0,9,193,182,173,153,150,167,172,181,196,199,205,185,0,0,0,0,0,0,0,0,0,0,0,0,0,4,0,84,184,209,198,181,185,193,188,184,179,185,201,195,0,0,0,0,0,0,0,0,0,0,0,0,2,0,3,174,164,138,204,208,175,175,199,217,209,198,210,183,0,0,0,0,0,0,0,0,0,0,0,0,4,0,25,233,173,136,183,200,125,0,232,158,196,196,215,226,0,0,0,0,0,0,0,0,0,0,0,0,6,0,40,192,179,202,167,0,13,0,0,5,202,190,210,191,0,0,0,0,0,0,0,0,0,0,0,2,0,0,219,169,98,156,250,65,5,10,3,110,252,196,218,194,0,0,0,0,0,1,2,0,0,0,0,0,0,161,217,205,189,203,219,0,68,129,38,82,179,0,110,255,0,1,0,3,0,0,0,0,4,0,0,1,182,212,114,116,188,181,171,187,118,73,129,253,43,0,58,253,0,1,0,1,4,4,1,0,0,0,132,202,174,189,191,127,199,164,178,214,68,0,69,212,59,232,196,177,0,0,3,2,0,0,0,0,120,237,166,184,168,132,171,188,182,152,170,233,19,0,63,100,72,211,214,183,0,1,0,0,18,87,67,99,219,175,130,164,203,139,185,204,217,213,182,214,58,1,73,2,174,197,213,203,0,0,0,146,169,172,174,179,138,162,199,131,190,200,193,173,60,162,218,183,5,15,4,71,222,189,186,185,0,0,143,201,165,159,144,157,154,163,179,215,211,166,208,166,0,153,120,146,182,0,112,221,179,163,167,204,0,8,209,178,171,173,171,143,190,203,193,187,168,167,212,174,0,180,178,160,219,193,201,168,159,189,183,228,71,107,205,178,190,190,184,172,181,171,178,180,186,182,193,194,173,189,182,177,166,177,174,188,198,209,198,217,75,98,215,195,189,187,182,191,191,183,179,179,179,184,164,172,188,184,175,178,192,198,199,199,191,193,196,207,69,50,202,194,187,200,193,197,210,212,205,199,199,176,186,192,194,189,200,225,192,194,188,188,193,193,195,202,44,0,185,199,174,188,200,214,210,205,199,201,215,201,181,190,183,225,126,0,200,193,151,154,174,176,197,247,0,0,3,211,199,174,175,179,199,207,208,200,177,167,173,185,192,201,201,128,197,203,211,208,207,222,210,44,0,0,0,0,135,241,218,204,193,183,184,189,207,230,248,246,240,204,215,211,189,189,174,202,179,161,12,0,4,0,0,0,0,2,44,81,116,132,130,129,119,85,62,7,0,0,0,0,0,0,0,0,0,0,0,0,0,0,0,0,0,0,0,0,0,0,0,0,0,0,0,0,0,0,0,0,0,0,0,0,0,0,0,0,0,0,0,0,0,0,0,0,0,0,0,0,0,0,0,0,0,0,0,0,0,0,0,0,0,0,0,0,0,6
0,0,0,0,0,0,0,0,0,0,0,0,0,0,0,0,0,0,0,0,0,0,0,0,0,0,0,0,0,0,0,0,0,0,0,0,0,0,0,0,0,0,0,0,0,0,84,107,62,0,0,0,0,0,0,0,0,0,0,0,0,0,0,0,0,0,0,1,0,3,91,142,161,228,255,250,255,237,244,249,237,200,184,0,0,0,0,0,0,0,0,0,0,0,0,5,0,228,248,245,251,245,232,229,234,244,237,240,242,252,211,0,0,0,0,0,0,0,0,0,0,0,0,0,0,172,231,216,232,231,234,233,233,235,226,227,227,241,203,0,0,0,0,0,0,0,0,0,0,0,0,0,0,156,240,219,234,235,234,233,235,240,234,233,230,250,192,0,0,0,0,0,0,0,0,0,0,0,0,0,0,144,242,225,229,230,232,231,234,238,236,238,226,252,172,0,0,0,0,0,0,0,0,0,0,0,0,2,0,113,242,221,230,228,228,226,230,235,238,239,229,252,147,0,0,0,0,0,0,0,0,0,0,0,0,3,0,77,243,221,236,227,228,227,230,236,237,235,233,251,126,0,0,0,0,0,0,0,0,0,0,0,0,3,0,6,255,228,227,223,228,232,235,237,234,241,232,254,117,0,0,0,0,0,0,0,0,0,0,0,0,2,0,0,231,237,228,230,230,232,234,237,235,241,232,255,97,0,0,0,0,0,0,0,0,0,0,0,0,2,0,0,231,238,235,230,233,227,230,237,233,232,230,251,82,0,0,0,0,0,0,0,0,0,0,0,0,2,0,0,239,233,231,230,233,228,229,234,233,232,228,246,79,0,0,0,0,0,0,0,0,0,0,0,0,3,0,0,251,231,234,233,231,228,229,234,237,234,231,245,73,0,0,0,0,0,0,0,0,0,0,0,0,3,0,21,255,232,231,233,234,233,235,238,239,236,231,246,70,0,0,0,0,0,0,0,0,0,0,0,0,0,0,124,243,234,238,231,236,237,238,239,239,241,221,248,93,0,0,0,0,0,0,0,0,0,0,0,1,0,0,242,234,226,239,228,231,233,236,238,239,236,219,246,166,0,0,0,0,0,0,0,0,0,0,0,0,0,149,255,210,219,231,228,228,235,236,236,227,224,224,243,227,0,0,0,0,0,0,0,0,0,2,0,0,109,255,217,221,219,225,227,230,239,234,234,236,232,234,234,255,0,0,0,0,0,1,1,1,0,0,0,109,255,214,222,227,225,227,226,234,239,230,233,231,231,230,228,255,34,0,6,3,1,0,0,0,0,0,186,255,214,216,223,222,230,234,231,236,236,229,234,229,232,227,227,255,65,0,0,0,0,0,0,0,115,255,253,214,222,231,226,229,231,232,228,234,228,227,235,225,231,243,233,251,84,0,59,124,159,197,223,255,255,223,215,228,233,224,226,226,225,226,228,224,238,235,247,237,231,222,211,244,53,35,232,237,231,232,226,225,219,221,227,229,228,230,224,223,223,223,224,255,244,206,187,177,173,167,176,188,0,93,219,207,223,223,224,222,237,218,220,230,228,231,228,228,233,255,255,180,139,196,183,194,190,185,203,133,0,25,141,173,200,210,218,221,229,235,237,233,230,227,232,255,231,132,34,0,100,254,192,199,197,194,208,41,0,0,0,4,69,144,175,202,214,220,217,226,221,213,181,86,0,0,0,0,130,254,215,222,205,219,174,0,0,0,0,0,0,0,0,15,43,62,79,71,37,16,0,0,0,4,0,0,0,0,0,0,0,0,0,0,0,6
0,0,0,0,0,0,0,0,0,0,0,0,0,0,0,0,0,0,0,0,0,0,0,0,0,0,0,0,0,0,0,0,0,0,0,0,0,0,0,0,0,0,0,0,0,0,0,0,0,0,0,0,0,0,0,0,0,0,0,0,0,0,0,0,0,0,0,0,0,0,48,14,0,0,0,0,0,0,0,0,0,13,67,0,0,0,0,0,0,0,0,0,0,0,0,2,0,4,131,135,13,0,0,0,0,71,143,174,170,172,176,64,0,0,0,0,0,0,0,0,0,0,0,4,0,20,153,159,184,0,0,106,180,198,189,179,175,172,168,84,0,0,0,0,0,0,0,0,0,0,0,1,0,22,143,154,171,114,48,250,186,180,179,170,169,164,180,16,0,0,0,0,0,0,0,0,0,0,0,0,0,85,149,145,168,171,173,197,187,188,186,177,163,160,159,0,0,0,0,0,0,0,0,0,0,0,0,0,0,85,144,148,152,155,168,191,195,182,170,175,164,169,134,0,0,0,0,0,0,0,0,0,0,0,0,0,0,84,150,149,160,153,183,187,176,167,161,159,154,158,102,0,0,0,0,0,0,0,0,0,0,0,0,0,0,95,141,142,149,153,184,190,163,142,150,152,160,161,86,0,0,0,0,0,0,0,0,0,0,0,0,0,0,108,143,134,147,154,184,189,174,144,144,153,154,151,88,0,0,0,0,0,0,0,0,0,0,0,0,0,0,99,143,143,156,149,186,179,154,140,145,149,142,149,116,0,0,0,0,0,0,0,0,0,0,1,0,0,0,90,171,136,149,153,194,181,153,150,148,155,154,150,118,0,0,0,0,0,0,0,0,0,0,0,0,0,0,124,179,149,151,169,190,190,163,157,163,154,155,147,107,0,0,0,0,0,0,0,0,0,0,0,1,0,0,131,142,151,156,168,195,174,147,147,146,156,137,154,60,0,0,0,0,0,0,0,0,1,2,0,0,0,65,117,138,154,156,167,191,163,144,163,170,152,130,177,61,0,0,0,0,0,1,3,1,0,0,0,26,101,107,109,138,141,157,162,196,179,170,175,163,153,176,190,97,0,0,0,0,4,0,0,0,4,22,54,100,112,132,135,132,141,170,183,178,149,147,151,159,170,171,182,106,0,0,1,0,0,0,18,68,96,107,103,89,110,137,139,137,176,149,196,159,154,171,180,180,178,167,196,101,0,0,0,0,47,97,106,108,99,109,112,136,130,141,159,163,145,188,181,170,186,166,178,168,171,169,195,119,0,0,11,85,121,107,113,126,135,139,122,135,152,159,161,174,198,193,143,183,173,174,176,166,168,164,188,157,0,35,186,153,161,168,184,174,178,174,173,177,178,186,192,187,166,178,184,169,167,166,152,146,150,161,170,135,0,32,159,156,172,187,152,172,177,178,185,187,191,181,196,192,185,202,201,183,175,188,186,175,169,166,169,116,0,0,191,179,158,139,150,161,159,177,172,160,160,156,146,144,142,139,148,152,154,161,150,161,159,149,162,133,0,34,149,139,122,127,129,126,137,134,137,144,149,157,159,158,159,157,159,153,147,151,159,163,169,174,186,148,0,79,207,193,241,244,243,251,253,253,251,254,255,255,255,255,228,255,255,255,255,255,255,254,220,207,223,175,0,13,78,69,71,94,94,90,88,89,69,56,43,35,32,40,54,44,60,72,81,89,93,109,132,118,128,71,0,0,0,0,0,0,0,0,0,0,0,0,0,0,0,0,0,0,0,0,0,0,0,0,0,0,0,0,0,6
0,0,0,0,0,0,0,0,0,0,0,0,0,0,0,0,1,0,0,0,0,0,0,0,1,0,0,0,0,0,0,0,0,0,0,0,0,0,0,0,0,0,0,0,0,0,97,142,174,64,0,0,0,0,0,0,0,0,0,0,0,0,0,0,0,0,0,0,0,0,0,0,106,224,239,227,230,233,255,187,49,0,0,0,0,0,0,0,0,0,0,0,0,0,0,0,0,0,0,191,251,239,218,215,211,224,224,232,233,150,0,0,0,0,0,0,0,0,0,0,0,0,0,0,0,0,125,247,221,226,224,219,214,226,224,215,211,233,101,0,0,0,0,0,0,0,0,0,0,0,0,3,0,0,254,225,226,227,227,223,215,225,224,227,215,213,232,0,0,0,0,0,0,0,0,0,0,0,0,6,0,33,230,225,224,230,229,228,221,229,236,217,218,214,236,0,0,0,0,0,0,0,0,0,0,0,0,2,0,0,255,226,220,231,225,222,223,230,230,221,216,220,214,0,0,0,0,0,0,0,0,0,0,0,0,1,0,0,245,228,225,232,238,230,228,230,226,220,218,222,208,0,0,0,0,0,0,0,0,0,0,0,0,0,0,0,214,235,223,230,238,235,228,230,228,225,220,226,203,0,0,0,0,0,0,0,0,0,0,0,0,0,0,0,181,240,220,232,233,237,231,236,229,228,220,229,200,0,0,0,0,0,0,0,0,0,0,0,0,0,0,0,151,241,220,236,232,237,227,231,229,230,220,231,190,0,0,0,0,0,0,0,0,0,0,0,0,0,2,0,123,242,219,231,230,236,228,230,228,229,222,233,187,0,0,0,0,0,0,0,0,0,0,0,0,0,2,0,105,242,219,231,230,237,230,229,226,227,222,238,186,0,0,0,0,0,0,0,0,0,0,0,0,0,2,0,75,255,215,227,229,239,231,229,226,225,220,239,182,0,0,0,0,0,0,0,0,0,0,0,0,0,1,0,53,255,210,225,230,239,231,227,225,224,218,237,189,0,0,0,0,0,0,0,0,0,0,1,0,0,0,0,147,255,203,233,231,233,234,231,225,228,225,242,219,0,0,0,0,0,0,0,0,0,0,0,0,1,0,24,255,230,222,231,230,233,235,235,224,227,227,223,254,0,0,0,0,0,0,0,0,0,1,0,0,0,34,250,243,218,228,234,237,233,225,220,219,224,227,219,255,42,0,0,0,0,0,0,0,0,0,0,0,109,255,236,218,226,233,228,227,226,225,227,227,225,222,216,255,84,0,0,0,0,0,0,0,0,0,107,234,255,220,223,225,223,224,229,226,226,234,229,225,225,226,221,255,123,0,0,142,202,169,162,166,176,238,255,219,203,214,230,227,224,230,229,226,231,229,221,224,229,232,220,255,124,0,4,211,224,221,218,221,230,216,201,216,217,228,227,225,228,230,224,226,242,243,240,236,237,234,220,255,53,0,108,228,211,212,215,209,210,224,222,227,230,236,231,222,222,226,243,249,222,215,208,200,201,196,206,204,0,0,0,110,187,214,223,223,217,219,221,222,224,229,223,225,241,255,220,149,198,173,183,190,189,195,222,101,0,0,0,0,0,67,166,216,252,224,223,226,231,228,231,255,205,96,0,71,255,219,224,226,221,229,255,5,0,0,0,0,0,0,0,0,46,102,153,178,189,171,131,39,0,0,0,38,111,81,81,79,78,69,42,0,0,0,0,0,0,2,0,0,0,0,0,0,0,0,0,0,0,0,0,0,0,0,0,0,0,0,0,0,0,6
0,0,0,0,0,0,0,0,0,0,0,0,0,0,0,0,0,0,0,0,0,0,0,0,0,0,0,0,0,0,0,0,0,0,0,0,0,0,0,0,0,0,0,0,0,0,0,0,0,0,0,0,0,0,0,0,0,0,0,0,0,0,0,0,0,0,0,0,0,0,0,0,0,0,0,0,0,0,0,0,0,0,0,0,0,0,0,0,0,0,0,0,0,0,0,0,0,0,0,0,0,0,0,0,0,0,0,0,0,0,0,0,0,0,0,0,0,0,0,0,0,0,0,0,0,0,0,0,0,0,0,0,0,0,0,0,0,0,0,0,0,0,0,0,0,0,0,0,0,0,0,0,0,0,0,0,0,0,0,0,0,1,2,1,0,0,14,84,0,0,0,0,0,0,0,0,0,0,0,0,0,0,2,0,5,213,189,2,0,0,0,0,0,0,156,141,0,0,0,0,0,0,0,0,0,0,0,0,0,0,1,0,132,220,231,208,84,80,58,9,116,204,197,0,0,0,0,0,0,0,0,0,0,0,0,0,0,6,0,42,201,212,206,218,234,234,235,227,217,236,151,0,0,0,0,0,0,0,0,0,0,0,0,0,0,0,0,189,208,208,202,216,212,211,212,212,200,233,78,0,0,0,0,0,0,0,0,0,0,0,0,1,0,0,126,210,201,220,215,220,216,214,222,216,209,228,29,0,0,0,0,0,0,0,0,0,0,0,0,0,0,81,250,203,217,208,217,215,219,210,217,210,209,224,21,0,0,0,0,0,2,1,2,0,0,2,0,0,59,241,201,207,211,213,216,211,213,212,210,211,209,231,50,0,0,0,0,0,0,0,0,0,1,0,0,69,255,202,198,204,206,210,211,208,212,215,213,216,205,233,135,0,0,0,1,2,2,4,1,0,0,0,99,240,197,199,211,209,212,212,202,205,212,213,216,222,196,227,206,0,0,2,0,0,0,0,0,0,1,144,230,196,201,201,214,210,199,202,206,215,224,221,221,207,204,222,239,0,0,0,0,0,1,17,41,120,198,218,188,190,205,206,209,207,194,189,200,218,218,212,207,210,217,216,244,10,0,38,162,177,192,205,208,213,184,189,205,200,199,200,195,203,211,204,200,186,175,212,219,221,216,212,242,8,0,180,210,183,178,176,174,178,185,189,195,197,199,200,194,209,216,207,214,210,206,233,230,227,221,221,236,0,114,187,175,196,212,211,214,201,192,195,197,210,220,224,221,231,229,224,224,218,219,222,222,222,214,207,219,4,97,194,199,176,179,172,179,208,214,210,221,220,219,205,200,185,183,185,178,176,169,170,172,167,157,168,196,22,0,33,158,219,217,240,206,185,189,185,193,178,181,182,192,193,194,192,196,195,196,199,196,209,209,208,243,38,0,0,0,0,5,92,141,165,180,137,161,175,173,184,97,162,156,92,160,144,148,146,102,133,132,114,68,0,0,0,0,0,0,0,0,0,0,0,0,0,0,0,0,0,0,0,0,0,0,0,0,0,0,0,0,0,0,0,0,0,0,0,0,0,0,0,0,0,0,0,0,0,0,0,0,0,0,0,0,0,0,0,0,0,0,0,0,0,0,0,0,0,0,0,0,0,0,0,0,0,0,0,0,0,0,0,0,0,0,0,0,0,0,0,0,0,0,0,0,0,0,0,0,0,0,0,0,0,0,0,0,0,0,0,0,0,0,0,0,0,0,0,0,0,0,0,0,0,0,0,0,0,0,0,0,0,0,0,0,0,0,0,0,0,0,0,0,0,6
0,0,0,0,0,0,0,0,0,0,0,0,0,0,0,0,0,0,0,0,0,0,0,0,0,0,0,0,0,0,0,0,0,0,0,0,0,0,0,0,0,0,0,0,0,0,0,0,0,0,0,0,0,0,0,0,0,0,0,0,0,0,0,0,0,0,0,0,0,0,0,0,0,0,0,0,0,0,0,0,0,0,0,0,0,0,0,0,0,0,0,0,0,0,0,0,0,0,0,0,0,0,0,0,0,0,0,0,0,0,0,0,0,0,0,0,0,0,0,0,0,0,0,0,0,0,0,0,0,0,0,0,0,0,0,0,0,0,0,0,0,0,0,0,0,0,0,0,0,0,0,0,0,0,0,0,84,152,120,143,118,68,55,39,8,3,0,0,0,0,0,0,0,0,0,0,0,0,0,0,0,0,0,0,134,212,210,236,255,255,255,251,197,203,74,0,0,0,0,0,0,0,0,0,0,0,0,0,0,2,0,0,173,196,178,184,192,196,210,199,198,188,12,0,0,0,0,0,0,0,0,0,0,0,0,0,0,1,0,0,218,184,183,205,211,215,218,200,200,204,0,0,0,0,0,0,0,0,0,0,0,0,0,0,0,7,0,69,235,179,191,207,210,220,213,195,206,171,0,0,0,0,0,0,0,0,0,0,0,0,0,0,0,0,0,121,221,186,209,215,214,215,211,190,213,142,0,0,0,0,0,0,0,0,0,0,0,0,0,0,0,0,0,195,195,200,217,211,218,219,216,193,219,143,0,0,0,0,0,0,0,0,0,0,0,0,0,1,0,0,130,191,188,187,183,188,219,233,213,199,205,222,8,0,0,0,0,0,0,0,0,0,0,0,0,0,7,147,183,188,176,183,209,219,202,192,190,199,193,220,147,0,0,0,0,0,0,0,0,1,0,0,0,47,196,196,187,202,193,217,221,207,200,194,201,206,212,212,210,0,0,0,0,0,1,3,0,0,0,0,114,217,189,189,213,219,226,232,218,195,199,205,220,220,209,208,222,0,2,4,0,0,0,0,0,0,50,168,189,146,147,116,156,158,160,147,153,179,178,111,120,204,225,211,229,19,2,0,0,0,0,30,69,134,183,132,74,114,152,162,186,182,186,201,219,208,191,180,203,218,208,206,203,0,0,0,91,133,151,132,115,124,90,86,102,148,165,177,201,221,217,219,213,199,197,205,205,204,195,211,197,0,0,188,210,184,177,142,95,103,125,166,184,182,171,187,195,207,201,203,219,222,226,224,227,238,240,229,247,35,50,190,186,200,204,210,238,227,211,227,202,194,232,241,244,238,236,217,201,183,166,150,140,146,140,118,144,39,124,208,187,182,179,170,177,166,184,181,191,190,176,165,141,126,113,114,116,122,132,137,158,143,155,168,190,95,9,115,183,223,216,254,235,227,218,211,213,212,218,214,237,229,255,249,255,255,255,255,243,255,224,217,255,136,0,0,0,0,0,79,38,119,119,134,151,106,185,73,159,54,125,50,81,50,31,64,0,50,24,14,0,0,0,0,0,0,0,0,0,0,0,0,0,0,0,0,0,0,0,0,0,0,0,0,0,0,0,0,0,0,0,0,0,0,0,0,0,0,0,0,0,0,0,0,0,0,0,0,0,0,0,0,0,0,0,0,0,0,0,0,0,0,0,0,0,0,0,0,0,0,0,0,0,0,0,0,0,0,0,0,0,0,0,0,0,0,0,0,0,0,0,0,0,0,0,0,0,0,0,0,0,0,0,0,0,0,0,0,0,0,0,0,0,0,6
0,0,0,0,0,0,0,0,0,0,0,0,0,9,22,40,54,47,36,36,35,39,49,46,67,5,0,0,0,0,0,0,0,0,0,0,0,4,0,54,165,144,155,158,153,151,147,142,135,136,148,138,156,25,0,0,0,0,0,0,0,0,0,0,0,4,0,35,157,117,119,111,115,111,116,128,115,108,111,117,143,20,0,0,0,0,0,0,0,0,0,0,0,2,0,3,154,131,120,123,129,126,119,124,124,112,104,110,143,19,0,0,0,0,0,0,0,0,0,0,0,2,0,6,160,127,131,129,120,134,134,130,128,121,118,121,130,11,0,0,0,0,0,0,0,0,0,0,0,2,0,8,162,117,121,117,117,125,121,123,128,128,119,127,153,18,0,0,0,0,0,0,0,0,0,0,0,0,0,0,154,131,122,128,127,127,123,117,118,119,117,107,151,27,0,0,0,0,0,0,0,0,0,0,0,3,0,0,149,134,125,129,122,119,123,125,120,115,120,109,137,63,0,0,0,0,0,0,0,0,0,0,0,3,0,0,131,135,118,116,117,122,119,122,113,113,118,130,161,27,0,0,0,0,0,0,0,0,0,0,0,2,0,0,113,152,123,116,116,118,116,129,140,149,142,125,142,38,0,0,0,0,0,0,0,0,0,0,0,1,0,0,154,144,128,132,136,130,128,129,103,91,79,79,118,136,0,0,0,0,0,0,0,0,0,0,0,1,0,3,181,134,126,141,135,124,112,93,121,154,185,202,187,202,0,0,0,0,0,0,0,0,0,0,0,1,0,3,143,132,117,93,106,122,139,193,243,222,187,189,149,169,0,0,0,0,0,0,0,0,0,0,0,4,0,98,203,170,201,196,159,111,112,188,217,226,202,160,118,135,0,0,0,0,0,0,0,0,0,0,0,5,0,94,247,212,233,226,229,207,190,225,202,180,128,100,94,126,38,0,0,0,0,0,0,0,0,0,0,1,0,53,166,118,114,110,115,149,178,167,103,82,108,115,112,126,76,0,0,0,0,0,0,0,0,0,0,0,0,137,144,120,118,116,125,147,157,105,114,111,125,114,105,125,96,0,0,0,0,0,0,0,0,0,1,0,15,178,130,132,129,123,125,119,113,121,126,109,116,116,108,120,80,0,0,0,0,0,0,0,0,0,0,0,126,162,126,127,120,117,115,119,121,123,118,113,109,104,108,160,66,0,0,0,0,0,0,0,0,0,0,70,172,127,133,126,117,115,123,125,124,113,122,116,129,165,147,217,44,0,0,2,0,0,0,0,0,0,57,164,134,130,126,124,121,115,122,122,101,147,179,166,221,184,154,192,0,0,0,0,0,0,0,20,69,135,162,135,125,126,122,120,122,119,117,108,162,176,18,25,224,164,153,179,0,0,0,0,106,141,141,152,167,145,120,123,124,121,120,118,128,121,110,197,104,0,0,26,226,160,160,158,0,0,0,47,162,118,118,113,119,121,123,123,125,120,121,122,118,109,189,69,0,0,0,17,224,163,164,121,0,0,0,169,156,128,105,95,101,91,98,103,106,106,110,102,105,209,71,0,0,1,0,6,178,162,167,84,0,0,0,153,221,211,194,179,173,154,131,116,111,109,125,148,242,101,0,0,0,1,0,0,184,179,188,75,0,0,0,0,25,78,137,207,233,248,255,251,252,248,249,248,123,0,0,0,0,1,0,0,151,120,133,28,0,0,0,0,0,0,0,0,0,17,48,58,85,76,72,5,0,0,0,0,0,0,0,0,0,0,0,0,0,0,6
0,0,0,0,0,0,0,0,0,0,0,0,0,0,0,0,0,0,0,0,0,0,0,0,0,0,0,0,0,0,0,0,0,0,0,0,0,0,0,0,0,0,0,0,0,0,0,9,26,47,49,91,92,0,0,0,0,0,0,0,0,0,0,0,0,0,3,0,0,174,203,191,215,241,255,255,255,255,218,226,174,0,0,2,0,0,0,0,0,0,0,0,0,0,4,0,0,223,236,226,226,229,222,225,216,196,203,204,152,0,0,0,0,0,0,0,0,0,0,0,0,0,3,0,0,211,214,214,216,216,218,224,212,202,207,211,182,0,0,1,0,0,0,0,0,0,0,0,0,0,4,0,0,216,221,208,210,210,220,219,209,206,205,213,189,0,0,1,0,0,0,0,0,0,0,0,0,0,4,0,0,255,218,224,223,227,234,214,200,201,197,215,198,0,0,1,0,0,0,0,0,0,0,0,0,0,6,0,0,255,216,218,213,221,207,196,210,222,207,218,210,0,0,2,0,0,0,0,0,0,0,0,0,0,4,0,0,244,221,204,205,197,210,213,181,169,192,209,234,0,0,0,0,0,0,0,0,0,0,0,0,0,3,0,0,242,219,203,208,225,238,200,165,184,211,193,251,62,0,1,0,0,0,0,0,0,0,0,0,0,3,0,0,244,213,205,223,226,224,218,213,211,209,199,217,168,0,0,0,0,0,0,0,0,0,0,0,0,5,0,25,255,210,207,217,215,218,207,202,203,203,208,210,251,42,0,0,0,0,0,0,0,0,0,2,1,1,0,99,231,204,207,210,227,230,202,196,207,210,200,187,223,176,0,0,0,0,0,0,0,0,0,0,2,0,0,186,225,196,215,221,217,188,194,214,213,191,157,144,208,245,41,0,0,0,0,0,0,0,0,0,2,0,16,254,215,203,214,207,188,207,224,237,221,185,159,186,219,228,100,0,0,0,0,0,0,0,0,0,0,0,129,230,198,210,212,205,219,238,227,222,224,219,201,209,202,228,130,0,0,0,0,0,0,0,0,0,0,0,246,222,203,211,227,229,232,225,223,221,232,226,212,204,193,230,110,0,0,0,0,1,1,0,0,0,0,89,238,209,219,212,225,225,221,218,220,240,221,184,196,196,193,241,63,0,0,0,0,0,0,0,2,0,0,246,227,194,217,207,217,214,215,222,236,189,196,221,211,219,202,248,54,0,0,0,0,0,0,1,0,0,145,235,217,210,210,204,219,223,234,225,169,228,244,84,204,205,194,249,48,0,0,0,1,4,0,0,0,83,249,219,212,203,210,202,212,225,207,175,255,202,0,0,248,209,203,246,44,0,3,3,0,0,0,0,120,248,218,216,206,205,208,211,219,208,183,255,106,0,0,64,254,202,201,247,43,0,0,0,0,0,83,194,228,209,208,203,202,205,199,226,218,196,255,97,0,0,0,91,255,202,203,248,37,0,0,41,138,192,225,205,195,205,202,203,208,213,226,219,201,255,151,0,0,0,0,110,223,202,203,250,42,40,183,219,215,210,204,202,205,206,205,207,211,215,225,212,225,169,0,0,0,0,0,139,218,202,203,239,34,101,239,221,225,220,209,207,206,199,199,201,208,221,217,230,194,0,0,0,0,0,0,172,213,198,199,207,38,0,2,68,134,179,222,244,245,250,252,255,255,232,255,186,0,0,0,0,1,6,0,117,236,210,219,255,38,0,0,0,0,0,0,11,38,52,59,82,94,87,44,0,0,0,0,0,0,5,0,14,81,47,45,30,0,6
0,0,0,0,0,0,0,0,0,0,0,0,0,0,0,0,0,0,0,0,0,0,0,0,0,0,0,0,0,0,0,0,0,0,0,0,0,0,0,0,0,0,0,0,0,0,0,0,0,0,0,0,0,0,0,0,0,0,0,0,0,0,0,0,0,0,0,0,0,0,0,0,0,0,0,0,0,0,0,0,0,0,0,0,0,0,0,0,0,0,0,0,0,0,0,0,0,0,0,0,0,0,19,25,44,48,87,122,73,0,0,0,0,0,0,0,0,0,0,0,0,0,0,1,0,87,159,205,226,239,246,252,255,255,217,227,252,0,0,2,0,0,0,0,0,0,0,0,0,0,2,0,0,185,229,225,214,209,210,211,212,209,201,202,198,0,0,1,0,0,0,0,0,0,0,0,0,0,7,0,26,191,202,209,212,212,206,214,219,217,211,202,244,16,0,0,0,0,0,0,0,0,0,0,2,0,3,0,85,208,203,214,211,211,219,222,221,202,200,191,216,107,0,2,0,0,0,0,0,0,0,0,0,0,0,0,156,206,200,211,221,209,211,213,216,204,206,204,217,207,0,0,0,0,0,0,0,0,0,0,0,2,0,0,197,206,207,203,224,218,215,214,214,202,212,181,195,255,5,0,0,0,0,0,0,0,0,0,0,6,0,49,223,202,216,208,206,216,214,216,218,202,205,210,175,216,113,0,0,0,0,0,0,0,0,0,0,3,0,116,225,200,222,216,206,214,214,212,211,193,201,168,118,213,211,0,0,0,0,0,0,0,0,0,2,0,0,179,197,211,220,223,221,209,224,216,210,162,170,100,138,226,236,37,0,0,0,0,0,0,0,0,2,0,33,210,187,223,216,220,222,207,214,210,213,192,175,196,230,203,240,98,0,0,0,0,0,0,0,0,0,0,97,211,191,219,219,212,221,211,189,216,226,235,232,242,218,195,235,120,0,0,0,0,0,0,0,1,0,0,168,186,207,206,222,213,207,205,209,223,235,219,206,204,201,190,246,83,0,0,0,0,1,0,0,0,0,106,189,188,210,210,201,186,185,204,237,209,173,197,190,204,197,191,214,0,0,0,0,1,2,2,1,0,36,196,194,213,196,194,193,208,226,217,182,207,221,202,198,193,182,192,212,0,0,4,0,0,0,0,0,6,171,149,188,200,189,212,225,220,189,178,236,229,150,185,177,182,183,195,188,0,0,0,0,0,23,63,118,135,134,145,191,212,218,210,199,171,191,255,171,0,23,234,171,184,174,196,160,0,0,26,126,166,176,171,136,104,159,199,202,204,206,206,179,201,255,90,0,0,55,228,170,185,174,196,131,0,26,187,204,193,194,199,205,229,218,213,218,220,207,188,209,255,52,0,0,0,56,231,179,183,181,199,92,0,136,233,209,208,201,198,197,207,211,213,213,208,201,223,255,36,0,3,2,0,50,193,171,181,169,195,53,0,0,19,106,156,208,229,247,247,245,250,255,255,244,176,0,0,0,2,6,0,62,207,194,220,194,207,31,0,0,0,0,0,0,0,18,40,48,57,55,36,0,0,0,1,4,7,3,0,26,100,65,71,67,65,0,0,0,0,0,0,0,0,0,0,0,0,0,0,0,0,0,0,0,0,0,0,0,0,0,0,0,0,0,0,0,0,0,0,0,0,0,0,0,0,0,0,0,0,0,0,0,0,0,0,0,0,0,0,0,0,0,0,0,0,0,0,0,0,0,0,0,0,0,0,0,0,0,0,0,0,0,0,0,0,0,0,0,0,0,0,6
0,0,0,0,0,0,0,0,0,0,0,0,0,0,0,0,0,0,0,0,0,0,0,0,0,0,0,0,0,0,0,0,0,0,0,0,0,0,0,0,0,0,0,0,0,0,0,0,0,0,0,0,0,0,0,0,0,0,0,0,0,0,0,0,0,0,0,0,0,0,0,0,0,0,0,0,0,0,0,0,0,0,0,0,0,0,0,0,0,0,0,0,0,0,0,0,0,0,0,0,0,0,0,0,0,0,0,0,0,0,0,0,0,0,0,0,0,0,0,0,0,0,0,0,0,0,0,0,0,0,0,0,0,0,0,0,0,0,0,0,0,0,0,0,0,0,0,0,0,0,0,0,0,0,0,0,0,0,0,0,0,0,0,0,0,0,0,0,0,0,0,0,0,0,0,0,0,0,0,0,1,0,0,56,77,85,85,69,86,114,152,154,135,141,19,0,0,0,0,0,0,0,0,0,0,0,0,0,1,0,26,254,228,245,255,254,255,255,255,254,210,239,34,0,0,0,0,0,0,0,0,0,0,0,0,0,0,0,136,194,173,193,208,219,215,217,217,223,198,197,0,0,0,0,0,0,0,0,0,0,0,0,0,0,0,25,224,184,192,208,223,226,221,224,227,232,207,196,0,0,0,0,0,0,0,0,0,0,0,0,0,0,0,170,214,187,202,218,225,228,219,223,228,228,206,224,10,0,0,0,0,0,0,0,0,0,0,0,0,0,74,235,182,191,222,220,222,226,218,222,227,230,206,238,70,0,0,0,0,0,0,0,0,0,0,2,0,0,201,206,186,198,221,222,220,226,214,219,223,232,215,224,152,0,0,0,0,0,0,0,0,0,0,0,0,147,228,184,193,197,213,218,215,224,222,227,233,242,226,207,213,0,0,0,0,0,0,0,0,0,2,0,70,236,179,176,196,209,218,214,216,222,199,196,190,175,226,216,228,35,0,0,0,0,1,2,0,0,0,30,207,182,172,179,202,215,219,216,219,207,154,158,131,156,235,211,217,63,3,2,7,0,0,0,0,0,61,200,186,165,174,178,189,179,202,201,216,229,223,245,244,253,247,195,218,61,0,0,0,0,5,34,76,161,196,141,145,155,160,181,165,154,216,238,232,211,189,194,188,179,177,175,210,27,0,0,56,114,124,112,108,67,0,48,161,154,161,193,223,243,227,198,169,191,209,194,182,181,190,208,174,0,42,156,177,171,137,41,46,92,116,158,159,178,220,224,214,197,195,229,221,193,117,159,231,199,199,208,166,0,99,207,207,211,212,219,212,202,202,210,210,219,209,192,197,227,164,49,0,0,0,94,222,169,188,204,149,0,0,9,76,137,173,191,209,197,207,211,214,227,217,214,139,14,0,0,0,0,0,167,255,202,209,224,162,0,0,0,0,0,0,0,0,19,38,57,84,71,59,0,0,0,0,3,3,0,0,131,168,133,134,152,72,0,0,0,0,0,0,0,0,0,0,0,0,0,0,0,0,0,0,0,0,0,0,0,0,0,0,0,0,0,0,0,0,0,0,0,0,0,0,0,0,0,0,0,0,0,0,0,0,0,0,0,0,0,0,0,0,0,0,0,0,0,0,0,0,0,0,0,0,0,0,0,0,0,0,0,0,0,0,0,0,0,0,0,0,0,0,0,0,0,0,0,0,0,0,0,0,0,0,0,0,0,0,0,0,0,0,0,0,0,0,0,0,0,0,0,0,0,0,0,0,0,0,0,0,0,0,0,0,0,0,0,0,0,0,0,0,0,0,0,0,0,6
0,0,0,0,0,0,0,0,0,0,0,0,0,0,0,0,0,0,0,0,0,0,0,0,0,0,0,0,0,0,0,0,0,0,0,0,0,0,0,0,0,0,0,0,0,0,0,0,0,0,0,0,0,0,0,0,0,0,0,0,0,0,0,0,0,0,0,0,0,0,0,0,0,0,0,0,0,0,0,0,0,0,0,0,0,0,0,0,0,0,0,0,0,0,0,0,0,0,0,0,0,0,0,0,0,0,0,0,0,0,0,0,0,0,0,0,0,0,0,0,0,0,0,0,0,0,0,0,43,169,20,0,0,0,0,0,0,0,14,27,0,0,0,0,0,0,0,0,0,0,0,0,0,2,0,11,165,233,216,193,152,89,44,10,0,0,45,127,0,0,0,0,0,0,0,0,0,0,0,0,0,2,0,108,204,224,231,246,244,218,249,247,204,128,131,6,0,0,0,0,0,0,0,0,0,0,2,1,0,0,0,148,213,237,233,243,237,182,186,195,198,226,188,0,0,0,0,0,0,0,0,0,0,0,0,0,2,0,62,224,209,204,245,245,252,195,193,192,188,206,60,0,0,0,0,0,0,0,0,0,0,0,1,6,0,0,130,219,247,213,243,245,255,245,183,180,224,211,13,0,0,0,0,0,0,0,0,0,0,0,2,0,0,16,209,213,222,219,255,241,207,254,216,170,209,238,0,0,0,0,0,0,0,0,0,0,1,0,0,0,0,175,228,226,178,252,238,255,214,183,209,190,198,185,0,0,0,0,0,0,0,0,0,1,1,0,0,0,68,221,218,223,220,255,243,246,252,190,188,196,198,179,0,0,0,0,0,0,0,0,0,0,0,2,0,1,236,235,182,204,252,252,242,248,252,231,190,191,195,222,8,0,0,0,0,0,0,0,2,1,5,0,23,199,214,194,213,230,247,242,238,237,255,242,179,197,189,206,23,0,0,0,2,3,0,0,0,0,0,0,110,240,231,190,223,255,246,247,254,253,255,193,188,197,191,208,52,0,2,0,0,0,0,0,0,0,26,170,207,228,255,201,224,220,213,231,232,242,198,193,195,190,184,209,136,0,0,0,0,35,33,85,209,240,237,255,230,225,238,219,230,233,232,222,217,212,235,229,181,193,182,210,174,0,0,78,168,197,187,200,244,249,247,232,222,204,221,239,252,252,255,255,255,239,229,206,192,205,191,209,150,0,12,175,235,239,248,226,211,213,213,218,219,212,230,247,253,240,210,181,189,195,181,180,170,184,191,201,127,0,118,177,173,191,205,234,255,255,254,249,251,246,216,193,185,158,155,163,167,172,185,175,162,167,158,172,194,0,40,211,206,175,159,121,141,188,210,223,208,196,169,172,177,197,216,235,214,186,185,184,199,200,199,209,187,0,0,55,159,254,223,242,223,195,180,164,180,177,189,230,250,219,172,104,123,216,210,223,209,214,212,215,186,0,0,0,0,5,26,98,223,135,255,255,161,255,255,92,10,0,0,0,12,255,205,160,255,212,183,203,143,0,0,0,1,0,0,0,0,0,13,26,0,49,32,0,0,0,0,0,0,56,40,0,32,0,0,0,0,0,0,0,0,0,0,0,0,0,0,0,0,0,0,0,0,0,0,0,0,0,0,0,0,0,0,0,0,0,0,0,0,0,0,0,0,0,0,0,0,0,0,0,0,0,0,0,0,0,0,0,0,0,0,0,0,0,0,0,0,0,0,0,0,0,0,0,0,0,0,0,0,0,0,0,0,0,0,0,0,0,0,0,0,0,6
0,0,0,0,0,0,0,0,0,0,0,0,0,0,0,0,0,0,0,0,0,0,0,0,0,0,0,0,0,0,0,0,0,0,0,0,0,0,0,0,0,0,0,0,0,0,0,0,0,0,0,0,0,0,0,0,0,0,0,0,0,0,0,0,0,0,0,0,0,0,0,0,0,0,0,0,0,0,0,0,0,0,0,0,0,0,0,0,0,0,0,0,0,0,0,0,0,0,0,0,0,0,0,0,0,0,0,0,0,0,0,0,0,0,0,0,0,0,0,0,0,0,0,0,0,0,0,0,0,0,0,0,0,0,2,0,0,1,0,0,0,0,0,0,0,0,0,0,0,0,0,0,0,0,2,2,1,0,0,0,0,2,5,3,0,0,59,14,0,0,0,0,0,0,0,0,0,0,0,0,0,1,0,0,0,1,0,0,0,0,0,0,0,15,160,109,0,0,0,0,0,0,0,0,0,0,0,0,1,0,0,0,0,0,0,0,0,0,7,10,0,23,200,78,0,0,0,0,0,0,0,0,0,0,0,0,0,0,159,191,177,112,32,0,9,203,213,217,202,218,117,0,0,0,0,0,0,0,0,0,0,1,0,2,0,0,197,220,223,220,108,41,239,238,188,215,205,223,64,0,0,0,0,0,0,0,0,0,0,4,0,5,0,64,209,193,201,229,141,54,232,174,152,226,204,212,42,0,0,0,0,0,0,0,0,0,0,0,0,0,0,180,197,208,224,232,132,74,255,221,255,216,205,212,0,0,0,0,0,0,0,0,4,1,1,0,0,0,117,204,215,249,186,207,118,89,156,122,150,235,210,224,0,0,1,0,0,1,2,5,7,0,0,0,0,119,223,198,228,91,7,58,76,95,76,63,18,159,217,201,27,0,0,1,1,0,0,0,0,0,0,125,208,226,188,186,200,4,47,72,77,90,95,99,45,123,219,209,50,0,0,0,0,0,4,54,79,141,212,213,183,190,198,188,222,80,40,80,83,83,89,98,45,167,213,208,119,0,0,0,87,178,203,213,222,214,186,181,182,201,202,199,217,188,41,83,94,101,102,74,61,227,207,205,164,0,0,110,216,192,184,174,173,191,195,201,202,194,197,212,200,227,141,43,73,74,67,33,177,242,202,204,188,0,25,150,182,195,198,201,191,188,191,201,200,195,193,199,209,202,218,112,121,117,98,178,232,197,206,209,210,0,79,189,122,113,163,196,220,233,224,227,232,241,240,223,231,229,217,235,247,254,254,255,237,222,210,204,163,0,0,127,193,156,132,134,141,164,162,170,182,184,192,203,208,214,209,198,192,190,183,169,172,153,152,139,101,0,0,0,42,134,183,180,167,165,162,149,136,126,124,121,124,129,129,130,132,132,138,146,150,160,168,184,120,0,0,0,0,0,25,84,131,151,169,182,186,192,192,193,195,196,192,192,194,191,189,186,175,154,129,102,25,0,0,0,0,0,0,0,0,0,2,14,20,32,38,43,44,44,47,46,41,30,18,12,0,0,0,0,0,0,0,0,0,0,0,0,0,0,0,0,0,0,0,0,0,0,0,0,0,0,0,0,0,0,0,0,0,0,0,0,0,0,0,0,0,0,0,0,0,0,0,0,0,0,0,0,0,0,0,0,0,0,0,0,0,0,0,0,0,0,0,0,0,0,0,0,0,0,0,0,0,0,0,0,0,0,0,0,0,0,0,0,0,0,0,0,0,0,0,0,0,0,0,0,0,0,0,0,0,0,0,0,0,0,0,0,0,0,0,0,0,0,6
0,0,0,0,0,0,0,0,0,0,0,0,0,0,0,0,0,0,0,0,0,0,0,0,0,0,0,0,0,0,0,0,0,0,0,0,0,0,0,0,0,0,0,0,0,5,0,0,0,27,147,107,0,0,1,0,0,0,0,0,0,0,0,0,1,0,0,0,0,0,1,6,0,0,0,3,149,216,228,193,27,0,3,0,0,0,0,0,0,0,0,0,0,0,0,0,4,10,0,0,0,4,162,228,235,229,219,204,111,0,0,0,0,0,0,0,0,0,0,0,0,0,3,10,0,0,0,39,190,233,249,238,228,220,224,211,195,40,0,4,0,0,0,0,0,0,0,0,0,0,0,0,0,99,190,243,234,222,226,238,241,229,230,217,227,169,0,0,0,0,0,0,0,0,0,0,3,0,5,151,224,247,229,213,215,219,236,236,255,127,255,230,214,221,85,0,0,0,0,0,0,0,0,0,9,0,144,252,213,229,234,236,231,219,232,255,187,0,255,236,221,211,212,0,0,0,0,0,0,0,0,0,2,0,188,228,211,78,114,196,249,238,230,255,40,0,252,243,228,211,226,47,0,0,0,0,0,0,0,3,0,0,215,239,188,137,205,116,155,246,242,255,0,0,229,246,236,218,200,73,0,0,0,0,0,0,0,6,0,35,239,232,152,185,255,238,191,237,239,250,0,0,255,251,233,214,206,70,0,0,0,0,0,0,0,2,0,0,195,243,139,119,223,164,216,240,233,255,0,0,236,217,216,195,217,25,0,0,0,0,0,0,0,0,4,0,0,215,221,166,125,136,234,233,238,255,33,0,6,166,199,184,190,0,0,0,0,0,0,0,0,0,0,6,0,41,225,234,255,255,234,236,234,253,151,101,255,244,200,177,199,0,0,0,0,0,0,0,0,0,0,0,0,0,141,242,228,229,235,235,243,224,225,255,139,45,140,217,160,0,0,0,0,0,0,0,0,0,4,0,1,0,14,255,235,236,232,240,220,211,166,0,0,0,24,222,156,0,0,0,0,0,3,0,3,0,0,0,0,0,51,255,232,238,240,222,213,165,0,0,2,0,0,217,152,0,0,0,0,0,0,7,2,0,155,227,204,150,248,242,229,238,224,207,223,0,0,1,1,0,0,210,146,0,0,0,0,0,12,0,0,104,228,239,247,252,247,224,219,225,208,237,27,0,8,0,0,2,0,200,141,0,0,0,0,0,0,0,135,249,189,208,213,208,213,217,230,221,211,101,0,6,0,0,0,11,0,193,139,0,0,4,3,0,99,177,201,146,94,195,204,223,215,236,232,221,197,0,0,1,0,1,0,10,0,184,137,0,0,0,0,30,237,188,210,182,151,219,223,213,232,242,222,224,68,0,5,0,0,0,0,5,0,172,138,0,0,0,0,102,230,208,221,245,219,232,222,239,251,219,225,223,0,0,1,0,0,0,0,8,0,165,140,0,81,154,140,152,215,214,209,206,155,214,225,214,209,211,240,95,0,11,0,0,0,0,0,7,0,154,142,0,44,213,214,202,200,207,208,206,226,222,200,205,212,233,218,0,0,3,0,0,0,0,0,7,0,162,166,0,0,79,164,203,218,228,255,243,236,232,239,236,240,239,111,0,10,0,0,0,0,0,0,6,0,122,137,0,0,0,0,0,36,60,115,152,179,197,187,150,111,35,0,0,0,0,0,0,0,0,0,0,0,0,0,0,0,0,0,0,0,0,0,0,0,0,0,0,0,0,0,0,0,0,0,0,0,0,0,0,0,0,0,0,6
0,0,0,0,0,0,0,0,0,0,0,0,0,0,0,0,0,0,0,0,0,0,0,0,0,0,0,0,0,0,0,0,0,0,0,0,0,0,0,0,0,0,0,0,0,0,0,0,0,0,0,0,0,0,0,0,0,0,0,0,0,0,0,0,0,0,0,0,0,0,0,0,0,0,0,0,0,0,0,0,0,0,0,0,0,0,0,0,0,0,0,0,0,0,0,0,0,0,0,0,0,0,0,0,0,0,0,0,0,0,0,0,0,0,0,0,0,0,0,0,0,0,0,0,0,0,0,0,0,0,0,0,0,3,0,0,0,77,128,0,0,0,0,0,0,0,0,0,0,0,0,0,0,3,0,68,147,40,0,0,0,0,0,56,81,173,79,0,0,0,0,0,0,0,0,0,0,0,0,0,0,2,0,79,249,245,46,0,0,0,129,252,241,198,0,0,0,0,0,0,0,0,0,0,0,0,0,0,0,2,0,47,216,219,192,196,227,229,234,215,210,185,0,0,0,0,0,0,0,0,0,0,0,0,0,0,0,2,0,52,212,209,226,238,239,229,230,219,219,159,0,0,0,0,0,0,0,0,0,0,0,0,0,0,0,2,0,52,227,207,221,210,219,221,236,220,216,141,0,0,0,0,0,0,0,0,0,0,0,0,0,0,0,0,0,86,214,209,220,217,225,227,236,217,219,118,0,0,0,0,0,0,0,0,0,0,0,0,0,0,0,0,0,184,202,216,222,221,228,228,231,216,249,104,0,0,0,0,0,0,1,0,1,1,1,1,0,0,3,0,24,226,194,225,216,225,229,226,232,220,222,135,0,0,0,0,0,0,0,1,1,1,1,0,0,0,0,0,196,182,217,219,217,227,230,227,229,224,218,181,0,0,0,0,2,3,3,2,2,2,0,0,0,0,23,172,143,188,227,217,221,228,231,228,228,227,208,235,3,0,1,0,0,0,0,0,0,0,0,0,39,141,193,135,146,223,215,218,221,228,230,227,233,230,204,252,53,0,0,0,0,23,17,23,52,98,146,171,194,164,126,178,208,201,220,218,221,227,232,222,228,228,174,215,122,0,0,53,178,186,211,220,201,220,202,144,137,139,176,216,203,195,215,229,225,212,217,216,215,176,157,217,179,0,16,185,176,112,49,84,73,64,101,164,203,212,215,210,217,221,210,219,215,212,215,209,203,188,206,215,208,0,38,158,195,220,204,190,190,166,172,176,167,184,204,207,213,227,237,251,244,251,252,251,255,255,231,223,253,6,3,49,80,126,169,202,226,234,232,224,216,217,228,233,230,222,234,214,210,216,206,176,166,159,138,134,140,32,0,0,2,24,48,79,125,158,174,193,199,211,191,157,154,135,93,80,88,95,97,93,95,97,102,109,118,40,1,0,0,0,0,0,4,35,54,64,63,60,60,54,35,18,11,3,27,138,124,129,132,128,116,104,93,30,0,0,0,2,1,0,0,0,0,0,0,0,0,0,0,0,0,0,0,22,13,7,5,3,1,0,0,0,0,0,0,0,0,0,0,0,0,0,0,0,0,0,0,0,0,0,0,0,0,0,0,0,0,0,0,0,0,0,0,0,0,0,0,0,0,0,0,0,0,0,0,0,0,0,0,0,0,0,0,0,0,0,0,0,0,0,0,0,0,0,0,0,0,0,0,0,0,0,0,0,0,0,0,0,0,0,0,0,0,0,0,0,0,0,0,0,0,0,0,0,0,0,0,0,0,0,0,0,0,0,0,0,0,0,0,0,0,0,0,0,6
0,0,0,0,0,0,0,0,0,0,0,0,0,0,0,0,0,0,0,0,0,0,0,0,0,0,0,0,0,0,0,0,0,0,0,0,0,0,0,0,0,0,0,0,0,0,0,0,0,0,0,0,0,0,0,0,0,0,0,0,0,0,0,0,0,0,0,0,0,0,0,0,0,0,0,0,0,0,0,0,0,0,0,0,0,0,0,0,0,0,0,0,0,0,0,0,0,0,0,0,0,0,0,0,0,0,0,0,0,0,0,0,0,0,0,0,0,0,0,0,0,0,0,0,0,0,1,0,0,0,0,0,0,0,0,0,0,29,60,0,0,0,0,0,0,0,0,0,0,0,0,0,0,0,0,0,32,43,34,33,33,29,9,0,0,18,54,0,0,0,0,0,0,0,0,0,0,0,0,0,0,0,0,6,178,202,205,213,236,236,234,215,174,203,8,0,0,0,0,0,0,0,0,0,0,0,0,0,1,0,0,129,182,197,182,206,224,221,230,212,189,180,0,0,0,0,0,0,0,0,0,0,0,0,0,0,0,0,0,162,211,177,184,226,222,214,222,197,189,221,0,0,0,0,0,0,0,0,0,0,0,0,0,2,0,0,182,220,190,179,202,244,230,236,228,184,189,221,0,0,0,0,0,0,0,0,0,0,0,0,0,0,0,27,186,147,198,180,219,242,230,246,203,176,192,215,0,0,0,0,0,0,0,0,0,0,0,0,2,0,23,228,144,216,177,203,232,233,228,243,204,181,193,223,0,0,0,0,0,0,0,0,0,0,0,0,0,0,222,148,187,189,193,223,238,230,228,242,214,184,184,241,50,0,1,0,0,0,0,0,0,0,0,0,2,180,160,171,198,188,214,234,234,228,231,243,228,190,181,209,94,0,0,0,0,0,0,0,1,1,0,0,179,189,134,201,184,189,227,233,227,223,233,242,246,199,177,209,114,0,2,0,1,2,4,0,0,0,0,76,143,142,194,182,201,225,235,227,229,231,228,214,214,205,184,224,150,0,3,3,0,0,0,0,0,18,96,163,116,205,196,213,222,225,226,230,236,223,198,211,230,230,190,193,203,0,0,0,0,17,48,99,173,147,116,64,170,205,198,201,200,205,205,209,217,204,226,248,243,249,226,174,208,9,0,38,148,149,151,168,151,132,105,161,198,200,205,234,241,245,237,227,203,202,196,184,186,190,186,166,218,35,7,149,175,161,116,119,149,198,209,209,198,208,221,213,213,191,164,159,177,180,179,183,186,192,203,201,240,51,80,203,184,186,190,192,189,188,195,207,219,219,204,187,184,200,244,255,252,223,209,220,216,214,209,191,192,36,0,91,160,195,204,203,203,205,209,214,213,207,212,229,255,228,152,82,0,180,230,217,222,220,218,200,208,53,0,0,0,16,87,141,195,221,225,223,217,204,168,77,8,0,0,0,0,181,255,220,230,228,219,196,198,43,0,0,0,0,0,0,0,0,4,0,0,0,0,0,0,0,0,0,0,0,0,0,0,0,0,0,0,0,0,0,0,0,0,0,0,0,0,0,0,0,0,0,0,0,0,0,0,0,0,0,0,0,0,0,0,0,0,0,0,0,0,0,0,0,0,0,0,0,0,0,0,0,0,0,0,0,0,0,0,0,0,0,0,0,0,0,0,0,0,0,0,0,0,0,0,0,0,0,0,0,0,0,0,0,0,0,0,0,0,0,0,0,0,0,0,0,0,0,0,0,0,0,0,0,0,0,0,0,0,0,0,0,0,0,0,0,0,0,0,0,6
0,0,0,0,0,0,0,0,0,0,0,0,0,0,0,0,0,0,0,0,0,0,0,0,0,0,0,0,0,0,0,0,0,0,0,0,0,0,0,0,0,0,0,0,0,0,0,0,0,0,0,0,0,0,0,0,0,0,0,0,0,0,0,0,0,0,0,0,0,0,0,0,0,0,0,0,0,0,0,0,0,0,0,0,0,0,0,0,0,0,0,0,0,0,0,0,0,0,0,0,0,0,0,0,0,0,0,0,0,0,0,0,0,0,0,0,0,0,0,0,0,0,0,0,2,0,6,53,29,0,0,0,0,0,78,87,69,133,74,0,0,0,0,0,0,0,0,0,0,0,0,0,3,0,114,187,160,150,6,0,15,249,208,178,157,180,108,0,0,0,0,0,0,0,0,0,0,0,0,0,2,0,156,182,154,171,192,230,224,207,159,122,136,162,87,0,0,0,0,0,0,0,0,0,0,0,0,0,0,0,195,160,155,167,184,155,148,155,170,140,129,158,113,0,0,0,0,0,0,0,0,0,0,0,0,3,0,29,219,136,147,146,177,174,163,176,156,135,139,169,128,0,0,0,0,0,0,0,0,0,0,0,0,0,0,132,188,143,149,132,159,181,159,180,146,131,136,160,155,0,0,0,0,0,0,0,0,0,0,0,2,0,0,229,162,145,162,142,144,182,169,164,133,130,139,142,168,35,0,0,0,0,0,0,0,0,0,0,0,0,129,189,143,151,159,153,142,140,138,130,136,136,141,139,162,113,0,0,0,0,0,0,0,0,0,6,0,40,226,164,154,150,155,153,149,150,145,139,144,136,146,138,143,150,0,0,0,1,0,0,0,1,0,0,1,201,169,161,151,150,150,154,157,156,148,146,143,139,151,134,144,151,0,1,2,0,0,0,0,0,0,11,181,174,152,152,148,144,143,152,157,158,149,148,141,148,149,118,166,125,7,0,0,0,0,0,0,0,79,200,172,147,161,149,146,155,144,150,163,153,137,126,122,141,162,147,228,115,0,10,132,174,169,159,166,192,210,162,146,150,155,152,145,141,144,152,150,136,128,156,201,209,212,178,237,59,0,135,226,179,168,172,174,169,146,155,155,144,147,154,150,145,146,142,140,206,255,246,199,183,175,146,218,43,0,140,181,154,150,150,138,147,147,147,148,146,151,151,154,151,149,187,221,239,45,111,220,185,186,170,233,17,51,234,193,169,151,150,148,138,138,142,140,144,147,142,131,172,210,236,80,0,0,130,207,185,179,170,221,0,4,167,220,216,201,182,171,168,165,164,162,161,166,169,196,195,109,0,0,0,0,144,207,182,177,175,175,0,0,0,38,128,194,196,212,214,217,211,223,217,201,211,177,30,0,0,3,4,0,116,229,206,204,207,216,0,0,0,0,0,0,0,16,54,96,38,113,109,56,52,0,0,0,1,0,1,0,0,56,29,29,32,17,0,0,3,3,0,0,0,0,0,0,0,0,0,0,0,0,2,0,0,0,0,0,0,0,0,0,0,0,0,0,0,0,0,0,0,0,0,0,0,0,0,0,0,0,0,0,0,0,0,0,0,0,0,0,0,0,0,0,0,0,0,0,0,0,0,0,0,0,0,0,0,0,0,0,0,0,0,0,0,0,0,0,0,0,0,0,0,0,0,0,0,0,0,0,0,0,0,0,0,0,0,0,0,0,0,0,0,0,0,0,0,0,0,0,0,0,0,0,0,0,0,0,0,0,0,0,0,0,0,0,0,0,0,0,0,0,0,0,0,0,0,6
0,0,0,0,0,0,0,0,0,0,0,0,0,0,0,0,0,0,0,0,0,0,0,0,0,0,0,0,0,0,0,0,0,0,0,0,0,0,0,0,0,0,0,0,0,0,0,0,0,0,0,0,0,0,0,0,0,0,0,0,0,0,0,0,0,0,0,0,0,0,0,0,0,0,0,0,0,0,0,0,0,0,0,0,0,0,0,0,0,0,0,0,0,0,0,0,2,4,0,0,0,0,0,0,0,32,103,112,87,0,0,0,0,0,0,0,0,0,0,0,0,0,0,0,0,0,0,0,0,4,59,116,153,202,178,160,158,0,0,0,0,0,0,0,0,0,0,0,0,0,0,0,0,10,39,83,138,169,178,164,142,151,153,136,164,26,0,0,0,0,0,0,0,0,0,0,2,0,32,140,145,178,162,156,147,142,136,129,138,145,164,129,151,90,0,0,0,0,0,0,0,0,0,0,4,0,41,147,127,142,123,120,129,142,147,140,131,145,153,129,136,147,6,0,0,0,0,0,0,0,0,0,4,0,41,140,114,151,131,134,134,142,140,131,131,153,156,134,131,151,101,0,0,0,0,0,0,0,0,0,4,0,50,136,105,151,129,129,131,142,134,123,129,149,129,123,127,125,149,0,0,0,0,0,0,0,0,0,2,0,63,131,92,145,120,125,125,138,131,127,136,129,123,127,131,123,138,39,0,0,0,0,0,0,0,0,0,0,76,125,98,142,118,118,123,138,136,131,134,118,120,136,138,134,153,74,0,0,0,0,0,0,0,0,0,0,90,118,109,136,123,118,127,134,127,118,118,123,123,138,147,149,164,76,0,0,0,0,0,0,0,0,0,0,87,114,94,116,118,120,120,120,114,114,125,138,149,149,153,156,186,41,0,0,0,0,0,0,0,0,0,0,94,118,92,103,109,112,109,114,125,134,147,158,140,145,175,145,184,4,0,0,0,0,0,0,0,0,0,0,101,129,103,123,118,114,112,112,123,149,153,129,200,180,156,167,160,0,0,0,0,0,0,0,0,0,0,0,105,125,90,114,114,116,120,127,138,153,123,215,147,0,0,189,140,0,0,0,0,0,0,0,0,0,0,28,107,85,83,96,105,114,123,131,160,112,226,96,0,0,0,184,131,0,0,0,0,0,2,0,0,0,0,65,79,72,90,94,107,118,129,153,118,219,118,0,0,0,0,189,112,0,0,0,2,0,0,0,0,0,57,72,70,81,85,101,114,127,147,120,191,145,0,0,0,0,0,180,107,0,0,0,0,0,2,17,39,68,65,50,81,101,107,109,116,125,136,167,204,0,0,2,0,0,0,182,101,0,0,2,37,54,63,74,68,50,48,59,70,90,105,114,151,156,103,217,65,0,2,0,0,0,0,173,103,0,54,61,59,63,59,63,65,65,74,85,90,98,112,114,123,129,160,189,0,0,0,0,0,0,0,171,98,0,138,151,127,114,109,98,87,79,76,85,94,96,105,112,118,145,233,0,0,0,0,0,0,0,0,158,85,0,21,79,138,164,180,189,189,182,156,153,147,136,129,167,191,213,48,0,0,0,0,0,0,0,0,254,193,0,0,0,0,0,0,13,59,76,123,147,158,162,158,131,87,0,0,0,0,0,0,2,0,0,0,125,107,0,0,0,0,0,0,0,0,0,0,0,0,0,0,0,0,0,0,0,0,0,0,0,0,0,0,0,0,0,0,0,0,0,0,0,0,0,0,0,0,0,0,0,0,0,0,0,0,0,0,0,0,0,0,0,0,0,6
0,0,0,0,0,0,0,0,0,0,0,0,0,0,0,0,0,0,0,0,0,0,0,0,0,0,0,0,0,0,0,0,0,0,0,0,0,0,0,0,0,0,0,0,0,0,0,0,0,0,0,0,0,0,0,0,0,0,0,0,0,0,0,0,0,0,0,0,0,0,0,0,0,0,0,0,0,0,0,0,0,0,0,0,0,0,0,0,0,0,0,0,0,0,1,0,1,0,0,0,0,0,0,0,0,0,0,0,27,167,0,0,0,0,0,0,0,0,0,0,0,0,1,3,0,49,189,159,213,208,215,214,212,209,207,172,153,162,0,0,0,0,0,0,0,0,0,0,0,0,0,4,0,89,198,188,196,202,203,206,208,209,211,212,224,138,0,0,0,0,0,0,0,0,0,0,0,0,0,4,0,96,189,189,189,190,195,204,210,210,206,196,208,106,0,0,0,0,0,0,0,0,0,0,0,1,0,1,0,125,189,184,185,183,187,183,198,206,208,202,206,76,0,0,0,0,0,0,0,0,0,0,0,0,0,0,0,147,185,180,194,195,197,191,185,177,211,200,206,95,0,0,0,0,0,0,0,0,0,0,0,1,1,0,0,164,179,181,194,197,197,202,187,174,204,197,207,151,0,0,0,0,0,0,0,0,0,0,0,0,4,0,7,186,183,188,197,197,189,193,191,191,203,204,205,212,0,0,0,0,0,0,0,0,0,0,0,0,0,0,40,200,178,186,200,191,170,185,203,203,204,203,199,212,58,0,0,0,0,0,0,1,0,0,0,1,0,0,140,197,179,201,199,199,195,197,200,197,206,204,203,204,177,0,1,1,0,0,0,0,0,0,0,6,0,50,215,178,197,200,194,197,201,205,199,186,199,207,203,192,237,21,1,0,0,0,0,0,0,0,1,0,0,184,186,181,196,186,179,176,176,169,186,179,190,196,192,191,233,74,0,0,1,1,0,0,0,0,0,0,118,189,181,197,190,187,191,191,168,177,195,187,193,198,195,186,229,93,1,2,0,0,0,0,0,0,0,55,214,181,195,195,198,186,184,202,208,213,199,192,194,197,196,186,234,82,0,0,0,0,1,0,5,0,1,190,184,183,192,192,188,177,190,200,201,201,190,193,192,207,212,205,237,7,0,1,6,4,0,0,0,1,179,210,175,187,177,181,184,186,204,196,187,199,220,198,203,212,211,211,239,0,1,0,0,0,0,0,41,159,187,170,179,183,174,178,197,199,206,190,227,252,159,212,231,215,206,209,229,0,0,0,10,62,125,175,190,167,165,171,184,188,186,193,193,193,203,226,210,30,0,204,227,201,205,210,228,0,0,103,151,179,178,172,171,180,184,190,199,196,199,213,195,217,255,102,0,0,0,200,212,195,197,206,222,0,84,176,161,179,178,180,183,190,195,198,199,203,199,200,229,241,26,0,0,0,0,196,212,199,200,208,181,0,45,200,217,209,203,194,185,185,190,188,194,194,206,233,188,0,0,7,0,0,0,165,220,204,205,212,187,0,0,16,71,148,209,228,244,245,242,239,230,246,247,104,0,0,4,0,0,5,0,198,213,197,193,200,191,0,0,0,0,0,0,0,16,47,62,63,63,46,0,0,0,0,0,0,0,1,0,5,0,0,0,0,0,0,0,0,0,0,0,0,0,0,0,0,0,0,0,0,0,0,0,0,0,0,0,0,0,0,0,0,0,0,0,0,0,0,0,0,0,0,0,0,0,0,0,0,0,0,0,0,0,0,0,0,0,0,0,0,0,0,6
0,0,0,0,0,0,0,0,0,0,0,0,0,0,0,0,0,0,0,0,0,0,0,0,0,0,0,0,0,0,0,0,0,0,0,0,0,0,0,0,0,0,0,0,0,0,0,0,0,0,0,0,0,0,0,0,0,0,0,0,0,0,0,0,0,0,0,0,0,0,0,0,0,0,0,0,0,0,0,0,0,0,0,0,0,0,0,0,0,0,0,0,0,0,0,0,0,3,0,2,0,0,0,32,47,99,0,0,0,0,0,0,0,0,0,0,0,0,0,0,0,0,0,0,4,10,0,0,0,42,228,255,219,237,36,0,1,0,0,0,0,0,0,0,0,0,0,0,0,0,7,0,0,0,0,72,216,255,198,211,201,216,182,0,0,2,0,0,0,0,0,0,0,0,0,0,0,0,0,0,5,148,255,254,202,223,183,209,175,199,229,39,0,6,1,0,0,0,0,0,1,0,0,0,1,0,53,235,255,216,104,160,215,250,207,168,255,228,95,0,0,1,0,0,0,0,0,0,1,0,1,6,0,37,255,146,75,161,245,206,174,205,246,223,131,0,0,0,0,0,0,0,0,0,0,0,0,1,1,2,0,49,233,157,208,164,93,142,254,219,255,103,0,0,3,0,0,0,1,1,0,0,0,0,0,2,3,0,0,224,178,255,111,146,255,219,133,151,218,228,0,0,0,0,1,2,0,0,0,0,0,0,0,1,5,0,62,185,104,255,255,201,0,0,0,204,180,229,64,0,2,0,0,0,0,0,0,0,0,0,0,0,7,0,47,247,255,44,164,255,0,0,0,167,160,224,190,0,0,0,0,80,255,126,0,0,0,0,0,0,9,0,195,122,252,129,0,240,255,0,0,93,190,176,255,0,10,173,218,241,252,86,0,0,0,0,0,0,5,0,173,111,0,255,215,0,250,255,0,0,177,13,192,226,255,253,234,219,221,1,0,0,0,0,0,0,3,0,0,255,181,0,240,249,1,255,236,0,62,183,237,209,34,41,218,238,220,0,0,0,0,0,0,2,5,6,0,0,251,248,0,186,255,70,237,159,225,255,75,0,0,0,219,245,159,0,0,0,0,0,2,0,0,0,0,0,0,175,255,0,106,255,138,252,243,6,0,0,0,0,208,248,72,0,0,0,0,0,0,0,40,46,14,0,0,0,77,255,46,133,255,219,0,0,1,0,0,0,196,244,31,0,0,0,1,0,0,135,223,223,237,200,95,0,0,0,249,223,252,0,0,4,0,0,0,0,195,234,0,0,0,3,2,0,13,255,169,159,228,221,255,178,0,0,216,234,3,0,0,0,1,1,0,0,194,215,0,0,0,0,0,0,111,255,213,67,186,246,216,255,117,172,255,49,0,0,0,0,0,0,0,0,194,196,0,0,0,0,0,0,122,228,252,138,0,255,227,229,225,255,113,0,0,0,0,0,0,0,0,0,194,182,0,0,124,215,195,193,209,227,226,177,138,232,230,229,252,151,0,0,0,0,0,0,0,0,0,0,196,172,0,0,35,215,234,241,241,240,255,255,255,255,255,255,137,0,0,1,0,0,0,0,0,0,0,0,208,168,0,0,0,0,43,50,70,91,108,113,96,73,56,0,0,0,1,0,0,0,0,0,0,0,3,0,93,63,0,0,0,0,0,0,0,0,0,0,0,0,0,0,0,0,0,0,0,0,0,0,0,0,0,0,0,0,0,0,0,0,0,0,0,0,0,0,0,0,0,0,0,0,0,0,0,0,0,0,0,0,0,0,0,0,0,0,6
0,0,0,0,0,0,0,0,0,0,0,0,0,0,0,0,0,0,0,0,0,0,0,0,0,0,0,0,0,0,0,0,0,0,0,0,0,0,0,0,0,0,0,0,0,0,0,0,0,0,0,0,0,0,0,0,0,0,0,0,0,0,0,0,0,0,0,0,0,0,0,0,0,0,0,0,0,0,0,0,0,0,0,0,0,0,0,0,0,0,0,0,0,0,0,0,0,0,0,0,0,0,0,0,0,0,0,0,0,0,0,0,0,0,0,0,0,0,0,0,0,0,0,0,0,0,0,0,0,0,0,0,0,0,0,0,0,0,0,0,0,0,0,0,0,0,0,0,0,0,0,0,0,0,0,1,0,31,42,0,0,0,0,0,0,131,16,0,0,0,0,0,0,0,0,0,0,0,0,0,0,0,0,0,39,124,142,156,171,165,146,120,122,104,0,0,0,0,0,0,0,0,0,0,0,0,0,0,0,4,0,14,168,115,124,142,163,165,169,175,180,40,0,4,0,0,0,0,0,0,0,0,0,0,0,0,0,4,0,58,120,126,143,147,168,172,168,160,165,19,0,1,0,0,0,0,0,0,0,0,0,0,0,0,3,0,15,185,115,149,158,160,167,176,178,162,171,49,0,0,0,0,0,0,0,0,0,0,0,0,0,0,0,0,102,137,118,140,153,163,158,164,159,147,186,87,0,0,0,0,0,0,0,0,0,0,0,1,0,4,0,44,192,142,127,140,160,165,160,163,155,150,185,103,0,0,0,0,0,0,0,0,0,0,0,0,2,0,38,154,117,94,144,146,159,156,166,163,154,141,154,154,0,0,0,0,0,0,0,0,0,0,0,4,0,30,168,151,122,142,160,154,164,159,160,148,138,166,197,204,11,0,0,0,0,0,0,0,0,2,5,0,45,169,123,114,150,158,151,167,159,146,137,154,220,225,213,210,20,0,0,1,0,0,0,3,0,0,0,0,119,117,99,147,158,158,165,173,162,141,190,240,224,222,210,212,63,0,2,0,0,0,0,0,0,0,35,89,129,104,146,151,152,149,150,149,142,202,247,210,209,236,213,201,129,0,0,0,76,92,93,90,108,150,102,106,115,128,151,150,154,150,138,134,205,254,231,247,246,236,205,195,162,0,0,138,168,139,118,114,151,134,104,205,212,215,215,199,165,162,165,190,235,216,228,236,248,244,221,212,172,0,59,134,175,201,203,196,192,207,224,225,229,234,232,224,216,197,175,204,214,208,193,180,169,163,158,166,156,7,58,141,136,136,159,176,186,197,204,214,220,216,211,195,190,195,186,175,177,144,147,151,154,159,164,176,191,76,0,22,125,177,160,161,151,146,160,144,149,153,158,167,163,150,135,98,146,241,228,227,234,234,231,201,203,87,0,0,0,0,19,58,84,124,117,132,131,125,132,40,0,0,0,0,0,67,142,114,110,101,87,84,69,6,0,0,0,0,0,0,0,0,0,0,0,0,0,0,0,0,0,0,0,0,0,0,0,0,0,0,0,0,0,0,0,0,0,0,0,0,0,0,0,0,0,0,0,0,0,0,0,0,0,0,0,0,0,0,0,0,0,0,0,0,0,0,0,0,0,0,0,0,0,0,0,0,0,0,0,0,0,0,0,0,0,0,0,0,0,0,0,0,0,0,0,0,0,0,0,0,0,0,0,0,0,0,0,0,0,0,0,0,0,0,0,0,0,0,0,0,0,0,0,0,0,0,0,0,0,0,0,0,0,0,0,0,0,0,0,0,0,0,0,0,6
0,0,0,0,0,0,0,0,0,0,0,0,0,0,0,3,2,2,0,0,0,43,71,0,0,2,0,0,0,0,0,0,0,0,0,0,1,4,6,7,0,0,0,0,0,0,0,9,165,237,234,48,0,6,0,0,0,0,0,0,0,0,0,0,0,0,0,0,0,0,0,0,36,117,221,255,248,235,229,107,0,0,0,0,0,0,0,0,0,0,0,0,0,9,33,127,154,194,215,254,241,250,240,229,228,234,228,224,62,0,5,0,0,0,0,0,0,0,2,1,0,240,234,245,243,220,224,232,227,223,219,233,231,225,252,171,153,0,0,0,0,0,0,0,0,0,1,7,0,94,245,228,244,241,250,246,239,245,252,255,233,226,232,229,154,64,0,1,0,0,0,0,0,1,1,1,0,0,255,255,162,127,110,49,52,78,104,162,243,255,232,230,240,197,0,0,0,0,0,0,0,0,0,0,0,0,24,0,0,0,0,0,0,0,0,0,0,118,255,228,230,255,5,0,0,0,0,0,0,0,0,0,0,0,0,0,29,21,1,0,0,0,0,0,0,0,236,239,208,255,121,0,0,0,0,0,0,0,0,4,0,55,108,249,255,255,255,237,215,219,213,213,236,252,242,232,220,230,255,0,0,0,0,0,0,0,0,5,0,36,222,224,226,224,219,219,226,239,246,255,252,247,231,222,231,224,255,51,0,0,0,0,0,0,0,2,0,0,216,246,234,214,217,225,233,229,238,236,234,232,228,226,228,222,255,124,0,0,0,0,0,0,0,0,0,0,50,133,220,255,255,255,225,234,231,234,235,236,230,226,231,220,255,108,0,0,0,0,0,0,0,0,0,0,0,0,0,40,40,235,255,229,239,232,227,233,228,229,230,217,255,58,0,0,0,0,0,0,0,0,0,3,6,0,0,0,0,0,179,255,227,230,234,232,216,219,221,227,255,0,0,0,0,0,0,0,0,0,3,7,2,2,3,5,5,0,0,161,255,234,229,238,255,255,245,238,201,0,0,0,0,0,0,0,0,0,0,0,0,0,0,0,0,0,0,0,187,239,237,255,152,0,154,253,112,0,0,0,0,0,0,0,4,0,81,157,92,108,85,52,17,0,0,0,99,246,233,7,0,0,110,254,45,0,0,0,0,0,0,0,7,0,182,251,233,246,245,239,255,255,239,135,240,253,0,0,2,0,127,252,11,0,0,0,0,0,0,2,0,0,240,244,235,224,217,220,231,229,235,236,255,31,0,9,1,0,140,236,0,0,0,0,0,0,0,0,0,71,208,165,204,255,241,211,226,228,227,244,142,0,0,0,3,0,132,221,0,0,0,0,0,1,0,0,163,247,205,0,0,16,255,255,217,237,239,253,9,0,4,0,2,0,137,207,0,0,0,0,0,7,0,18,255,231,245,255,0,0,0,248,255,229,240,160,0,0,0,0,9,0,143,199,0,0,0,6,6,0,0,0,241,235,223,252,255,22,0,0,241,236,228,34,0,6,0,0,11,0,151,192,0,0,0,0,0,0,0,0,181,250,226,224,255,250,19,45,21,219,228,30,0,4,0,0,11,0,156,183,0,0,0,80,187,176,223,221,230,229,215,220,238,222,101,0,152,253,102,0,0,1,0,0,12,0,160,169,0,0,0,99,218,226,229,255,255,255,255,252,246,255,255,255,255,140,0,0,2,0,0,0,12,0,170,157,0,6,0,0,0,10,45,79,98,136,163,188,209,192,174,125,7,0,0,2,0,0,0,0,5,0,60,34,0,2,6
0,0,0,0,0,0,0,0,0,0,0,0,0,0,0,0,0,0,0,0,0,0,0,0,0,0,0,0,0,0,0,0,0,0,0,0,0,0,0,0,0,0,0,0,0,0,0,0,0,0,0,0,0,0,0,0,0,0,0,0,0,0,0,0,0,0,0,0,0,0,0,0,0,0,0,0,0,0,0,0,0,0,0,0,0,0,0,0,0,0,0,0,0,0,0,0,0,0,0,0,0,0,0,0,0,0,0,0,0,0,0,0,0,0,0,0,0,0,0,0,0,0,0,0,0,0,0,0,0,0,0,0,0,0,0,0,0,0,0,0,0,0,0,0,0,0,0,0,0,0,0,0,0,0,31,96,43,0,0,0,0,0,0,0,0,0,0,0,0,0,0,0,0,0,0,0,0,0,0,0,4,0,139,226,87,76,0,0,0,0,1,1,0,0,0,0,0,0,0,0,0,0,0,0,0,0,0,0,1,0,180,127,165,202,189,56,0,0,0,0,0,3,0,0,0,0,0,0,0,0,0,0,0,1,1,0,0,0,129,130,233,193,202,211,163,91,5,0,0,0,0,0,0,0,0,0,0,0,0,0,0,0,0,0,0,0,20,208,217,205,215,203,208,211,230,187,134,96,9,0,0,0,0,0,0,0,0,0,0,0,0,0,0,0,183,220,207,206,208,220,209,203,203,206,204,203,49,0,0,0,0,0,0,0,0,0,0,0,0,0,0,45,255,206,211,218,209,193,206,205,202,201,183,195,89,0,0,0,0,1,3,0,0,0,1,4,2,0,104,184,167,196,228,208,220,218,195,205,208,201,189,203,158,0,0,0,0,0,1,0,0,0,0,0,0,13,186,173,199,194,196,217,208,211,219,201,202,195,190,195,172,0,0,0,0,0,0,0,2,0,0,4,69,182,206,190,225,240,211,185,202,208,209,205,199,195,191,188,204,8,0,2,1,1,0,0,0,0,59,151,217,188,213,201,210,204,209,218,199,200,206,212,203,195,197,189,210,34,0,0,0,0,0,0,34,148,211,170,166,220,193,219,192,202,201,206,215,202,202,200,205,196,200,193,211,46,0,1,48,70,81,70,188,158,130,219,177,215,205,192,214,203,209,211,203,213,205,201,200,200,203,191,222,73,55,143,113,92,64,98,197,192,184,176,218,166,212,221,202,214,206,208,206,205,204,203,197,197,198,186,186,57,119,224,190,172,156,174,185,187,196,163,165,216,195,206,212,207,213,208,214,211,208,213,209,211,210,199,234,31,6,62,139,183,209,222,212,221,197,208,214,217,229,221,239,227,223,213,219,222,232,225,225,210,176,137,81,0,38,39,5,8,32,71,130,168,176,164,158,124,84,50,25,4,0,3,1,2,4,1,0,0,0,0,0,1,0,13,40,42,34,18,0,0,0,0,0,0,0,3,12,23,23,24,26,24,23,22,19,26,31,36,42,14,0,0,0,0,8,22,34,39,43,44,43,42,43,38,33,34,34,36,37,36,37,37,33,34,28,21,12,0,0,0,0,0,0,0,0,0,0,0,0,0,0,0,0,0,0,0,0,0,0,0,0,0,0,0,0,0,0,0,0,0,0,0,0,0,0,0,0,0,0,0,0,0,0,0,0,0,0,0,0,0,0,0,0,0,0,0,0,0,0,0,0,0,0,0,0,0,0,0,0,0,0,0,0,0,0,0,0,0,0,0,0,0,0,0,0,0,0,0,0,0,0,0,0,0,0,0,0,0,0,0,0,0,0,0,0,0,0,0,0,0,6
0,0,0,0,0,0,0,0,0,0,0,0,0,0,0,0,0,0,0,0,0,0,0,0,0,0,0,0,0,0,0,0,0,0,0,0,0,0,0,0,0,0,1,0,0,0,0,0,0,0,0,0,33,182,61,0,0,0,0,0,0,0,0,0,0,0,0,0,0,0,0,55,65,39,46,56,29,0,0,0,28,253,92,0,0,0,0,0,0,0,0,0,0,1,0,0,2,0,0,202,208,148,175,196,221,149,183,200,159,220,102,0,0,0,0,0,0,0,0,0,0,0,0,0,3,0,51,221,169,112,118,133,150,180,177,195,191,223,68,0,0,0,0,0,0,0,0,0,0,0,0,0,0,0,140,228,160,132,152,152,127,188,160,189,186,223,24,0,0,0,0,0,0,0,0,0,0,0,0,1,0,0,186,214,152,111,128,160,151,190,160,181,195,198,0,0,0,0,0,0,0,0,0,0,0,0,0,1,0,26,216,195,140,132,143,168,155,198,180,173,204,185,0,0,0,0,0,0,0,0,0,0,0,0,0,0,0,120,226,182,131,139,146,157,167,179,192,159,203,195,0,0,0,0,0,0,0,0,0,0,0,1,1,0,0,180,217,173,136,138,117,142,162,168,199,163,190,223,59,0,0,0,0,0,0,0,0,0,0,0,0,0,28,212,212,155,135,151,143,174,148,169,220,173,187,226,159,0,0,0,0,0,0,0,0,0,0,0,7,0,113,223,215,144,130,162,134,142,158,179,226,191,194,219,238,0,0,0,0,0,0,0,0,0,0,4,0,0,207,213,215,139,128,152,131,150,157,193,226,179,147,215,224,82,0,0,0,0,0,0,0,0,0,3,0,57,218,211,220,143,128,153,152,163,158,191,223,199,117,225,222,158,0,0,0,0,0,0,0,0,0,0,0,177,215,216,205,162,141,154,165,163,178,208,221,223,151,185,225,152,0,0,0,0,1,0,0,0,0,0,49,219,212,217,189,164,132,132,148,173,195,212,221,206,172,172,255,62,0,0,0,0,3,4,0,0,0,0,225,220,221,217,184,140,135,171,161,183,196,215,210,195,223,223,217,20,0,0,0,0,0,1,5,0,0,143,233,214,219,193,166,144,143,156,161,183,206,222,211,229,210,146,152,27,0,0,3,3,0,0,0,0,162,233,220,221,230,199,168,147,126,125,159,196,218,222,235,182,124,168,190,0,0,0,0,0,0,0,50,230,242,223,231,224,228,198,174,163,143,162,181,210,226,218,166,184,177,179,157,0,0,0,0,86,176,233,233,226,219,225,219,219,215,195,173,165,164,182,201,229,216,160,204,209,172,183,111,0,0,49,211,242,238,231,219,219,227,222,217,213,211,200,178,177,191,201,209,215,211,206,227,185,174,198,36,0,0,200,220,211,221,218,218,222,209,202,191,186,188,201,198,200,212,209,218,237,84,148,217,186,160,82,0,0,0,176,207,220,218,204,176,161,145,147,136,135,144,176,204,209,210,211,227,148,0,0,0,0,0,0,0,0,27,231,228,216,220,220,204,191,181,176,168,164,169,180,201,213,215,228,196,1,0,4,0,0,2,8,0,0,0,159,203,224,251,249,247,246,245,238,241,242,240,244,242,237,213,186,60,0,0,0,1,2,0,0,0,0,0,0,0,43,76,94,98,110,116,112,105,92,88,68,42,19,0,0,0,0,0,0,0,0,0,0,0,0,0,0,0,0,0,0,0,0,0,0,0,0,0,0,0,0,0,0,0,0,0,0,0,0,0,0,0,0,6
0,0,0,0,0,0,0,0,0,0,0,0,0,0,0,0,0,0,0,0,0,0,0,0,0,0,0,0,0,0,0,0,0,0,0,0,0,0,0,0,0,0,0,0,0,0,1,0,0,0,0,0,1,0,107,24,0,0,0,0,0,0,0,0,0,0,0,0,0,5,0,67,114,9,0,4,0,0,1,1,8,0,212,6,0,0,0,0,0,0,0,0,0,0,0,0,0,7,0,78,201,182,23,0,6,4,6,1,0,18,150,0,0,0,0,0,0,0,0,0,0,0,0,0,0,4,0,106,181,218,68,0,0,0,0,0,20,176,82,0,0,0,0,0,0,0,0,0,0,0,0,0,1,0,0,152,182,204,137,54,64,45,43,176,224,212,4,0,0,0,0,0,0,0,0,0,0,0,0,0,3,0,0,184,186,205,228,228,228,221,222,224,213,177,0,0,0,0,0,0,0,0,0,0,0,0,0,0,4,0,58,205,186,210,215,210,211,211,213,203,215,184,0,0,0,0,0,0,0,0,0,0,0,0,0,0,2,0,115,196,193,222,212,218,220,216,208,197,209,193,0,0,0,0,0,0,0,0,0,0,0,0,0,3,0,0,187,184,211,220,210,217,215,204,199,208,209,209,19,0,0,0,0,0,0,0,0,0,0,0,0,4,0,63,218,192,222,205,214,215,215,206,215,213,205,221,120,0,0,0,0,0,0,0,0,0,0,1,1,0,0,165,189,206,214,209,216,218,214,218,229,221,215,212,207,0,0,0,0,0,0,0,0,0,0,0,8,0,47,210,189,224,201,216,215,210,220,235,213,193,217,211,230,21,0,0,0,0,0,0,0,0,0,0,1,0,153,188,201,214,206,217,221,212,212,175,149,158,203,209,240,56,0,0,0,0,0,0,0,0,0,7,0,61,208,179,216,200,212,214,217,209,201,175,192,215,218,208,233,61,0,0,0,0,0,0,0,0,2,0,0,173,203,177,203,217,211,211,212,218,225,241,234,228,204,189,231,71,3,0,1,1,0,0,0,3,0,0,68,193,172,188,196,210,210,209,209,217,213,190,185,193,194,193,254,83,0,0,2,1,1,3,5,0,0,38,180,172,171,195,219,217,212,215,212,207,223,222,212,228,231,203,239,65,0,3,2,3,0,0,0,2,97,192,197,179,205,210,226,229,217,227,209,247,232,91,250,227,221,207,235,59,2,1,0,0,0,15,80,157,192,195,181,195,215,217,222,221,195,182,233,235,0,0,255,224,224,209,234,62,0,0,18,91,104,114,131,135,169,178,188,211,222,224,226,199,165,237,187,0,0,0,255,221,219,204,240,65,0,123,157,146,125,109,150,162,166,187,209,222,230,223,214,179,246,170,0,0,0,0,255,219,218,204,238,54,59,195,181,183,190,189,199,186,197,215,224,222,230,225,183,206,181,0,0,3,0,1,218,218,217,203,239,58,102,198,190,190,191,192,199,205,216,228,231,231,217,193,197,208,0,0,0,4,0,0,216,218,218,205,240,58,11,154,169,192,200,203,203,200,198,197,186,182,188,188,230,16,0,11,0,5,0,0,212,212,210,199,228,48,0,0,0,25,78,135,171,203,229,233,235,228,200,248,103,0,0,0,0,4,0,10,227,225,221,212,255,81,2,0,0,0,0,0,0,0,9,48,72,113,151,113,0,0,2,0,0,2,0,0,172,154,135,133,132,21,0,0,0,0,0,0,0,0,0,0,0,0,0,0,0,0,0,0,0,0,0,0,0,0,0,0,0,0,6
0,0,0,0,0,0,0,0,0,0,0,0,0,0,0,0,0,0,0,0,0,0,0,0,0,0,0,0,0,0,0,0,0,0,0,0,0,0,0,0,0,0,0,0,0,0,0,0,0,0,0,0,0,0,0,0,0,0,0,0,0,0,0,0,0,0,0,0,0,0,0,0,0,0,0,0,0,0,0,0,0,0,0,0,0,0,0,0,0,0,0,0,0,0,2,0,8,67,0,12,55,21,0,0,0,0,0,0,0,0,0,0,0,0,0,0,0,0,0,0,0,0,6,0,95,249,215,255,255,255,255,255,240,222,193,159,103,55,0,0,0,0,0,0,0,0,0,0,0,0,3,0,131,239,225,228,224,234,234,236,239,241,244,248,250,249,45,0,0,0,0,0,0,0,0,0,0,0,0,0,176,237,226,234,231,237,235,232,230,228,227,229,221,234,25,0,0,0,0,0,0,0,0,0,0,3,0,0,219,232,225,228,237,239,232,241,234,235,234,229,232,240,14,0,0,0,0,0,0,0,0,0,0,0,0,0,250,230,225,228,238,238,234,233,236,238,248,240,231,240,101,0,0,0,0,0,0,0,0,0,0,4,0,38,255,222,235,232,235,249,250,248,246,235,218,219,211,229,186,0,0,0,0,0,0,0,0,0,0,0,0,113,238,216,233,235,240,227,202,233,228,246,250,225,213,234,228,0,0,0,0,0,0,0,0,0,4,0,25,241,210,215,217,227,173,188,189,219,209,79,150,255,229,228,255,52,0,0,0,0,0,0,0,0,3,0,143,225,211,218,213,231,158,228,232,228,159,0,115,255,223,217,255,166,0,0,0,0,0,0,0,0,0,0,116,219,210,252,251,251,189,171,171,210,242,235,255,231,226,235,234,199,0,0,0,0,0,0,0,0,0,0,183,220,193,220,198,250,255,250,255,246,246,247,221,228,231,220,236,233,0,0,0,0,0,0,0,0,0,9,255,230,216,143,143,196,251,233,235,233,230,228,233,225,227,247,255,143,0,0,0,0,0,0,0,0,0,153,231,227,193,162,255,178,208,232,229,234,230,232,238,250,251,202,176,0,0,0,0,0,9,1,0,0,56,255,215,219,232,212,180,208,255,242,233,222,234,249,233,176,123,101,144,20,0,5,1,1,0,0,0,43,255,218,219,221,232,231,209,255,71,164,255,239,254,174,131,127,136,139,168,17,0,0,0,0,0,0,85,254,226,214,222,229,224,224,255,115,0,11,255,177,63,140,124,134,138,132,151,1,0,34,133,154,195,237,255,234,212,224,227,219,226,222,234,255,148,214,153,0,20,170,129,134,135,134,144,0,32,218,230,227,227,215,207,218,225,225,219,225,232,229,226,234,255,81,0,0,46,167,127,137,131,137,130,0,165,239,202,213,215,215,213,216,218,221,227,226,227,226,238,218,42,0,0,0,26,165,135,134,134,146,116,0,164,225,238,231,230,229,228,227,223,219,230,231,226,234,255,40,0,0,1,0,21,149,125,126,108,132,96,0,0,79,143,186,217,229,247,253,254,254,255,254,248,230,49,0,0,0,0,0,16,187,173,170,167,188,78,0,0,0,0,0,0,0,19,49,68,80,93,84,57,7,0,0,0,0,1,0,0,67,51,33,28,22,0,0,0,0,0,0,0,0,0,0,0,0,0,0,0,0,0,0,0,0,0,0,0,0,0,0,0,0,0,0,0,0,0,0,0,0,0,0,0,0,0,0,0,0,0,0,0,0,0,0,0,0,0,0,0,0,0,0,6
0,0,0,0,0,0,0,0,0,0,0,0,0,0,0,0,0,0,0,0,0,0,0,0,0,0,0,0,0,0,0,0,0,0,0,0,0,0,0,0,0,0,0,0,0,0,0,0,0,0,0,0,0,0,0,0,0,0,0,0,0,0,0,0,0,0,0,0,0,0,0,0,0,0,0,0,0,0,0,0,0,0,0,0,0,0,0,0,0,0,0,0,0,0,0,0,0,0,0,0,0,0,0,0,0,0,0,0,0,0,0,0,0,0,0,0,0,0,0,0,0,0,0,0,0,0,0,0,0,0,0,0,0,0,0,0,0,0,0,0,0,0,0,0,0,0,0,0,0,0,0,0,0,1,0,0,10,21,27,0,0,0,0,0,0,0,180,86,0,0,0,0,0,0,0,0,0,0,0,0,0,5,0,113,171,149,202,49,0,0,0,92,118,163,99,19,0,0,0,0,0,0,0,0,0,0,0,0,0,6,0,104,142,105,143,181,191,192,218,130,132,162,24,0,0,0,0,0,0,0,0,0,0,0,0,0,0,2,0,117,137,109,129,187,221,221,211,89,112,187,31,0,0,0,0,0,0,0,0,0,0,0,0,0,0,0,0,122,129,135,115,164,208,205,221,93,109,177,9,0,0,0,0,0,0,0,0,0,0,0,0,0,2,0,0,146,95,114,106,171,226,207,226,106,101,192,80,0,0,0,0,0,0,0,0,0,0,0,0,1,0,0,82,121,143,141,114,172,228,200,230,113,102,174,65,0,0,0,0,0,0,0,0,0,0,0,4,0,0,60,143,35,54,96,95,179,225,207,242,112,105,162,54,0,0,0,0,0,0,0,0,0,3,0,0,0,56,138,113,76,80,65,78,187,215,209,237,97,112,154,113,0,0,0,0,2,3,3,3,0,0,0,12,112,159,90,23,95,73,101,65,179,214,202,235,92,100,125,141,0,0,1,0,0,0,0,0,0,9,75,165,143,110,95,78,94,97,80,79,194,226,219,230,80,106,124,160,8,0,0,0,16,33,44,78,104,107,129,103,69,109,79,87,105,119,115,107,184,188,149,109,76,78,111,163,24,0,44,91,107,107,116,88,65,80,76,92,102,103,101,103,120,141,152,133,129,79,64,81,91,77,90,142,5,4,140,116,59,49,35,46,70,65,60,106,131,135,152,186,152,136,117,101,66,55,76,99,100,116,142,193,41,124,211,187,172,152,133,118,106,83,60,66,90,148,156,124,112,67,69,117,126,177,200,206,209,199,198,216,115,20,137,190,204,201,187,181,152,149,135,119,116,115,131,161,178,193,208,221,220,210,190,194,193,191,189,198,73,0,0,0,65,150,203,185,204,203,211,211,216,210,209,255,222,199,178,98,89,219,200,218,219,218,211,237,86,0,0,0,0,0,0,0,25,41,78,64,72,66,40,13,0,0,0,0,0,0,47,23,14,4,1,0,0,0,0,0,0,0,0,0,0,0,0,0,0,0,0,0,0,0,0,0,0,0,0,0,0,0,0,0,0,0,0,0,0,0,0,0,0,0,0,0,0,0,0,0,0,0,0,0,0,0,0,0,0,0,0,0,0,0,0,0,0,0,0,0,0,0,0,0,0,0,0,0,0,0,0,0,0,0,0,0,0,0,0,0,0,0,0,0,0,0,0,0,0,0,0,0,0,0,0,0,0,0,0,0,0,0,0,0,0,0,0,0,0,0,0,0,0,0,0,0,0,0,0,0,0,0,0,0,0,0,0,0,0,0,0,0,0,0,0,0,0,6
0,0,0,0,0,0,0,0,0,0,0,0,0,0,0,0,0,0,0,0,0,0,0,0,0,0,0,0,0,0,0,0,0,0,0,0,0,0,0,0,0,0,0,0,0,0,0,0,0,0,0,0,0,0,0,0,0,0,0,0,0,0,0,0,0,0,0,0,0,0,0,0,0,0,0,0,0,0,0,0,0,0,0,0,0,0,0,0,0,0,0,0,0,0,0,0,0,0,0,0,0,0,0,0,0,0,0,0,0,0,0,0,0,0,0,0,0,0,0,0,0,0,0,0,0,0,0,0,0,0,0,0,0,0,0,0,0,0,0,0,0,0,0,0,0,0,0,0,0,0,0,0,0,0,0,0,0,0,66,0,0,4,0,0,0,0,1,0,0,0,0,0,0,0,0,0,0,0,0,0,0,0,0,3,0,84,241,172,0,0,0,3,5,8,1,0,0,0,0,0,0,0,0,0,0,0,0,0,0,0,0,0,0,195,202,226,202,36,0,0,0,0,0,0,0,0,0,0,0,0,0,0,0,0,0,1,1,0,4,0,146,182,193,201,217,243,207,120,108,177,20,0,0,0,0,0,0,0,0,0,0,0,0,0,0,2,0,31,240,176,239,226,229,225,240,244,244,251,43,0,0,0,0,0,0,0,0,0,0,0,0,0,0,0,0,213,178,225,230,224,231,234,225,221,208,218,85,0,0,0,0,0,0,0,0,0,1,0,0,0,0,0,210,202,198,236,211,228,231,231,221,232,214,212,72,0,0,0,0,0,0,0,0,0,0,0,0,0,0,146,248,164,231,220,229,228,233,228,230,229,210,219,80,0,0,0,0,0,1,0,0,0,0,4,0,0,125,238,111,186,223,223,232,230,230,234,223,229,212,215,163,0,0,0,0,0,0,0,1,0,0,0,0,218,220,117,190,227,222,225,226,227,231,226,229,219,226,206,185,0,0,0,1,5,7,5,7,0,0,29,219,184,137,214,237,230,233,230,226,231,228,225,238,231,234,201,228,0,0,0,0,0,0,0,0,0,148,226,162,186,238,237,229,231,225,223,227,223,235,242,216,201,225,216,193,47,1,0,0,59,111,105,124,168,159,112,192,224,223,224,225,229,225,220,219,201,220,210,147,198,223,226,222,98,0,10,13,50,113,115,132,150,115,170,210,204,211,218,223,229,236,238,235,240,249,244,243,236,227,215,200,52,12,28,14,0,0,0,0,0,14,94,202,229,236,249,244,237,255,233,195,163,128,100,77,58,35,13,18,5,15,40,37,41,45,43,48,29,21,0,68,206,154,129,97,52,16,0,0,0,0,0,3,12,19,27,40,33,26,33,21,27,27,35,31,32,40,46,14,0,0,0,0,5,18,26,35,40,42,38,40,44,39,35,43,41,12,44,52,47,44,38,38,39,37,35,42,47,42,44,43,45,41,38,38,39,40,39,41,42,47,52,63,40,0,0,5,12,16,23,28,33,42,47,44,44,44,43,43,43,43,44,41,39,38,41,38,37,38,30,20,0,0,0,0,0,0,0,0,0,0,0,0,0,0,0,0,0,0,0,0,0,0,0,0,0,0,0,0,0,0,0,0,0,0,0,0,0,0,0,0,0,0,0,0,0,0,0,0,0,0,0,0,0,0,0,0,0,0,0,0,0,0,0,0,0,0,0,0,0,0,0,0,0,0,0,0,0,0,0,0,0,0,0,0,0,0,0,0,0,0,0,0,0,0,0,0,0,0,0,0,0,0,0,0,0,0,0,0,0,0,0,0,0,6
0,0,0,0,0,0,0,0,0,0,0,0,0,0,0,0,0,0,0,0,0,0,0,0,0,0,0,0,0,0,0,0,0,0,0,0,0,0,0,0,0,0,0,0,0,0,0,0,0,0,0,0,0,0,0,0,0,0,0,0,0,0,0,0,0,0,0,0,0,0,0,0,0,0,0,0,0,0,0,0,0,0,0,0,0,0,0,0,0,0,0,0,0,0,0,3,0,11,25,0,0,0,0,0,0,0,0,0,0,0,0,0,0,0,0,0,0,0,0,0,0,0,0,2,0,150,253,200,170,118,48,14,0,0,0,0,0,0,0,0,0,0,0,0,0,0,0,0,0,0,1,0,0,179,254,238,236,254,255,255,152,192,255,236,183,178,142,0,0,0,0,0,0,0,0,0,0,0,2,0,0,205,245,231,222,233,240,204,244,226,212,238,251,255,163,0,0,0,0,0,0,0,0,0,0,1,3,0,0,239,241,227,227,239,252,219,226,196,210,217,228,251,111,0,0,0,0,0,0,0,0,0,0,0,1,0,7,255,241,223,234,229,238,240,224,200,221,219,222,246,49,0,0,0,0,0,0,0,0,0,0,0,4,0,88,255,241,224,235,227,238,236,235,197,222,222,225,255,2,0,0,0,0,0,0,0,0,0,0,0,2,0,185,255,224,216,241,232,241,241,210,212,225,218,234,229,0,0,0,0,0,0,0,0,0,0,0,4,0,0,255,255,233,226,240,233,228,255,160,207,233,215,234,204,0,0,0,0,0,0,0,0,0,0,0,2,0,64,255,244,240,232,240,234,216,237,223,219,225,215,236,195,0,0,0,0,0,0,0,0,0,0,0,1,0,174,255,244,240,231,236,239,219,234,205,222,223,223,225,255,0,0,0,0,0,0,0,0,0,0,0,0,0,252,248,241,243,235,241,232,221,240,202,219,227,229,219,241,61,0,0,0,0,0,0,0,0,0,0,0,82,255,233,240,237,233,243,225,225,236,203,224,230,234,222,236,188,0,0,0,1,3,3,0,4,0,0,94,255,249,227,234,233,233,237,228,232,228,217,224,235,231,224,225,255,0,2,0,0,0,0,0,0,0,156,255,249,236,239,233,234,234,236,227,231,229,226,226,228,232,229,221,255,6,0,0,0,0,0,0,77,237,255,239,237,239,232,235,234,234,236,230,234,230,228,226,231,233,233,230,253,0,0,128,219,219,255,255,255,244,233,237,244,236,236,234,234,236,237,231,227,231,240,234,234,233,224,210,229,0,30,254,249,245,243,242,236,227,239,235,233,232,235,231,236,229,230,236,255,243,222,223,215,201,179,150,242,12,174,252,239,241,243,236,236,238,235,234,232,241,234,230,233,240,255,255,184,212,234,217,221,213,172,124,241,28,189,255,255,247,243,237,231,233,228,224,230,224,227,255,235,166,65,0,0,145,255,213,226,215,160,101,231,26,0,94,188,255,255,255,255,255,255,255,249,255,242,115,0,0,0,0,0,184,253,232,251,238,196,139,255,44,0,0,0,0,15,44,62,97,125,128,128,96,17,0,0,0,1,0,0,135,209,171,174,166,167,142,176,16,0,0,0,0,0,0,0,0,0,0,0,0,0,0,0,0,0,0,0,0,0,0,0,0,0,0,0,0,0,0,0,0,0,0,0,0,0,0,0,0,0,0,0,0,0,0,0,0,0,0,0,0,0,0,0,0,0,0,0,0,0,0,0,0,0,0,0,0,0,0,0,0,0,0,0,0,0,0,0,0,0,0,0,0,6
0,0,0,0,0,0,0,0,0,0,0,0,0,0,0,0,0,0,0,0,0,0,0,0,0,2,0,0,0,0,0,0,0,0,0,0,0,0,0,0,0,24,119,171,207,181,227,200,201,193,205,98,0,6,0,0,0,0,0,0,0,0,0,0,0,0,3,0,95,188,216,250,252,224,222,247,243,242,253,179,0,3,0,0,0,0,0,0,0,0,0,0,0,0,5,0,113,189,205,233,230,234,254,239,231,237,242,196,0,0,0,0,0,0,0,0,0,0,0,0,0,0,0,0,108,195,229,233,255,227,215,232,245,232,242,207,0,0,0,0,0,0,0,0,0,0,0,0,0,0,0,0,176,210,226,233,238,235,212,224,226,230,251,153,0,0,0,0,0,0,0,0,0,0,0,0,0,0,0,0,233,233,231,242,240,242,215,215,246,232,253,147,0,0,0,0,0,0,0,0,0,0,0,0,0,3,0,0,241,229,252,245,254,248,238,249,243,228,251,158,0,0,0,0,0,0,0,0,0,0,0,0,0,5,0,0,245,233,233,183,190,247,189,250,208,203,233,144,0,0,0,0,0,0,0,0,0,0,0,0,0,6,0,42,239,211,235,239,219,214,247,245,246,237,243,159,0,0,0,0,0,0,0,0,0,0,0,0,0,2,0,153,241,193,252,252,243,229,255,252,251,241,245,217,0,0,0,0,0,0,0,0,0,0,0,0,0,0,0,170,192,120,216,201,235,213,151,255,240,236,240,243,0,0,0,0,0,0,0,0,0,0,0,0,0,0,0,189,204,208,232,249,255,234,160,255,230,227,234,244,136,0,0,0,0,0,0,0,0,0,0,0,3,0,0,231,237,228,239,249,244,249,255,255,254,254,229,211,255,21,0,0,0,0,0,0,0,0,0,0,1,0,59,244,227,207,235,247,245,253,232,210,226,227,233,227,229,167,0,0,0,0,0,0,0,0,0,0,0,0,168,233,195,239,199,240,245,255,181,167,225,228,224,224,194,252,0,0,0,0,0,0,0,1,0,3,0,0,255,163,115,252,254,244,245,247,212,204,244,232,202,214,211,255,50,0,0,0,0,0,0,0,1,3,0,46,250,195,208,220,195,252,251,247,251,255,246,178,211,242,233,254,36,0,0,0,0,0,0,0,0,2,0,155,223,216,236,224,222,255,221,229,219,228,167,188,249,242,240,255,37,0,0,0,0,0,0,0,0,0,0,211,211,223,220,193,198,236,212,225,194,197,202,222,241,246,243,255,23,0,0,0,0,0,0,2,5,0,55,255,218,221,222,240,243,242,253,225,255,242,248,254,249,247,242,255,55,0,0,0,2,6,0,0,0,5,229,233,224,229,217,230,217,78,137,255,173,222,252,237,240,239,231,241,42,0,0,0,0,0,0,0,75,216,204,238,241,228,230,204,202,201,232,118,0,208,237,209,239,248,233,255,32,0,0,0,2,55,101,206,244,239,221,223,255,247,194,220,230,243,167,0,0,233,230,215,238,236,221,255,35,0,0,12,173,163,203,192,210,218,193,255,166,222,227,208,254,183,0,0,0,243,246,245,239,214,219,216,33,0,0,159,215,140,211,139,149,203,191,139,108,230,240,220,188,0,0,0,0,188,250,237,247,243,248,249,29,0,0,71,184,205,242,235,210,226,154,233,246,252,255,120,0,0,0,0,0,183,244,229,233,232,221,249,3,0,0,0,0,3,54,97,91,96,110,163,138,96,17,0,0,0,3,0,0,0,9,0,0,0,0,0,0,0,6
0,0,0,0,0,0,0,0,0,0,0,0,0,0,0,0,0,0,0,0,0,0,0,0,0,0,0,0,0,0,0,0,0,0,0,0,0,0,0,0,0,0,0,0,0,0,0,0,0,0,0,0,0,0,0,0,0,0,0,0,0,0,0,0,0,0,0,0,0,0,0,0,0,0,0,0,0,0,0,0,0,0,0,0,0,0,0,0,0,0,0,0,0,0,0,0,0,0,0,0,0,0,0,0,0,0,0,0,0,0,0,0,0,0,0,0,0,0,0,0,0,0,0,0,0,0,0,0,0,0,0,0,0,0,0,0,0,0,0,0,0,0,0,0,0,0,0,0,0,0,0,0,0,0,0,0,0,196,91,0,0,0,0,0,3,4,1,0,0,0,0,0,0,0,0,0,0,0,0,0,0,0,0,0,57,187,182,126,9,0,0,0,0,0,0,0,0,0,0,0,0,0,0,0,0,0,0,0,0,2,0,45,230,187,177,235,211,179,195,169,159,121,0,0,0,0,0,0,0,0,0,0,0,0,0,0,0,5,0,158,203,174,197,239,255,251,245,235,229,174,0,0,0,0,0,0,0,0,0,0,0,0,0,0,0,0,0,212,206,197,208,246,237,234,230,203,202,163,0,0,0,0,0,0,0,0,0,0,0,0,0,0,0,0,106,218,196,178,214,217,203,199,200,198,208,124,0,0,0,0,0,0,0,0,0,0,0,0,0,0,0,0,222,200,181,196,224,225,224,225,225,214,224,140,0,0,0,0,0,0,0,0,0,0,2,0,0,0,0,188,218,191,194,220,221,222,223,222,215,206,218,194,0,0,0,0,0,0,0,0,0,0,6,4,0,20,197,224,189,188,220,218,222,222,220,221,218,211,215,205,0,0,0,0,3,4,5,4,2,0,0,0,65,246,206,179,192,212,216,224,222,220,218,216,216,212,210,224,35,0,0,1,0,0,0,0,0,0,2,43,187,197,161,198,211,208,215,210,210,209,212,214,219,217,211,231,95,0,0,0,3,26,56,98,133,158,173,181,182,184,192,204,207,209,212,215,214,217,220,223,225,213,209,226,143,0,0,72,175,174,173,168,164,153,155,157,201,208,198,211,218,224,224,226,224,222,218,218,217,212,211,225,156,0,44,190,162,143,132,129,139,158,172,177,198,224,218,225,223,218,218,217,215,213,213,216,220,221,216,224,144,0,184,181,198,205,196,196,189,193,193,203,205,215,223,217,218,217,220,219,220,230,230,226,224,226,216,211,212,0,122,203,187,191,201,207,212,211,210,209,209,210,215,217,224,229,231,235,227,211,211,213,211,211,207,200,201,27,0,77,181,211,209,211,207,204,208,209,216,218,219,207,224,180,154,92,146,231,214,222,226,219,223,215,214,41,0,0,0,52,138,183,211,229,226,218,187,182,113,0,0,0,0,0,4,231,238,194,201,238,179,158,168,21,0,1,0,0,0,0,0,0,0,0,0,0,0,0,0,2,0,0,0,0,0,0,0,0,0,0,0,0,0,0,0,0,0,0,0,0,0,0,0,0,0,0,0,0,0,0,0,0,0,0,0,0,0,0,0,0,0,0,0,0,0,0,0,0,0,0,0,0,0,0,0,0,0,0,0,0,0,0,0,0,0,0,0,0,0,0,0,0,0,0,0,0,0,0,0,0,0,0,0,0,0,0,0,0,0,0,0,0,0,0,0,0,0,0,0,0,0,0,0,0,0,0,0,0,0,0,0,0,0,0,0,0,0,0,0,0,0,0,0,0,6
0,0,0,0,0,0,0,0,0,0,0,0,0,0,0,0,0,0,0,0,0,0,0,0,0,0,0,0,0,0,0,0,0,0,0,0,0,0,0,0,0,0,0,0,0,0,0,0,0,0,0,0,0,0,0,0,0,0,0,0,0,0,0,0,0,2,0,0,0,0,0,176,217,183,75,72,0,0,0,0,0,2,4,1,0,0,0,0,0,0,0,0,0,0,0,4,0,20,255,227,213,243,228,224,124,4,0,0,0,0,0,0,0,0,0,0,0,0,0,0,0,0,0,0,0,137,235,195,159,134,175,212,200,152,120,98,103,129,72,0,0,0,0,0,0,0,0,0,0,0,5,0,3,195,186,173,179,187,135,179,209,192,188,227,146,149,168,0,0,0,0,0,0,1,0,0,1,0,2,0,107,224,190,181,190,196,156,184,153,156,144,164,147,197,229,18,0,0,0,0,0,0,0,0,0,1,0,0,104,223,206,179,198,200,184,222,203,196,184,175,205,219,210,1,0,0,0,0,0,0,0,0,0,0,0,19,102,192,210,224,199,193,239,222,204,209,205,213,210,224,178,0,0,0,0,0,0,0,0,0,0,0,92,239,233,204,181,239,81,64,212,206,219,206,194,199,206,227,183,0,0,0,0,0,0,0,2,0,0,181,207,175,207,223,206,188,75,48,158,201,181,206,193,207,215,229,166,0,1,1,0,0,0,1,0,0,123,203,198,172,198,203,211,235,144,99,212,195,215,209,203,210,214,228,129,0,2,0,3,4,0,8,0,57,237,176,204,200,173,213,214,188,213,238,210,194,178,198,215,221,218,229,137,0,0,1,0,0,0,0,0,113,245,189,181,221,184,202,200,207,180,166,196,196,179,171,168,175,162,202,175,0,0,0,0,103,160,142,145,203,202,220,180,204,209,165,212,219,213,201,172,195,195,197,195,195,183,198,221,0,0,41,215,125,100,231,213,206,182,224,208,179,212,181,207,209,194,220,197,169,196,186,190,194,193,193,238,0,0,171,187,143,49,74,218,195,165,209,220,214,172,128,198,200,194,210,210,173,194,194,190,190,188,199,209,23,113,220,193,173,160,98,212,222,152,187,207,229,188,143,227,216,206,212,188,172,200,192,193,189,188,201,232,148,115,216,209,199,181,174,150,169,178,169,217,198,222,228,213,193,192,179,168,196,195,192,189,193,204,214,234,51,80,219,202,203,203,185,179,170,175,162,173,189,165,173,173,174,176,186,196,189,187,182,192,209,206,208,229,42,24,223,211,195,206,213,199,192,190,188,173,192,197,196,196,198,194,195,193,190,198,212,217,218,220,210,226,114,0,123,236,207,196,203,209,210,210,209,207,192,206,202,201,208,205,207,215,222,215,212,214,212,214,215,232,59,0,0,140,244,221,196,184,187,192,198,196,193,194,192,204,214,220,225,204,200,213,209,204,217,225,238,196,0,0,0,0,100,146,251,231,217,220,211,217,217,222,233,200,167,163,148,235,245,204,203,241,226,153,183,44,0,0,0,0,0,0,92,145,8,173,218,211,42,170,185,33,0,0,0,65,101,0,0,116,44,0,0,0,0,0,0,0,2,0,0,0,0,0,0,0,0,0,0,0,0,0,0,0,0,0,0,0,0,0,0,0,0,0,0,0,0,0,0,0,0,0,0,0,0,0,0,0,0,0,0,0,0,0,0,0,0,0,0,0,0,0,0,0,0,0,0,0,0,0,0,0,0,0,0,0,0,0,0,0,0,0,0,0,0,0,0,0,0,6
0,0,0,0,0,0,0,0,0,0,0,0,0,0,0,0,0,0,0,0,0,0,0,0,0,0,0,0,0,0,0,0,0,0,0,0,0,0,0,0,0,0,0,0,0,0,0,0,0,0,0,0,0,0,0,0,0,0,0,0,0,0,0,0,0,0,0,0,0,0,0,0,0,0,0,0,0,0,0,0,0,0,0,0,0,0,0,0,0,0,0,0,0,0,0,0,0,0,0,0,0,0,0,0,0,0,0,0,0,0,0,0,0,0,0,0,0,0,0,0,0,0,0,0,0,0,0,0,0,0,0,0,0,0,0,0,0,1,0,0,0,0,0,0,0,0,0,0,0,0,0,0,0,0,0,0,0,0,0,0,0,40,193,194,0,0,1,0,0,0,0,0,0,0,0,0,0,0,0,0,0,0,0,0,0,0,0,0,139,243,239,223,1,0,3,0,0,0,0,0,0,0,0,0,0,0,0,0,0,1,1,0,0,0,0,221,248,228,218,255,134,0,10,0,0,0,0,0,0,0,0,0,0,0,0,0,0,1,0,0,0,20,255,246,222,230,239,143,9,0,1,1,0,0,0,0,0,0,0,0,0,0,0,0,0,0,0,0,35,255,241,228,233,255,77,0,0,0,0,0,0,0,0,0,0,0,0,0,0,0,0,0,0,0,0,31,255,235,231,226,255,163,0,0,0,0,0,0,0,0,0,0,0,0,0,0,0,0,0,0,0,0,31,255,235,222,231,235,255,0,0,0,7,123,244,21,0,0,0,0,0,0,0,0,0,0,6,1,0,30,255,237,223,236,231,253,182,0,115,218,255,243,254,123,0,0,0,0,0,0,0,0,6,0,0,0,63,255,249,225,232,231,232,230,236,255,255,250,230,220,239,89,0,0,0,0,0,0,3,0,0,0,29,177,255,239,223,228,236,230,232,253,250,234,217,227,229,217,255,75,0,0,0,0,0,0,0,0,64,202,255,255,224,227,236,236,229,233,255,162,134,255,224,235,236,218,255,65,3,0,0,3,0,0,0,182,255,233,225,218,228,232,229,232,233,255,159,0,108,255,218,232,237,224,255,59,0,0,0,0,0,91,248,255,212,212,227,231,230,229,237,230,255,129,0,0,151,255,220,232,235,223,255,54,0,3,0,22,219,236,223,222,225,226,230,229,231,231,228,255,152,0,0,0,145,255,219,232,235,225,255,47,2,5,0,149,247,216,228,228,228,226,229,228,229,232,244,196,0,0,1,0,147,250,220,232,235,226,255,40,0,0,0,130,242,220,225,223,229,230,231,221,227,237,207,0,0,4,1,0,162,249,225,231,233,229,255,35,29,152,103,175,237,223,223,218,224,228,225,235,244,231,10,0,0,0,5,0,175,243,226,231,230,228,255,23,56,196,219,249,224,255,255,255,255,255,255,255,180,12,0,0,0,0,12,0,181,254,237,255,255,235,255,21,0,0,0,7,38,47,78,107,125,108,67,19,0,0,0,0,0,0,4,0,62,95,59,60,51,55,56,0,0,0,0,0,0,0,0,0,0,0,0,0,0,0,0,0,0,0,0,0,0,0,0,0,0,0,0,0,0,0,0,0,0,0,0,0,0,0,0,0,0,0,0,0,0,0,0,0,0,0,0,0,0,0,0,0,0,0,0,0,0,0,0,0,0,0,0,0,0,0,0,0,0,0,0,0,0,0,0,0,0,0,0,0,0,0,0,0,0,0,0,0,0,0,0,0,0,0,0,0,0,0,0,0,0,0,0,0,0,0,0,0,6
0,0,0,0,0,0,0,0,0,0,0,0,0,0,0,0,0,0,0,0,0,0,0,0,0,0,0,0,0,0,0,0,0,0,0,0,0,0,0,0,0,0,0,0,0,0,0,0,0,0,0,0,0,0,0,0,0,0,0,0,0,0,0,0,0,0,0,0,0,0,0,0,0,0,0,0,0,0,0,0,0,0,0,0,0,0,0,0,0,0,0,0,0,0,0,0,0,0,0,0,0,0,0,0,0,0,0,0,0,0,0,0,0,0,0,0,0,0,0,0,0,0,0,0,0,0,0,0,0,0,0,0,0,0,0,0,0,0,0,0,0,0,0,0,0,0,0,0,0,0,0,0,0,0,0,0,0,0,0,0,1,0,2,0,0,62,48,0,0,0,0,0,0,0,0,0,0,0,0,0,0,0,0,0,79,115,31,0,0,0,0,0,202,227,198,0,0,0,0,0,0,0,0,0,0,0,0,0,0,1,0,105,244,241,222,168,5,0,22,247,248,236,164,0,0,0,0,0,0,0,0,0,0,0,0,0,0,0,79,215,235,237,235,243,255,213,255,243,227,238,49,0,0,0,0,0,0,0,0,0,0,0,0,0,0,0,179,237,245,243,246,246,243,255,241,236,240,247,183,0,0,0,0,0,0,0,0,0,0,0,0,0,0,204,255,229,227,252,242,242,245,244,250,252,241,235,255,7,0,0,0,0,0,0,0,0,0,7,0,0,199,245,230,212,253,241,245,247,247,246,246,240,241,239,255,23,0,0,0,0,2,1,0,0,0,0,14,229,245,227,218,253,245,244,247,245,245,247,242,238,242,229,255,84,0,0,0,0,0,0,3,0,0,53,242,233,235,206,249,248,248,244,247,246,247,247,240,238,241,230,255,115,0,0,1,2,1,0,0,0,148,237,233,242,222,242,252,245,244,246,246,246,246,246,232,233,236,224,255,120,0,4,0,0,0,0,0,147,255,232,241,223,225,254,243,244,250,247,244,245,246,245,239,242,242,231,255,89,0,0,0,0,13,80,255,242,215,246,244,234,250,249,246,246,244,246,244,245,248,236,249,243,238,234,255,30,0,26,155,167,177,217,241,236,245,254,252,248,249,251,247,244,244,247,247,245,244,237,243,240,243,239,252,0,40,161,178,175,168,211,245,234,244,241,248,254,254,250,246,245,248,249,248,251,253,252,246,253,240,250,205,0,135,213,179,173,162,144,165,214,199,210,205,198,220,236,236,233,226,218,217,218,217,221,218,225,219,236,127,0,85,208,214,215,211,205,217,225,221,198,169,155,161,165,167,165,160,159,160,158,158,163,163,181,180,188,38,0,0,18,84,147,193,209,235,255,255,255,235,226,218,215,218,216,215,217,215,216,218,220,224,219,244,201,0,0,0,0,0,0,0,0,1,29,47,59,59,73,82,77,68,53,51,44,36,41,42,43,59,55,85,35,0,0,0,0,0,0,0,0,0,0,0,0,0,0,0,0,0,0,0,0,0,0,0,0,0,0,0,0,0,0,0,0,0,0,0,0,0,0,0,0,0,0,0,0,0,0,0,0,0,0,0,0,0,0,0,0,0,0,0,0,0,0,0,0,0,0,0,0,0,0,0,0,0,0,0,0,0,0,0,0,0,0,0,0,0,0,0,0,0,0,0,0,0,0,0,0,0,0,0,0,0,0,0,0,0,0,0,0,0,0,0,0,0,0,0,0,0,0,0,0,0,0,0,0,0,0,0,0,0,0,0,0,0,0,0,0,0,0,0,0,0,0,6
0,0,0,0,0,0,0,0,0,0,0,0,0,0,0,0,0,0,0,0,0,0,0,0,0,0,0,0,0,0,0,0,0,0,0,0,0,0,0,0,0,0,0,0,0,0,0,0,0,0,0,0,0,0,0,0,0,0,0,0,0,0,0,0,0,0,0,0,0,0,0,6,0,72,167,101,93,94,55,30,0,0,0,0,0,0,0,0,0,0,0,0,0,0,0,0,0,0,0,0,0,152,188,179,214,231,205,199,186,157,142,42,0,0,0,0,0,0,0,0,0,0,0,0,0,0,6,0,26,200,172,166,173,187,202,202,198,203,212,66,0,0,0,0,0,0,0,0,0,0,0,0,0,2,0,0,170,182,171,172,203,155,154,186,187,201,162,0,0,0,0,0,0,0,0,0,0,0,0,0,0,0,0,0,155,167,168,182,190,160,172,192,157,188,107,0,0,0,0,0,0,0,0,0,0,0,0,0,0,2,0,16,187,197,163,187,187,138,163,192,162,223,0,0,0,0,0,0,0,0,0,0,0,0,0,0,0,6,0,110,187,163,164,196,163,156,160,155,166,141,0,0,0,0,0,0,0,0,0,0,0,0,0,0,0,8,0,118,200,185,167,196,175,136,204,119,215,33,0,4,0,0,0,0,0,0,0,0,0,0,0,0,1,0,0,213,218,178,163,190,202,149,211,175,194,0,0,1,0,0,0,0,0,0,0,0,0,0,0,0,3,0,8,182,171,158,177,190,201,212,168,196,161,0,6,0,0,0,0,0,0,0,0,0,0,0,0,2,0,0,167,204,181,169,193,200,190,199,198,206,95,0,5,0,0,0,0,0,0,0,0,0,0,0,0,5,0,0,197,164,176,174,193,203,201,194,184,201,81,0,5,0,0,0,0,0,0,0,0,0,0,0,1,0,0,159,199,157,168,181,189,205,204,200,178,200,139,0,2,0,0,0,0,0,0,0,0,0,0,0,4,0,57,192,171,157,167,179,198,199,187,184,200,190,197,0,0,2,0,0,0,1,0,0,0,0,0,11,0,30,233,173,155,178,192,190,201,196,200,208,189,178,185,19,0,4,0,0,0,0,0,0,1,1,7,0,13,180,172,155,182,207,203,196,196,207,201,182,195,188,186,39,0,4,0,2,7,5,5,3,2,0,0,0,180,187,162,190,204,205,198,202,205,196,177,189,184,185,194,105,0,0,0,0,0,0,0,0,0,0,19,144,197,169,182,198,189,187,183,188,195,168,164,190,176,188,196,169,0,0,0,1,89,111,104,92,125,162,196,169,144,161,154,172,169,179,190,188,204,169,184,192,186,179,186,182,0,0,0,103,178,162,163,169,170,166,170,175,172,182,176,185,192,185,182,194,212,183,184,187,186,194,205,179,0,0,31,162,163,164,166,175,175,173,179,181,188,188,187,194,200,208,202,188,200,213,211,223,222,207,203,217,107,0,74,180,203,193,183,176,178,175,172,168,180,182,183,199,208,218,218,255,225,203,202,192,180,181,176,165,85,0,0,0,89,195,195,239,235,222,212,209,215,227,234,255,245,215,162,49,152,228,188,202,212,226,197,201,169,0,0,0,0,0,30,57,108,143,157,171,179,178,157,91,41,0,0,0,95,197,149,155,139,120,112,83,0,0,0,0,0,0,0,0,0,0,0,0,0,0,0,0,0,0,0,0,0,0,0,0,0,0,0,0,0,0,0,0,0,0,0,0,0,0,0,0,0,0,0,0,0,0,0,0,0,0,0,0,0,0,0,0,0,0,6
0,0,0,0,0,0,0,0,0,0,0,0,0,0,0,0,0,0,0,0,0,0,0,0,0,0,0,0,0,0,0,0,0,0,0,0,0,0,0,0,0,0,0,0,0,0,0,0,0,0,0,0,0,0,0,0,0,0,0,0,0,0,0,0,0,0,0,0,0,0,0,0,0,0,0,0,0,0,0,0,0,0,0,0,0,0,0,0,0,0,0,0,0,0,0,0,0,0,0,0,0,0,0,0,0,0,0,0,0,0,0,0,0,0,0,0,0,0,0,0,0,0,0,0,0,0,2,2,0,0,11,8,2,1,1,0,0,0,0,0,0,0,0,0,0,0,0,0,0,0,0,0,0,0,0,2,2,0,0,0,2,1,0,0,0,0,0,0,0,0,0,0,0,0,0,0,0,0,0,0,0,0,0,0,0,0,117,0,0,0,0,0,0,0,0,0,0,0,0,0,0,0,0,0,0,0,0,0,0,0,0,0,0,93,242,131,0,0,0,0,0,0,0,0,0,0,0,0,0,0,0,0,0,0,0,0,0,2,0,0,18,174,208,238,113,0,2,0,0,7,3,0,0,0,0,0,0,0,0,0,0,0,0,0,0,3,0,0,225,236,214,222,244,0,0,0,0,0,0,0,0,0,0,0,0,0,0,0,0,0,0,0,0,4,0,0,126,228,233,238,230,253,75,0,0,116,71,0,0,0,0,0,0,0,0,0,0,0,0,0,0,0,0,116,255,221,224,233,231,246,255,237,187,255,125,0,0,0,0,0,0,0,0,0,0,0,0,0,0,0,8,103,236,191,251,222,237,226,233,243,239,240,58,0,0,0,0,0,0,0,0,0,0,3,0,0,20,222,255,240,213,211,232,234,235,240,238,238,236,254,164,0,0,0,0,0,0,0,0,0,0,0,0,76,255,234,227,226,229,227,227,238,233,230,237,231,199,198,227,86,0,0,0,0,0,0,1,2,0,0,113,255,228,227,238,228,227,240,240,240,237,240,242,231,192,188,226,158,1,0,0,0,3,0,0,0,0,118,255,230,232,230,231,238,223,243,239,237,239,241,242,248,192,178,219,106,0,1,1,0,0,0,0,81,196,255,224,231,239,233,239,236,229,236,248,240,240,235,237,236,225,226,255,101,6,0,0,0,50,149,253,237,234,229,226,228,236,240,241,239,239,228,239,249,240,237,238,239,246,229,255,131,0,0,96,227,230,238,227,219,222,231,236,220,228,227,225,231,232,196,222,248,230,228,233,231,234,222,255,142,7,219,255,240,230,228,235,246,238,238,248,230,204,241,212,189,255,214,201,254,255,246,248,250,249,241,255,88,150,199,178,188,188,197,196,208,222,216,224,229,220,247,254,216,240,221,192,204,202,216,217,211,207,195,232,55,173,222,197,190,177,174,168,165,162,163,165,174,192,187,192,193,184,188,185,187,171,179,178,175,183,178,236,133,48,198,241,255,245,244,242,239,239,236,234,231,225,228,226,226,227,228,231,234,238,240,231,234,247,245,255,122,0,0,0,33,60,73,90,99,108,116,115,117,118,118,117,117,116,116,114,115,115,116,117,112,99,78,68,0,0,0,0,0,0,0,0,0,0,0,0,0,0,0,0,0,0,0,0,0,0,0,0,0,0,0,0,0,0,0,0,0,0,0,0,0,0,0,0,0,0,0,0,0,0,0,0,0,0,0,0,0,0,0,0,0,0,0,0,0,0,0,0,0,0,0,0,0,0,0,0,0,0,0,0,0,0,0,0,0,0,0,0,0,6
0,0,0,0,0,0,0,0,0,0,0,0,0,0,0,0,0,0,0,0,0,0,0,0,0,0,0,0,0,0,0,0,0,0,0,0,0,0,0,0,0,0,0,0,0,0,0,0,0,0,0,0,0,0,0,0,0,0,0,0,0,0,0,0,0,0,0,0,0,0,0,0,0,0,0,0,0,0,0,0,0,0,0,0,0,0,0,0,0,0,0,0,0,0,0,0,0,0,0,0,0,0,1,0,0,0,174,64,0,6,0,0,0,0,0,0,0,0,0,0,0,0,0,0,0,0,0,0,0,0,2,0,79,212,164,34,0,3,0,0,0,0,0,0,0,0,0,0,0,0,0,1,4,6,6,0,0,0,0,118,221,59,0,0,0,0,0,0,0,0,0,0,0,0,0,0,0,0,0,0,0,0,0,0,0,0,118,246,54,0,10,3,0,1,6,2,0,0,0,0,0,0,0,0,0,0,0,0,6,31,152,157,127,170,245,177,0,0,0,0,1,2,0,0,0,0,0,0,0,0,0,0,0,4,0,42,219,188,205,209,238,246,229,150,0,0,0,0,0,0,43,30,0,0,0,0,0,0,0,0,0,2,0,0,61,0,0,0,0,56,212,227,0,0,0,0,10,155,249,118,0,0,0,0,0,0,0,0,0,0,0,0,0,0,0,0,0,0,0,255,202,0,0,155,228,241,244,67,0,0,0,0,0,0,0,0,0,0,0,1,7,5,0,0,1,4,0,51,244,143,246,249,230,221,240,42,0,0,0,0,0,5,0,0,0,0,0,0,0,0,0,0,0,0,0,0,230,255,251,224,233,230,255,12,0,0,0,0,4,1,0,0,1,0,0,0,0,0,0,0,0,0,40,234,240,83,94,255,225,232,255,0,0,0,0,0,4,2,4,4,0,0,0,0,0,0,0,0,0,33,245,220,22,0,0,255,228,230,255,0,0,0,0,0,5,2,0,0,1,0,0,0,0,0,0,0,2,231,226,0,0,0,0,255,227,235,244,0,1,0,0,0,0,0,53,57,0,3,0,0,0,5,0,0,198,243,21,0,9,0,0,255,229,237,237,0,3,4,6,0,34,138,236,172,0,0,0,0,0,5,0,158,255,91,0,0,0,0,0,237,229,240,223,0,0,0,0,0,195,249,208,226,35,0,1,5,0,0,104,255,142,0,0,0,5,0,0,240,229,240,212,0,0,8,1,0,26,222,215,233,197,0,0,0,0,64,246,203,0,0,2,1,4,0,4,242,228,241,197,0,125,255,234,227,196,223,217,222,255,51,0,54,170,240,251,76,0,1,0,1,4,0,9,242,227,244,187,0,99,249,226,236,244,238,238,230,248,255,255,255,242,236,199,0,0,2,0,0,5,0,11,244,227,245,186,0,60,248,223,225,228,231,237,239,235,239,236,228,225,249,74,0,3,0,0,0,5,0,15,241,228,244,186,0,0,196,248,244,238,230,218,220,221,225,230,226,245,212,0,0,4,1,0,0,5,0,9,240,223,244,187,0,0,0,51,163,243,255,255,255,255,255,247,255,255,3,0,2,0,3,0,0,5,0,2,247,239,253,204,0,2,0,0,0,0,15,67,119,160,193,199,152,0,0,0,0,2,4,0,0,4,0,3,186,166,183,85,0,0,0,0,0,0,0,0,0,0,0,0,0,0,0,0,0,0,0,0,0,0,0,0,0,0,0,0,0,0,0,0,0,0,0,0,0,0,0,0,0,0,0,0,0,0,0,0,0,0,0,0,0,0,0,0,0,6
0,0,0,0,0,0,0,0,0,0,0,0,0,0,0,0,0,0,0,0,0,0,0,0,0,0,0,0,0,0,0,0,0,0,0,0,0,0,0,0,0,0,0,0,0,0,0,0,0,0,0,0,0,0,0,0,0,0,0,0,0,0,0,0,0,0,0,0,0,0,0,0,0,0,0,0,0,0,0,0,0,0,0,0,0,0,0,0,0,0,0,0,0,0,0,4,0,1,56,17,0,0,0,0,0,0,16,36,41,0,0,1,0,0,0,0,0,0,0,0,0,3,0,4,0,51,169,153,160,83,7,22,8,82,221,191,195,50,0,4,0,0,0,0,0,0,0,0,0,1,0,6,0,122,187,181,151,211,215,219,215,189,187,173,193,78,0,4,0,0,0,0,0,0,0,0,0,1,1,1,0,165,200,170,137,210,205,213,200,150,193,182,184,107,0,0,0,0,0,0,0,0,0,0,0,0,3,0,10,210,169,129,188,223,206,220,193,147,160,169,192,155,0,0,0,0,0,0,0,0,0,0,0,1,4,0,52,167,165,217,228,204,211,214,228,228,201,180,180,203,6,0,0,0,0,0,0,0,0,0,0,0,6,0,110,189,214,213,195,206,208,204,211,228,245,215,171,191,88,0,0,0,0,0,0,0,0,0,0,1,0,0,167,181,201,198,208,206,210,213,218,217,178,156,172,162,167,0,0,0,0,0,0,0,0,0,0,5,0,40,219,132,160,211,202,205,203,216,200,160,169,190,161,127,185,42,0,0,0,0,0,0,0,0,0,5,0,116,187,162,132,219,207,200,204,215,168,147,177,145,123,139,176,103,0,0,0,0,0,0,0,0,1,0,0,171,165,144,172,226,200,207,203,198,197,137,152,156,153,157,186,93,0,0,0,0,0,0,0,0,4,0,52,172,166,146,212,212,207,199,208,208,231,186,175,186,170,177,215,39,0,0,0,0,0,0,0,0,3,0,123,174,135,161,229,206,171,147,141,163,189,191,180,197,203,200,229,35,0,0,1,0,3,1,0,1,0,0,170,145,135,223,200,153,166,197,190,188,184,223,187,221,200,195,216,39,0,0,0,0,2,0,0,3,0,71,159,131,170,159,151,175,186,195,193,199,241,93,0,215,190,186,212,43,0,0,0,1,2,7,0,0,26,157,139,160,163,158,180,169,180,191,199,198,0,0,7,248,187,190,217,42,0,0,3,0,0,0,0,68,168,146,152,162,147,170,172,169,185,197,203,0,0,0,34,231,190,188,216,48,2,0,0,0,2,60,136,166,153,147,167,155,163,167,172,189,188,219,19,0,7,0,49,198,178,184,217,51,0,0,33,90,148,166,159,139,156,160,154,156,160,154,170,188,190,22,0,0,0,0,63,198,175,183,223,65,49,127,138,145,138,137,142,147,145,150,159,160,159,161,169,203,81,0,2,0,2,0,67,193,173,174,215,64,102,189,166,163,155,148,146,129,124,144,144,145,161,169,203,105,0,4,0,0,7,0,67,185,169,177,188,61,0,23,102,158,182,196,203,199,202,189,187,199,184,192,137,0,2,0,0,0,7,0,95,217,200,202,255,85,0,0,0,0,0,10,36,49,56,65,88,90,75,22,0,0,1,0,0,0,3,0,33,103,65,63,58,0,0,0,0,0,0,0,0,0,0,0,0,0,0,0,0,0,0,0,0,0,0,0,0,0,0,0,0,0,0,0,0,0,0,0,0,0,0,0,0,0,0,0,0,0,0,0,0,0,0,0,0,0,0,0,0,0,6
0,0,0,0,0,0,0,0,0,0,0,0,0,0,0,0,0,0,0,0,0,0,0,0,0,0,0,0,0,0,0,0,0,0,0,0,0,0,0,0,0,0,0,0,0,0,0,0,0,0,0,0,0,0,0,0,0,0,0,0,0,0,0,0,0,0,0,0,0,0,3,0,0,0,67,109,10,0,0,0,0,0,0,0,0,0,0,0,0,0,0,0,0,0,0,0,0,0,1,5,0,76,172,162,169,174,186,165,138,131,72,0,0,0,0,0,0,0,0,0,0,0,0,0,0,0,0,0,0,162,160,152,133,167,180,171,161,168,141,0,0,0,0,0,0,0,0,0,0,0,0,0,0,0,4,0,4,166,143,158,130,158,162,157,150,146,73,0,0,0,0,0,0,0,0,0,0,0,0,0,0,1,3,0,45,172,140,167,178,159,159,175,169,156,43,0,0,0,0,0,0,0,0,0,0,0,0,0,0,4,6,0,101,171,130,183,176,169,161,151,163,202,11,0,0,0,0,0,0,0,0,0,0,0,0,0,0,2,0,0,195,157,133,170,171,183,167,150,112,178,2,0,0,0,0,0,0,0,0,0,0,0,0,0,0,0,0,1,144,123,152,169,170,173,157,175,143,135,0,0,0,0,0,0,0,0,0,0,0,0,0,0,0,4,0,36,177,139,162,172,173,169,161,172,133,169,15,0,0,0,0,0,0,0,0,0,1,0,0,0,0,6,0,94,182,154,187,176,168,157,168,180,132,188,45,0,0,0,0,0,0,0,0,0,1,0,2,0,1,2,0,140,158,172,196,201,195,168,151,169,127,181,40,0,0,0,0,0,0,0,0,0,0,1,1,0,4,0,34,180,130,161,161,173,189,188,165,170,139,130,1,0,0,0,0,0,0,0,0,0,0,0,0,4,0,0,141,137,131,161,168,169,180,178,171,177,142,153,0,0,0,0,0,0,0,0,0,0,0,0,1,2,0,78,162,110,173,183,191,186,169,158,165,174,126,174,15,0,0,0,0,0,0,0,0,0,0,1,0,0,43,166,131,151,168,172,180,173,160,155,160,170,139,174,56,0,0,0,0,0,0,0,0,0,3,0,0,37,161,121,125,161,155,159,156,167,186,174,165,170,154,146,92,0,0,1,1,3,2,3,3,2,2,0,94,171,121,121,152,157,160,165,156,165,175,145,151,160,151,151,127,0,0,0,0,0,0,0,0,0,0,18,155,138,144,175,180,169,167,176,158,148,153,147,144,139,135,146,146,0,0,0,0,4,0,8,17,41,76,117,147,160,167,176,143,132,133,163,158,157,151,142,156,146,139,166,171,0,0,111,152,124,122,142,130,112,126,120,133,137,120,142,131,139,155,166,161,153,163,166,169,175,161,151,143,0,0,140,138,120,129,136,125,121,140,109,129,136,123,124,133,163,172,161,165,178,181,189,193,191,201,195,198,0,107,185,170,162,151,133,117,115,116,100,131,137,166,156,155,185,204,220,223,225,217,212,221,217,218,210,201,50,144,214,225,206,190,184,166,161,152,160,174,188,191,195,222,237,222,231,172,160,211,217,214,216,219,203,195,31,0,49,135,173,192,214,223,229,230,227,231,230,229,243,212,66,7,0,0,9,255,236,232,234,240,228,215,77,0,0,0,0,0,11,52,53,90,76,106,87,69,58,0,0,0,0,0,0,117,110,98,101,108,103,107,22,0,0,0,0,0,0,0,0,0,0,0,0,0,0,0,0,0,0,0,0,0,0,0,0,0,0,0,0,6
0,0,0,0,0,0,0,0,0,0,0,0,0,0,0,0,0,0,0,0,0,0,0,0,0,0,0,0,0,0,0,0,0,0,0,0,0,0,0,0,0,0,3,0,0,0,0,0,0,0,2,0,3,0,3,131,0,0,0,0,0,0,0,0,0,0,0,0,0,0,0,0,71,190,119,0,0,0,0,0,0,0,0,164,0,0,0,0,0,0,0,0,0,0,0,0,0,5,0,61,159,170,218,182,201,189,162,128,87,37,1,99,0,0,0,0,0,0,0,0,0,0,0,0,0,9,0,83,232,215,208,216,216,221,215,215,217,204,204,108,0,0,0,0,0,0,0,0,0,0,0,0,0,6,0,90,226,205,216,211,223,218,209,217,210,193,187,40,0,0,0,0,0,0,0,0,0,0,0,0,0,7,0,97,218,196,215,216,227,214,210,215,210,205,221,5,0,0,0,0,0,0,0,0,0,0,0,0,0,9,0,105,218,193,208,218,214,204,210,208,206,213,198,0,0,0,0,0,0,0,0,0,0,0,0,0,0,9,0,114,224,200,208,226,204,207,223,216,208,221,177,0,0,0,0,0,0,0,0,0,0,0,0,0,0,7,0,104,216,205,224,225,218,205,199,194,208,227,148,0,0,0,0,0,0,0,0,0,0,0,0,0,0,7,0,98,221,202,224,226,219,192,185,198,190,215,97,0,0,0,0,0,0,0,0,0,0,0,0,0,1,2,0,133,217,189,211,222,201,199,206,218,185,202,41,0,0,0,0,0,0,0,0,0,0,0,0,0,2,0,0,190,207,164,221,227,205,192,217,215,191,207,7,0,0,0,0,0,0,0,0,0,1,1,0,0,1,0,0,210,225,177,224,218,207,205,218,216,199,176,0,0,0,0,0,0,0,0,0,0,1,0,0,0,6,0,68,211,207,210,224,221,211,221,206,219,196,172,0,0,0,0,0,0,0,0,0,0,0,0,0,6,0,0,236,219,206,211,213,218,221,214,202,209,191,218,0,0,0,0,0,0,0,0,0,0,0,0,3,0,0,211,206,189,205,206,204,216,207,209,207,205,197,209,28,0,0,0,0,0,0,0,0,0,0,2,0,0,192,210,194,192,208,213,211,209,218,223,213,230,205,207,96,0,0,0,0,0,0,0,0,0,5,1,0,162,200,189,198,215,218,214,225,238,228,219,232,230,197,211,159,0,0,0,2,4,3,2,9,1,0,0,54,192,179,166,183,205,215,210,210,228,222,235,221,193,201,204,170,0,0,0,0,0,0,0,0,0,3,94,174,155,177,207,224,230,214,200,199,185,205,202,179,206,211,192,196,0,0,0,27,63,56,60,57,102,148,162,142,174,190,215,215,209,224,216,210,208,182,181,175,177,154,197,205,0,0,87,114,148,142,143,134,156,138,125,138,183,168,191,192,189,201,197,214,221,209,192,198,217,200,205,205,6,55,162,58,97,149,150,140,154,139,156,168,164,175,192,179,196,187,187,189,197,171,202,196,188,188,170,204,40,185,202,170,149,154,139,124,142,172,167,168,151,170,172,163,157,182,205,218,232,216,217,190,172,183,179,187,35,126,219,233,223,210,183,171,145,153,168,158,177,165,184,205,226,247,253,224,213,222,224,231,224,216,206,207,74,0,28,156,200,234,240,245,239,223,235,238,233,242,248,249,208,157,70,0,146,255,231,234,231,227,208,201,5,0,0,0,0,17,58,88,124,159,163,165,162,145,92,32,0,0,0,0,18,63,30,22,11,0,0,0,0,6
0,0,0,0,0,0,0,0,0,0,0,0,0,0,0,0,0,0,0,0,0,0,0,0,0,0,0,0,0,0,0,0,0,0,0,0,0,0,0,0,0,0,0,0,0,0,0,0,0,0,0,0,0,0,0,0,0,0,0,0,0,0,0,0,0,0,0,1,0,0,56,93,132,178,151,160,6,0,0,0,0,0,0,0,0,0,0,0,0,0,0,0,0,0,0,4,0,3,238,212,242,234,211,239,152,84,111,107,112,67,0,0,0,0,0,0,0,0,0,0,0,0,0,5,0,66,202,197,202,191,160,125,181,255,237,223,231,191,0,0,0,0,0,0,0,0,0,0,0,0,0,0,0,117,215,219,221,208,240,247,77,22,64,177,207,189,0,0,0,0,0,0,0,0,0,0,0,0,0,0,0,141,216,211,214,201,230,227,47,0,0,181,210,203,1,0,0,0,0,0,0,0,0,0,0,0,0,0,0,127,210,213,232,237,155,131,194,241,184,207,208,198,0,0,0,0,0,0,0,0,0,0,0,0,0,0,0,173,208,215,219,233,244,241,247,227,229,209,208,207,0,0,0,0,0,0,0,0,0,0,0,0,6,0,22,223,193,203,216,206,200,210,198,191,203,203,193,219,23,0,0,0,0,0,0,0,0,0,0,0,2,0,112,219,193,203,221,219,219,227,199,212,192,192,187,213,126,0,0,0,0,0,0,0,0,0,0,1,0,0,184,204,199,214,222,224,227,223,198,171,173,199,178,211,210,0,0,0,0,0,0,0,0,0,0,6,0,59,224,201,213,220,225,226,233,229,182,165,183,171,170,203,241,18,0,0,0,0,0,0,0,0,1,0,0,169,217,206,222,227,230,231,237,228,189,196,179,167,184,195,252,46,0,0,0,0,0,0,0,0,0,0,44,217,191,202,213,231,234,232,229,225,214,203,196,200,201,190,238,32,0,0,0,0,0,0,0,1,0,0,155,195,193,217,221,224,225,224,224,232,221,207,196,202,194,198,252,104,0,0,0,0,0,0,1,0,0,64,207,193,206,219,215,217,218,220,216,210,212,186,181,202,210,195,239,123,0,0,0,0,3,6,0,0,41,194,196,203,216,216,220,223,224,217,204,191,178,194,227,215,202,184,235,107,0,4,5,2,0,0,0,65,213,156,147,215,225,223,225,225,220,204,172,182,255,229,214,204,194,187,238,92,0,0,0,0,0,45,171,227,135,144,206,227,226,227,216,219,203,176,210,255,160,159,237,197,195,187,243,72,0,0,106,175,221,244,154,32,105,217,234,223,222,216,223,209,170,223,255,51,0,168,233,188,201,189,248,62,0,192,176,100,40,56,44,61,156,183,191,194,209,226,218,195,233,228,0,0,0,180,234,197,198,187,242,45,49,210,205,197,159,146,214,209,187,194,200,202,222,218,203,255,156,0,0,0,0,168,215,201,201,193,242,39,130,223,214,223,233,231,227,227,231,217,215,221,216,217,255,109,0,0,2,0,0,176,210,195,194,192,206,35,107,229,214,225,228,242,239,246,234,243,237,253,255,247,78,0,0,2,0,0,0,190,231,208,239,213,255,34,0,0,13,53,86,130,153,172,182,186,182,148,90,0,0,0,0,0,0,0,0,40,110,81,82,70,66,0,0,0,0,0,0,0,0,0,0,0,0,0,0,0,0,0,0,0,0,0,0,0,0,0,0,0,0,0,0,0,0,0,0,0,0,0,0,0,0,0,0,0,0,0,0,0,0,0,0,0,0,0,0,0,0,0,6
0,0,0,0,0,0,0,0,0,0,0,0,0,0,0,0,0,0,0,0,0,0,0,0,0,0,0,0,0,0,0,0,0,0,0,0,0,0,0,0,0,0,0,0,0,0,0,0,0,0,0,0,0,0,0,0,0,0,0,0,0,0,0,0,0,0,0,0,0,0,0,0,0,0,0,0,0,0,0,0,0,0,0,0,0,0,0,0,0,0,0,0,0,0,0,0,0,0,0,0,0,0,0,0,0,0,0,0,0,0,0,0,0,0,0,0,0,0,0,0,0,0,0,0,0,0,0,0,0,1,0,0,0,0,2,126,119,0,0,0,0,0,0,0,0,0,0,0,0,0,0,0,0,17,11,34,0,0,0,0,20,105,138,145,145,58,0,2,0,0,0,0,0,0,0,0,0,0,2,0,25,122,125,143,125,96,90,137,196,153,130,136,143,66,0,2,0,0,0,0,0,0,0,0,0,1,2,0,52,123,144,166,173,168,146,150,152,154,180,103,4,0,0,0,0,0,0,0,0,0,0,0,0,1,2,0,0,0,41,93,98,179,174,170,172,142,3,0,0,1,0,1,0,0,0,0,0,0,0,0,0,1,0,0,2,0,0,0,0,118,199,183,178,61,0,5,2,1,4,0,0,0,0,0,0,0,0,0,0,0,0,0,1,1,2,0,0,0,178,157,174,133,0,0,0,0,0,0,0,0,0,0,1,0,0,1,4,1,0,0,0,0,0,1,0,0,151,171,157,174,0,0,35,80,157,70,1,1,1,0,0,1,3,1,0,1,0,0,0,0,0,0,1,0,85,186,135,147,130,184,224,195,199,63,2,0,0,0,2,1,0,0,5,0,0,0,1,0,0,2,0,0,65,147,128,166,217,85,179,205,211,65,1,0,0,0,0,0,20,78,207,77,0,4,0,1,2,0,0,88,174,170,184,200,255,81,140,211,214,83,0,0,0,0,0,129,168,98,107,201,2,0,2,1,0,9,153,164,193,240,77,84,216,133,164,172,203,47,2,4,0,5,163,148,127,187,68,161,178,0,1,0,27,177,157,134,197,75,0,119,212,148,157,144,219,44,0,0,0,3,128,97,116,147,144,106,237,59,0,40,178,167,152,168,38,0,0,157,219,180,178,100,216,54,15,32,15,7,133,141,155,183,93,151,151,31,47,182,163,171,189,86,0,0,0,143,186,125,145,129,207,40,100,152,131,120,125,132,207,222,145,186,137,97,186,116,120,163,147,0,0,0,0,159,183,107,157,201,198,47,6,167,199,188,172,164,186,147,150,164,217,215,182,145,179,176,13,0,1,0,0,165,163,160,166,158,189,47,0,152,212,177,153,183,184,148,141,103,123,165,150,140,200,130,0,0,0,0,0,166,126,184,167,145,160,39,0,0,88,142,154,163,212,210,186,128,187,172,144,181,137,0,0,2,1,0,0,170,137,169,179,196,182,36,0,0,0,0,22,35,89,122,146,137,210,149,123,85,0,0,0,2,0,1,0,44,100,80,85,76,54,0,0,0,0,0,0,0,0,0,0,0,0,0,0,0,0,0,0,0,0,0,0,0,0,0,0,0,0,0,0,0,0,0,0,0,0,0,0,0,0,0,0,0,0,0,0,0,0,0,0,0,0,0,0,0,0,0,0,0,0,0,0,0,0,0,0,0,0,0,0,0,0,0,0,0,0,0,0,0,0,0,0,0,0,0,0,0,0,0,0,0,0,0,0,0,0,0,0,0,0,0,0,0,0,0,0,0,0,0,0,0,0,0,6
0,0,0,0,0,0,0,0,0,0,0,0,0,0,0,0,0,0,0,0,0,0,0,0,0,0,0,0,0,0,0,0,0,0,0,0,0,0,0,0,0,0,0,0,0,0,0,0,0,0,0,0,0,0,0,0,0,0,0,0,0,0,0,0,0,0,0,0,0,0,0,0,0,0,0,0,0,0,0,0,0,0,0,0,0,0,0,0,0,0,0,0,0,0,0,0,0,0,0,0,0,0,0,0,0,0,0,0,0,0,0,0,0,0,0,0,0,0,0,0,0,0,0,0,0,0,0,0,0,0,0,0,0,0,0,0,0,0,0,0,0,0,0,0,0,0,0,0,0,0,0,0,0,0,0,0,0,0,0,0,0,0,0,0,0,0,0,0,0,0,0,0,0,0,0,0,0,0,0,0,0,0,0,0,0,0,80,126,0,0,2,1,0,0,0,0,0,0,0,0,0,0,0,0,0,0,0,0,0,0,0,0,0,58,212,238,56,0,0,0,0,2,5,0,0,0,0,0,0,0,0,0,0,0,0,0,0,0,0,0,127,174,149,145,150,97,32,0,0,0,0,0,0,0,0,0,0,0,0,0,0,0,0,0,0,0,0,131,208,165,179,177,194,210,252,211,157,145,53,0,0,0,0,0,0,0,0,0,0,0,0,0,0,0,126,227,139,183,206,196,216,186,194,209,215,232,150,0,0,0,0,0,0,0,0,0,0,0,2,0,0,93,190,148,186,205,154,164,204,215,204,211,203,222,103,0,0,0,0,0,0,0,0,0,0,0,0,0,171,238,143,188,193,186,169,204,190,181,199,210,206,221,151,0,0,0,0,0,0,1,0,0,0,0,73,232,179,147,201,184,183,196,157,209,212,205,200,205,200,199,178,0,0,1,4,2,1,0,0,0,17,181,213,168,166,195,180,186,195,195,212,214,198,206,208,205,196,194,233,22,0,0,0,0,0,0,0,63,223,149,149,180,192,161,180,192,182,187,203,205,207,200,206,208,190,180,218,45,0,0,34,63,92,114,176,190,155,142,177,176,168,184,192,189,187,187,193,205,204,194,195,197,194,180,215,81,0,139,167,174,174,190,171,158,171,166,177,183,192,196,197,196,193,194,198,202,202,201,199,199,197,183,231,97,82,187,163,167,175,172,182,175,187,173,174,175,188,193,194,192,189,188,185,185,186,188,185,188,190,181,221,44,96,199,199,192,187,180,177,170,171,182,183,180,189,186,188,189,188,190,191,192,192,192,193,197,200,198,209,78,0,48,145,207,236,240,236,244,242,229,234,229,227,231,236,236,236,235,232,234,234,235,240,241,240,210,255,89,0,0,0,0,2,33,63,102,128,152,154,152,153,136,130,127,120,122,127,127,128,128,121,118,113,111,92,0,0,0,0,0,0,0,0,0,0,0,0,0,0,0,0,0,0,0,0,0,0,0,0,0,0,0,0,0,0,0,0,0,0,0,0,0,0,0,0,0,0,0,0,0,0,0,0,0,0,0,0,0,0,0,0,0,0,0,0,0,0,0,0,0,0,0,0,0,0,0,0,0,0,0,0,0,0,0,0,0,0,0,0,0,0,0,0,0,0,0,0,0,0,0,0,0,0,0,0,0,0,0,0,0,0,0,0,0,0,0,0,0,0,0,0,0,0,0,0,0,0,0,0,0,0,0,0,0,0,0,0,0,0,0,0,0,0,0,0,0,0,0,0,0,0,0,0,0,0,0,0,0,0,0,0,0,0,0,0,0,0,0,0,0,0,0,0,0,6
0,0,0,0,0,0,0,0,0,0,0,0,0,0,0,0,0,0,0,0,0,0,0,0,0,0,0,0,0,0,0,0,0,0,0,0,0,0,0,0,0,0,0,0,0,0,0,0,0,0,0,0,0,0,0,0,0,0,0,0,0,0,0,0,0,0,0,0,0,0,0,0,0,0,0,0,0,0,0,0,0,0,0,0,0,0,0,0,0,0,0,0,0,0,0,0,0,0,0,0,0,0,0,0,0,0,0,0,0,0,0,0,0,0,0,0,0,0,0,0,0,0,1,0,0,0,0,0,1,1,0,0,0,0,0,1,1,0,126,147,0,0,0,0,0,0,0,0,0,0,0,0,0,0,1,0,0,4,0,3,3,4,0,0,0,73,192,0,0,0,0,0,0,0,0,0,0,0,0,0,1,1,0,0,0,0,0,0,0,0,0,0,0,135,74,0,0,0,0,0,0,0,0,0,0,0,0,1,0,2,0,56,160,66,0,0,18,31,38,13,126,172,94,0,0,0,0,0,0,0,0,0,0,0,0,1,0,6,0,100,172,138,126,239,255,210,251,207,161,196,51,0,0,0,0,0,0,0,0,0,0,0,0,0,1,2,0,130,158,146,172,198,190,194,199,193,166,188,24,0,0,0,0,0,0,0,0,0,0,0,0,0,2,0,0,177,163,155,182,204,198,204,207,187,170,221,12,0,0,0,0,0,0,0,0,0,0,1,0,0,2,0,25,198,161,160,199,199,199,203,221,180,161,219,9,0,0,0,0,0,0,0,0,0,0,1,0,0,0,0,89,201,157,169,203,196,203,204,216,166,160,228,16,0,0,0,0,0,0,0,0,0,0,0,0,1,0,0,169,181,159,174,199,198,206,203,210,165,157,227,53,0,0,0,0,0,1,1,1,0,1,0,1,2,0,41,205,161,166,175,190,193,199,203,207,166,157,184,140,0,2,1,1,0,0,1,0,0,0,0,4,0,0,164,176,170,154,184,188,194,194,201,206,148,154,178,199,0,0,0,0,0,0,0,0,0,1,1,0,0,153,183,147,160,154,190,181,193,184,194,181,84,135,137,207,44,2,1,1,3,3,2,7,0,0,0,31,157,171,137,152,137,147,190,178,184,172,215,167,36,111,109,187,130,1,1,0,0,0,0,0,0,9,99,165,129,105,113,118,70,126,196,166,176,196,172,44,43,116,124,177,166,0,0,0,19,47,61,82,113,159,146,82,62,83,100,93,30,124,195,184,180,105,45,89,165,175,187,217,176,0,89,166,151,134,119,135,134,106,77,59,73,88,68,61,76,83,105,170,171,134,164,180,157,152,143,153,83,47,174,154,145,131,73,51,51,38,59,53,49,49,56,112,172,171,129,103,106,149,138,122,134,143,138,192,95,141,210,190,181,170,159,138,113,84,58,47,62,103,136,147,136,145,166,213,224,199,198,198,195,196,187,209,59,0,50,155,209,232,240,235,222,210,195,184,182,184,196,204,219,211,186,117,85,232,188,180,186,194,194,225,108,0,0,0,0,9,41,95,126,151,175,187,182,170,153,96,35,0,0,0,0,96,153,130,128,113,102,99,8,0,0,0,0,0,0,0,0,0,0,0,0,0,0,0,0,0,0,0,0,0,0,0,0,0,0,0,0,0,0,0,0,0,0,0,0,0,0,0,0,0,0,0,0,0,0,0,0,0,0,0,0,0,0,0,0,0,0,0,0,0,0,0,0,0,0,0,0,0,0,0,0,0,0,0,0,0,0,0,0,0,0,0,0,6
0,0,0,0,0,0,0,0,0,0,0,0,0,0,0,0,0,0,0,0,0,0,0,0,0,0,0,0,0,0,0,0,0,0,0,0,0,0,0,0,0,0,0,0,0,0,0,0,0,0,0,0,0,0,0,0,0,0,0,0,0,0,0,0,0,0,0,0,0,0,0,0,0,0,0,0,0,0,0,0,0,0,0,0,0,0,0,0,0,0,0,0,0,0,0,0,0,0,0,0,0,0,0,0,0,0,0,0,0,0,0,0,0,0,0,0,0,0,0,0,0,0,0,0,0,0,0,0,0,0,122,175,198,55,0,0,0,0,2,0,0,0,0,0,0,0,0,0,0,0,0,2,0,8,12,19,22,13,226,231,238,88,0,2,0,0,0,0,0,0,0,0,0,0,0,0,0,0,2,0,18,182,192,180,195,213,220,214,210,244,255,207,211,161,0,0,0,0,0,0,0,0,0,0,0,0,7,0,33,200,194,190,189,192,209,219,217,226,218,216,224,201,0,0,0,0,0,0,0,0,0,0,0,1,12,0,41,209,196,210,235,230,223,207,208,222,216,210,209,193,9,0,0,0,0,0,0,0,0,0,0,0,8,0,70,208,196,213,209,200,223,232,221,223,207,210,207,190,0,0,0,0,0,0,0,0,0,0,0,0,0,0,89,202,177,167,179,188,153,181,204,228,211,214,209,215,0,0,0,0,0,0,0,0,0,0,0,0,0,0,129,204,163,189,217,210,167,145,175,230,205,204,217,210,0,0,0,0,0,0,0,0,0,0,0,0,0,0,173,209,193,207,214,224,238,236,225,222,210,206,221,203,0,0,0,0,0,0,0,0,0,0,0,8,0,22,205,207,201,209,209,223,236,241,232,218,211,213,219,216,0,0,0,0,0,0,0,0,0,1,8,0,0,166,215,202,215,221,215,217,222,222,218,213,205,213,217,205,16,0,0,0,0,0,1,4,4,0,0,0,154,197,191,190,200,208,210,216,220,217,216,215,207,206,216,216,48,0,0,2,0,0,0,0,0,0,77,210,202,184,171,147,201,209,214,219,215,210,198,204,207,203,215,222,115,0,1,0,0,0,0,13,98,191,214,168,0,71,195,147,196,201,201,213,213,216,218,216,203,200,211,218,164,0,0,8,144,188,193,205,193,180,116,0,0,126,208,215,219,220,224,221,222,227,216,197,181,194,215,220,197,0,0,112,185,136,156,190,180,168,103,90,166,209,214,216,211,211,228,222,218,211,218,236,226,208,206,218,184,15,0,156,225,195,148,198,190,178,161,178,189,214,227,228,216,196,191,188,201,202,213,219,224,215,211,220,186,5,30,117,168,221,245,244,248,244,240,243,242,235,227,210,203,208,215,217,214,218,207,201,190,186,172,164,160,1,14,69,71,77,103,137,152,168,177,176,174,166,158,164,161,153,154,151,137,116,112,100,95,97,100,97,120,51,0,0,21,57,72,79,89,91,92,94,97,94,87,82,75,60,59,46,73,107,104,102,107,103,104,99,107,30,0,2,0,0,0,0,1,4,6,7,6,2,0,0,0,0,0,0,3,29,21,15,13,9,6,4,5,0,0,0,0,0,0,0,0,0,0,0,0,0,0,0,0,0,0,0,0,0,0,0,0,0,0,0,0,0,0,0,0,0,0,0,0,0,0,0,0,0,0,0,0,0,0,0,0,0,0,0,0,0,0,0,0,0,0,0,0,0,0,0,0,0,0,0,0,0,0,0,0,0,0,0,0,0,0,0,0,0,0,0,0,0,6
0,0,0,0,0,0,0,0,0,0,0,0,0,0,0,0,0,0,0,0,0,0,0,0,0,0,0,0,0,0,0,0,0,0,0,0,0,0,0,0,0,0,0,0,0,0,0,0,0,0,0,0,0,0,0,0,0,0,0,0,0,0,0,0,0,0,0,0,0,0,0,0,0,0,0,0,0,0,0,0,0,0,0,0,0,0,0,0,0,0,0,0,0,0,0,0,0,6,0,0,0,0,23,16,0,0,0,0,0,0,0,0,0,0,0,0,0,0,0,0,0,0,0,0,1,0,0,59,166,207,203,235,220,190,148,75,9,0,0,0,0,0,0,0,0,0,0,0,0,0,0,1,0,22,174,238,214,207,176,198,218,213,227,231,220,110,0,3,0,0,0,0,0,0,0,0,0,0,0,0,0,199,208,181,178,199,188,204,218,192,205,208,225,77,0,3,0,0,0,0,0,0,0,0,0,0,1,2,0,155,178,183,198,208,186,210,232,205,207,204,255,27,0,0,0,0,0,0,0,0,0,0,1,3,0,1,0,139,187,183,205,216,195,207,231,210,205,194,239,72,0,0,0,0,0,0,0,0,0,0,0,2,1,0,0,157,195,176,198,212,204,214,225,218,217,209,231,157,0,0,0,0,0,0,0,0,0,0,0,0,3,0,2,182,176,173,201,212,210,221,220,203,204,203,203,208,0,0,0,0,0,0,0,0,0,0,1,1,3,0,50,198,168,187,204,209,198,190,186,176,185,177,173,235,84,0,0,0,1,1,0,0,0,1,0,1,0,0,121,220,177,201,207,203,187,176,176,183,176,174,173,199,187,0,0,0,0,0,0,0,0,1,2,3,0,18,198,168,179,207,217,199,187,185,182,165,168,169,168,159,216,25,0,0,0,0,0,0,0,0,2,0,0,148,191,164,191,191,204,190,187,198,195,179,186,183,183,186,218,58,0,0,0,0,0,0,0,1,1,0,67,194,156,179,172,183,190,188,195,201,196,188,196,201,204,203,223,94,0,0,0,1,1,0,2,1,0,31,166,161,165,176,179,183,186,191,198,205,198,208,213,214,218,208,217,50,0,2,5,5,3,1,0,0,37,164,159,168,164,178,179,185,191,191,210,207,208,213,203,187,179,186,204,0,0,0,0,0,0,0,0,75,165,144,146,157,160,182,179,196,207,205,204,232,208,174,185,198,179,225,181,0,0,12,53,81,95,100,137,157,132,141,150,173,192,185,192,210,208,231,253,110,129,223,181,188,169,248,75,0,7,157,156,154,166,163,142,134,154,168,169,185,200,205,200,210,251,185,24,0,63,225,174,185,190,229,0,0,112,181,168,164,155,141,146,159,166,173,173,181,201,199,208,251,106,0,0,0,53,236,182,178,210,155,0,0,46,133,166,191,200,192,187,185,177,176,182,198,207,225,204,28,0,0,5,0,36,232,177,174,223,58,0,0,0,0,11,50,113,173,213,221,227,226,235,232,222,129,0,0,0,2,1,0,24,245,188,192,214,0,0,1,0,0,0,0,0,0,7,29,46,51,66,46,7,0,0,0,2,1,1,0,6,120,98,108,77,0,0,0,0,0,0,0,0,0,0,0,0,0,0,0,0,0,0,0,0,0,0,0,0,0,0,0,0,0,0,0,0,0,0,0,0,0,0,0,0,0,0,0,0,0,0,0,0,0,0,0,0,0,0,0,0,0,0,0,0,0,0,0,0,0,0,0,0,0,0,0,0,0,0,0,0,0,0,0,0,0,0,0,0,0,0,0,6
0,0,0,0,0,0,0,0,0,0,0,0,0,0,0,0,0,0,0,0,0,0,0,0,0,0,0,0,0,0,0,0,0,0,0,0,0,0,0,0,0,0,0,0,0,0,0,0,0,0,0,0,0,0,0,0,0,0,0,0,0,0,0,0,0,0,0,0,0,0,0,0,0,0,0,0,0,0,0,0,0,0,0,0,0,0,0,0,0,0,0,0,0,0,0,0,0,0,0,0,0,0,0,0,0,0,0,0,0,0,0,0,0,0,0,0,0,0,0,0,0,0,0,0,0,0,0,0,0,0,0,0,0,0,0,0,0,0,0,0,0,0,0,0,0,0,0,0,0,0,0,0,0,0,0,0,0,0,0,0,0,0,0,0,0,0,0,0,0,0,0,0,0,0,0,0,0,0,0,0,0,0,0,1,0,3,105,0,0,0,0,0,0,0,0,0,0,0,0,0,0,0,0,0,0,0,0,0,0,2,0,0,0,179,235,178,11,0,0,0,0,0,0,0,0,0,0,0,0,0,0,0,0,0,0,0,0,0,2,0,40,213,194,223,255,0,0,4,5,3,1,2,0,0,0,0,0,0,0,0,0,0,0,0,0,0,0,0,212,210,201,207,219,21,0,0,0,0,0,0,0,0,0,0,0,0,0,0,0,0,0,0,0,2,0,46,255,200,217,223,219,252,205,117,102,0,0,4,0,0,0,0,0,0,0,0,0,0,0,0,0,0,0,173,216,196,226,224,230,230,236,242,248,85,122,133,0,0,0,0,0,1,0,0,0,2,0,4,0,0,124,255,208,218,224,224,227,223,227,219,220,173,60,0,0,0,0,0,0,2,0,0,1,5,0,0,0,88,252,203,209,218,221,228,228,226,229,220,239,132,0,0,0,0,0,0,0,0,2,0,0,0,0,7,137,255,180,181,222,220,222,225,227,227,221,220,239,156,0,0,0,0,1,3,3,1,0,0,0,39,125,255,223,165,211,222,222,220,225,225,225,225,221,218,229,224,0,0,1,0,0,0,0,0,0,46,163,255,195,183,188,201,220,223,224,228,226,227,226,222,223,221,220,225,24,0,0,0,0,0,47,93,185,247,183,191,197,206,227,221,219,220,221,220,223,226,224,220,217,221,216,236,75,0,0,118,164,191,209,218,210,208,208,223,224,227,217,223,225,227,226,226,229,231,230,228,232,229,220,237,134,0,30,184,179,178,183,183,186,193,201,206,214,220,220,227,227,229,229,225,225,228,227,225,221,214,211,211,161,0,90,209,201,195,192,191,189,185,190,184,193,190,192,198,197,193,189,187,190,194,196,195,201,203,200,204,164,0,15,133,194,233,244,246,255,255,255,255,254,252,253,249,249,249,248,247,246,245,244,244,241,245,201,196,168,0,0,0,0,0,35,52,60,72,83,89,89,91,95,81,74,63,61,52,40,41,39,39,25,17,0,0,0,0,0,0,0,0,0,0,0,0,0,0,0,0,0,0,0,0,0,0,0,0,0,0,0,0,0,0,0,0,0,0,0,0,0,0,0,0,0,0,0,0,0,0,0,0,0,0,0,0,0,0,0,0,0,0,0,0,0,0,0,0,0,0,0,0,0,0,0,0,0,0,0,0,0,0,0,0,0,0,0,0,0,0,0,0,0,0,0,0,0,0,0,0,0,0,0,0,0,0,0,0,0,0,0,0,0,0,0,0,0,0,0,0,0,0,0,0,0,0,0,0,0,0,0,0,0,0,0,0,0,0,0,0,0,0,0,0,0,0,0,0,6
0,0,0,0,0,0,0,0,0,0,0,0,0,0,0,0,0,0,0,0,0,0,0,0,0,0,0,0,0,0,0,0,0,0,0,0,0,0,0,0,0,0,0,0,0,0,0,0,0,0,0,0,0,0,0,0,0,0,0,0,0,0,0,0,0,0,0,0,0,0,0,0,0,0,0,0,0,0,0,0,0,0,0,0,0,0,0,0,0,0,0,0,0,0,0,0,0,0,0,0,0,0,0,0,0,0,0,0,0,0,0,0,0,0,0,0,0,0,0,0,0,0,0,0,0,0,0,1,4,3,0,0,0,0,1,0,2,0,13,51,0,0,0,0,0,0,0,0,0,0,0,0,0,0,0,0,0,0,2,1,2,1,0,0,0,3,101,107,0,0,0,0,0,0,0,0,0,0,0,0,0,1,0,20,62,0,0,0,0,0,0,0,0,114,42,0,0,0,0,0,0,0,0,0,0,0,0,0,0,0,0,99,161,157,3,0,0,0,133,177,158,2,0,0,0,0,0,0,0,0,0,0,0,0,0,0,0,0,0,142,151,180,199,249,255,200,189,207,138,0,0,0,0,0,0,0,0,0,0,0,0,0,0,0,2,0,11,170,157,191,205,206,201,202,179,198,148,0,0,0,0,0,0,0,0,0,0,0,0,0,0,0,0,0,56,167,144,220,213,204,202,203,185,201,157,0,0,0,0,0,0,0,0,0,0,0,0,0,0,0,0,0,124,155,166,222,206,202,200,199,184,201,154,0,0,0,0,0,0,0,0,0,0,0,0,0,0,0,0,38,156,141,187,216,199,200,197,198,185,194,197,0,0,1,0,0,0,0,0,0,0,0,0,0,2,0,0,131,146,160,202,209,193,198,196,201,184,176,208,43,0,1,0,0,0,0,0,0,0,0,0,1,0,0,81,144,165,166,201,203,194,199,199,203,175,176,191,114,0,0,0,0,0,0,0,0,0,0,0,0,0,83,126,151,167,169,206,202,202,203,204,207,165,163,172,156,0,0,0,1,3,1,1,0,0,0,0,44,107,161,165,159,167,181,210,211,203,205,209,199,172,189,170,183,0,0,0,0,0,0,0,0,0,33,90,129,119,135,150,155,168,163,176,171,165,173,178,179,174,178,162,167,41,0,0,0,1,24,41,68,105,132,141,130,118,125,146,157,172,169,167,157,155,174,169,180,156,162,155,173,73,0,25,154,132,136,133,137,146,144,141,139,151,164,176,185,198,202,201,210,194,222,201,203,184,193,171,170,48,0,25,76,90,126,130,134,150,156,171,174,176,189,184,190,186,168,152,157,141,133,137,108,101,89,78,71,16,0,42,32,23,8,11,9,18,16,10,11,6,7,1,0,0,0,0,0,0,0,1,3,20,16,20,39,30,0,66,62,57,54,52,47,45,39,23,25,28,30,30,30,31,33,35,34,35,38,37,41,52,47,46,60,23,0,37,78,73,74,68,63,57,46,38,41,38,35,35,40,38,37,34,38,40,40,38,40,57,57,54,58,11,0,0,0,9,17,32,39,41,41,30,30,29,28,27,24,23,23,23,23,22,22,20,20,26,19,8,5,0,0,0,0,0,0,0,0,0,0,0,0,0,0,0,0,0,0,0,0,0,0,0,0,0,0,0,0,0,0,0,0,0,0,0,0,0,0,0,0,0,0,0,0,0,0,0,0,0,0,0,0,0,0,0,0,0,0,0,0,0,0,0,0,0,0,0,0,0,0,0,0,0,0,0,0,0,0,0,0,0,0,0,0,0,0,6
0,0,0,0,0,0,0,0,0,0,0,0,0,0,0,0,0,0,0,0,0,0,0,0,0,0,0,0,0,0,0,0,0,0,0,0,0,0,0,0,0,0,0,0,0,0,0,0,0,0,0,0,0,0,0,0,0,0,0,0,0,0,0,0,0,0,0,0,0,0,0,0,0,0,0,0,0,0,0,0,0,0,0,0,0,0,0,0,0,0,0,0,0,0,0,0,0,0,0,0,0,0,0,0,0,0,0,0,0,0,0,0,0,0,0,0,0,0,0,0,0,1,0,1,3,3,3,5,2,5,3,2,0,3,5,0,115,156,0,0,0,0,0,0,0,0,0,0,0,2,0,0,0,0,0,0,0,0,0,0,3,0,0,147,230,201,26,0,0,0,0,0,0,0,0,0,0,1,1,5,83,104,83,41,10,0,6,0,0,0,182,244,178,26,0,0,0,0,0,0,0,0,0,0,0,6,0,62,169,184,192,197,197,153,176,226,98,178,249,173,0,3,2,0,0,0,0,0,0,0,0,0,1,0,0,180,201,165,180,199,221,184,189,226,192,221,212,179,11,0,5,0,0,0,0,0,0,0,0,0,3,0,53,215,226,117,0,35,74,170,212,199,186,214,228,204,0,0,0,2,0,0,0,0,0,0,0,0,1,1,0,126,191,202,27,0,0,0,0,32,247,255,162,0,0,0,10,14,0,0,0,0,0,0,0,0,0,1,0,3,176,204,183,3,0,3,0,31,230,231,24,0,42,128,189,128,0,1,1,0,2,1,0,1,0,1,1,0,57,210,219,162,0,2,0,20,234,204,139,188,223,221,219,107,0,0,0,0,1,1,3,1,6,3,2,0,0,118,225,214,147,0,0,0,195,226,235,235,218,205,173,35,0,0,0,1,1,2,1,0,0,0,1,2,1,0,167,225,221,76,29,227,234,239,227,215,157,104,110,0,1,1,0,0,0,2,0,41,107,40,0,0,1,1,0,213,215,212,230,231,222,200,134,62,87,114,123,0,0,1,0,1,0,0,81,169,189,187,157,66,0,0,0,14,225,230,235,218,162,122,76,120,113,120,94,0,0,1,1,5,0,92,179,141,148,204,205,212,201,27,0,143,243,234,244,109,78,144,104,81,105,127,55,0,0,0,0,3,0,149,196,98,0,101,234,227,228,238,117,234,235,218,67,71,94,83,75,102,100,124,26,0,9,5,0,0,0,110,223,184,0,0,0,123,215,223,239,230,238,53,65,110,110,102,101,94,93,132,5,0,111,186,162,179,152,173,214,204,92,29,10,10,193,231,227,225,92,49,106,92,114,160,156,96,120,115,0,0,54,183,197,210,221,223,221,221,232,225,239,228,228,231,234,114,55,113,107,93,88,100,117,113,135,76,0,2,0,79,128,144,157,178,199,210,223,226,232,228,223,226,78,63,126,101,145,88,94,101,101,75,137,26,0,1,0,28,75,88,110,120,120,113,114,115,118,102,115,75,39,120,156,93,118,135,107,85,106,106,144,0,0,1,0,0,0,0,10,45,57,59,75,79,74,78,100,94,71,79,62,62,58,36,62,141,122,141,117,0,1,0,0,0,0,0,0,0,0,0,0,0,0,0,0,0,0,0,0,0,0,0,0,0,0,0,0,0,0,0,0,0,0,0,0,0,0,0,0,0,0,0,0,0,0,0,0,0,0,0,0,0,0,0,0,0,0,0,0,0,0,0,0,0,0,0,0,0,0,0,0,0,0,0,0,0,0,0,0,0,0,0,0,0,0,0,6
0,0,0,0,0,0,0,0,0,0,0,0,0,0,0,0,0,0,0,0,0,0,0,0,0,0,0,0,0,0,0,0,0,0,0,0,0,0,0,0,0,0,0,0,0,0,0,0,0,0,0,0,0,0,0,0,0,0,0,0,0,0,0,0,0,0,0,0,1,0,65,129,111,150,167,153,90,62,89,101,50,10,0,0,0,0,0,0,0,0,0,0,0,0,0,0,1,0,81,206,184,187,179,176,197,202,190,219,192,185,208,137,0,0,0,0,0,0,0,0,0,1,0,0,1,0,1,201,184,209,209,203,209,204,174,170,170,176,180,136,0,0,0,0,0,0,0,0,0,0,0,0,0,0,0,37,42,39,48,59,52,176,82,103,129,139,184,75,0,0,0,0,0,0,0,0,0,0,0,0,0,0,0,93,114,91,84,73,93,147,19,6,0,2,25,0,0,0,0,0,0,0,0,0,0,0,0,0,0,0,0,96,142,150,165,183,217,200,184,215,186,147,142,3,0,0,0,0,0,0,0,0,0,0,0,1,0,0,0,46,46,32,15,19,32,41,39,54,75,73,97,6,0,0,0,0,0,0,0,0,0,0,1,1,0,0,0,113,107,198,200,162,125,131,115,87,58,63,46,0,0,0,0,0,0,0,0,0,0,0,1,1,0,1,0,46,113,151,89,129,156,152,156,165,71,145,139,0,0,0,0,0,0,0,0,0,0,0,1,0,0,0,0,69,147,163,104,122,161,114,43,101,78,68,14,0,1,1,1,0,0,0,0,0,0,0,2,1,2,3,0,91,141,174,173,157,167,176,213,165,69,95,23,0,0,0,0,0,0,0,0,0,0,0,0,0,1,1,0,92,92,92,96,97,132,130,118,92,62,91,32,0,1,0,0,0,0,0,0,0,0,0,1,0,0,0,19,201,195,219,223,173,143,120,59,53,57,61,14,0,1,0,0,0,0,0,0,0,2,1,2,0,0,15,120,172,187,159,135,223,255,196,203,202,142,150,31,0,0,0,0,0,0,0,0,0,1,1,0,0,18,134,128,190,253,196,213,192,212,137,161,191,169,189,109,0,0,0,0,0,0,0,0,0,1,0,0,31,129,123,131,107,69,167,180,165,242,224,178,207,173,156,48,0,0,0,0,1,1,1,1,1,0,0,50,125,134,129,146,50,0,0,0,0,1,36,130,146,108,113,47,0,1,2,0,0,1,0,0,0,0,76,132,102,108,147,147,153,190,169,136,87,78,150,159,126,112,142,79,0,0,0,0,0,0,0,0,42,114,119,115,119,113,139,163,159,131,142,153,190,175,163,198,200,114,117,100,0,0,48,50,63,63,71,89,114,107,107,114,119,123,125,128,158,173,172,146,145,104,162,184,176,128,102,97,0,24,217,134,100,104,109,102,102,115,128,117,120,132,139,163,173,180,183,152,181,162,180,195,189,163,135,104,0,41,58,92,124,140,145,151,164,164,165,161,152,147,159,190,189,198,208,165,170,169,143,123,113,114,126,98,0,79,84,28,12,25,28,40,58,59,58,52,58,78,62,56,48,50,52,26,31,21,32,48,42,48,46,61,29,19,87,85,65,59,56,61,71,56,36,36,40,54,48,43,65,79,73,87,101,93,91,100,103,82,56,75,32,0,0,0,8,20,21,32,39,42,46,52,50,42,35,37,40,41,43,46,45,47,50,48,41,26,19,12,0,0,0,0,0,0,0,0,0,0,0,0,0,0,0,0,0,0,0,0,0,0,0,0,0,0,0,0,0,6
0,0,0,0,0,0,0,0,0,0,0,0,0,0,0,0,0,0,0,0,0,0,0,0,0,0,0,0,0,0,0,0,0,0,0,0,0,0,0,0,0,0,0,0,0,0,0,0,0,0,0,0,0,0,0,0,0,0,0,0,0,0,0,0,0,0,0,0,0,0,0,0,0,0,0,0,0,0,0,0,0,0,0,0,0,0,0,0,0,0,0,0,0,0,0,0,0,0,0,0,0,0,0,0,0,0,0,0,0,0,0,0,0,0,0,0,0,0,0,0,0,0,0,0,0,0,0,0,0,0,0,0,1,6,3,3,3,0,43,55,0,0,0,0,0,0,0,0,0,0,0,0,0,0,0,0,0,0,0,0,0,0,0,0,0,0,45,24,0,0,0,0,0,0,0,0,0,0,0,0,0,0,0,0,19,76,100,102,86,77,34,12,1,50,60,0,0,0,0,0,0,0,0,0,0,0,0,0,0,1,0,0,56,76,105,115,121,131,133,123,116,97,0,0,0,0,0,0,0,0,0,0,0,0,0,0,1,0,6,138,71,136,139,142,129,113,121,118,110,94,0,0,0,0,0,0,0,0,0,0,0,1,0,0,0,0,149,60,51,160,157,125,146,134,133,125,121,103,0,0,0,0,0,0,0,0,0,0,0,0,0,0,0,4,90,61,94,115,126,131,121,131,125,125,129,103,0,0,0,0,0,0,0,0,0,0,0,3,1,0,0,43,160,165,115,107,129,157,146,105,115,118,113,102,0,0,0,0,0,0,0,0,0,0,0,4,0,0,110,68,138,237,188,107,131,190,131,99,115,113,100,103,1,0,0,0,0,0,0,0,0,0,1,6,0,58,112,19,108,211,209,204,186,172,126,95,100,97,89,123,29,0,0,0,1,0,0,0,0,0,0,1,0,45,90,90,105,129,147,199,170,149,103,87,92,97,89,103,51,0,0,0,0,0,0,0,0,0,0,0,1,116,159,152,133,125,123,142,138,173,146,89,95,95,89,97,64,0,0,0,0,0,0,0,0,0,0,6,60,71,129,154,167,128,173,151,120,125,115,89,100,105,110,116,77,0,0,0,0,0,0,0,0,0,0,35,60,56,110,134,159,160,159,159,120,103,99,92,87,94,77,94,58,0,0,0,0,0,0,0,11,37,55,60,77,89,100,123,123,126,173,157,105,73,56,60,94,123,147,155,22,0,0,0,4,1,14,34,64,68,64,71,82,99,110,115,128,105,82,102,129,193,199,220,232,229,225,183,0,0,0,32,68,53,63,71,68,71,84,86,79,87,110,102,77,108,146,168,77,237,255,230,229,214,207,147,0,0,51,108,79,51,58,71,71,69,81,97,100,82,58,118,183,225,108,0,0,212,232,220,219,207,217,95,0,0,71,154,165,157,155,146,118,81,74,84,94,164,233,238,131,0,0,0,0,237,225,206,211,211,211,22,0,0,0,0,35,79,105,144,172,198,216,206,199,172,73,0,0,0,1,0,0,206,219,190,206,204,196,0,0,1,0,0,0,0,0,0,0,0,0,0,0,0,0,0,0,0,0,0,0,0,0,0,0,0,0,0,0,0,0,0,0,0,0,0,0,0,0,0,0,0,0,0,0,0,0,0,0,0,0,0,0,0,0,0,0,0,0,0,0,0,0,0,0,0,0,0,0,0,0,0,0,0,0,0,0,0,0,0,0,0,0,0,0,0,0,0,0,0,0,0,0,0,0,0,0,0,0,0,0,0,0,0,0,0,0,0,0,0,0,0,0,0,6
0,0,0,0,0,0,0,0,0,0,0,0,0,0,0,0,0,0,0,0,0,0,0,0,0,0,0,0,0,0,0,0,0,0,0,0,0,0,0,0,0,0,0,0,0,0,0,0,0,0,0,0,0,0,0,0,0,0,0,0,0,0,0,0,0,0,0,0,0,0,0,0,0,0,0,0,0,0,0,0,0,0,0,0,0,0,0,0,0,0,0,0,0,0,0,0,0,0,0,0,0,0,0,0,0,0,0,0,0,0,0,0,0,0,0,0,0,0,0,0,0,0,0,0,0,0,0,0,0,10,75,35,53,56,55,58,51,52,0,0,0,0,0,0,0,0,0,0,0,0,0,0,0,0,0,0,0,168,207,205,246,253,252,223,216,195,15,0,0,0,0,0,0,0,0,0,0,0,0,0,0,0,1,0,11,197,191,186,197,202,204,200,200,183,0,0,0,0,0,0,0,0,0,0,0,0,0,0,0,0,0,0,107,201,189,201,212,214,209,207,207,195,0,0,0,0,0,0,0,0,0,0,0,0,0,0,0,1,0,0,89,210,188,196,209,211,207,204,205,185,0,0,0,0,0,0,0,0,0,0,0,0,0,0,0,3,0,111,205,195,195,191,205,215,213,209,203,186,0,0,0,0,0,0,0,0,0,0,0,0,0,0,0,3,0,219,197,192,209,200,205,212,211,208,200,195,0,0,0,0,0,0,0,0,0,0,0,0,0,0,0,0,0,133,194,206,197,211,212,211,211,209,201,217,0,0,0,0,0,0,0,0,0,0,2,3,0,0,0,0,130,178,183,191,200,213,209,210,214,206,202,231,0,0,0,0,0,0,0,0,0,0,0,0,4,3,0,22,233,168,213,197,208,204,200,210,207,201,201,215,29,0,0,0,0,0,0,0,0,0,0,2,0,0,57,210,137,194,201,197,199,203,206,212,203,209,202,220,98,0,0,0,0,0,0,0,0,0,2,0,0,85,188,152,168,191,185,194,200,212,215,209,210,216,204,205,177,0,0,0,1,1,2,1,2,2,0,0,203,152,111,177,167,175,195,206,209,212,214,210,216,205,201,203,228,2,1,2,0,0,0,0,0,0,0,91,151,154,162,140,170,193,199,207,210,213,210,208,194,184,200,202,230,63,0,0,0,0,0,0,5,77,166,209,133,202,158,185,198,202,204,208,209,209,210,209,205,209,220,199,232,80,0,59,132,156,175,187,193,176,97,100,190,183,199,203,208,209,210,208,205,195,200,204,198,197,198,190,217,42,0,176,173,124,97,130,128,121,118,160,181,191,195,197,205,205,195,188,207,215,221,219,213,213,210,204,228,29,102,198,202,206,191,185,188,189,200,203,196,201,204,210,206,207,217,224,255,222,201,190,180,180,174,164,202,34,104,180,186,194,208,212,214,214,223,215,220,224,214,212,221,215,191,120,1,32,215,166,179,184,183,173,197,31,0,76,150,177,196,197,199,200,204,207,209,209,212,232,152,25,0,0,0,10,251,188,197,194,192,188,233,40,0,0,0,7,55,91,128,147,154,164,159,138,136,64,0,0,0,2,0,8,205,178,172,184,183,171,180,15,0,0,0,0,0,0,0,0,0,0,0,0,0,0,0,0,0,0,0,0,0,0,0,0,0,0,0,0,0,0,0,0,0,0,0,0,0,0,0,0,0,0,0,0,0,0,0,0,0,0,0,0,0,0,0,0,0,0,0,0,0,0,0,0,0,0,0,0,0,0,0,0,0,0,0,0,0,0,0,0,0,0,0,0,6
0,0,0,0,0,0,0,0,0,0,0,0,0,0,0,0,0,0,0,0,0,0,0,0,0,0,0,0,0,0,0,0,0,0,0,0,0,0,0,0,0,0,0,0,0,0,0,0,0,0,0,0,0,0,0,0,0,0,0,0,0,0,0,0,0,0,0,0,0,0,0,0,0,0,0,0,0,0,0,0,0,0,0,0,0,0,0,0,0,0,0,0,0,0,0,0,0,0,0,0,0,0,0,0,0,0,0,0,0,0,0,0,0,0,0,0,0,0,0,0,0,0,0,0,0,0,0,0,0,0,0,0,0,0,0,0,0,0,0,0,0,0,0,0,0,0,0,0,0,0,0,0,0,0,0,0,5,66,0,0,0,0,0,0,0,7,17,0,0,0,0,0,0,0,0,0,0,0,0,0,1,0,0,44,157,147,135,103,68,38,7,0,0,28,58,22,0,0,0,0,0,0,0,0,1,2,0,1,0,0,84,149,146,180,176,174,168,160,194,197,116,50,14,24,0,0,0,0,0,0,0,0,0,0,0,0,0,68,176,133,126,139,168,192,199,183,172,176,177,181,15,1,0,0,0,0,0,0,0,0,0,0,0,0,34,159,140,149,159,147,122,131,184,210,189,183,170,161,21,0,0,0,0,0,0,0,0,0,0,4,0,0,124,147,152,159,184,161,164,148,147,159,195,176,174,164,65,0,0,0,0,0,0,0,1,2,2,0,0,17,187,137,151,204,160,160,108,150,140,190,187,188,174,192,128,0,0,0,0,0,2,4,0,0,0,25,142,6,88,226,153,112,150,149,123,149,175,204,183,181,178,187,181,0,0,0,0,0,2,0,0,50,0,85,174,88,21,138,234,160,114,130,140,161,224,188,188,183,184,181,189,0,2,1,0,0,0,50,106,135,64,23,117,90,131,160,161,241,237,171,158,238,197,184,190,183,176,170,141,0,0,0,0,70,156,149,95,111,114,138,150,165,194,192,170,165,195,235,243,203,186,193,192,190,179,172,138,0,8,40,0,157,150,76,93,112,140,164,137,155,193,192,179,176,172,180,197,187,192,177,185,179,180,174,156,0,62,195,0,65,166,99,159,111,130,135,152,139,142,178,175,174,169,172,171,179,158,176,178,183,172,172,162,0,74,190,162,123,139,138,156,139,177,174,185,202,161,181,196,186,177,176,165,161,151,167,171,179,170,172,197,29,79,189,197,185,179,177,156,133,162,170,180,189,162,157,174,171,176,192,188,199,202,202,213,195,201,202,202,71,0,150,190,160,217,207,222,51,0,31,29,23,26,32,34,32,32,37,41,70,15,160,215,202,205,204,201,43,0,0,55,187,190,210,238,234,48,113,114,112,117,116,113,112,112,104,102,89,69,255,216,220,222,215,235,25,0,0,0,0,6,53,79,134,86,75,74,64,64,59,59,61,61,69,79,79,110,113,94,97,69,55,6,0,0,0,0,0,0,0,0,0,0,0,0,0,0,0,0,0,0,0,0,0,0,0,0,0,0,0,0,0,0,0,0,0,0,0,0,0,0,0,0,0,0,0,0,0,0,0,0,0,0,0,0,0,0,0,0,0,0,0,0,0,0,0,0,0,0,0,0,0,0,0,0,0,0,0,0,0,0,0,0,0,0,0,0,0,0,0,0,0,0,0,0,0,0,0,0,0,0,0,0,0,0,0,0,0,0,0,0,0,0,0,0,0,0,0,0,0,0,0,0,0,0,0,0,0,0,0,0,0,0,0,0,0,0,0,0,0,0,0,0,0,6
0,0,0,0,0,0,0,0,0,0,0,0,0,0,0,0,0,0,0,0,0,0,0,0,0,0,0,0,0,0,0,0,0,0,0,0,0,0,0,0,0,0,0,0,0,0,0,0,0,0,0,0,0,0,0,0,0,0,0,0,0,0,0,0,0,0,0,0,0,1,0,0,0,24,0,0,7,19,21,21,15,4,16,0,0,0,0,0,0,0,0,0,0,0,0,0,0,2,6,0,48,141,148,170,184,187,181,183,172,176,138,0,0,0,0,0,0,0,0,0,0,0,0,0,0,1,0,1,162,114,127,143,147,146,146,135,136,143,87,0,0,0,0,0,0,0,0,0,0,0,0,0,0,3,0,53,167,101,108,120,138,149,140,140,135,147,134,0,0,0,0,0,0,0,0,0,0,0,0,0,0,1,0,0,146,124,138,145,153,157,154,153,135,157,113,0,0,0,0,0,0,0,0,0,0,0,0,0,0,2,0,0,125,135,117,123,128,136,139,141,124,152,12,0,0,0,0,0,0,0,0,0,0,0,0,0,0,1,0,14,156,111,120,147,143,145,142,141,134,161,10,0,0,0,0,0,0,0,0,0,0,0,0,1,0,4,0,28,115,124,140,160,150,157,143,135,131,156,3,0,0,0,0,0,0,0,0,0,0,0,0,1,0,5,0,46,168,146,150,153,146,154,147,137,141,146,0,0,0,0,0,0,0,0,0,0,0,0,0,1,1,0,0,148,167,157,138,139,143,160,137,131,154,152,0,0,0,0,0,0,1,1,0,0,0,0,0,0,3,0,48,117,122,163,141,140,134,141,160,131,134,162,0,0,0,0,0,0,0,0,0,0,0,0,0,1,0,0,137,112,106,117,154,162,152,136,131,152,128,147,8,0,1,0,0,0,0,0,0,0,0,0,2,1,0,117,114,116,122,59,63,117,135,151,131,127,123,183,37,0,0,0,0,0,0,0,0,0,0,0,0,0,98,113,106,135,119,145,139,140,134,145,149,131,112,181,31,0,1,1,0,0,0,0,0,0,2,0,0,101,97,112,137,145,135,140,151,151,148,149,136,129,139,180,54,0,1,0,0,0,1,2,2,0,0,0,94,116,101,132,142,132,127,137,139,135,132,136,139,159,153,161,78,0,1,1,0,0,0,0,0,0,0,47,109,112,151,145,147,147,141,139,145,140,137,140,152,148,125,138,109,0,1,0,0,0,0,3,21,47,47,75,84,104,117,100,114,130,137,136,139,139,141,148,140,135,134,125,139,3,0,9,63,67,94,85,63,46,35,80,128,127,146,147,140,119,120,136,142,142,141,149,137,138,137,131,147,32,0,124,82,23,32,52,74,92,112,113,116,109,111,105,125,145,138,131,138,137,157,150,149,149,152,146,162,43,40,136,108,78,45,46,73,93,111,115,118,119,137,138,114,127,156,143,130,120,146,127,136,132,145,142,128,18,84,195,153,131,112,105,102,92,94,109,118,123,138,146,141,102,78,100,106,115,119,113,123,134,135,152,172,21,0,147,197,206,176,153,141,132,112,108,125,126,143,154,175,189,240,254,205,205,207,213,212,216,213,215,226,48,0,0,1,94,189,184,203,209,213,209,207,202,248,229,192,132,78,6,113,244,226,227,228,226,226,220,197,30,0,0,0,0,0,0,5,31,47,51,50,25,0,0,0,0,0,0,0,72,46,54,50,50,40,26,0,0,0,0,0,0,0,0,0,0,0,0,0,0,0,0,0,0,0,0,0,0,0,0,0,0,0,0,0,0,6
0,0,0,0,0,0,0,0,0,0,0,0,0,0,0,0,0,0,0,0,0,0,0,0,0,0,0,0,0,0,0,0,0,0,0,0,0,0,0,0,0,0,0,0,0,0,0,0,0,0,0,0,0,0,0,0,0,0,0,0,0,0,0,0,0,0,0,0,0,0,0,48,76,8,0,25,47,47,44,31,0,0,0,0,0,0,0,0,0,0,0,0,0,0,0,0,2,0,0,232,222,249,253,255,255,255,255,222,212,237,20,0,0,0,0,0,0,0,0,0,0,0,0,0,4,0,50,217,205,215,218,220,211,206,222,222,223,240,35,0,0,0,0,0,0,0,0,0,0,0,0,3,0,0,213,217,211,221,227,229,223,216,231,224,225,218,4,0,0,0,0,0,0,0,0,0,0,0,0,5,0,22,255,206,221,213,219,223,223,228,230,215,227,218,2,0,0,0,0,0,0,0,0,0,0,0,0,0,0,155,220,202,211,215,213,219,218,218,226,217,223,255,19,0,0,0,0,0,0,0,0,0,1,0,2,0,0,247,221,221,214,220,224,224,226,225,220,223,221,255,36,0,0,0,0,0,0,0,0,0,0,0,5,0,18,222,215,225,230,214,220,238,233,235,238,243,229,234,134,0,0,0,0,0,0,0,0,0,0,0,3,0,120,232,212,218,216,230,211,213,240,233,225,224,215,224,255,6,0,0,0,0,0,0,0,0,0,0,0,0,222,224,206,215,215,229,234,220,215,222,230,230,234,227,255,159,0,0,0,0,0,0,0,0,0,4,0,14,255,216,214,215,220,217,235,231,217,224,234,223,225,212,248,127,0,0,0,0,0,0,0,0,0,3,0,156,235,211,216,215,218,220,233,222,229,229,226,213,214,211,247,150,0,0,0,0,0,0,0,0,1,0,3,255,220,218,218,219,221,223,226,212,220,221,224,216,219,211,247,168,0,0,0,0,0,0,0,0,0,0,145,233,214,220,220,221,222,223,227,218,223,220,232,221,225,221,251,130,1,0,0,0,1,0,0,0,0,56,255,215,217,215,217,219,219,217,221,226,220,217,231,232,230,212,244,99,2,0,0,0,1,0,0,0,8,255,222,218,220,217,219,221,219,218,217,227,221,217,227,226,210,189,225,68,0,0,4,9,1,7,0,0,231,227,210,219,218,216,220,220,217,216,229,219,221,218,207,204,201,200,235,66,0,5,0,0,0,0,0,213,226,209,217,212,218,220,222,222,220,221,219,224,234,255,208,199,211,194,236,54,0,0,0,35,88,135,225,255,214,218,215,217,215,220,223,225,226,222,228,255,213,132,163,229,202,197,232,47,0,46,201,226,229,228,228,204,220,216,219,217,217,219,220,229,224,255,190,20,0,0,92,245,195,201,239,41,0,207,227,208,207,212,210,215,216,216,217,218,217,225,222,224,233,174,0,0,0,0,128,246,199,198,233,38,133,242,210,221,214,216,214,216,219,219,216,217,220,222,220,232,197,0,0,1,1,0,132,217,199,199,233,33,51,165,206,227,228,225,225,225,224,217,218,219,221,224,239,226,0,0,0,0,3,0,144,213,197,198,226,21,0,0,10,74,137,187,221,241,255,252,249,249,251,255,186,4,0,5,0,0,4,0,145,216,199,203,240,28,0,0,0,0,0,0,0,21,56,104,133,137,115,44,0,0,0,0,0,0,0,0,96,202,183,182,175,0,0,0,0,0,0,0,0,0,0,0,0,0,0,0,0,0,0,0,0,0,0,0,0,0,0,0,0,0,6
0,0,0,0,0,0,0,0,0,0,0,0,0,0,0,0,0,0,0,0,0,0,0,0,0,0,0,0,0,0,0,0,0,0,0,0,0,0,0,0,0,0,0,0,0,0,0,0,0,0,0,0,0,0,0,0,0,0,0,0,0,0,0,0,0,0,0,0,0,0,0,0,0,0,0,0,0,0,0,0,0,0,0,0,0,0,0,0,0,0,0,0,0,0,0,0,0,0,0,0,0,0,0,0,0,0,0,0,0,0,0,0,0,0,0,0,0,0,0,0,0,0,0,0,0,0,0,0,0,0,0,0,0,0,0,0,0,0,0,0,0,0,0,0,0,0,0,0,0,0,0,0,0,0,0,0,0,0,0,0,0,0,0,0,0,0,0,0,0,0,0,0,0,0,0,0,0,0,0,0,0,2,0,0,192,206,200,200,200,201,208,165,106,78,0,0,0,0,0,0,0,0,0,0,0,0,0,0,0,3,0,7,221,222,230,231,229,230,241,211,218,235,0,0,0,0,0,0,0,0,0,0,0,0,0,0,0,8,0,48,221,214,218,221,218,219,218,192,204,173,0,0,0,0,0,0,0,0,0,0,0,0,0,0,0,0,0,107,209,216,217,223,222,226,223,189,209,169,0,0,0,0,0,0,0,0,0,0,0,0,0,0,2,0,0,180,211,212,217,223,222,227,225,188,207,167,0,0,0,0,0,0,0,0,0,0,0,0,0,0,0,0,93,234,210,221,217,223,221,224,220,184,207,185,0,0,0,0,0,0,0,0,0,0,0,0,0,6,0,21,232,203,215,221,216,225,219,222,223,194,202,241,0,0,0,0,0,0,0,0,0,0,0,0,7,0,0,199,214,198,226,214,218,224,220,226,219,192,191,224,64,0,0,0,0,0,0,0,0,0,1,6,0,0,180,215,198,208,226,213,218,222,219,227,224,204,209,215,169,0,0,0,0,0,0,0,2,4,0,0,14,201,239,193,205,210,223,211,217,221,220,244,248,208,206,218,231,0,1,2,3,3,2,1,0,0,0,89,204,51,24,160,181,208,206,204,218,208,225,179,125,170,170,216,240,27,2,0,0,0,0,0,21,92,161,128,0,11,155,212,214,235,220,208,201,220,212,144,199,232,230,202,240,33,0,0,49,84,104,125,147,92,0,0,106,235,243,232,244,250,255,247,217,211,209,232,229,220,197,189,225,19,0,142,169,133,97,64,33,30,78,151,208,209,224,240,235,211,194,187,193,199,186,173,178,187,198,206,245,60,91,215,194,195,193,194,199,228,225,210,217,232,238,220,198,200,220,255,254,205,223,222,214,212,215,192,220,47,43,145,181,199,205,212,217,215,215,221,227,239,232,242,241,217,131,40,0,0,136,255,211,229,229,203,251,44,0,0,0,30,69,92,130,166,186,195,197,177,151,92,11,0,0,0,0,0,131,234,179,182,170,151,160,23,0,0,0,0,0,0,0,0,0,0,0,0,0,0,0,0,0,0,0,0,0,0,0,0,0,0,0,0,0,0,0,0,0,0,0,0,0,0,0,0,0,0,0,0,0,0,0,0,0,0,0,0,0,0,0,0,0,0,0,0,0,0,0,0,0,0,0,0,0,0,0,0,0,0,0,0,0,0,0,0,0,0,0,0,0,0,0,0,0,0,0,0,0,0,0,0,0,0,0,0,0,0,0,0,0,0,0,0,0,0,0,0,0,0,0,0,0,0,0,0,0,0,0,0,0,0,0,0,0,0,0,0,0,0,0,0,0,0,0,0,6
0,0,0,0,0,0,0,0,0,0,0,0,0,0,0,0,0,0,0,0,0,0,0,0,0,0,0,0,0,0,0,0,0,0,0,0,0,0,0,0,0,0,0,0,0,0,0,0,0,0,0,0,0,0,0,0,0,0,0,0,0,0,0,0,0,0,0,0,0,0,0,0,0,0,0,0,0,0,0,0,0,0,0,0,0,0,0,0,0,0,0,0,0,0,0,0,0,0,0,0,0,0,0,0,0,0,0,0,0,0,0,0,0,0,0,0,0,0,0,0,0,0,0,0,0,0,0,0,0,2,3,1,0,2,0,0,137,0,0,0,0,0,0,0,0,0,0,0,0,0,0,1,0,0,24,8,0,0,0,0,0,0,0,0,137,44,0,1,0,0,0,0,0,0,0,0,0,0,0,2,0,38,224,220,219,78,63,87,106,108,143,199,206,72,0,2,0,0,0,0,0,0,0,0,0,0,0,0,0,120,240,216,223,247,255,255,255,255,234,205,211,56,0,2,0,0,0,0,0,0,0,0,0,1,0,0,0,203,230,217,211,204,203,203,202,200,223,203,203,64,0,2,0,0,0,0,0,0,0,0,0,0,2,0,0,240,221,217,222,214,215,216,217,214,232,198,220,85,0,0,0,0,0,0,0,0,0,0,0,0,3,0,70,255,216,225,223,213,213,214,215,211,231,207,219,126,0,0,0,0,0,0,0,0,0,0,0,0,0,0,146,251,217,228,221,209,211,213,214,210,227,226,223,181,0,0,0,0,0,0,0,0,0,0,0,1,0,0,225,222,227,232,221,210,216,214,213,212,230,224,213,233,31,0,0,0,0,0,0,0,0,0,0,7,0,74,237,220,227,229,217,208,215,217,218,217,213,231,236,237,153,0,0,0,0,0,0,0,0,0,0,0,0,178,228,224,224,223,215,213,214,218,219,200,215,225,225,215,218,12,0,0,0,0,0,0,0,0,2,0,65,223,222,229,229,221,209,206,210,206,200,210,230,231,223,218,227,67,0,0,0,0,0,0,0,1,0,0,196,215,204,198,219,223,217,221,224,222,229,248,236,230,238,218,220,103,1,0,2,1,5,3,0,0,0,143,188,155,183,208,224,231,236,244,233,226,228,209,186,186,202,192,209,34,2,0,0,0,0,0,0,0,132,191,156,155,210,233,229,238,234,219,198,190,178,182,195,194,190,160,164,7,0,0,0,7,50,102,130,183,200,174,206,210,216,215,223,221,198,176,175,237,212,177,180,153,151,150,171,13,0,66,166,150,165,154,108,136,173,174,211,219,231,231,221,203,184,219,240,164,0,42,190,152,160,166,186,13,0,181,204,181,140,14,12,118,194,214,228,232,222,216,177,203,255,178,15,0,0,80,213,163,164,159,180,5,60,211,223,223,232,255,244,232,234,226,222,216,205,193,241,239,49,0,0,0,0,74,194,145,153,158,171,0,29,145,195,213,217,222,232,232,232,233,227,229,233,234,151,0,0,0,0,3,0,84,230,180,184,191,213,1,0,0,0,14,39,61,105,135,153,167,153,115,79,5,0,0,0,0,0,1,0,45,146,109,106,114,104,0,0,0,0,0,0,0,0,0,0,0,0,0,0,0,0,0,0,0,0,0,0,0,0,0,0,0,0,0,0,0,0,0,0,0,0,0,0,0,0,0,0,0,0,0,0,0,0,0,0,0,0,0,0,0,0,0,0,0,0,0,0,0,0,0,0,0,0,0,0,0,0,0,0,0,0,0,0,0,0,0,0,0,0,0,6
0,0,0,0,0,0,0,0,0,0,0,0,0,0,0,0,0,0,0,0,0,0,0,0,0,0,0,0,0,0,0,0,0,0,0,0,0,0,0,0,0,0,0,0,0,0,0,0,0,0,0,0,0,0,0,0,0,0,0,0,0,0,0,0,0,0,0,0,0,0,0,0,0,0,0,0,0,0,0,0,0,0,0,0,0,0,0,0,0,0,0,0,0,0,0,0,0,0,0,0,0,0,0,0,0,0,0,0,0,0,0,0,0,0,0,0,0,0,0,0,0,0,0,0,0,0,0,0,0,0,0,0,0,0,0,0,0,0,0,0,0,0,0,0,0,0,0,0,0,0,0,0,0,0,0,0,0,0,0,0,0,0,0,0,0,0,0,0,0,0,0,0,0,0,0,0,0,0,0,0,1,1,0,0,0,0,0,0,0,0,0,2,0,0,191,120,0,0,0,0,0,0,0,0,0,0,0,0,0,0,0,0,17,38,16,0,0,0,0,0,0,165,158,1,0,0,0,0,0,0,0,0,0,1,0,2,0,37,190,173,187,207,150,140,145,150,227,160,135,151,0,0,0,0,0,0,0,0,0,0,0,0,0,1,0,102,212,178,200,146,87,128,111,193,220,217,227,86,0,2,0,0,0,0,0,0,0,0,0,0,0,0,0,143,183,190,213,78,120,106,150,213,218,208,222,23,0,2,0,0,0,0,0,0,0,0,0,0,0,0,22,218,185,221,90,91,116,103,213,231,220,212,247,17,0,2,0,0,0,0,0,0,0,0,0,1,0,0,183,195,186,203,116,95,103,122,235,216,210,207,246,60,0,2,1,2,2,2,3,0,0,0,0,0,12,160,212,195,188,228,142,96,111,112,222,230,215,207,222,141,0,0,0,0,0,0,0,0,0,5,37,85,197,200,175,183,207,206,85,120,125,202,240,228,221,215,222,215,0,0,0,0,38,37,62,105,152,191,206,212,188,182,182,178,218,108,95,111,168,221,215,226,230,221,211,216,25,0,0,156,157,157,186,188,171,173,185,166,177,195,196,197,215,123,97,120,231,215,196,216,211,225,208,228,71,0,63,160,171,172,171,158,171,185,185,178,186,187,197,175,226,148,101,110,181,203,201,223,213,221,213,230,121,0,145,122,122,155,187,192,191,191,188,193,203,203,187,192,191,95,113,153,230,243,255,252,253,250,218,225,111,0,62,192,190,146,112,131,141,143,156,171,187,203,200,226,223,187,191,196,222,210,203,186,163,148,132,160,82,0,0,21,135,212,223,202,182,161,148,140,133,133,143,138,146,158,147,143,141,143,151,156,165,171,173,172,116,0,0,0,0,1,66,137,186,206,220,226,230,232,228,220,226,227,231,233,231,238,231,232,233,220,202,193,88,0,0,0,0,0,0,0,0,0,18,32,48,58,63,77,77,77,80,75,70,66,62,58,41,28,12,3,0,0,0,0,0,0,0,0,0,0,0,0,0,0,0,0,0,0,0,0,0,0,0,0,0,0,0,0,0,0,0,0,0,0,0,0,0,0,0,0,0,0,0,0,0,0,0,0,0,0,0,0,0,0,0,0,0,0,0,0,0,0,0,0,0,0,0,0,0,0,0,0,0,0,0,0,0,0,0,0,0,0,0,0,0,0,0,0,0,0,0,0,0,0,0,0,0,0,0,0,0,0,0,0,0,0,0,0,0,0,0,0,0,0,0,0,0,0,0,0,0,0,0,0,0,0,0,0,0,0,0,0,0,0,0,0,0,0,0,0,0,0,6
0,0,0,0,0,0,0,0,0,0,0,0,0,0,0,0,0,0,0,0,0,0,0,0,0,0,0,0,0,0,0,0,0,0,0,0,0,0,0,0,0,0,0,0,0,0,0,2,0,0,44,125,0,0,0,0,0,0,0,0,0,0,0,0,1,1,0,0,0,0,0,0,0,0,2,0,0,79,210,235,41,0,2,0,0,0,0,0,0,0,0,0,0,2,1,0,0,0,2,5,2,0,0,0,122,247,150,152,208,0,0,2,0,0,0,0,0,0,0,0,0,0,0,2,7,0,0,0,0,0,37,197,233,116,0,104,255,132,0,0,0,0,0,0,0,0,0,0,0,1,1,1,0,0,0,25,117,183,181,175,71,0,0,202,231,234,56,0,0,0,0,0,0,0,0,0,0,2,0,0,42,150,199,229,195,111,0,0,0,0,0,241,221,231,225,0,0,0,0,0,0,0,0,0,1,8,0,101,237,207,151,45,0,0,0,0,2,0,73,254,211,224,255,45,0,0,0,0,0,0,0,0,3,0,38,174,89,0,0,0,0,0,1,0,0,0,184,220,218,225,255,93,0,0,0,0,0,0,0,0,6,0,152,51,0,0,0,4,0,0,0,0,0,9,255,224,233,212,245,121,0,0,0,0,0,0,0,0,5,0,138,0,0,0,0,0,1,1,0,3,0,121,238,218,210,209,255,71,0,0,0,0,0,0,0,0,6,0,127,73,0,1,0,0,0,0,0,0,0,208,228,210,217,220,255,52,0,0,0,0,0,0,0,0,3,0,53,160,0,0,0,0,0,1,0,0,66,255,220,221,226,217,255,49,0,0,0,0,0,0,0,0,1,0,0,179,116,0,0,0,0,0,0,137,255,178,217,229,221,216,255,37,0,0,0,0,0,0,0,0,0,4,0,83,223,39,0,0,0,0,138,246,117,0,234,226,218,218,255,27,0,0,0,0,0,0,0,0,0,0,0,0,178,211,0,0,0,100,245,116,0,0,248,229,216,219,255,16,0,0,3,0,0,2,3,6,2,0,7,0,50,235,172,0,1,239,128,0,0,0,241,225,218,220,255,4,0,0,1,4,6,0,0,0,0,0,0,0,0,143,244,77,158,195,0,0,0,0,236,225,218,220,255,0,0,0,0,0,0,0,20,101,92,42,0,0,0,0,255,183,216,37,0,5,0,0,229,225,218,222,248,0,0,0,0,73,126,198,234,234,220,237,249,70,0,0,52,243,155,0,0,1,0,0,225,225,218,222,245,0,0,0,126,234,181,201,169,164,177,186,208,255,163,0,64,230,4,0,0,2,0,0,222,228,216,223,244,0,10,35,190,199,200,209,192,196,200,202,194,210,255,112,255,135,0,0,0,2,0,0,215,229,216,224,241,0,99,218,201,209,217,224,214,206,207,206,219,224,207,227,206,0,0,0,0,2,0,0,205,231,216,224,238,0,6,179,214,217,212,209,210,211,212,219,218,212,213,233,73,0,1,0,0,2,0,0,196,229,214,222,233,0,0,0,66,146,216,249,226,224,223,221,222,225,245,159,0,0,2,0,0,1,0,0,176,245,229,236,209,0,0,0,0,0,0,12,71,143,192,217,227,222,112,0,0,0,2,0,0,0,2,0,141,180,163,186,144,0,0,1,2,0,0,0,0,0,0,0,0,0,0,0,0,0,1,1,0,0,0,0,0,0,0,0,0,0,0,0,0,0,0,0,0,0,0,0,0,0,0,0,0,0,0,0,0,0,0,0,0,0,0,0,0,0,6
0,0,0,0,0,0,0,0,0,0,0,0,0,0,0,0,0,0,0,0,0,0,0,0,0,0,0,0,0,0,0,0,0,0,0,0,0,0,0,0,0,0,0,0,0,0,0,0,0,0,0,0,0,0,0,0,0,0,0,0,0,0,0,0,0,0,0,0,0,0,0,0,0,0,0,0,0,0,0,0,0,0,0,0,0,0,0,0,0,0,0,0,0,1,0,0,0,0,8,0,0,0,0,0,0,0,0,0,3,5,4,1,0,0,0,0,0,0,0,0,0,0,0,0,0,0,6,0,60,116,72,75,44,13,0,0,0,0,0,0,0,0,0,0,0,0,0,0,0,0,0,0,0,1,0,0,115,138,93,142,129,96,144,85,35,24,33,0,0,0,0,0,0,0,0,0,0,1,0,0,0,0,0,77,172,167,178,111,87,61,137,227,220,221,213,6,0,0,0,0,0,0,0,0,0,1,0,0,0,2,0,125,191,185,136,167,134,66,183,232,220,213,222,54,0,0,0,0,0,0,0,0,0,0,0,0,2,0,9,202,172,161,109,146,126,95,231,221,213,215,228,29,0,0,0,0,0,0,0,0,0,1,0,0,0,0,0,156,170,159,163,164,130,102,91,112,118,130,48,0,0,0,0,0,0,0,0,0,0,1,1,0,0,0,5,166,158,184,195,165,108,105,131,209,175,221,74,0,0,0,0,0,0,0,0,0,0,1,1,0,0,0,180,187,168,145,126,130,108,115,108,100,81,128,52,0,1,1,0,0,0,0,0,0,0,1,0,0,0,244,179,140,108,148,89,103,115,110,107,118,98,126,75,0,0,0,0,0,1,1,0,0,2,3,0,26,196,171,132,147,115,99,105,100,99,96,109,117,101,124,109,0,0,0,1,3,2,2,3,0,0,0,3,145,159,147,158,78,110,86,114,110,108,112,108,103,112,125,119,0,1,0,0,0,0,0,0,0,21,57,108,94,60,92,112,100,93,112,117,112,121,120,120,119,108,112,110,0,0,0,3,43,58,63,77,105,120,117,95,87,101,130,75,89,102,109,109,125,128,120,110,107,104,178,132,0,0,0,118,149,117,112,109,101,83,82,87,87,81,111,117,107,118,117,112,107,114,121,119,117,146,200,123,0,0,15,140,104,103,100,105,108,106,101,98,99,96,90,100,101,108,106,115,123,129,126,106,119,137,148,83,0,0,27,148,112,116,122,120,116,117,112,111,114,105,101,101,104,105,108,104,116,138,150,157,151,154,158,170,10,15,134,172,159,160,152,147,133,130,126,118,123,118,116,122,106,109,124,164,162,153,146,139,138,144,148,189,54,137,150,120,115,122,150,154,165,171,162,153,152,156,148,153,149,151,154,126,139,160,173,158,162,167,172,196,74,74,194,175,193,164,139,130,118,126,122,116,118,110,108,114,119,126,140,197,185,69,142,255,202,177,203,157,21,0,0,38,112,180,210,203,227,210,216,210,209,213,210,222,210,220,188,148,33,0,0,12,60,36,1,0,0,0,0,0,0,0,0,2,59,41,83,82,57,86,61,62,37,8,0,0,0,1,1,0,0,0,0,1,0,0,0,0,0,0,0,0,0,0,0,0,0,0,0,0,0,0,0,0,0,0,0,0,0,0,0,0,0,0,0,0,0,0,0,0,0,0,0,0,0,0,0,0,0,0,0,0,0,0,0,0,0,0,0,0,0,0,0,0,0,0,0,0,0,0,0,0,0,0,0,0,0,0,0,0,0,0,0,0,0,0,0,0,0,6
0,0,0,0,0,0,0,0,0,0,0,0,0,0,0,0,0,0,0,0,0,0,0,0,0,0,0,0,0,0,0,0,0,0,0,0,0,0,0,0,0,0,0,0,0,0,0,0,0,0,0,0,0,0,0,0,0,0,0,0,0,0,0,0,0,0,0,0,0,0,0,0,0,0,0,0,0,0,0,0,0,0,0,0,0,0,0,0,0,0,0,0,0,0,0,0,0,0,0,0,0,0,0,0,0,0,0,0,0,0,0,0,0,0,0,0,0,0,0,0,0,0,0,0,0,0,0,0,0,0,0,0,0,0,0,0,0,0,0,0,0,0,0,0,0,0,0,0,0,0,0,0,0,0,0,0,0,0,98,56,0,0,0,0,0,0,11,60,0,0,0,0,0,0,0,0,0,0,0,0,0,0,0,0,0,134,190,163,89,53,20,11,0,0,97,97,0,0,0,0,0,0,0,0,0,0,0,0,0,1,0,0,215,215,143,170,209,207,202,208,199,194,68,0,0,0,0,0,0,0,0,0,0,0,0,0,0,3,0,8,202,190,180,172,181,195,192,199,213,227,40,0,0,0,0,0,0,0,0,0,0,0,0,0,0,0,0,156,217,185,217,176,184,191,207,198,209,206,49,0,0,0,0,0,0,0,0,0,0,0,0,1,1,0,68,250,183,220,226,220,219,214,238,191,215,216,90,0,0,0,0,0,0,0,0,0,0,0,0,0,0,24,212,184,159,206,184,194,216,226,223,183,214,209,100,0,0,0,0,0,0,0,0,0,0,3,0,0,67,198,209,128,178,181,177,205,208,190,208,198,175,194,151,0,0,0,0,0,0,2,2,2,2,0,0,104,221,184,157,165,192,210,171,192,237,243,187,166,215,194,171,0,0,2,3,2,0,0,0,0,0,0,30,193,162,183,197,179,193,192,187,200,192,172,245,255,217,197,172,0,0,0,0,0,0,0,3,27,45,74,132,168,176,195,184,204,207,194,199,199,204,194,231,206,164,185,210,5,0,10,69,84,102,121,129,134,111,113,135,172,198,220,226,226,200,177,209,231,188,169,157,143,163,166,202,35,17,140,151,124,120,141,135,135,124,139,164,141,148,155,165,193,207,199,186,187,141,144,154,144,147,166,206,49,119,178,173,164,148,148,149,147,168,163,150,143,135,136,135,147,181,227,213,173,166,179,195,188,186,191,173,16,27,88,139,175,186,185,188,172,155,149,132,147,156,178,205,206,207,215,227,223,217,216,219,215,212,214,184,8,0,9,39,60,100,142,149,163,163,180,190,190,194,193,212,201,192,180,166,166,144,137,139,139,120,104,105,12,0,0,0,0,6,13,32,44,55,77,74,75,61,51,41,37,27,25,17,22,22,17,24,26,24,23,24,0,0,0,0,0,0,0,0,0,0,6,0,11,8,13,10,12,16,15,20,27,27,32,31,37,33,33,28,0,0,0,0,0,0,0,0,0,0,0,0,0,0,0,0,0,0,0,0,0,0,0,0,0,0,0,0,0,0,0,0,0,0,0,0,0,0,0,0,0,0,0,0,0,0,0,0,0,0,0,0,0,0,0,0,0,0,0,0,0,0,0,0,0,0,0,0,0,0,0,0,0,0,0,0,0,0,0,0,0,0,0,0,0,0,0,0,0,0,0,0,0,0,0,0,0,0,0,0,0,0,0,0,0,0,0,0,0,0,0,0,0,0,0,0,0,0,0,0,0,0,0,0,0,0,0,0,0,0,0,0,0,0,0,0,0,0,0,0,0,6
0,0,0,0,0,0,0,0,0,0,0,0,0,0,0,0,0,0,0,0,0,0,0,0,0,0,0,0,0,0,0,0,0,0,0,0,0,0,0,0,0,0,0,0,0,0,0,0,0,0,0,0,0,0,0,0,0,0,0,0,0,0,0,0,0,0,0,0,0,0,0,0,0,0,0,0,0,0,0,0,0,0,0,0,0,0,0,0,0,0,0,0,0,0,0,0,3,0,58,117,104,120,100,102,17,0,0,0,0,0,64,0,0,0,0,0,0,0,0,0,0,0,0,0,4,0,133,222,200,213,206,241,150,1,1,0,0,18,176,28,0,0,0,0,0,0,0,0,0,0,0,0,0,0,113,181,178,175,174,170,213,226,217,198,166,151,35,35,0,0,0,0,0,0,0,0,0,0,0,0,0,0,142,200,188,215,201,171,201,222,185,200,187,196,114,0,0,0,0,0,0,0,0,0,0,0,0,3,0,0,216,239,210,228,146,164,177,215,209,197,190,200,31,0,0,0,0,0,0,0,0,0,0,0,0,5,0,17,236,236,214,209,146,255,254,235,251,249,232,241,155,0,0,0,0,0,0,0,0,0,0,0,0,2,0,18,213,189,198,216,138,159,206,235,245,235,227,245,255,3,0,0,0,0,0,0,0,0,0,0,0,0,0,83,188,175,184,209,195,156,181,193,200,212,195,240,255,19,0,0,0,0,0,0,0,0,1,0,3,0,0,172,190,187,178,187,197,185,208,199,209,235,235,228,212,0,0,0,0,0,0,0,0,0,1,1,5,0,89,197,168,189,181,196,210,177,229,247,255,241,186,134,177,36,0,0,0,0,0,0,0,0,0,2,0,2,179,180,171,184,186,204,183,176,249,249,193,174,172,168,209,64,0,0,0,0,0,0,0,0,2,2,0,104,185,172,182,187,195,195,169,221,230,175,170,185,160,163,193,94,1,0,0,0,1,0,0,0,4,0,20,180,162,169,170,181,192,186,184,195,159,165,167,168,166,167,195,105,0,0,0,0,0,0,0,0,0,0,136,163,158,164,157,175,184,174,174,166,173,178,185,186,195,185,227,66,0,0,2,2,0,2,1,0,0,110,186,156,171,154,156,170,178,166,184,185,165,176,197,180,174,170,189,28,1,2,5,0,0,0,0,5,125,195,160,169,168,168,166,164,176,167,186,189,200,165,154,163,149,143,148,13,1,0,0,0,1,29,102,170,182,155,161,161,164,166,171,167,179,167,211,188,99,0,96,180,149,151,167,3,0,1,71,116,140,159,163,150,146,159,159,157,161,167,177,175,177,205,121,1,0,0,95,183,141,143,146,0,0,129,158,147,153,143,143,145,152,154,148,157,169,172,171,185,196,71,0,0,0,0,96,181,140,140,142,0,127,178,163,168,173,178,175,164,166,174,184,187,180,169,179,197,41,0,0,0,1,0,93,175,147,152,137,0,33,128,144,178,192,206,215,209,201,201,194,181,196,214,157,12,0,1,0,0,6,0,137,194,171,180,141,0,0,0,0,12,38,41,67,85,90,94,88,76,72,37,0,0,6,0,0,0,2,0,58,81,63,74,56,0,0,0,0,0,0,0,0,0,0,0,0,0,0,0,0,0,0,0,0,0,0,0,0,0,0,0,0,0,0,0,0,0,0,0,0,0,0,0,0,0,0,0,0,0,0,0,0,0,0,0,0,0,0,0,0,0,0,0,0,0,0,0,0,0,0,0,0,0,0,0,0,0,0,0,0,0,0,0,0,0,0,0,0,0,6
0,0,0,0,0,0,0,0,0,0,0,0,0,0,0,0,0,0,0,0,0,0,0,0,0,0,0,0,0,0,0,0,0,0,0,0,0,0,0,0,0,0,0,0,0,0,0,0,0,0,0,0,0,0,0,0,0,0,0,0,0,0,0,0,0,0,0,0,0,0,0,0,0,0,0,0,0,0,0,0,0,0,0,0,0,0,0,0,0,0,0,0,0,2,0,2,0,0,45,64,77,105,122,135,150,160,161,179,55,0,4,0,0,0,0,0,0,0,0,0,0,0,0,0,0,152,227,224,255,255,255,255,255,244,224,235,125,0,7,0,0,0,0,0,0,0,0,0,0,0,3,0,107,222,211,212,214,222,230,232,224,213,210,215,156,0,0,0,0,0,0,0,0,0,0,0,0,1,0,0,138,219,211,218,218,231,237,237,234,218,216,207,214,46,0,4,0,0,0,0,0,0,0,0,0,2,0,101,196,210,213,224,216,224,232,236,237,219,210,234,185,28,0,3,0,0,0,0,0,0,0,0,0,0,0,132,205,209,215,219,220,217,232,234,229,224,234,156,0,0,1,0,0,0,0,0,0,0,0,0,3,0,0,143,211,214,220,221,219,217,228,228,242,228,79,0,0,4,0,0,0,0,0,0,0,0,0,0,0,0,55,185,212,207,217,217,220,218,224,246,219,33,0,0,2,0,1,1,0,0,0,0,0,0,0,2,0,4,187,207,205,203,203,209,219,216,239,244,0,0,0,0,3,7,0,0,0,0,0,0,0,0,0,0,2,0,153,218,201,200,209,221,223,215,229,0,0,1,0,0,0,0,0,0,0,0,0,0,0,0,0,1,0,0,181,209,203,203,217,217,191,164,123,0,0,0,0,0,59,142,203,85,0,0,0,0,0,0,0,6,0,50,213,206,205,213,205,170,127,56,152,72,0,7,150,216,248,230,234,47,0,0,0,0,0,0,0,3,0,155,214,196,188,186,156,113,101,149,220,194,98,236,255,251,234,208,218,48,0,0,0,0,3,0,3,0,0,194,204,194,182,167,147,151,181,226,211,225,255,108,237,245,232,215,255,46,0,0,0,0,2,1,8,0,138,207,204,198,183,171,174,194,230,214,218,255,8,0,248,246,239,217,255,44,0,0,0,0,2,11,0,14,196,188,199,198,191,187,199,232,213,218,248,0,0,9,255,246,241,217,255,45,0,0,0,0,0,0,0,135,187,182,188,201,195,201,232,216,215,253,0,0,0,15,246,243,241,217,255,45,0,0,0,0,0,34,132,199,165,155,182,197,196,236,226,207,225,1,0,8,0,18,245,239,238,217,255,45,5,5,8,0,64,227,157,108,113,177,198,197,221,233,203,231,65,0,0,0,0,27,242,235,236,217,255,39,0,0,0,0,70,106,35,99,171,205,202,213,224,207,232,166,0,0,0,5,0,28,241,230,231,214,255,39,24,72,41,0,134,177,171,169,189,198,209,226,216,228,185,0,0,3,0,6,0,31,236,222,223,211,219,36,93,201,193,186,211,231,228,220,217,222,230,227,215,171,0,0,3,0,0,6,0,58,249,231,234,228,240,60,0,0,19,56,89,114,127,145,149,150,125,92,23,0,0,4,0,0,0,3,0,8,122,85,91,89,110,5,0,0,0,0,0,0,0,0,0,0,0,0,0,0,0,0,0,0,0,0,0,0,0,0,0,0,0,0,0,0,0,0,0,0,0,0,0,0,0,0,0,0,0,0,0,0,0,0,0,0,0,0,0,0,0,0,6
0,0,0,0,0,0,0,0,0,0,0,0,0,0,0,0,0,0,0,0,0,0,0,0,0,0,0,0,0,0,0,0,0,0,0,0,0,0,0,0,1,0,0,134,0,0,2,0,0,0,0,0,2,4,1,0,0,0,0,0,0,0,0,0,0,0,0,0,1,0,0,163,59,9,0,5,6,8,10,7,0,0,0,0,0,0,0,0,0,0,0,0,0,6,0,0,1,9,0,159,177,94,0,0,0,0,0,0,0,4,0,0,0,0,0,0,0,0,0,0,0,0,0,4,0,0,2,207,177,95,0,0,55,99,136,167,203,244,155,0,0,0,0,0,0,0,0,0,0,0,2,0,0,79,183,146,171,240,234,255,255,255,255,255,241,249,142,0,0,0,0,0,0,0,0,0,0,2,0,16,140,15,74,224,229,219,217,190,135,106,64,0,178,253,96,0,0,0,0,0,0,0,0,0,2,0,22,133,1,0,153,251,249,107,0,0,0,0,0,0,179,255,87,0,0,0,0,0,0,0,0,0,3,0,89,24,0,46,232,0,192,255,172,0,0,0,0,0,205,255,95,0,0,0,0,0,0,0,0,0,4,0,98,26,57,48,113,0,92,231,251,230,197,255,255,255,235,252,223,0,0,0,0,0,0,0,0,0,3,0,30,146,78,4,255,233,255,242,234,255,249,247,213,160,236,237,255,27,0,0,0,0,0,0,0,0,1,6,0,212,6,79,255,227,149,48,0,133,249,250,208,122,247,231,255,128,0,0,0,0,0,0,0,0,0,15,0,147,50,194,237,237,0,0,0,0,66,252,255,255,235,229,255,190,0,0,0,0,0,0,0,0,0,14,0,138,151,0,72,255,50,0,0,0,0,0,130,255,231,229,251,196,0,0,0,0,0,0,0,0,0,10,0,133,139,34,113,246,225,141,99,24,0,0,53,255,224,232,255,209,0,0,0,0,0,0,0,0,0,2,0,196,224,241,255,244,244,245,255,255,255,252,255,242,228,238,255,119,0,0,0,0,0,1,0,1,0,10,0,146,243,236,22,0,240,235,8,63,132,223,250,239,241,229,229,0,0,0,0,0,0,0,0,0,0,0,0,241,224,240,140,0,24,255,149,0,70,209,240,227,220,207,216,0,0,0,0,0,0,0,0,1,7,0,172,141,177,243,255,36,0,130,255,233,255,244,207,213,222,217,208,0,0,0,0,0,0,1,5,0,0,124,255,0,56,245,236,225,0,176,255,233,206,208,223,222,220,225,184,0,0,0,0,1,8,0,0,0,147,254,0,0,0,157,255,174,168,255,130,253,204,217,216,220,216,215,164,0,0,0,0,0,0,0,8,243,99,0,0,0,0,0,181,244,255,19,23,255,193,221,213,222,213,213,151,0,5,9,0,0,119,217,215,254,151,0,0,0,0,0,124,255,85,0,88,255,193,217,215,221,212,213,129,0,0,0,0,0,236,231,215,226,255,166,0,0,0,75,248,103,0,0,93,255,190,214,216,218,210,212,94,0,27,80,68,131,223,220,228,226,165,91,0,0,109,248,121,0,3,0,91,228,194,200,206,202,202,207,62,0,186,239,250,255,244,246,250,255,199,125,212,254,215,101,0,1,3,0,132,245,213,255,255,255,222,228,74,0,0,0,16,41,61,64,78,96,124,123,100,53,0,0,0,0,1,0,28,77,74,85,83,89,93,103,23,0,0,0,0,0,0,0,0,0,0,0,0,0,0,0,0,0,0,0,0,0,0,0,0,0,0,0,0,0,6
0,0,0,0,0,0,0,0,0,0,0,0,0,0,0,0,0,0,0,0,0,0,0,0,0,0,0,0,0,0,0,0,0,0,0,0,0,0,0,0,0,0,0,0,0,0,0,0,0,0,0,0,0,0,0,0,0,0,0,0,0,0,0,0,0,0,0,0,0,0,0,0,0,0,0,0,0,0,0,0,0,0,0,0,0,0,0,0,0,0,0,0,0,0,0,0,0,0,0,0,0,0,0,0,0,0,0,0,0,0,0,0,0,0,0,0,0,0,0,0,0,0,0,0,0,0,0,0,0,0,0,0,0,0,0,0,0,0,0,0,0,0,0,0,0,0,0,0,0,0,0,0,0,0,0,5,0,33,49,0,0,0,0,0,0,0,5,0,0,0,0,0,0,0,0,0,0,0,0,0,0,0,3,0,10,108,126,127,57,45,37,31,0,119,246,0,0,0,0,0,0,0,0,0,0,0,0,0,0,0,6,0,169,217,175,209,227,216,207,183,155,126,78,0,0,0,0,0,0,0,0,0,0,0,0,0,0,12,0,41,234,207,174,189,201,204,193,154,130,100,0,0,0,0,0,0,0,0,0,0,0,0,0,0,0,5,0,125,222,192,185,215,202,197,176,163,177,149,0,0,0,0,0,0,0,0,0,0,0,0,0,0,0,0,0,212,217,168,193,205,204,166,190,207,200,134,0,0,0,0,0,0,0,0,0,0,0,0,0,4,0,0,173,229,141,175,208,204,186,160,191,176,176,136,0,0,0,0,0,0,0,0,0,0,0,4,9,0,0,151,206,208,166,169,200,214,222,177,153,144,133,177,25,0,0,0,0,0,0,0,0,0,3,0,0,13,155,245,197,134,168,183,171,169,155,87,113,141,91,156,46,0,0,0,1,0,0,0,1,2,0,0,114,191,204,176,158,152,183,229,171,123,104,145,148,148,120,153,85,0,0,0,0,2,1,0,0,0,0,183,210,170,154,198,141,169,219,218,199,115,109,173,129,110,115,126,116,0,1,0,0,0,0,0,4,0,15,194,180,172,181,201,213,210,192,171,121,149,194,131,112,119,130,148,112,0,0,0,79,82,33,3,0,51,82,125,137,151,138,129,116,146,184,218,215,244,157,119,116,117,104,103,54,0,2,151,109,81,95,86,81,101,102,121,99,98,117,76,77,69,112,152,126,158,119,128,129,114,118,145,120,0,88,227,194,170,138,116,93,83,75,62,88,110,127,133,154,162,188,177,176,203,214,226,249,241,224,224,255,49,98,213,220,215,208,203,200,197,192,181,199,210,212,223,223,226,232,231,237,232,234,230,224,224,225,220,231,63,0,24,147,204,227,230,228,226,226,230,232,226,227,232,238,244,244,240,228,229,226,225,226,225,226,221,233,69,0,0,0,0,75,156,218,214,227,233,235,231,236,236,193,133,67,45,0,163,255,220,255,255,255,211,255,102,0,0,1,0,0,0,0,0,29,30,29,25,43,0,0,0,0,0,0,0,40,5,14,0,0,0,0,0,0,0,0,0,0,0,0,0,0,0,0,0,0,0,0,0,0,0,0,0,0,0,0,0,0,0,0,0,0,0,0,0,0,0,0,0,0,0,0,0,0,0,0,0,0,0,0,0,0,0,0,0,0,0,0,0,0,0,0,0,0,0,0,0,0,0,0,0,0,0,0,0,0,0,0,0,0,0,0,0,0,0,0,0,0,0,0,0,0,0,0,0,0,0,0,0,0,0,0,0,0,0,0,0,0,0,0,0,0,0,0,0,6
0,0,0,0,0,0,0,0,0,0,0,0,0,0,0,0,0,0,0,0,0,0,0,0,0,0,0,0,0,0,0,0,0,0,0,0,0,0,0,0,0,0,0,0,0,0,0,0,0,0,0,0,0,0,0,0,0,0,0,0,0,0,0,0,0,0,0,0,0,0,0,0,0,0,0,0,0,0,0,0,0,0,0,0,0,0,0,0,0,0,0,0,0,0,0,0,0,7,21,0,0,2,0,0,0,0,0,0,0,0,1,0,0,0,0,0,0,0,0,0,0,0,0,2,0,48,208,114,10,0,0,2,0,2,0,0,0,0,0,0,0,0,0,0,0,0,0,0,1,0,0,3,0,96,164,159,204,50,0,0,0,2,1,0,1,0,1,0,0,0,0,0,0,0,0,0,0,1,2,0,0,129,186,167,187,193,194,73,0,0,0,0,0,0,0,0,0,0,0,0,0,0,0,0,1,2,2,0,1,161,139,130,134,201,190,169,10,32,5,0,0,1,1,0,0,0,0,0,0,0,0,0,0,0,1,0,0,14,41,11,99,160,192,92,0,184,215,73,1,0,0,0,0,0,0,0,0,0,0,0,1,2,1,0,14,190,244,219,152,161,225,139,149,224,178,194,190,158,34,0,0,0,0,0,0,0,0,0,0,1,1,0,140,224,169,193,186,205,217,231,212,176,174,179,190,208,87,0,0,0,0,0,0,0,0,0,0,1,0,0,52,188,167,178,206,111,156,197,198,199,171,167,156,186,123,0,0,0,1,0,0,0,1,1,0,0,43,167,1,62,150,222,79,0,155,202,194,157,153,168,160,177,139,0,0,0,0,0,0,2,1,0,0,10,111,198,186,106,208,112,0,57,231,199,253,190,113,157,189,189,153,0,0,0,0,0,2,1,0,0,0,67,6,101,210,194,152,0,31,193,185,189,161,255,215,249,205,170,162,0,0,0,0,1,4,0,0,0,129,240,107,102,188,176,0,22,193,195,206,221,178,202,228,186,161,198,208,0,2,0,1,2,0,0,0,0,85,217,156,175,169,0,17,186,208,192,208,205,194,194,169,160,204,215,217,24,1,0,0,0,0,4,101,135,83,73,167,156,0,22,201,186,172,201,207,206,206,168,167,207,208,195,225,57,0,34,99,120,139,143,181,168,137,185,169,176,80,170,189,169,197,203,207,174,151,175,211,208,199,194,228,78,40,159,171,162,139,153,148,144,141,192,161,151,183,162,177,194,184,185,144,167,203,204,197,197,196,197,206,105,19,86,119,147,150,169,177,202,185,205,193,192,185,204,211,201,198,207,211,233,228,217,240,241,234,195,175,67,3,0,0,0,3,26,64,67,95,113,116,134,155,157,153,149,147,142,129,114,93,85,60,29,0,0,0,0,14,34,32,21,8,0,0,0,0,0,0,0,0,0,0,0,0,0,0,0,0,0,0,0,2,13,25,23,0,1,10,21,31,29,35,31,34,32,28,25,25,26,26,28,29,30,30,26,30,48,53,48,44,43,42,24,0,0,0,0,1,1,8,8,12,20,17,17,15,16,16,16,19,17,15,19,17,17,22,17,14,17,14,0,0,0,0,0,0,0,0,0,0,0,0,0,0,0,0,0,0,0,0,0,0,0,0,0,0,0,0,0,0,0,0,0,0,0,0,0,0,0,0,0,0,0,0,0,0,0,0,0,0,0,0,0,0,0,0,0,0,0,0,0,0,0,0,0,0,0,0,0,0,0,0,0,0,0,0,0,0,0,0,0,0,0,0,0,6
0,0,0,0,0,0,0,0,0,0,0,0,0,0,0,0,0,0,0,0,0,0,0,0,0,0,0,0,0,0,0,0,0,0,0,0,0,0,0,0,0,0,0,0,0,0,0,0,0,0,0,0,0,0,0,0,0,0,0,0,0,0,0,0,0,0,0,0,0,0,0,0,0,0,0,0,0,0,0,0,0,0,0,0,0,0,0,0,0,0,0,0,0,0,0,0,0,0,0,0,0,0,0,0,0,0,0,0,0,0,0,0,0,0,0,0,0,0,0,0,0,0,0,1,0,0,2,0,0,75,86,0,0,1,0,0,0,0,0,0,0,0,0,0,0,0,0,0,0,0,0,2,0,0,0,0,0,136,160,131,0,0,2,3,3,1,2,4,0,0,0,0,0,0,0,0,0,0,0,1,2,0,7,6,80,128,151,181,0,0,0,0,0,0,0,0,0,0,0,0,0,0,0,0,0,0,0,0,0,0,118,198,148,67,132,172,67,9,31,37,2,0,117,112,0,0,0,0,0,0,0,0,0,1,0,2,0,0,183,151,232,100,177,208,215,204,198,195,192,132,53,136,0,0,0,0,0,0,0,0,0,0,0,2,0,18,145,96,123,136,156,216,206,207,199,201,191,220,93,0,0,0,0,0,0,0,0,0,0,1,2,0,0,130,197,214,121,189,162,182,196,177,203,170,170,135,0,0,0,0,0,0,0,0,0,0,0,0,0,0,84,108,106,158,94,158,186,124,124,139,153,57,174,105,0,0,0,0,0,0,1,1,0,0,0,3,0,20,211,155,50,139,82,138,201,167,133,173,163,114,140,146,0,0,0,0,0,0,0,0,2,1,0,0,47,144,132,255,105,98,169,188,184,168,181,192,171,146,131,181,28,0,0,0,1,2,0,2,0,0,0,20,161,167,26,61,151,63,113,163,176,159,168,100,145,157,181,168,96,0,0,0,1,0,0,0,0,33,88,120,127,247,81,122,136,157,144,153,174,127,163,127,174,173,113,122,181,0,0,0,0,6,26,47,100,70,70,142,52,66,106,111,114,152,155,136,153,121,123,146,111,163,143,110,166,15,0,0,67,76,77,77,88,61,87,146,145,156,156,169,170,81,159,147,139,146,120,140,125,167,152,135,173,55,0,64,109,55,67,69,68,30,117,160,181,145,147,150,163,184,147,137,122,124,153,183,135,180,108,147,188,60,0,99,68,100,106,105,139,125,120,163,157,144,131,143,154,148,129,144,132,145,123,161,165,183,86,141,183,39,7,132,114,144,156,160,186,168,50,165,124,199,195,204,126,150,170,136,180,167,171,174,178,161,148,125,139,91,63,147,128,124,125,117,133,151,162,174,157,135,126,123,108,127,135,143,152,118,118,120,120,128,138,140,155,131,0,62,152,181,180,177,162,139,128,121,128,135,144,157,154,135,137,143,169,222,197,208,221,213,223,205,220,183,0,0,0,6,58,76,107,122,126,118,105,86,83,79,24,0,0,0,0,153,125,120,114,105,116,87,97,42,0,0,0,0,0,0,0,0,0,0,0,0,0,0,0,0,0,0,0,0,0,0,0,0,0,0,0,0,0,0,0,0,0,0,0,0,0,0,0,0,0,0,0,0,0,0,0,0,0,0,0,0,0,0,0,0,0,0,0,0,0,0,0,0,0,0,0,0,0,0,0,0,0,0,0,0,0,0,0,0,0,0,0,0,0,0,0,0,0,0,0,0,0,0,0,0,0,0,0,0,0,0,0,0,0,0,0,0,0,0,0,0,6
0,0,0,0,0,0,0,0,0,0,0,0,0,0,0,0,0,0,0,0,0,0,0,0,0,0,0,0,0,0,0,0,0,0,0,0,0,0,0,0,0,0,0,0,0,0,0,0,0,0,0,0,0,0,0,0,0,0,0,0,0,0,0,0,0,0,0,0,0,0,0,0,0,0,0,0,0,0,0,0,0,0,0,0,0,0,0,0,0,0,0,0,0,0,0,0,0,5,0,0,0,52,194,22,0,0,0,0,0,0,0,0,0,0,0,0,0,0,0,0,0,0,0,0,0,0,2,0,4,165,196,221,138,102,72,62,41,47,0,0,0,0,0,0,0,0,0,0,0,0,0,0,0,3,0,0,179,199,189,200,221,222,222,223,222,186,0,0,0,0,0,0,0,0,0,0,0,0,0,0,0,4,0,23,207,185,201,198,217,210,209,201,207,169,0,0,0,0,0,0,0,0,0,0,0,0,0,0,0,4,0,0,161,203,189,193,223,213,207,201,211,185,0,0,0,0,0,0,0,0,0,0,0,0,0,0,0,5,0,4,195,199,197,203,213,209,204,199,207,194,0,0,0,0,0,0,0,0,0,0,0,0,0,0,0,4,0,73,224,164,202,208,191,189,190,187,192,205,0,0,0,0,0,0,0,0,0,0,0,1,0,0,2,0,0,140,188,171,210,210,201,203,205,190,206,163,0,0,0,0,0,0,0,0,0,0,0,1,0,2,0,0,79,195,167,203,210,216,220,218,220,207,207,212,0,0,0,0,0,0,0,0,0,0,0,0,4,0,0,82,219,175,204,212,207,205,196,209,216,212,198,215,103,0,0,0,1,0,0,0,0,0,1,1,0,0,57,210,183,197,196,198,208,193,198,221,214,198,180,208,202,0,1,0,0,0,0,1,0,3,0,0,9,103,172,167,169,207,191,192,211,207,235,224,199,186,189,197,235,4,0,0,3,4,4,0,0,0,0,54,138,161,166,166,182,185,194,199,219,219,205,201,204,200,199,192,245,77,2,0,0,0,0,0,0,5,136,178,134,185,210,197,201,203,219,205,201,199,200,209,207,200,206,196,238,105,0,0,34,84,96,93,117,191,199,181,179,182,196,198,201,203,208,192,191,203,204,195,197,190,201,189,228,104,0,104,175,169,173,192,203,179,189,190,190,201,210,213,211,205,208,202,194,194,193,191,180,175,196,204,242,61,12,191,190,181,184,184,178,180,197,187,192,204,215,213,211,201,200,209,204,201,204,205,208,225,235,206,246,56,100,214,197,192,191,188,176,184,170,186,203,198,205,198,211,226,228,232,233,233,230,227,221,221,215,193,241,88,64,206,199,205,212,213,229,246,244,234,223,220,224,221,221,219,215,209,205,204,201,201,202,201,206,208,251,64,58,222,200,202,203,206,205,213,215,218,214,210,209,209,205,202,204,208,210,209,210,209,216,208,213,203,220,64,1,183,220,223,213,211,207,205,197,199,200,201,201,200,204,207,205,207,208,208,208,208,206,209,205,218,210,19,0,0,36,139,222,249,255,255,255,251,248,249,252,255,255,254,253,254,255,253,253,255,254,221,215,242,52,0,0,0,0,0,0,0,47,66,96,108,105,103,102,78,60,51,37,30,27,26,30,39,39,44,31,0,0,0,0,0,0,0,0,0,0,0,0,0,0,0,0,0,0,0,0,0,0,0,0,0,0,0,0,0,0,0,0,0,0,0,0,0,0,0,0,0,0,0,0,0,0,0,0,0,0,0,0,0,0,0,0,0,0,0,6
0,0,0,0,0,0,0,0,0,0,0,0,0,0,0,0,0,0,0,0,0,0,0,0,0,0,0,0,0,0,0,0,0,0,0,0,0,0,0,0,0,0,0,0,0,0,0,0,0,0,0,0,0,0,0,0,0,0,0,0,0,0,0,0,0,0,0,0,0,0,0,0,0,0,0,0,0,0,0,0,0,0,0,0,0,0,0,0,0,0,0,0,0,0,0,0,0,0,0,0,0,0,0,0,0,0,0,0,0,0,0,0,0,0,0,0,0,0,0,0,0,0,0,0,0,0,0,0,0,0,0,0,0,0,0,0,0,0,0,0,0,0,0,0,0,0,0,0,0,0,0,0,0,0,0,0,0,0,0,2,0,0,0,0,0,30,89,0,0,0,0,0,0,0,0,0,0,0,0,0,0,1,0,10,49,38,0,0,0,0,0,0,9,84,39,0,0,0,0,0,0,0,0,0,0,0,0,0,0,3,0,45,110,103,97,97,123,141,135,171,213,185,0,0,0,0,0,0,0,0,0,0,0,0,0,0,0,0,0,62,82,54,150,216,217,220,227,205,195,207,23,0,0,0,0,0,0,0,0,0,0,0,0,0,1,0,0,89,99,75,123,207,200,203,207,196,199,199,5,0,0,0,0,0,0,0,0,0,0,0,0,0,0,0,41,88,88,103,65,206,213,206,219,200,198,203,4,0,0,0,0,0,0,0,0,0,0,0,0,1,0,3,68,79,76,86,63,205,226,210,216,193,203,209,9,0,0,0,0,0,0,0,0,0,0,0,0,0,0,49,70,71,78,86,72,230,217,209,217,207,202,218,61,0,0,0,0,0,0,0,0,0,0,0,0,0,43,72,68,69,89,104,78,233,213,210,216,200,183,220,158,0,0,0,0,0,0,0,0,0,1,0,0,35,69,63,72,71,85,91,68,239,212,211,215,177,171,209,227,0,0,0,0,0,0,1,1,0,0,0,48,62,41,65,75,68,79,85,71,249,210,209,216,177,182,199,215,37,2,1,2,0,1,0,0,0,16,66,51,28,50,70,70,68,82,79,78,244,199,202,192,166,180,196,218,65,0,0,0,0,0,3,21,52,68,37,14,35,71,75,78,78,91,88,88,235,188,182,165,182,198,196,254,68,0,11,35,42,54,57,45,25,16,29,63,79,83,84,91,94,99,95,102,227,182,176,173,186,183,188,226,32,0,54,68,55,41,29,30,51,66,70,84,89,94,101,95,74,57,43,66,199,196,203,209,211,210,209,250,30,92,149,97,79,56,47,69,83,64,66,88,75,69,62,76,124,159,210,235,230,205,210,200,183,175,179,200,24,24,113,158,164,162,172,148,136,126,113,122,138,172,229,197,237,169,113,54,70,217,136,143,157,185,178,229,31,0,0,0,19,72,104,139,160,176,173,180,173,152,82,17,0,0,0,0,0,213,138,126,126,138,129,118,0,0,0,0,0,0,0,0,0,0,0,0,0,0,0,0,0,0,0,0,0,0,0,0,0,0,0,0,0,0,0,0,0,0,0,0,0,0,0,0,0,0,0,0,0,0,0,0,0,0,0,0,0,0,0,0,0,0,0,0,0,0,0,0,0,0,0,0,0,0,0,0,0,0,0,0,0,0,0,0,0,0,0,0,0,0,0,0,0,0,0,0,0,0,0,0,0,0,0,0,0,0,0,0,0,0,0,0,0,0,0,0,0,0,0,0,0,0,0,0,0,0,0,0,0,0,0,0,0,0,0,0,0,0,0,0,0,0,0,0,0,6
0,0,0,0,0,0,0,0,0,0,0,0,0,0,0,0,0,0,0,0,0,0,0,0,0,0,0,0,0,0,0,0,0,0,0,0,0,0,0,0,12,34,47,69,98,121,129,127,129,119,133,131,53,0,2,0,0,0,0,0,0,0,0,0,0,6,0,82,201,213,222,246,228,215,209,207,193,180,191,160,154,0,4,0,0,0,0,0,0,0,0,0,0,6,0,74,205,187,195,197,187,183,176,180,172,162,197,152,154,0,0,0,0,0,0,0,0,0,0,0,0,6,0,74,185,168,180,193,191,193,180,176,172,162,199,158,170,0,0,2,0,0,0,0,0,0,0,0,0,6,0,88,180,176,195,201,197,195,180,170,170,162,207,160,185,24,0,2,0,0,0,0,0,0,0,0,0,8,0,88,193,189,203,205,193,187,176,176,172,158,215,170,162,76,0,0,0,0,0,0,0,0,0,0,0,8,0,88,193,183,183,191,191,185,178,176,172,150,201,170,154,121,0,0,0,0,0,0,0,0,0,0,0,4,0,104,183,178,174,189,199,187,180,178,176,164,195,199,170,176,0,0,0,0,0,0,0,0,0,0,0,2,0,125,176,168,172,187,193,176,176,183,174,162,143,209,166,148,18,0,0,0,0,0,0,0,0,0,0,2,0,131,158,152,160,183,191,176,174,178,168,156,166,154,158,162,100,0,0,0,0,0,0,0,0,0,0,2,0,125,150,139,150,180,193,176,170,176,180,193,187,176,162,158,162,0,0,0,0,0,0,0,0,0,0,0,0,104,137,148,154,183,191,183,185,178,166,158,170,172,162,154,166,30,0,0,0,0,0,0,0,0,0,0,0,117,129,156,168,191,201,183,172,172,166,164,174,176,170,146,150,51,0,0,0,0,0,0,0,0,2,0,18,135,133,154,164,187,197,174,158,170,180,193,189,180,180,154,137,55,0,0,0,0,0,0,0,0,2,0,28,135,141,162,164,193,197,185,185,180,180,191,203,178,176,156,174,51,0,0,0,0,0,0,0,0,6,0,88,158,143,176,189,199,197,207,205,189,189,189,170,141,160,176,189,34,0,0,0,0,0,0,0,2,0,0,129,143,154,185,203,191,185,183,180,187,180,178,168,197,191,150,156,22,0,0,0,0,0,0,2,0,0,80,154,152,164,180,191,187,183,170,172,187,180,172,213,201,146,150,174,20,0,0,0,0,2,0,0,0,22,150,154,168,162,185,183,189,185,180,152,193,205,2,135,180,162,150,168,18,0,2,0,0,0,0,0,47,113,141,178,193,191,191,193,191,183,160,185,213,0,0,172,180,170,156,162,14,2,0,0,0,32,63,100,121,123,146,172,191,195,185,203,185,158,187,244,0,0,0,168,176,164,154,154,0,0,2,55,98,113,111,98,94,108,143,166,183,187,197,191,174,176,255,0,0,0,0,172,176,162,154,152,0,18,123,131,108,104,104,108,102,111,146,162,174,183,185,176,164,211,28,0,2,0,0,178,183,168,160,152,0,111,141,111,121,137,137,125,129,143,148,162,172,183,185,154,207,113,0,0,2,0,0,174,183,172,166,150,0,113,230,199,176,164,168,164,146,133,133,164,170,178,168,193,183,0,0,0,0,0,0,141,166,160,158,154,0,0,37,127,189,213,220,217,211,215,191,191,197,187,205,183,0,0,2,0,0,0,0,166,213,189,199,203,6,0,0,0,0,0,34,69,119,168,185,185,174,141,59,0,0,0,0,0,0,0,0,71,113,82,84,45,0,6
0,0,0,0,0,0,0,0,0,0,0,0,0,0,0,0,0,0,0,0,0,0,0,0,0,0,0,0,0,0,0,0,0,0,0,0,0,0,0,0,0,0,0,0,0,0,0,0,0,0,0,0,0,0,0,0,0,0,0,0,0,0,0,0,0,0,0,0,0,0,0,0,0,0,0,0,0,0,0,0,0,0,0,0,0,0,0,0,0,0,0,0,0,0,0,0,0,0,0,0,0,0,71,74,0,0,0,0,0,0,0,0,0,0,0,0,0,0,0,0,0,0,0,0,0,0,0,3,0,11,138,124,134,80,0,0,1,1,2,0,0,0,0,0,0,0,0,0,0,0,0,0,0,0,0,6,0,54,149,119,128,131,103,0,0,0,0,0,0,0,0,0,0,0,0,0,0,0,0,0,0,0,0,0,0,104,148,126,125,111,91,84,59,12,0,0,0,0,0,0,0,0,0,0,0,0,0,0,0,0,0,0,0,138,129,119,114,129,151,111,227,144,141,74,0,0,0,0,0,0,0,0,0,0,0,0,0,0,3,0,35,177,105,89,120,113,77,114,185,115,167,105,0,0,0,0,0,0,0,0,0,0,0,0,0,0,2,0,50,116,59,72,135,155,66,169,179,123,182,45,0,0,0,0,0,0,0,0,0,0,0,0,0,0,0,0,187,134,131,150,114,86,128,187,189,116,202,18,0,0,0,0,0,0,0,0,0,0,0,0,0,1,0,120,214,254,200,169,115,96,193,116,192,136,168,0,0,0,0,0,0,0,0,0,0,0,0,0,2,0,0,193,224,144,180,74,82,184,168,116,200,136,130,0,0,0,0,0,0,0,0,0,0,0,2,0,0,0,214,193,197,136,96,121,145,180,94,140,189,140,139,0,0,0,0,0,0,0,1,1,7,0,0,0,50,188,187,213,91,202,74,146,172,126,108,136,184,141,135,0,0,0,0,0,0,0,0,0,0,0,61,193,208,227,124,185,136,48,143,188,126,115,123,139,134,118,140,0,0,1,6,1,0,0,0,108,103,163,187,216,130,157,187,72,135,114,155,158,125,101,119,130,118,119,145,11,0,0,0,0,0,36,134,183,213,244,114,134,199,85,129,104,97,119,136,128,114,100,129,128,125,139,162,18,0,0,72,114,143,172,160,134,120,167,198,82,121,100,101,99,116,115,115,113,115,101,116,128,126,113,157,48,5,144,175,167,163,143,143,150,125,99,128,97,133,106,75,119,110,115,126,140,120,111,115,119,121,133,164,81,111,164,135,110,119,111,109,111,121,119,111,114,118,115,97,116,120,123,119,129,118,134,151,159,174,180,174,66,133,193,157,149,138,115,96,104,109,94,108,116,103,101,123,136,143,146,157,167,174,174,177,167,160,89,28,0,25,184,193,187,178,169,155,145,140,126,126,124,141,145,154,165,172,174,169,175,133,96,45,0,0,0,0,0,0,0,23,105,155,184,198,195,195,190,197,192,200,202,187,165,128,75,13,0,0,0,0,0,0,1,0,0,1,0,0,0,0,0,23,38,62,76,85,76,59,42,13,0,0,0,0,0,0,0,2,1,0,0,1,2,0,0,0,0,0,0,0,0,0,0,0,0,0,0,0,0,0,0,0,0,0,0,0,0,0,0,0,0,0,0,0,0,0,0,0,0,0,0,0,0,0,0,0,0,0,0,0,0,0,0,0,0,0,0,0,0,0,0,0,0,0,0,0,0,0,0,0,0,0,0,0,0,0,0,0,0,0,0,0,0,0,0,0,0,6
0,0,0,0,0,0,0,0,0,0,0,0,0,0,0,0,0,0,0,0,0,0,0,0,0,0,0,0,0,0,0,0,0,0,0,0,0,0,0,0,0,0,0,0,0,0,0,0,0,0,0,0,0,0,0,0,0,0,0,0,0,0,0,0,0,0,0,0,0,0,0,0,0,0,0,0,0,0,0,0,0,0,0,0,0,0,0,0,0,0,0,0,0,0,0,0,0,0,0,0,0,0,0,0,0,0,0,0,0,0,0,0,0,0,0,0,0,0,0,0,0,0,0,0,0,0,0,0,0,0,0,0,0,0,0,0,0,0,0,0,0,0,0,0,0,0,0,0,0,0,0,0,0,0,0,0,0,0,0,0,0,0,0,0,0,0,0,0,0,0,0,0,0,0,0,0,0,0,0,0,0,0,0,105,145,125,125,126,117,111,97,70,38,18,0,0,0,0,0,0,0,0,0,0,0,0,0,0,2,0,0,197,172,184,187,181,199,215,219,232,209,212,105,0,0,0,0,0,0,0,0,0,0,0,0,0,3,0,3,126,115,111,135,138,143,158,151,153,138,194,63,0,0,0,0,0,0,0,0,0,0,0,0,0,3,0,52,122,140,100,155,144,152,187,178,168,186,205,30,67,0,0,0,0,0,0,0,0,0,0,0,0,1,0,90,195,170,158,153,153,181,167,181,180,110,192,63,121,0,0,0,0,0,0,0,0,0,0,0,3,0,22,125,87,151,128,166,170,162,191,190,186,120,169,69,49,0,0,0,0,0,0,0,0,0,2,2,0,0,136,131,87,173,168,95,199,169,174,151,167,186,171,173,0,0,0,0,0,0,0,0,0,0,4,0,0,107,165,132,114,131,166,161,115,140,163,174,176,171,166,153,0,0,0,0,0,0,0,0,0,2,2,0,62,130,84,117,97,94,82,150,118,179,173,172,176,134,146,174,0,0,0,0,1,1,2,4,0,0,0,56,104,126,104,102,82,96,112,143,122,192,137,144,139,159,173,131,88,2,4,5,0,0,0,0,0,2,75,125,100,103,62,70,128,139,189,163,173,127,203,180,193,179,141,172,84,0,0,0,8,23,18,57,115,142,121,74,95,119,157,96,187,126,165,184,195,157,188,148,185,164,153,199,60,0,38,125,118,109,148,119,84,81,61,62,85,94,126,154,202,194,156,111,131,164,176,195,215,216,208,255,47,19,123,128,115,85,79,51,104,80,92,124,108,142,154,174,163,167,188,255,255,211,203,200,185,189,184,201,16,97,202,183,170,157,147,146,115,137,135,144,176,188,206,218,214,198,179,71,14,197,184,184,184,187,186,197,0,0,34,127,161,191,207,211,211,211,211,218,226,219,197,158,48,0,0,0,0,255,206,231,235,202,207,202,0,0,0,0,0,0,15,49,84,105,125,111,62,31,0,0,0,0,0,0,0,103,87,74,71,61,72,48,0,0,0,0,0,0,0,0,0,0,0,0,0,0,0,0,0,0,0,0,0,0,0,0,0,0,0,0,0,0,0,0,0,0,0,0,0,0,0,0,0,0,0,0,0,0,0,0,0,0,0,0,0,0,0,0,0,0,0,0,0,0,0,0,0,0,0,0,0,0,0,0,0,0,0,0,0,0,0,0,0,0,0,0,0,0,0,0,0,0,0,0,0,0,0,0,0,0,0,0,0,0,0,0,0,0,0,0,0,0,0,0,0,0,0,0,0,0,0,0,0,0,0,0,0,0,0,0,0,0,0,0,0,0,0,0,0,0,0,0,0,6
0,0,0,0,0,0,0,0,0,0,0,0,0,0,0,0,0,0,0,0,0,0,0,0,0,0,0,0,0,0,0,0,0,0,0,0,0,0,0,0,0,0,0,0,0,0,0,0,0,0,0,0,0,0,0,0,0,0,0,0,0,0,0,0,0,0,0,0,0,0,0,0,0,0,0,0,0,0,0,0,0,0,0,0,0,0,0,0,0,0,0,0,0,0,0,0,0,0,0,0,0,0,0,0,0,0,0,0,0,0,0,0,0,0,0,0,0,0,0,0,0,0,0,0,0,0,0,0,0,0,0,0,0,0,0,0,0,0,0,0,0,0,0,0,0,0,0,0,0,0,0,0,0,0,0,13,50,56,85,67,95,66,90,77,95,0,0,1,0,0,0,0,0,0,0,0,0,0,0,1,0,0,101,140,173,152,187,164,202,153,203,132,161,58,0,4,0,0,0,0,0,0,0,0,0,0,0,3,0,10,141,146,168,152,171,159,183,157,186,147,179,113,0,0,0,0,0,0,0,0,0,0,0,0,0,4,0,13,146,133,169,154,206,154,219,168,188,154,185,115,0,0,0,0,0,0,0,0,0,0,0,0,0,3,0,9,153,125,152,140,151,152,159,148,188,160,187,114,0,2,0,0,0,0,0,0,0,0,0,0,0,3,0,29,142,131,114,129,111,121,94,114,112,120,178,92,0,0,0,0,0,0,1,0,0,0,1,0,0,0,0,78,110,92,82,95,98,91,129,122,117,133,178,120,0,23,0,0,0,0,4,0,0,0,1,8,9,0,0,69,98,141,186,205,217,202,185,165,148,137,135,111,0,110,1,0,0,0,0,0,5,3,0,0,0,68,211,196,214,225,227,237,233,223,217,216,211,209,209,253,100,83,1,2,3,3,4,3,0,0,0,16,99,106,143,198,168,136,177,224,222,189,181,171,162,226,249,187,50,111,2,0,0,0,0,0,81,106,71,170,214,52,0,125,178,167,233,237,234,192,185,167,215,239,231,207,188,17,0,32,160,156,81,45,183,114,117,110,62,7,0,127,201,170,198,246,236,175,177,187,252,238,229,248,201,0,10,1,51,89,129,135,139,80,123,133,34,17,102,195,193,236,209,221,201,172,169,229,245,234,234,242,221,0,0,16,151,186,129,127,151,107,107,155,200,173,183,186,212,235,245,190,186,179,185,255,235,241,236,236,233,24,39,157,209,187,163,166,139,124,121,116,150,158,156,167,213,232,205,181,178,220,251,244,242,240,236,232,230,41,115,144,150,149,173,175,185,208,198,201,193,199,195,205,220,205,194,206,210,215,221,209,210,208,202,187,180,38,28,137,167,156,159,173,171,172,180,181,186,184,180,194,193,192,197,197,190,187,190,188,177,184,193,176,196,101,0,0,38,63,85,104,117,116,121,130,131,130,128,143,143,139,140,134,115,116,118,112,107,103,95,83,77,5,0,0,0,0,0,0,0,0,0,0,0,0,0,0,0,0,0,0,0,0,0,0,0,0,0,0,0,0,0,0,0,0,0,0,0,0,0,0,0,0,0,0,0,0,0,0,0,0,0,0,0,0,0,0,0,0,0,0,0,0,0,0,0,0,0,0,0,0,0,0,0,0,0,0,0,0,0,0,0,0,0,0,0,0,0,0,0,0,0,0,0,0,0,0,0,0,0,0,0,0,0,0,0,0,0,0,0,0,0,0,0,0,0,0,0,0,0,0,0,0,0,0,0,0,0,0,0,0,0,0,0,0,0,0,0,0,0,0,0,0,6
0,0,0,0,0,0,0,0,0,0,0,0,0,0,0,0,0,0,0,0,0,0,0,0,0,0,0,0,0,0,0,0,0,0,0,0,0,0,0,0,0,0,0,0,0,0,0,0,0,0,0,0,0,0,0,0,0,0,0,0,0,0,0,0,0,0,0,0,0,0,0,0,0,0,0,0,0,0,0,0,0,0,0,0,0,0,0,0,0,0,0,0,0,0,0,0,0,0,0,0,0,0,0,0,0,0,0,0,0,0,0,0,0,0,0,0,0,0,0,0,0,0,0,0,0,0,0,0,0,0,0,0,0,0,0,0,0,0,0,0,0,0,0,0,0,0,0,0,0,0,0,0,0,0,0,0,0,0,0,0,0,0,0,0,0,0,0,0,0,0,0,0,0,0,0,0,0,1,2,0,0,2,0,0,106,70,0,0,0,0,0,0,0,0,0,0,0,0,0,0,0,0,0,0,0,0,0,0,1,0,6,49,170,216,159,67,99,1,0,0,0,47,44,0,0,0,0,0,0,0,0,0,0,0,0,3,3,0,74,151,149,193,216,241,252,204,75,120,186,236,218,14,0,0,0,0,0,0,0,0,0,0,0,0,0,37,70,139,204,211,220,231,224,229,255,227,212,210,215,11,0,0,0,0,0,0,0,0,0,2,0,0,126,34,127,245,206,221,222,207,227,214,191,200,213,215,224,0,0,0,2,0,0,1,0,0,8,0,0,150,250,186,210,235,240,226,220,225,209,226,230,216,213,219,238,25,0,0,0,7,1,1,2,0,0,0,187,241,208,231,250,167,187,222,228,226,235,224,221,223,229,218,255,168,1,8,4,0,0,7,0,0,4,223,237,217,217,196,176,177,193,255,254,231,218,241,236,194,193,185,233,152,0,0,0,0,0,0,4,195,235,227,190,197,178,191,185,239,246,214,50,228,249,215,241,228,220,201,235,166,0,48,143,110,83,95,212,230,189,137,159,174,134,119,194,209,231,229,172,218,201,236,219,225,230,213,255,189,76,218,236,223,210,238,233,120,172,216,216,157,163,185,207,199,214,226,255,128,113,255,201,205,202,206,236,124,197,217,178,182,186,193,195,215,221,205,205,203,223,214,196,197,206,211,220,229,229,231,212,212,208,208,253,36,148,246,213,189,179,173,185,212,202,196,204,216,209,215,220,215,215,216,213,212,212,209,213,215,213,206,229,35,0,164,226,247,238,215,206,214,216,219,220,218,218,215,212,211,213,217,218,216,216,217,218,218,218,233,227,27,0,0,33,108,196,253,255,242,255,255,255,255,255,255,255,255,255,255,255,255,255,251,244,240,204,191,125,0,0,0,0,0,0,0,8,48,76,74,78,77,80,56,36,22,14,12,8,0,0,0,0,0,0,0,0,0,0,0,0,0,0,0,0,0,0,0,0,0,0,0,0,0,0,0,0,0,0,0,0,0,0,0,0,0,0,0,0,0,0,0,0,0,0,0,0,0,0,0,0,0,0,0,0,0,0,0,0,0,0,0,0,0,0,0,0,0,0,0,0,0,0,0,0,0,0,0,0,0,0,0,0,0,0,0,0,0,0,0,0,0,0,0,0,0,0,0,0,0,0,0,0,0,0,0,0,0,0,0,0,0,0,0,0,0,0,0,0,0,0,0,0,0,0,0,0,0,0,0,0,0,0,0,0,0,0,0,0,0,0,0,0,0,0,0,0,0,0,0,0,0,0,0,0,0,0,0,0,0,0,0,0,0,0,0,0,0,0,0,0,0,0,0,0,0,6
0,0,0,0,0,0,0,0,0,0,0,0,0,0,0,0,0,0,0,0,0,0,0,0,0,0,0,0,0,0,0,0,0,0,0,0,0,0,0,0,0,0,0,0,0,0,0,0,0,0,0,0,0,0,0,0,0,0,0,0,0,0,0,0,0,0,0,0,0,0,0,0,0,0,0,0,0,0,0,0,0,0,0,0,0,0,0,0,0,0,0,0,0,0,0,0,0,0,0,0,0,0,0,0,0,0,0,0,0,0,0,0,0,0,0,0,0,0,0,0,0,0,0,0,0,0,0,0,0,2,0,0,0,2,5,1,4,0,23,39,0,0,0,0,0,0,0,0,0,0,0,0,0,0,0,0,0,0,0,0,0,0,0,0,0,0,91,39,0,0,0,0,0,0,0,0,0,0,0,0,0,0,0,1,0,0,168,173,0,30,103,80,18,0,103,9,0,0,0,0,0,0,0,0,0,0,0,0,0,0,0,2,0,6,211,234,213,229,241,243,226,205,194,0,0,0,0,0,0,0,0,0,0,0,0,0,0,0,0,0,0,130,227,219,223,220,220,221,214,212,144,0,0,0,0,0,0,0,0,0,0,0,0,0,0,0,2,0,0,226,224,224,216,223,230,235,211,205,130,0,0,0,0,0,0,0,0,0,0,0,0,0,0,0,0,0,119,220,225,225,223,225,229,237,200,224,130,0,0,0,0,0,0,0,0,0,0,0,0,0,0,3,0,12,221,214,236,221,225,224,228,237,192,219,149,0,0,0,0,0,0,0,0,0,0,0,0,0,0,0,0,152,229,220,237,220,222,224,230,237,190,222,158,0,0,0,0,0,0,0,0,0,0,4,0,0,0,0,84,253,205,229,229,220,219,223,233,240,185,213,175,0,0,0,0,0,0,0,0,0,0,3,6,0,0,77,216,198,200,233,227,220,225,226,233,229,186,201,221,0,0,0,3,5,4,2,2,1,0,0,0,5,146,185,145,127,185,238,224,220,230,230,232,218,197,197,247,31,0,0,0,0,0,0,0,0,0,1,108,190,67,20,156,191,216,225,217,215,231,230,238,228,195,174,230,128,0,0,6,58,26,6,14,52,142,196,148,12,4,145,226,224,223,219,217,220,223,216,209,194,164,167,202,199,0,115,168,162,215,224,225,208,148,64,51,145,237,247,216,210,210,222,238,238,230,239,231,232,226,216,198,183,2,220,187,67,48,70,76,83,104,164,193,208,202,210,224,233,224,213,194,192,194,191,203,208,210,205,195,162,134,221,229,243,232,241,226,227,226,214,214,215,219,234,236,219,210,205,202,204,207,198,201,199,198,198,211,130,189,241,229,216,225,220,223,227,224,227,225,234,231,224,211,217,223,224,228,229,227,226,223,224,220,214,232,160,0,82,166,205,225,241,244,237,234,237,238,231,230,229,235,235,232,237,235,236,233,234,244,239,240,238,247,192,0,0,0,0,10,73,127,177,202,214,243,235,255,255,208,242,241,183,217,230,205,224,216,191,201,207,218,146,0,1,1,0,0,0,0,0,0,0,0,0,0,0,0,0,0,0,0,0,0,0,0,0,0,0,0,0,0,0,0,0,0,0,0,0,0,0,0,0,0,0,0,0,0,0,0,0,0,0,0,0,0,0,0,0,0,0,0,0,0,0,0,0,0,0,0,0,0,0,0,0,0,0,0,0,0,0,0,0,0,0,0,0,0,0,0,0,0,0,0,0,0,0,0,0,0,0,0,0,0,0,0,0,0,0,0,0,0,0,0,0,6
0,0,0,0,0,0,0,0,0,0,0,0,0,0,0,0,0,0,0,0,0,0,0,0,0,0,0,0,0,0,0,0,0,0,0,0,0,0,0,0,0,0,0,0,0,0,0,0,0,0,0,0,0,0,0,0,0,0,0,0,0,0,0,0,0,0,0,0,0,0,0,0,0,0,0,0,0,0,0,0,0,0,0,0,0,0,0,0,0,0,0,0,0,0,0,0,0,0,0,0,0,0,0,0,0,0,0,0,0,0,0,0,0,0,0,0,0,0,0,0,0,0,0,0,0,0,0,0,0,0,0,0,0,0,0,0,0,0,0,0,0,0,0,0,0,0,0,0,0,0,0,0,0,0,0,0,0,0,0,0,0,0,0,0,0,0,0,0,0,0,0,0,0,0,0,0,0,0,0,0,3,0,33,131,144,138,123,6,0,0,0,0,0,0,109,13,0,0,0,0,0,0,0,0,0,1,0,0,3,0,25,158,173,194,218,199,114,132,135,118,119,138,11,0,0,0,0,0,0,0,0,0,0,0,0,0,6,0,53,190,189,205,205,200,205,202,210,197,193,154,0,0,0,0,0,0,0,0,0,0,0,0,1,0,7,0,135,208,205,217,234,178,214,209,202,233,202,164,0,0,0,0,0,0,0,0,0,0,0,0,1,2,0,0,132,134,137,170,195,201,203,208,228,209,198,153,0,0,0,0,0,0,0,0,0,0,0,1,0,4,0,38,155,141,182,169,180,189,187,183,179,153,182,217,1,0,0,0,0,0,1,1,0,1,1,2,3,0,0,142,125,128,150,163,169,167,163,163,195,217,201,202,32,0,0,0,0,0,0,0,0,0,0,2,2,0,98,128,116,152,162,161,142,228,246,255,245,216,187,177,54,0,0,0,0,1,1,2,2,3,1,0,0,68,147,104,132,151,171,148,184,253,222,197,182,168,146,153,141,0,2,1,1,0,0,0,0,0,0,32,74,125,118,132,137,161,190,204,210,192,170,176,156,147,149,151,169,10,5,0,0,0,0,0,8,42,54,72,25,86,180,166,166,170,180,192,184,183,189,183,170,174,166,153,155,39,0,11,71,100,110,119,144,118,97,91,132,146,157,178,185,195,192,178,189,203,204,185,188,189,182,158,163,40,0,109,135,51,18,14,9,26,70,129,145,162,177,176,196,193,176,168,164,172,165,147,156,149,147,141,161,36,20,131,147,137,125,94,85,119,122,121,139,150,169,196,190,154,147,134,141,178,184,168,177,171,171,168,187,55,85,155,147,156,164,161,169,189,203,192,174,176,160,179,162,157,200,222,238,210,179,176,174,170,179,173,180,81,0,50,130,168,154,179,176,172,170,169,164,167,165,161,196,210,179,141,49,153,214,204,237,243,205,192,230,86,0,0,0,0,37,62,97,125,144,149,154,155,148,133,78,17,0,0,0,49,163,99,93,74,50,45,25,0,0,0,0,0,0,0,0,0,0,0,0,0,0,0,0,0,0,0,0,0,0,0,0,0,0,0,0,0,0,0,0,0,0,0,0,0,0,0,0,0,0,0,0,0,0,0,0,0,0,0,0,0,0,0,0,0,0,0,0,0,0,0,0,0,0,0,0,0,0,0,0,0,0,0,0,0,0,0,0,0,0,0,0,0,0,0,0,0,0,0,0,0,0,0,0,0,0,0,0,0,0,0,0,0,0,0,0,0,0,0,0,0,0,0,0,0,0,0,0,0,0,0,0,0,0,0,0,0,0,0,0,0,0,0,0,0,0,0,0,0,6
0,0,0,0,0,0,0,0,0,0,0,0,0,0,0,0,0,0,0,0,0,0,0,0,0,0,0,0,0,0,0,0,0,0,0,0,0,0,0,0,0,0,0,0,0,0,0,0,0,0,0,0,0,0,0,0,0,0,0,0,0,0,0,0,0,0,0,0,0,0,0,0,0,0,0,0,0,0,0,0,0,0,0,0,0,0,0,0,0,0,0,0,0,0,0,0,0,0,0,0,0,0,0,0,0,0,0,0,0,0,0,0,0,0,0,0,0,0,0,0,0,0,0,0,0,0,0,2,14,18,14,94,23,0,0,0,0,0,0,2,0,0,0,0,0,0,0,0,0,0,0,0,0,0,0,14,73,69,31,124,128,82,80,75,59,50,21,0,0,0,0,0,0,0,0,0,0,0,0,0,0,2,0,6,71,61,56,130,147,147,141,151,153,160,107,0,0,0,0,0,0,0,0,0,0,0,0,0,0,6,0,40,84,59,59,136,139,134,139,145,147,149,61,0,0,0,0,0,0,0,0,0,0,0,0,0,0,0,0,59,75,59,65,134,172,143,149,143,134,128,99,0,0,0,0,0,0,0,0,0,0,0,0,0,0,0,0,61,54,54,73,63,86,107,124,136,147,149,115,0,0,0,0,0,0,0,0,0,0,0,0,2,0,0,25,63,56,54,69,86,88,94,90,84,82,90,67,0,0,0,0,0,0,0,0,0,0,2,0,0,0,33,61,61,61,67,67,86,90,90,101,101,96,103,75,0,0,0,0,0,0,0,0,0,0,0,8,61,80,59,56,54,56,65,82,90,90,90,96,99,90,92,101,0,0,0,0,0,0,0,0,0,0,0,132,109,25,50,52,52,54,71,88,94,92,92,94,92,82,80,120,0,0,0,0,0,0,0,0,2,0,4,42,31,71,59,61,59,63,80,92,96,92,90,92,88,82,82,126,0,0,0,0,0,0,0,0,0,2,27,77,77,54,69,63,63,77,84,92,96,90,88,92,86,82,86,128,2,0,0,0,18,16,16,16,23,27,56,82,33,50,69,75,75,71,69,82,80,82,84,80,75,67,84,130,35,0,18,46,37,40,29,29,40,44,33,77,99,99,115,122,115,118,105,90,82,75,69,75,80,67,109,118,44,35,37,21,40,29,31,50,48,48,40,52,56,61,61,73,82,94,126,109,88,80,88,86,82,56,92,73,31,109,132,103,82,54,31,42,48,54,56,61,52,61,73,65,54,48,59,86,124,84,96,96,92,130,145,147,48,59,124,160,179,162,136,122,82,65,56,52,52,50,69,111,149,189,221,242,252,236,240,250,254,252,238,236,143,18,71,101,120,151,170,183,191,187,179,181,191,200,204,217,217,189,160,132,147,141,149,136,130,130,111,84,31,0,0,16,33,69,96,107,136,132,158,172,158,158,143,61,10,0,0,0,82,136,94,109,92,107,109,120,71,2,0,0,0,0,0,12,27,16,63,35,4,50,33,0,0,0,0,0,0,84,73,52,96,86,96,75,35,0,0,0,0,0,0,0,0,0,0,0,0,0,0,0,0,0,0,0,0,0,0,0,0,0,0,0,0,0,0,0,0,0,0,0,0,0,0,0,0,0,0,0,0,0,0,0,0,0,0,0,0,0,0,0,0,0,0,0,0,0,0,0,0,0,0,0,0,0,0,0,0,0,0,0,0,0,0,0,0,0,0,0,0,0,0,0,0,0,0,0,0,0,0,0,0,0,0,0,0,0,0,0,0,0,0,0,0,0,0,0,0,6
0,0,0,0,0,0,0,0,0,0,0,0,0,0,0,0,0,0,0,0,0,0,0,0,0,0,0,0,0,0,0,0,0,0,0,0,0,0,0,0,0,0,0,0,0,0,0,0,0,0,0,0,0,0,0,0,0,0,0,0,0,0,0,0,0,0,0,0,0,0,0,0,0,0,0,5,0,0,32,0,0,0,0,0,0,0,0,0,0,0,0,0,0,0,0,0,0,0,0,0,0,2,9,0,31,211,224,64,0,0,3,0,0,0,0,0,0,0,0,0,0,0,0,0,0,0,0,0,0,0,0,43,234,236,233,224,5,0,2,0,0,0,0,0,0,0,0,0,0,0,0,0,0,0,0,12,0,0,128,225,226,226,237,85,0,4,0,0,0,0,0,0,0,0,0,0,0,0,0,0,1,5,1,0,0,147,253,223,194,236,172,0,0,0,1,0,0,0,0,0,0,0,0,0,0,0,0,2,0,0,0,61,229,196,216,240,217,178,0,0,3,0,0,0,0,0,0,0,0,0,0,0,1,0,0,0,0,25,155,248,248,202,178,255,179,0,0,4,0,1,7,1,0,0,0,0,0,0,0,0,0,4,0,45,204,241,241,225,229,242,240,84,0,0,0,1,9,0,0,0,0,0,0,0,0,0,0,0,1,2,0,177,253,223,221,236,239,228,249,51,0,0,0,0,0,0,111,145,0,0,0,0,0,0,0,0,4,0,14,228,218,227,255,227,236,244,229,255,0,0,0,0,94,199,255,171,0,0,0,0,0,0,0,0,7,0,106,236,210,224,121,0,0,251,243,245,202,0,97,253,252,231,226,46,0,0,0,0,0,0,0,0,5,0,37,208,230,185,0,0,0,0,246,237,228,220,241,238,218,233,222,0,0,0,0,0,0,0,0,0,1,0,0,207,229,242,198,0,0,0,71,245,244,246,231,221,218,244,120,0,0,0,0,0,0,0,4,6,4,0,0,208,240,219,255,159,0,12,247,237,121,20,174,235,222,236,24,0,0,0,0,0,3,4,0,0,0,0,0,209,246,226,225,255,78,250,255,36,0,0,7,232,225,210,0,0,1,1,0,7,0,0,0,38,5,0,0,28,255,238,232,218,221,236,41,0,0,0,0,221,240,200,0,0,0,2,4,0,0,126,255,230,245,185,77,0,2,255,245,234,243,118,0,4,2,0,0,211,243,162,0,0,5,15,0,79,255,240,232,216,217,234,255,236,0,0,217,247,222,0,0,3,2,0,0,205,249,124,0,7,0,0,0,255,235,226,225,231,233,221,220,255,246,5,235,242,42,0,6,0,2,0,0,200,246,85,0,6,79,131,193,236,228,239,232,233,235,230,248,171,93,237,255,157,0,7,0,0,2,0,0,199,246,62,0,5,170,247,216,233,232,225,226,222,229,221,236,224,226,238,221,0,0,4,0,0,1,0,0,201,248,32,0,5,73,233,243,227,225,224,224,226,225,230,231,242,231,247,139,0,11,0,0,0,2,0,0,195,239,29,0,5,0,37,159,255,241,242,234,229,226,225,226,222,239,255,0,0,2,0,0,0,2,0,0,208,254,5,0,4,0,0,0,0,57,158,226,255,255,255,255,241,255,68,0,8,0,0,0,0,1,0,0,125,149,0,0,1,0,5,3,0,0,0,0,4,48,67,104,112,22,0,1,0,1,0,0,0,0,1,0,0,0,0,2,0,0,0,0,0,0,0,0,0,0,0,0,0,0,0,0,0,0,0,0,0,0,0,0,0,0,0,0,0,6
0,0,0,0,0,0,0,0,0,0,0,0,0,0,0,0,0,0,0,0,0,0,0,0,0,0,0,0,0,0,0,0,0,0,0,0,0,0,0,0,0,0,0,0,0,0,0,0,0,0,0,0,0,0,0,0,0,0,0,0,0,0,0,0,0,0,0,0,0,0,0,0,0,0,0,0,0,0,0,0,0,0,0,0,0,0,0,0,0,0,0,0,0,0,0,0,0,0,0,0,0,0,0,0,0,0,0,0,0,0,0,0,0,0,0,0,0,0,0,0,0,0,0,0,0,0,0,0,0,0,0,0,0,0,0,0,0,0,0,0,0,0,0,0,0,0,0,0,0,0,0,0,0,0,1,0,0,0,0,0,2,4,2,1,0,22,123,0,0,0,0,0,0,0,0,0,0,0,0,0,0,0,5,0,92,130,11,0,0,0,0,0,0,0,98,0,0,0,0,0,0,0,0,0,0,0,0,0,0,0,6,0,116,174,142,120,91,51,11,32,143,111,122,0,0,0,0,0,0,0,0,0,0,0,0,0,0,0,2,0,97,156,159,209,203,196,233,182,186,198,122,0,0,0,0,0,0,0,0,0,0,0,0,0,0,1,0,0,140,161,165,193,184,194,204,182,160,176,34,0,0,0,0,0,0,0,0,0,0,0,0,0,0,3,0,4,170,151,166,204,194,208,214,188,170,189,0,0,0,0,0,0,0,0,0,0,0,0,0,0,0,2,0,73,175,138,181,204,191,206,213,176,176,158,0,0,0,0,0,0,0,0,0,0,0,1,0,0,5,0,16,150,160,143,191,196,197,210,215,163,172,144,0,0,0,0,1,1,0,0,0,0,0,0,0,1,0,12,132,143,160,155,204,201,204,214,206,161,171,153,0,0,1,1,0,0,0,0,0,0,0,1,0,0,25,129,107,145,162,154,206,203,209,220,203,153,162,179,7,0,0,0,0,0,0,1,1,1,3,0,0,57,134,77,110,165,154,167,205,200,207,210,207,159,163,197,56,0,2,1,0,7,4,3,4,2,0,0,98,137,43,102,156,155,174,192,217,211,222,237,198,156,181,176,124,0,1,2,0,0,0,0,0,0,18,142,114,11,82,148,144,146,159,166,201,206,199,168,129,148,193,181,177,0,0,0,3,32,40,34,29,72,137,69,0,85,154,135,140,147,168,172,164,146,150,151,167,187,211,194,192,0,0,41,150,100,83,109,124,123,30,0,110,162,149,157,163,182,186,192,185,164,168,179,183,183,201,194,152,0,8,152,182,156,116,85,82,97,106,123,129,139,163,177,176,168,153,146,156,148,164,162,159,167,185,196,196,0,95,206,199,184,183,179,179,165,163,157,160,168,168,172,179,186,198,210,252,232,201,197,195,196,207,198,226,77,0,53,159,173,191,222,216,217,217,202,206,210,218,240,243,227,194,155,70,126,246,210,224,222,231,208,255,97,0,0,0,0,49,71,116,152,171,186,181,162,149,89,33,0,0,0,0,5,200,173,173,163,157,149,134,30,0,0,0,0,0,0,0,0,0,0,0,0,0,0,0,0,0,0,0,0,0,0,0,0,0,0,0,0,0,0,0,0,0,0,0,0,0,0,0,0,0,0,0,0,0,0,0,0,0,0,0,0,0,0,0,0,0,0,0,0,0,0,0,0,0,0,0,0,0,0,0,0,0,0,0,0,0,0,0,0,0,0,0,0,0,0,0,0,0,0,0,0,0,0,0,0,0,0,0,0,0,0,0,0,0,0,0,0,0,0,0,0,6
0,0,0,0,0,0,0,0,0,0,0,0,0,0,0,0,0,0,0,0,0,0,0,0,0,0,0,0,0,0,0,0,0,0,0,0,0,0,0,0,0,0,0,0,0,0,0,0,0,0,0,0,0,0,0,0,0,0,0,0,0,0,0,0,0,0,0,0,0,0,0,0,0,0,0,0,0,0,0,0,0,0,0,0,0,0,0,0,0,0,0,0,0,0,0,0,0,0,0,0,0,0,0,0,0,0,0,0,0,0,0,0,0,0,0,0,0,0,0,0,0,0,0,0,0,0,0,0,0,0,0,0,0,0,0,0,0,0,0,0,0,0,0,0,0,0,0,0,0,0,0,0,0,0,0,0,186,70,0,0,0,0,0,0,0,0,0,0,0,0,0,0,0,0,0,0,0,0,0,0,0,2,0,108,255,233,253,224,147,109,156,190,194,154,0,0,0,0,0,0,0,0,0,0,0,0,0,0,2,0,0,213,228,232,243,237,252,255,254,247,254,233,0,0,0,0,0,0,0,0,0,0,0,0,0,0,2,0,63,245,231,255,55,95,153,208,221,237,231,248,42,0,0,0,0,0,0,0,0,0,0,0,0,0,0,0,178,243,239,207,62,255,255,244,84,255,247,252,42,0,0,0,0,0,0,0,0,0,0,0,0,2,0,32,237,234,248,197,21,204,253,159,144,75,82,255,70,0,0,0,0,0,0,0,0,0,0,0,0,0,0,185,239,233,252,255,175,129,209,190,195,0,0,163,161,0,0,0,0,0,0,0,0,0,0,4,4,0,7,242,228,219,3,91,255,255,255,255,255,249,208,255,245,0,0,0,0,0,0,0,0,0,0,0,5,0,136,231,255,55,140,236,155,237,245,240,241,254,255,244,255,0,0,0,0,0,0,0,0,0,0,3,0,42,255,232,252,17,236,255,255,125,156,255,231,240,229,239,255,36,0,0,0,0,0,0,0,0,0,0,0,179,243,222,255,171,94,196,220,13,83,224,255,234,242,233,255,97,1,0,0,3,3,5,2,0,0,0,27,254,230,232,231,255,255,253,198,109,63,20,254,244,241,229,255,131,0,5,0,0,0,0,0,0,0,144,255,238,230,231,233,230,235,238,255,255,200,153,241,242,240,230,255,97,0,0,0,0,24,61,128,205,255,255,238,228,233,236,239,241,239,233,234,237,255,255,254,246,247,237,255,44,0,57,192,204,226,241,242,228,221,230,232,239,237,237,239,239,238,232,251,250,225,219,214,207,200,201,226,0,7,220,249,231,229,225,220,220,239,239,239,241,237,236,236,236,243,255,236,197,211,195,200,204,195,212,191,0,82,207,230,242,242,237,235,234,232,228,227,232,237,243,243,255,255,154,0,92,242,198,208,203,196,229,155,0,0,8,91,160,221,251,255,255,255,255,255,255,255,255,247,143,0,0,0,131,255,211,223,217,211,255,114,0,0,0,0,0,0,5,53,103,138,162,176,162,133,58,0,0,0,1,0,98,215,170,177,180,168,190,44,0,0,0,0,0,0,0,0,0,0,0,0,0,0,0,0,0,0,0,0,0,0,0,0,0,0,0,0,0,0,0,0,0,0,0,0,0,0,0,0,0,0,0,0,0,0,0,0,0,0,0,0,0,0,0,0,0,0,0,0,0,0,0,0,0,0,0,0,0,0,0,0,0,0,0,0,0,0,0,0,0,0,0,0,0,0,0,0,0,0,0,0,0,0,0,0,0,0,0,0,0,0,0,0,0,0,0,0,0,0,0,0,0,6
0,0,0,0,0,0,0,0,0,0,0,0,0,0,0,0,0,0,0,0,0,0,0,0,0,0,0,0,0,0,0,0,0,0,0,0,0,0,0,0,0,0,0,0,0,0,0,0,0,0,0,0,0,0,0,0,0,0,0,0,0,0,0,0,0,0,0,0,0,0,0,0,0,0,0,0,0,0,0,0,0,0,0,0,0,0,0,0,0,0,0,0,0,0,0,0,0,0,0,106,187,194,220,214,219,202,200,187,150,147,2,0,0,0,0,0,0,0,0,0,0,0,0,0,0,0,0,115,190,197,215,195,169,165,198,148,117,172,18,0,0,0,0,0,0,0,0,0,0,0,0,0,1,0,0,137,193,184,186,197,187,215,161,146,140,129,0,0,0,0,0,0,0,0,0,0,0,0,0,0,2,0,8,159,175,201,181,216,192,193,162,137,129,144,0,0,0,0,0,0,0,0,0,0,0,1,0,0,0,0,32,172,170,209,186,209,190,149,150,165,118,120,0,0,0,0,0,0,0,0,0,0,0,0,0,1,1,0,49,171,172,177,207,175,179,161,150,115,97,135,0,0,0,0,0,0,0,0,0,0,0,0,0,2,0,0,157,137,187,204,210,202,181,154,153,102,162,137,0,0,0,0,0,0,0,0,0,0,0,1,0,1,0,22,222,166,162,201,206,206,183,156,147,110,165,113,0,0,0,0,0,0,0,0,0,0,0,1,0,0,0,76,126,204,201,187,179,172,188,195,178,141,153,136,0,0,0,0,0,0,0,0,0,0,0,0,2,0,23,107,156,173,228,178,198,142,146,147,136,186,151,144,34,0,0,0,0,0,0,0,0,0,0,0,0,0,69,170,181,153,205,209,168,183,176,170,178,200,158,142,83,0,0,0,0,0,0,0,0,0,0,3,0,6,149,161,177,176,137,223,208,148,170,165,151,147,154,153,136,0,0,0,0,0,0,0,0,0,1,0,0,119,161,155,195,180,181,159,237,118,201,153,205,188,177,153,127,17,1,0,0,0,0,0,0,0,0,0,35,126,151,172,169,151,170,164,173,241,163,213,179,180,201,153,148,59,0,0,1,2,2,0,1,2,0,55,125,136,163,177,176,206,156,190,136,205,224,161,132,120,113,93,140,47,0,0,2,1,1,4,0,0,41,93,129,168,156,166,154,165,169,171,169,170,197,90,59,147,93,139,172,49,3,2,0,0,0,0,0,49,97,112,144,168,180,186,180,175,172,130,88,74,68,248,177,209,171,127,143,69,0,0,0,0,19,52,79,81,69,132,165,162,162,183,148,126,92,26,149,217,186,162,127,115,134,144,112,41,0,28,67,97,73,66,91,83,105,170,179,188,156,139,133,73,66,202,207,10,2,159,143,180,99,124,150,55,41,110,110,105,110,81,76,110,128,135,150,146,185,158,84,90,255,106,0,0,18,168,120,192,133,103,154,25,64,147,156,147,149,168,162,184,153,151,188,163,187,82,135,207,39,0,0,0,18,187,146,141,118,96,147,26,0,98,111,124,132,154,139,121,142,134,143,91,89,165,187,0,0,2,1,0,19,163,126,114,100,100,155,18,0,0,0,23,46,69,103,120,142,140,134,136,136,74,0,0,0,0,2,0,3,187,192,201,198,207,178,3,0,0,0,0,0,0,0,0,0,0,0,0,0,0,0,0,0,0,0,0,0,0,0,0,0,0,0,0,0,0,0,0,0,0,0,0,0,0,0,0,0,0,0,0,0,0,0,0,0,0,0,0,0,0,0,0,6
0,0,0,0,0,0,0,0,0,0,0,0,3,0,13,141,136,136,127,116,101,79,15,0,0,1,0,0,0,0,0,0,0,0,0,0,0,0,0,0,7,0,89,231,223,221,243,244,231,236,234,165,0,2,0,0,0,0,0,0,0,0,0,0,0,0,0,0,7,0,73,213,212,215,217,224,228,225,226,159,0,2,0,0,0,0,0,0,0,0,0,0,0,0,0,0,7,0,86,216,215,221,217,219,230,227,228,107,0,0,0,0,0,0,0,0,0,0,0,0,0,0,0,0,7,0,104,220,214,220,222,225,233,228,224,85,0,0,0,0,0,0,0,0,0,0,0,0,0,0,0,0,6,0,123,223,214,221,224,229,234,226,221,57,0,5,0,0,0,0,0,0,0,0,0,0,0,0,0,0,6,0,137,223,212,221,223,228,232,225,213,30,0,5,0,0,0,0,0,0,0,0,0,0,0,0,0,0,5,0,155,221,216,222,223,228,231,224,207,14,0,4,0,0,0,0,0,0,0,0,0,0,0,0,0,0,1,0,173,220,216,224,223,228,230,223,200,0,0,3,0,0,0,0,0,0,0,0,0,0,0,0,0,1,0,0,199,217,216,227,225,230,229,221,221,0,0,1,0,0,0,0,0,0,0,0,0,0,0,0,0,2,0,0,211,217,219,226,226,231,226,228,189,0,0,0,0,0,0,0,0,0,0,0,0,0,0,0,0,3,0,0,195,214,222,224,224,230,224,220,234,0,0,0,0,0,0,0,0,0,0,0,0,0,0,0,0,7,0,72,211,211,222,225,223,230,228,210,227,114,0,0,0,0,0,0,0,0,0,0,0,0,0,0,0,2,0,158,212,214,224,227,233,235,226,218,215,233,0,0,0,0,0,0,0,0,0,0,0,0,0,0,3,0,0,213,212,221,226,225,225,216,208,212,203,212,149,0,0,0,0,0,0,0,0,0,0,0,0,0,6,0,61,203,209,226,220,225,219,217,218,201,171,196,234,19,0,0,0,0,0,0,0,0,0,0,0,0,3,0,147,209,215,225,220,218,210,214,207,194,175,203,212,65,0,0,0,0,0,0,0,0,0,0,0,3,0,0,194,208,218,222,217,219,215,211,227,234,236,223,224,104,0,0,0,0,0,0,0,0,0,0,0,6,0,97,221,208,218,219,218,223,224,228,234,229,211,206,225,81,0,0,0,0,0,0,0,0,0,0,0,0,0,214,217,206,216,222,223,228,225,209,206,199,205,221,255,65,0,0,0,0,0,0,0,0,0,0,12,0,71,211,189,196,212,219,225,220,205,236,223,223,232,226,255,65,0,0,0,0,0,0,0,0,4,5,0,0,190,190,189,196,220,223,221,204,248,217,0,183,235,221,230,66,0,0,0,0,0,0,3,0,0,0,0,165,206,174,187,209,231,222,205,223,180,0,0,216,232,221,229,66,0,0,0,0,0,3,0,0,27,130,217,195,172,190,207,219,225,211,220,187,0,0,0,211,232,219,229,58,0,0,0,0,0,0,24,126,166,155,73,65,148,196,214,219,216,216,219,0,0,0,0,210,229,216,226,59,0,0,0,0,0,82,186,189,177,156,162,196,208,212,217,216,220,216,11,0,2,0,0,180,225,212,224,59,0,0,0,0,0,112,221,215,224,233,233,231,230,229,227,221,219,66,0,1,0,0,0,187,235,223,237,73,0,0,0,0,0,0,10,44,68,87,97,110,108,116,111,100,22,0,0,0,0,0,0,143,162,153,152,0,0,0,6
0,0,0,0,0,0,0,0,0,0,0,0,0,0,0,0,0,0,0,0,0,0,0,0,0,0,0,0,0,0,0,0,0,0,0,0,0,0,0,0,0,0,0,0,0,0,0,0,0,0,0,0,0,0,0,0,0,0,0,0,0,0,0,0,0,0,0,0,0,0,0,0,0,0,0,0,0,0,0,0,0,0,0,0,0,0,0,0,0,0,0,0,0,0,0,0,0,0,0,0,0,0,0,0,0,0,0,0,0,0,0,0,0,0,0,0,0,0,0,0,0,0,0,0,0,0,0,0,0,0,0,0,0,0,0,0,0,0,0,0,0,0,0,0,0,0,0,0,0,0,0,0,0,0,0,0,0,101,43,0,0,0,0,0,0,0,0,0,0,0,0,0,0,0,0,0,0,0,0,0,0,0,0,0,100,203,223,117,85,61,29,13,3,5,0,0,0,0,0,0,0,0,0,0,0,0,0,0,0,4,0,19,224,190,230,235,233,228,230,227,236,241,0,0,0,0,0,0,0,0,0,0,0,0,0,0,0,5,0,69,199,188,234,233,233,236,237,237,245,164,0,0,0,0,0,0,0,0,0,0,0,0,0,0,0,1,0,91,223,171,236,241,235,233,238,228,230,223,0,0,0,0,0,0,0,0,0,0,0,0,0,0,0,2,0,104,229,197,199,193,207,205,213,196,216,208,0,0,0,0,0,0,0,0,0,0,0,0,0,0,0,0,0,143,234,200,209,204,197,193,193,181,213,147,0,0,0,0,0,0,0,0,0,0,1,0,0,0,0,0,0,205,203,193,198,211,208,203,205,189,197,175,0,0,0,0,0,0,0,0,0,1,0,0,0,0,0,0,80,233,181,203,203,212,214,214,204,188,197,147,0,0,0,0,0,0,0,0,0,0,0,1,1,0,0,46,229,159,189,199,201,212,214,211,200,207,220,176,0,0,0,0,0,0,0,0,0,0,1,2,0,0,10,184,174,184,191,204,205,214,216,207,213,200,174,235,28,0,1,1,0,0,1,0,4,1,0,0,0,68,178,178,177,204,201,198,203,211,206,211,204,191,184,226,85,0,3,1,4,2,4,0,0,0,0,64,139,177,178,170,196,203,193,197,200,206,201,206,201,193,206,205,147,0,3,0,0,0,0,0,8,70,144,178,169,154,177,192,190,184,186,188,188,211,224,216,200,188,198,193,175,0,0,1,73,111,126,144,174,189,183,175,178,200,203,204,200,200,203,206,214,215,229,241,212,223,229,200,192,0,0,145,205,188,184,179,178,178,184,184,175,171,177,191,211,237,254,254,254,237,236,230,224,231,214,184,169,0,29,130,135,147,158,167,179,184,200,211,216,220,228,239,219,185,166,160,147,106,108,118,121,115,114,144,175,39,5,77,101,115,118,128,137,145,151,156,169,173,177,154,135,129,130,117,124,215,214,212,215,223,223,215,212,49,0,0,0,0,0,0,23,42,57,73,80,78,77,62,49,18,0,0,0,31,42,31,25,18,5,0,0,0,0,0,0,0,0,0,0,0,0,0,0,0,0,0,0,0,0,0,0,0,0,0,0,0,0,0,0,0,0,0,0,0,0,0,0,0,0,0,0,0,0,0,0,0,0,0,0,0,0,0,0,0,0,0,0,0,0,0,0,0,0,0,0,0,0,0,0,0,0,0,0,0,0,0,0,0,0,0,0,0,0,0,0,0,0,0,0,0,0,0,0,0,0,0,0,0,0,0,0,0,0,0,0,0,0,0,0,0,0,0,0,0,6
0,0,0,0,0,0,0,0,0,0,0,0,0,0,1,0,20,77,104,117,128,129,124,96,48,0,0,0,0,0,0,0,0,0,0,0,0,0,0,0,0,0,5,0,160,182,164,188,197,204,219,209,208,203,51,0,0,0,0,0,0,0,0,0,0,0,0,0,0,0,8,0,99,161,160,163,167,180,194,191,191,193,2,0,0,0,0,0,0,0,0,0,0,0,0,0,0,0,6,0,89,171,151,163,175,189,202,193,197,155,0,0,0,0,0,0,0,0,0,0,0,0,0,0,0,0,2,0,88,164,154,167,175,185,197,191,197,63,0,0,0,0,0,0,0,0,0,0,0,0,0,0,0,0,5,0,80,165,151,168,179,190,197,190,188,20,0,2,0,0,0,0,0,0,0,0,0,0,0,0,0,0,6,0,87,165,151,170,181,191,195,189,197,0,0,2,0,0,0,0,0,0,0,0,0,0,0,0,0,0,9,0,94,162,154,168,182,195,193,192,169,0,0,0,0,0,0,0,0,0,0,0,0,0,0,0,0,0,3,0,104,161,154,169,183,194,190,194,133,0,0,0,0,0,0,0,0,0,0,0,0,0,0,0,0,0,0,0,127,158,156,170,185,194,189,194,90,0,0,0,0,0,0,0,0,0,0,0,0,0,0,0,0,1,0,0,141,163,158,171,186,194,188,189,60,0,2,0,0,0,0,0,0,0,0,0,0,0,0,0,0,2,0,0,158,159,158,173,189,195,187,187,56,0,1,0,0,0,0,0,0,0,0,0,0,0,0,0,0,3,0,3,174,153,158,176,190,194,180,195,85,0,0,0,0,0,0,0,0,0,0,0,0,0,0,0,0,0,0,53,178,153,161,182,191,191,182,192,143,0,0,0,0,0,0,0,0,0,0,0,0,0,0,0,0,0,0,129,167,154,159,188,194,189,189,187,218,16,0,0,0,0,0,0,0,0,0,0,0,2,0,0,1,0,34,182,148,160,161,189,192,186,190,189,195,197,0,0,0,0,0,0,0,0,0,0,0,0,0,4,0,0,159,157,151,158,163,187,191,188,192,188,186,205,112,0,0,0,0,0,0,0,0,0,0,0,2,0,0,145,177,145,155,164,170,191,194,193,192,194,190,189,213,0,0,0,0,0,0,0,0,0,2,0,0,0,139,172,139,146,154,155,177,194,193,192,188,185,182,185,194,60,0,0,0,0,0,2,4,0,0,0,16,154,170,140,153,161,163,176,184,189,186,183,179,178,186,183,215,82,0,0,3,4,0,0,0,0,0,76,180,164,137,158,161,163,177,193,187,184,184,183,183,183,186,183,210,50,0,0,0,0,0,0,10,77,158,186,152,150,162,164,171,180,185,189,190,190,190,186,187,185,186,182,209,30,0,0,35,125,154,171,182,181,163,150,157,165,164,173,180,187,189,187,180,183,185,187,192,192,194,189,227,41,0,18,151,157,154,156,153,148,156,165,169,165,174,182,187,189,181,189,228,222,207,194,193,189,186,182,216,38,0,98,178,155,155,158,154,165,170,166,170,173,176,181,180,183,212,234,142,4,164,199,182,186,186,182,219,35,0,66,181,200,202,190,171,163,156,160,158,156,170,176,209,211,144,4,0,0,186,184,184,179,180,179,210,27,0,0,0,46,134,213,244,241,218,212,208,221,212,255,170,5,0,0,0,0,213,209,197,217,216,195,252,34,0,0,0,0,0,0,21,73,115,142,150,150,103,29,0,0,0,0,0,0,68,138,113,126,130,125,104,0,6
0,0,0,0,0,0,0,0,0,0,0,0,0,0,0,0,0,0,0,0,0,0,0,0,0,0,0,0,0,0,0,0,0,0,0,0,0,0,0,0,0,0,0,0,0,0,0,0,0,0,0,0,0,0,0,0,0,0,0,0,0,0,0,0,0,0,0,0,0,0,0,0,0,0,0,0,0,0,0,0,0,0,0,0,0,0,0,0,0,0,0,0,0,0,0,0,0,0,0,0,0,0,0,0,0,0,0,0,0,0,0,0,0,0,0,0,0,0,0,0,0,0,0,0,0,0,0,0,94,140,103,66,28,12,0,0,0,0,0,0,0,0,0,0,0,0,0,0,0,0,0,0,0,0,0,0,173,201,224,238,239,235,211,179,138,77,56,19,0,0,0,0,0,0,0,0,0,0,0,0,0,1,0,3,201,181,184,200,201,202,192,189,194,187,232,43,0,0,0,0,0,0,0,0,0,0,0,0,0,2,0,72,230,185,196,207,208,218,205,182,178,178,143,0,0,0,0,0,0,0,0,0,0,0,0,0,0,0,0,170,221,185,194,207,213,206,194,184,181,222,87,0,0,0,0,0,0,0,0,0,0,0,0,0,0,0,6,216,185,183,205,220,223,197,182,189,188,211,25,0,0,0,0,0,0,0,0,0,0,0,0,0,0,0,86,217,180,196,221,201,202,203,188,178,183,213,7,0,0,0,0,0,0,0,0,0,1,3,0,0,0,0,174,209,194,207,221,206,182,180,187,183,184,218,29,0,0,0,0,0,0,0,0,0,0,0,0,0,0,90,219,191,192,212,220,213,200,184,176,190,176,225,83,0,0,0,1,1,1,0,0,0,0,0,0,0,61,214,187,183,198,221,219,216,194,195,191,190,181,204,160,0,0,2,0,0,0,0,1,0,0,0,0,89,220,193,188,187,209,210,215,224,201,190,198,196,191,201,166,0,0,0,0,0,0,0,0,0,0,33,160,223,180,192,187,200,214,214,216,203,201,192,191,194,189,198,198,0,0,53,110,144,149,92,47,76,147,127,98,176,179,183,182,208,219,214,211,210,215,204,192,207,208,194,224,23,0,177,160,56,90,145,169,137,77,0,0,83,157,161,189,226,216,214,206,217,226,215,212,212,202,182,222,56,74,220,202,200,153,106,49,5,0,24,81,101,171,209,227,207,174,174,179,180,192,192,208,203,192,176,212,43,37,176,224,217,217,214,200,216,212,220,183,182,230,223,189,149,142,159,160,152,170,168,161,172,180,179,209,17,0,0,87,183,225,228,218,205,206,207,206,198,186,177,185,201,219,255,255,243,201,201,204,201,194,189,209,20,0,0,0,0,71,164,201,218,217,213,206,206,213,221,255,236,190,153,107,126,217,206,215,214,207,196,244,27,0,0,2,0,0,0,0,33,81,116,131,126,104,58,19,0,0,0,0,0,156,145,142,144,136,133,106,0,0,0,1,0,1,0,0,0,0,0,0,0,0,0,0,0,0,0,0,0,0,0,0,0,0,0,0,0,0,0,0,0,0,0,0,0,0,0,0,0,0,0,0,0,0,0,0,0,0,0,0,0,0,0,0,0,0,0,0,0,0,0,0,0,0,0,0,0,0,0,0,0,0,0,0,0,0,0,0,0,0,0,0,0,0,0,0,0,0,0,0,0,0,0,0,0,0,0,0,0,0,0,0,0,0,0,0,0,0,0,0,0,0,0,0,0,0,0,0,0,0,0,0,0,0,0,0,0,0,0,0,0,0,0,0,0,0,0,0,0,6
0,0,0,0,0,0,0,0,0,0,0,0,0,0,0,0,0,0,0,0,0,0,0,0,0,0,0,0,0,0,0,0,0,0,0,0,0,0,0,0,0,0,0,0,0,0,0,0,0,0,0,0,0,0,0,0,0,0,0,0,0,0,0,0,0,0,0,0,0,0,0,0,0,0,0,0,0,0,0,0,0,0,0,0,0,0,0,0,0,0,0,0,0,0,0,0,0,0,0,0,0,0,0,0,0,0,0,0,0,0,0,0,0,0,0,0,0,0,0,0,0,0,0,0,0,0,2,1,0,0,0,0,0,0,0,0,0,0,181,125,0,0,0,0,0,0,0,0,0,0,0,0,0,0,0,0,2,95,89,0,0,0,0,2,0,31,255,21,0,0,0,0,0,0,0,0,0,0,0,0,0,0,4,0,64,255,255,255,212,209,181,254,238,249,82,0,0,0,0,0,0,0,0,0,0,0,0,0,0,0,6,0,108,254,232,236,245,254,254,230,237,250,22,0,0,0,0,0,0,0,0,0,0,0,0,0,0,0,0,0,205,251,236,228,214,215,217,219,239,255,0,0,0,0,0,0,0,0,0,0,0,0,0,0,0,1,0,24,255,238,241,229,225,225,224,225,246,246,0,0,0,0,0,0,0,0,0,0,0,0,0,0,0,0,0,201,255,226,242,226,225,225,220,227,241,248,0,0,0,0,0,0,0,0,0,0,1,0,1,0,0,0,82,255,226,243,239,226,226,225,220,234,242,255,0,0,0,0,0,0,0,0,0,0,1,3,0,4,0,2,255,238,235,242,239,225,224,226,219,233,238,255,23,0,0,0,0,0,0,0,0,0,0,0,0,0,0,218,255,233,245,242,237,226,226,226,218,240,228,252,141,0,0,0,0,0,0,0,0,0,0,0,0,0,131,255,231,239,236,242,236,225,226,226,221,240,235,247,244,0,0,0,0,0,0,0,0,0,0,0,0,49,255,243,237,245,239,240,237,226,227,228,224,239,245,240,255,0,0,0,0,0,3,1,5,0,0,0,6,255,255,232,243,238,241,243,231,224,225,222,220,240,240,231,255,50,0,1,3,0,0,0,0,0,0,53,255,255,230,241,235,238,238,240,229,223,224,234,244,240,240,232,255,60,0,0,0,0,0,0,32,100,192,255,247,229,241,234,237,237,238,238,237,244,237,235,240,233,234,235,255,24,0,0,45,150,223,255,255,255,255,235,232,233,237,237,237,238,239,238,235,231,234,245,249,250,248,255,247,0,0,172,244,250,247,239,234,231,227,238,238,239,236,237,240,235,232,238,255,255,255,239,222,213,201,214,151,0,138,255,249,236,234,235,235,239,242,234,237,238,235,232,229,244,255,255,246,178,138,175,197,191,183,225,143,0,0,84,187,226,246,255,251,244,245,241,236,238,242,249,255,255,160,62,0,0,106,225,205,199,200,219,128,0,0,0,0,0,61,129,195,238,255,255,255,255,255,199,97,0,0,0,0,0,47,255,255,255,254,255,122,0,0,2,0,0,0,0,0,0,0,6,9,7,5,0,0,0,0,11,0,0,0,12,19,10,11,10,0,0,0,0,0,0,0,0,0,0,0,0,0,0,0,0,0,0,0,0,0,0,0,0,0,0,0,0,0,0,0,0,0,0,0,0,0,0,0,0,0,0,0,0,0,0,0,0,0,0,0,0,0,0,0,0,0,0,0,0,0,0,0,0,0,0,0,0,0,0,0,0,0,0,0,0,0,0,0,0,0,0,0,0,0,0,6
0,0,0,0,0,0,0,0,0,0,0,0,0,0,0,0,0,0,0,0,0,0,0,0,0,0,0,0,0,0,0,0,0,0,0,0,0,0,0,0,0,0,0,0,0,0,0,0,0,0,0,0,0,0,0,0,0,0,0,0,0,0,0,0,0,0,0,0,0,2,4,0,0,0,0,2,0,0,1,2,3,0,87,74,0,0,0,0,0,0,0,0,0,0,0,0,0,0,0,0,0,5,0,0,0,0,0,0,0,0,79,44,0,0,0,0,0,0,0,0,0,0,0,0,0,4,0,100,210,211,222,190,169,150,138,98,62,0,135,13,0,0,0,0,0,0,0,0,0,0,0,0,0,3,0,165,240,230,247,251,246,239,235,206,193,246,145,0,0,0,0,0,0,0,0,0,0,0,0,0,0,0,0,169,227,210,129,179,195,216,201,178,167,173,32,0,0,0,0,0,0,0,0,0,0,0,0,0,0,0,0,192,245,139,119,255,208,218,234,230,165,210,11,0,0,0,0,0,0,0,0,0,0,0,0,0,1,0,0,190,237,211,156,210,229,225,222,210,159,231,7,0,0,0,0,0,0,0,0,0,0,0,0,0,0,0,21,230,229,255,248,243,232,247,208,156,193,118,0,0,0,0,0,0,0,0,0,0,0,0,0,0,0,0,108,246,234,232,232,236,224,236,200,166,190,92,0,0,0,0,0,0,0,0,0,0,0,1,0,2,0,0,231,227,241,238,235,234,228,239,191,167,194,116,0,0,0,0,0,0,0,0,0,0,0,0,3,0,0,179,229,231,236,233,233,234,233,237,184,163,190,151,0,0,0,0,0,0,0,0,0,0,0,0,0,0,176,235,216,239,233,234,234,234,238,231,178,174,192,200,0,0,0,0,0,0,0,0,0,0,0,0,0,218,211,216,246,232,233,235,237,236,240,222,172,184,191,234,29,0,0,0,0,0,0,0,0,2,0,24,242,201,223,244,233,235,230,235,236,236,239,214,201,224,209,222,101,0,0,0,2,2,3,1,0,0,0,196,203,211,250,232,231,233,232,227,230,232,236,230,233,232,228,207,152,0,0,0,0,0,0,0,0,0,20,227,237,241,240,244,240,242,239,230,233,229,228,231,228,227,232,201,192,0,0,0,21,51,67,91,118,125,139,191,194,213,210,204,213,223,234,238,240,238,240,237,235,245,217,186,204,0,0,177,219,184,101,20,100,79,168,207,199,193,224,224,221,225,222,234,233,214,206,202,197,205,182,187,165,0,0,224,244,241,234,201,221,230,224,211,242,154,93,242,238,229,200,191,187,192,197,195,192,200,205,217,214,12,166,212,201,215,224,240,242,254,252,246,241,232,221,215,207,199,231,250,234,205,214,207,208,213,205,188,217,43,58,250,222,209,199,192,188,193,190,195,202,200,200,236,255,245,204,141,148,231,195,205,200,193,190,178,186,19,0,11,120,197,238,254,255,248,249,252,244,247,248,125,27,0,0,0,0,213,227,214,237,220,207,195,245,40,0,0,0,0,0,15,44,69,63,85,58,62,5,0,0,0,0,0,0,56,81,20,38,86,57,34,45,0,0,1,3,0,0,0,0,0,0,0,0,0,0,0,2,2,0,0,0,0,0,0,0,0,0,0,0,0,0,0,0,0,0,0,0,0,0,0,0,0,0,0,0,0,0,0,0,0,0,0,0,0,0,0,0,0,0,0,0,0,0,0,0,0,0,0,0,0,0,0,0,0,0,0,0,0,0,0,0,0,0,0,0,0,6
0,0,0,0,0,0,0,0,0,0,0,0,0,0,0,0,0,0,0,0,0,0,0,0,0,0,0,0,0,0,0,0,0,0,0,0,0,0,0,0,0,0,0,0,0,0,0,0,0,0,0,0,0,0,0,0,0,0,0,0,0,0,0,0,0,0,0,0,0,0,0,0,0,0,0,0,0,0,0,0,0,0,0,0,0,0,0,0,0,0,0,0,0,0,0,0,0,0,0,0,0,0,0,0,0,0,0,0,0,0,0,0,0,0,0,0,0,0,0,0,0,0,0,0,0,2,0,14,63,72,113,138,156,176,199,174,212,103,0,0,0,0,0,0,0,0,0,0,0,0,0,0,0,2,0,146,255,249,255,255,255,255,214,217,232,152,0,0,0,0,0,0,0,0,0,0,0,0,0,0,1,0,0,185,242,227,230,235,214,187,206,224,225,128,0,0,0,0,0,0,0,0,0,0,0,0,0,0,1,0,0,252,235,229,245,224,190,221,241,225,241,196,0,0,0,0,0,0,0,0,0,0,0,0,0,0,1,0,88,232,227,251,210,204,227,236,233,228,232,127,0,0,0,0,0,0,0,0,0,0,0,0,0,2,0,0,202,212,235,220,192,233,233,231,229,224,255,74,0,0,0,0,0,0,0,0,0,0,0,0,0,2,0,30,230,193,226,196,225,237,225,237,228,223,255,120,0,0,0,0,0,0,0,0,0,0,1,1,0,0,0,115,195,198,216,218,225,231,229,230,225,229,245,170,0,0,0,0,0,0,0,0,0,0,1,5,0,0,0,171,199,199,232,231,219,232,232,231,229,222,231,234,3,0,0,0,0,0,0,0,0,0,0,0,3,0,27,225,200,216,233,230,222,228,229,233,232,223,221,248,129,0,0,0,0,0,0,0,0,0,0,2,0,0,187,235,210,227,230,230,225,227,231,231,235,224,221,216,239,2,0,0,0,0,0,0,0,0,0,0,0,169,247,217,220,230,227,235,224,231,232,227,231,227,228,212,255,96,1,0,0,0,0,0,2,0,0,0,143,255,213,224,217,230,227,234,224,231,233,229,231,237,236,210,240,77,1,0,0,2,7,4,0,0,4,185,237,205,222,225,221,236,229,227,232,234,230,233,234,236,230,197,243,64,0,1,0,0,0,0,0,142,243,190,141,225,216,232,221,231,229,232,207,221,224,237,230,222,205,197,215,0,0,0,0,0,48,108,163,193,204,191,206,225,231,224,232,243,233,195,207,255,224,233,218,202,184,207,176,0,0,80,131,164,151,128,31,3,205,233,232,225,230,232,231,208,191,248,227,102,208,195,184,190,181,227,118,0,107,242,216,210,209,209,217,244,224,221,236,245,235,199,171,217,240,121,0,0,218,195,186,196,188,204,54,0,22,135,186,218,225,229,233,229,226,224,224,216,208,209,255,186,0,0,0,0,210,193,186,191,188,192,6,0,0,0,0,29,101,163,212,235,255,255,255,255,255,218,68,0,0,5,0,0,246,209,233,226,202,217,0,0,0,4,0,0,0,0,0,0,21,48,57,39,0,0,0,0,3,0,0,0,41,26,17,9,10,2,0,0,0,0,0,0,0,0,0,0,0,0,0,0,0,0,0,0,0,0,0,0,0,0,0,0,0,0,0,0,0,0,0,0,0,0,0,0,0,0,0,0,0,0,0,0,0,0,0,0,0,0,0,0,0,0,0,0,0,0,0,0,0,0,0,0,0,0,0,0,0,0,0,0,0,0,0,0,0,0,0,0,0,0,0,0,6
0,0,0,0,0,0,0,0,0,0,0,0,0,0,0,0,0,0,0,0,0,0,0,0,0,0,0,0,0,0,0,0,0,0,0,0,0,0,0,0,0,0,0,0,0,0,0,0,0,0,0,0,0,0,0,0,0,0,0,0,0,0,0,0,0,0,0,0,0,0,0,0,0,0,0,0,0,0,0,0,0,0,0,0,0,0,0,0,0,0,0,0,0,0,0,0,0,0,0,0,0,0,0,0,0,0,0,0,0,0,0,0,0,0,0,0,0,0,0,0,0,0,0,1,1,0,4,0,0,0,81,79,110,29,0,0,0,0,0,0,0,0,0,0,0,0,0,0,0,0,0,0,0,0,0,0,70,177,227,206,222,210,200,193,166,130,62,0,0,0,0,0,0,0,0,0,0,1,1,0,0,0,45,214,204,200,196,185,176,176,178,171,170,187,192,0,0,0,0,0,0,0,0,0,0,0,1,2,0,80,196,206,173,178,193,181,189,181,167,174,157,161,130,0,0,0,0,0,0,0,0,0,0,0,2,0,0,235,199,183,184,176,180,176,189,180,164,184,140,171,112,0,0,0,0,0,0,0,0,0,0,0,0,0,0,143,199,182,183,182,192,182,204,172,182,187,139,179,88,0,0,0,0,0,0,0,0,0,0,0,0,3,0,100,231,182,181,191,182,179,172,176,181,174,148,175,62,0,0,0,0,0,0,0,0,0,0,0,0,0,0,175,233,178,181,192,194,184,194,188,176,171,165,193,56,0,0,0,0,0,0,0,0,0,0,4,0,0,95,234,220,202,183,179,178,161,165,164,170,181,180,191,130,0,0,0,0,0,0,0,0,0,0,6,0,74,235,174,217,231,225,196,191,193,174,159,158,156,151,151,170,0,0,0,0,0,0,0,0,0,0,0,0,130,223,200,204,182,209,204,170,177,202,204,178,163,171,154,171,62,0,0,0,0,0,0,0,0,1,0,0,153,222,205,216,215,205,208,218,204,194,178,192,170,162,141,176,96,0,0,0,0,0,0,0,2,0,0,34,179,199,226,216,200,189,212,233,172,173,176,182,153,163,173,198,40,0,0,2,4,5,2,0,0,0,48,191,189,166,194,231,240,225,230,216,195,211,204,184,182,195,184,200,59,1,2,0,0,0,0,0,18,89,174,176,183,176,186,184,180,189,224,190,202,198,197,196,180,182,167,194,102,0,0,0,12,36,54,55,69,125,163,154,140,149,153,166,158,171,179,167,173,176,178,203,199,199,194,226,131,0,75,133,110,119,77,61,72,93,112,107,109,138,144,147,186,184,135,162,179,180,209,211,211,206,198,219,94,1,187,158,124,78,50,55,70,56,87,106,130,138,156,149,144,165,241,253,235,222,212,207,206,198,197,221,47,70,220,210,210,170,141,105,86,84,103,116,135,155,172,190,215,255,163,0,152,222,185,192,195,194,196,211,19,0,44,135,163,188,205,255,239,201,192,194,219,252,254,220,130,0,0,0,210,255,228,239,242,246,252,226,0,0,0,0,0,0,19,56,119,161,183,173,130,70,24,0,0,0,0,0,122,150,124,122,115,93,71,54,0,0,0,0,0,0,0,0,0,0,0,0,0,0,0,0,0,0,0,0,0,0,0,0,0,0,0,0,0,0,0,0,0,0,0,0,0,0,0,0,0,0,0,0,0,0,0,0,0,0,0,0,0,0,0,0,0,0,0,0,0,0,0,0,0,0,0,0,0,0,0,0,0,0,0,0,0,0,0,0,0,0,0,0,0,6
0,0,0,0,0,0,0,0,0,0,0,0,0,0,0,0,0,0,0,0,0,0,0,0,0,0,0,0,0,0,0,0,0,0,0,0,0,0,0,0,0,0,0,0,0,0,0,0,0,0,0,0,0,0,0,0,0,0,0,0,0,0,0,0,0,0,0,0,0,0,0,0,0,0,0,0,0,0,0,0,0,0,0,0,0,0,0,0,0,0,0,0,0,0,0,0,0,0,0,0,0,0,0,0,0,0,0,0,0,0,0,0,0,0,0,0,0,0,0,0,0,0,0,0,0,0,0,0,0,0,0,0,0,0,0,0,1,1,0,0,0,0,0,0,0,0,0,0,0,0,0,0,4,0,39,185,163,143,54,0,0,0,0,0,0,0,0,21,0,0,0,0,0,0,0,0,0,1,0,0,5,0,26,220,220,231,233,248,125,114,156,115,87,18,76,79,0,0,0,0,0,0,0,0,0,1,0,0,5,0,32,219,212,220,217,226,230,222,227,227,233,228,213,1,0,0,0,0,0,0,0,0,0,0,1,0,2,0,41,230,222,224,223,229,181,48,171,225,220,230,194,0,0,0,0,0,0,0,0,0,0,0,0,0,2,0,30,250,224,220,214,238,163,126,236,230,222,233,206,0,0,0,0,0,0,0,0,0,0,0,0,0,1,0,24,178,221,216,222,238,137,150,231,227,220,233,190,0,0,0,0,0,0,0,0,0,0,0,0,0,0,0,89,174,223,218,230,233,119,190,243,221,221,241,175,0,0,0,0,0,0,1,1,0,0,0,0,1,0,29,164,183,236,214,241,188,118,251,221,235,226,222,165,0,0,0,0,0,0,0,0,0,1,0,6,0,7,141,159,206,236,220,242,146,144,243,228,229,168,168,169,0,0,0,0,0,0,0,0,0,1,3,0,7,135,167,153,235,231,226,233,139,198,234,239,170,158,177,196,0,0,0,1,2,2,3,3,1,0,0,24,132,138,141,165,244,225,236,205,137,222,243,210,156,179,172,207,26,3,3,0,0,0,0,0,0,0,63,155,134,123,144,164,237,242,240,146,142,245,238,145,82,180,179,202,48,0,0,0,10,25,29,53,66,113,165,131,127,140,141,156,188,219,228,130,202,253,186,106,106,199,171,209,70,0,71,132,102,92,86,54,61,104,136,137,151,151,165,173,182,183,187,179,204,219,182,204,227,178,164,207,56,37,167,163,85,20,55,78,130,152,149,161,179,177,189,190,187,175,162,146,150,169,153,157,152,156,156,201,21,109,196,171,170,165,173,135,144,150,162,179,178,178,172,151,146,166,196,226,218,212,192,197,212,209,193,219,10,2,131,179,201,191,185,176,169,172,174,178,182,181,188,203,218,246,187,134,122,222,215,215,218,208,194,217,2,0,0,2,73,156,192,220,229,232,233,230,241,242,228,153,52,0,0,0,6,255,226,228,255,214,204,242,24,0,0,0,0,0,0,0,33,51,58,59,46,24,0,0,0,0,2,0,6,76,45,53,50,45,48,46,0,0,0,0,0,0,0,0,0,0,0,0,0,0,0,0,0,0,0,0,0,0,0,0,0,0,0,0,0,0,0,0,0,0,0,0,0,0,0,0,0,0,0,0,0,0,0,0,0,0,0,0,0,0,0,0,0,0,0,0,0,0,0,0,0,0,0,0,0,0,0,0,0,0,0,0,0,0,0,0,0,0,0,0,0,0,0,0,0,0,0,0,0,0,0,0,0,0,0,0,0,0,0,0,0,0,0,0,0,0,0,0,0,6
0,0,0,0,0,0,0,0,0,0,0,0,0,0,0,0,0,0,0,0,0,0,0,0,0,0,0,0,0,0,0,0,0,0,0,0,0,0,0,0,0,0,0,0,0,0,0,0,0,0,0,0,0,0,0,0,0,0,0,0,0,0,0,0,0,0,0,0,0,0,0,0,0,0,0,0,0,0,0,0,0,0,0,0,0,0,0,0,0,0,0,0,0,0,0,0,0,0,0,0,0,0,0,0,0,0,0,0,0,0,0,0,0,0,0,0,0,0,0,0,0,0,0,0,0,0,0,0,0,0,0,0,0,0,0,0,0,0,0,0,0,0,0,0,0,0,0,0,0,0,0,0,0,0,1,0,0,0,0,0,0,0,0,0,0,0,0,0,0,0,0,0,0,0,0,0,0,0,0,0,0,0,0,0,85,143,122,109,98,102,122,129,135,144,81,0,0,0,0,0,0,0,0,0,0,1,0,0,0,4,0,0,209,232,232,226,241,252,247,246,244,245,187,0,0,0,0,0,0,0,0,0,0,1,1,2,0,2,0,138,217,209,214,211,143,179,201,215,235,221,155,0,0,0,0,0,0,0,0,0,0,0,0,0,0,0,47,255,212,223,246,117,69,126,240,226,226,224,212,0,0,0,0,0,0,0,0,0,0,1,0,5,0,0,233,222,205,227,255,41,255,255,252,227,159,200,230,0,0,0,0,0,0,0,0,0,0,1,0,0,0,133,255,197,213,232,255,151,1,100,231,226,247,237,167,0,0,0,0,0,0,0,0,0,0,2,7,0,27,255,204,205,220,238,231,232,244,252,233,230,237,234,184,0,0,0,0,0,0,0,0,0,0,1,0,0,205,218,201,221,218,238,234,193,207,232,229,237,241,220,215,0,0,0,0,0,0,0,0,0,0,6,0,78,221,199,222,232,197,201,230,229,212,203,175,219,248,209,236,0,0,0,2,5,3,5,5,2,0,0,35,255,231,218,216,205,188,201,202,192,174,158,154,213,245,198,237,52,0,3,0,0,0,0,0,0,0,102,172,147,121,158,188,186,174,173,167,166,165,166,187,244,245,205,247,68,6,0,8,71,106,128,124,151,185,109,0,0,0,147,211,188,162,170,182,182,190,214,226,241,224,206,209,0,0,0,186,169,20,22,35,17,0,0,45,178,253,200,156,162,191,197,195,204,206,207,203,199,207,216,245,47,0,157,225,199,189,150,122,119,142,195,209,180,153,165,199,209,203,218,232,244,217,219,217,222,221,207,229,14,0,117,192,215,226,235,233,222,211,199,194,184,203,217,215,232,240,255,183,197,229,198,202,204,208,205,208,31,0,0,0,71,145,190,195,221,232,232,255,251,251,255,255,220,92,0,0,0,117,255,255,255,255,221,255,43,0,0,0,0,0,0,0,42,79,130,139,137,130,105,36,0,0,0,0,0,0,76,49,42,29,8,0,0,0,0,0,0,0,0,0,0,0,0,0,0,0,0,0,0,0,0,0,0,0,0,0,0,0,0,0,0,0,0,0,0,0,0,0,0,0,0,0,0,0,0,0,0,0,0,0,0,0,0,0,0,0,0,0,0,0,0,0,0,0,0,0,0,0,0,0,0,0,0,0,0,0,0,0,0,0,0,0,0,0,0,0,0,0,0,0,0,0,0,0,0,0,0,0,0,0,0,0,0,0,0,0,0,0,0,0,0,0,0,0,0,0,0,0,0,0,0,0,0,0,0,0,0,0,0,0,0,0,0,0,0,0,0,0,0,0,0,0,0,6
0,0,0,0,0,0,0,0,0,0,0,0,0,0,0,0,0,0,0,0,0,0,0,0,0,0,0,0,0,0,0,0,0,0,0,0,0,0,0,0,0,0,0,0,0,7,33,14,38,49,60,0,0,2,0,0,0,0,0,0,0,0,0,0,0,0,0,0,28,73,80,71,89,115,94,40,101,105,154,53,0,6,0,0,0,0,0,0,0,0,0,0,2,0,45,121,116,64,55,36,90,115,45,17,60,102,51,25,0,2,0,0,0,0,0,0,0,0,0,0,2,0,30,96,106,16,44,34,73,124,50,45,124,115,131,66,0,4,0,0,0,0,0,0,0,0,0,0,1,0,0,64,139,64,32,41,74,119,39,74,78,86,187,102,0,2,0,0,0,0,0,0,0,0,0,0,0,0,0,42,52,102,26,40,75,136,56,28,28,140,178,139,0,0,0,0,0,0,0,0,0,0,0,0,2,0,30,119,109,59,23,26,105,149,64,10,60,174,157,213,49,0,0,0,0,0,0,0,0,0,0,0,5,0,120,215,216,162,0,21,135,170,95,0,130,172,133,162,207,22,0,0,0,0,0,0,0,0,0,0,4,0,112,213,203,245,106,1,133,200,61,23,187,148,143,150,167,200,6,0,0,0,0,0,0,0,0,0,0,0,141,215,206,212,254,183,129,153,30,123,173,140,151,139,149,176,151,0,0,0,0,0,0,0,0,0,0,0,184,210,205,209,206,231,233,175,80,145,147,155,147,133,150,164,204,29,0,0,0,0,0,0,0,2,0,0,207,210,205,209,212,212,222,244,233,186,142,130,137,147,147,154,205,50,0,0,0,0,0,0,0,4,0,6,229,211,207,206,215,220,221,215,227,244,236,189,144,141,131,144,244,82,0,0,0,0,0,0,0,2,0,71,243,205,207,210,215,218,221,222,215,220,227,228,206,153,187,199,255,52,0,0,0,0,0,0,0,1,0,113,238,195,206,213,210,213,221,221,227,216,208,190,231,250,209,153,225,15,0,0,0,0,0,0,1,0,0,145,218,201,207,206,208,220,226,226,219,200,192,255,216,155,127,130,233,0,0,0,0,0,0,1,0,0,0,199,211,208,210,212,223,228,220,212,202,198,255,196,158,119,145,146,221,0,0,0,1,2,3,1,6,0,61,240,205,211,213,216,228,225,211,200,194,255,90,34,201,134,139,143,220,0,0,1,0,0,0,0,0,0,201,226,209,211,217,220,227,218,207,206,255,135,0,72,207,135,136,152,217,0,0,0,0,0,0,31,87,179,210,196,200,211,215,223,226,218,206,246,163,0,0,88,200,142,137,152,219,0,0,104,154,153,163,193,196,145,148,203,199,208,216,226,225,199,232,239,0,0,0,83,205,139,138,154,215,0,7,205,192,169,162,143,93,41,94,185,205,216,218,223,220,210,255,32,0,5,0,84,202,137,135,156,205,0,104,227,198,198,194,193,199,202,206,202,207,215,223,228,206,237,165,0,0,2,0,84,175,142,142,157,196,0,91,198,216,222,218,211,207,207,204,212,212,217,219,209,233,255,0,0,0,2,0,95,165,130,126,147,186,0,0,0,49,134,182,216,207,218,228,237,244,244,233,232,230,18,0,0,0,4,0,47,204,190,184,208,166,0,0,0,0,0,0,0,18,47,87,120,135,132,113,46,0,0,0,0,0,1,0,0,95,101,99,105,46,0,0,2,2,0,0,0,0,0,0,0,0,0,0,0,0,0,0,0,0,0,1,0,0,0,0,0,0,0,6
0,0,0,0,0,0,0,0,0,0,0,0,0,0,0,0,0,0,0,0,0,0,0,0,0,0,0,0,0,0,0,0,0,0,0,0,0,0,0,0,0,0,0,0,0,0,0,0,0,0,0,0,0,0,0,0,0,0,0,0,0,0,0,0,0,0,0,0,0,0,0,0,0,0,0,0,0,0,0,0,0,0,0,0,0,0,0,0,0,0,0,0,0,0,0,0,0,0,0,0,0,0,0,0,0,0,0,0,0,0,0,0,0,0,0,0,0,0,0,0,0,0,0,0,0,0,0,0,0,0,0,0,0,0,0,0,0,0,0,0,0,0,0,0,0,0,0,0,0,0,0,0,0,0,0,0,0,0,0,0,0,0,0,0,0,0,0,0,0,0,0,0,0,0,0,0,0,1,0,1,1,0,1,0,0,74,39,12,0,0,0,0,0,27,106,0,0,0,0,0,0,0,0,0,0,0,0,0,0,2,0,0,171,163,177,162,123,101,97,89,86,148,122,0,0,0,0,0,0,0,0,0,0,0,0,0,1,4,0,47,180,140,158,171,164,145,138,144,154,157,3,0,0,0,0,0,0,0,0,0,0,0,0,0,0,0,0,106,169,119,169,188,187,187,174,155,157,156,0,0,0,0,0,0,0,0,0,0,0,0,0,1,2,0,30,160,133,164,185,179,193,198,176,166,159,170,6,0,0,0,0,0,0,0,0,0,0,1,0,4,0,0,204,174,143,186,188,182,192,188,177,174,165,178,20,0,0,0,0,0,0,0,0,0,0,1,0,0,0,87,170,139,177,179,185,190,188,180,188,183,167,199,50,0,1,1,0,0,1,0,0,0,0,2,0,0,118,172,134,163,182,190,192,199,198,186,177,184,155,171,105,0,0,1,5,1,0,1,2,2,0,0,0,142,144,131,164,172,168,174,175,178,179,171,172,172,152,168,146,0,2,0,0,0,0,0,0,0,0,6,69,117,103,139,161,168,163,164,161,157,156,156,153,110,140,190,201,0,0,0,59,135,153,121,85,72,92,103,100,98,134,171,172,181,180,176,169,172,171,164,149,150,201,192,198,3,0,158,167,74,40,82,106,105,67,31,48,135,147,125,139,160,177,181,183,186,186,178,195,240,210,192,201,0,40,151,175,167,129,92,73,101,99,121,130,149,161,170,180,180,175,166,172,165,170,180,182,187,188,187,182,0,70,146,156,169,177,172,171,170,179,183,172,177,192,179,170,162,172,178,212,201,166,164,164,162,162,170,200,74,0,0,67,129,169,179,194,190,184,171,180,176,183,193,205,223,217,200,169,167,245,240,235,237,237,205,255,88,0,0,0,0,0,8,47,74,108,133,145,151,145,113,72,36,0,0,0,0,118,172,148,157,154,145,143,31,0,0,0,0,0,0,0,0,0,0,0,0,0,0,0,0,0,0,0,0,0,0,0,0,0,0,0,0,0,0,0,0,0,0,0,0,0,0,0,0,0,0,0,0,0,0,0,0,0,0,0,0,0,0,0,0,0,0,0,0,0,0,0,0,0,0,0,0,0,0,0,0,0,0,0,0,0,0,0,0,0,0,0,0,0,0,0,0,0,0,0,0,0,0,0,0,0,0,0,0,0,0,0,0,0,0,0,0,0,0,0,0,0,0,0,0,0,0,0,0,0,0,0,0,0,0,0,0,0,0,0,0,0,0,0,0,0,0,0,0,0,0,0,0,0,0,0,0,0,0,0,0,0,0,0,0,0,0,0,0,0,0,0,0,0,0,0,0,6
0,0,0,0,0,0,0,0,0,0,0,0,0,0,0,0,0,0,0,0,0,0,0,0,0,0,0,0,0,0,0,0,0,0,0,0,0,0,0,0,0,0,0,0,0,0,0,0,0,0,0,0,0,0,0,0,0,0,0,0,0,0,0,0,0,0,0,0,0,0,0,0,0,0,0,0,0,0,0,0,0,0,0,0,0,0,0,0,0,0,0,0,0,0,0,0,0,0,0,0,0,0,0,0,0,0,0,0,0,0,0,0,0,0,0,0,0,0,0,0,0,0,0,0,0,0,0,0,0,0,0,0,0,0,0,0,0,0,0,0,0,0,0,0,0,0,0,0,0,0,0,0,0,0,0,0,0,0,0,19,37,0,0,0,0,0,0,0,0,0,0,0,0,0,0,0,0,0,0,0,0,0,0,0,2,0,0,174,185,28,0,4,4,4,1,0,0,0,0,0,0,0,0,0,0,0,0,0,0,0,0,4,0,0,151,193,234,143,0,0,0,0,0,1,0,0,0,0,0,0,0,0,0,0,0,0,0,0,0,9,0,112,196,187,206,112,23,25,13,36,0,0,0,0,0,0,0,0,0,0,0,0,0,0,0,0,4,0,26,189,184,217,199,196,255,214,205,228,49,0,0,0,0,0,0,0,0,0,0,0,0,0,0,1,2,0,96,206,191,227,175,173,213,216,208,225,149,0,0,0,0,0,0,0,0,0,0,0,0,0,0,0,0,0,180,184,220,223,158,227,214,210,215,201,199,58,0,0,0,0,0,0,0,0,0,0,0,0,2,0,0,78,232,195,235,200,219,232,213,214,214,199,186,84,0,0,0,0,0,0,0,0,0,1,0,0,0,0,85,233,189,220,219,207,225,220,219,218,211,225,149,0,0,0,0,0,0,0,0,0,2,3,7,0,0,220,211,182,222,232,221,225,228,216,218,221,204,215,50,0,0,0,0,0,0,0,1,5,0,0,0,20,205,201,180,215,239,209,219,225,225,218,212,214,207,216,171,0,0,0,5,6,5,1,0,0,0,30,123,210,190,194,229,244,205,228,223,215,217,223,206,212,211,213,206,0,4,1,0,0,0,0,0,64,165,215,176,179,168,209,215,120,145,216,217,208,210,218,231,212,198,211,235,0,0,0,42,51,57,66,165,192,174,155,170,213,128,115,170,167,209,221,216,224,222,221,222,225,205,209,252,34,0,125,169,167,170,189,174,153,167,196,222,186,171,197,220,244,206,180,217,224,219,211,208,215,237,191,189,71,68,155,129,131,159,172,163,197,172,212,199,212,232,225,196,174,182,186,224,211,227,232,223,219,235,184,187,80,74,174,174,163,157,150,128,129,143,166,160,164,167,160,149,146,190,204,188,185,189,191,183,181,183,173,196,63,0,30,125,196,229,231,221,199,190,199,196,194,191,197,202,202,196,198,203,206,207,209,214,218,222,191,238,57,0,0,0,0,25,57,111,159,175,170,166,162,158,159,160,154,151,147,141,137,132,129,118,107,83,62,38,0,0,0,0,0,0,0,0,0,0,0,0,0,0,0,0,0,0,0,0,0,0,0,0,0,0,0,0,0,0,0,0,0,0,0,0,0,0,0,0,0,0,0,0,0,0,0,0,0,0,0,0,0,0,0,0,0,0,0,0,0,0,0,0,0,0,0,0,0,0,0,0,0,0,0,0,0,0,0,0,0,0,0,0,0,0,0,0,0,0,0,0,0,0,0,0,0,0,0,0,0,0,0,0,0,0,0,0,0,0,0,0,0,6
0,0,0,0,0,0,0,0,0,0,0,0,0,0,0,0,0,0,0,0,0,0,0,0,0,0,0,0,0,0,0,0,0,0,0,0,0,0,0,0,0,0,0,0,0,0,0,0,0,0,0,0,0,0,0,0,0,0,0,0,0,0,0,0,0,0,0,0,0,0,0,0,0,0,0,0,0,0,0,0,0,0,0,0,0,0,0,0,0,0,0,0,0,0,0,0,0,0,0,0,0,0,0,0,0,0,0,0,0,0,0,0,0,0,0,0,0,0,0,0,0,0,0,0,0,0,0,0,0,0,0,0,0,0,0,0,0,0,0,0,0,0,0,0,0,0,0,0,0,0,0,1,0,0,0,0,0,2,0,0,2,0,0,0,129,36,0,3,0,0,0,0,0,0,0,0,0,0,0,0,0,0,0,0,1,0,31,0,0,0,0,0,59,82,0,2,0,0,0,0,0,0,0,0,0,0,0,0,0,1,0,0,0,0,255,43,0,0,0,37,156,92,0,4,0,0,0,0,0,0,0,0,0,0,0,0,0,4,0,3,0,134,220,210,253,255,225,209,247,35,0,2,0,0,0,0,0,0,0,0,0,0,0,0,0,0,4,0,48,206,204,211,213,221,228,207,203,20,0,2,0,0,0,0,0,0,0,0,0,0,0,0,0,0,0,0,228,207,213,214,212,216,215,211,215,28,0,2,0,0,0,0,0,0,0,0,0,0,0,0,2,0,0,216,217,205,215,209,222,220,220,214,250,32,0,0,0,0,0,0,0,0,0,0,0,4,3,0,0,0,208,223,207,219,220,215,223,219,217,210,231,147,0,0,0,0,0,0,2,1,4,0,4,0,0,0,53,195,243,199,212,216,218,217,220,219,219,215,229,251,0,0,0,3,7,0,0,0,0,0,0,0,98,207,248,229,197,212,220,215,219,220,223,223,221,219,219,240,97,0,0,0,0,0,0,0,0,42,150,231,244,214,209,210,223,225,226,211,225,225,226,222,223,222,219,225,202,0,0,10,133,184,194,188,217,251,217,208,205,204,215,220,216,224,225,207,219,217,219,208,208,212,214,218,240,0,0,185,209,201,205,207,214,206,200,212,217,217,220,224,223,226,226,218,214,204,216,216,218,213,218,216,218,20,20,193,208,203,196,198,211,205,218,222,226,228,229,231,228,219,219,223,222,216,230,240,235,240,233,234,219,19,9,82,144,189,211,225,220,216,207,210,211,213,220,224,222,228,228,224,242,233,230,222,214,202,185,175,133,0,0,16,33,63,111,168,219,242,231,233,223,227,229,228,218,220,181,154,130,107,95,80,75,69,71,73,85,1,0,0,0,2,25,42,61,101,133,152,164,166,161,139,102,63,39,17,0,51,143,136,133,133,126,117,116,18,0,1,1,0,0,0,1,7,25,43,36,27,21,9,2,0,0,0,0,8,86,59,42,41,26,18,11,0,0,0,0,0,0,0,0,0,0,0,0,0,0,0,0,0,0,0,0,0,0,0,0,0,0,0,0,0,0,0,0,0,0,0,0,0,0,0,0,0,0,0,0,0,0,0,0,0,0,0,0,0,0,0,0,0,0,0,0,0,0,0,0,0,0,0,0,0,0,0,0,0,0,0,0,0,0,0,0,0,0,0,0,0,0,0,0,0,0,0,0,0,0,0,0,0,0,0,0,0,0,0,0,0,0,0,0,0,0,0,0,0,0,0,0,0,0,0,0,0,0,0,0,0,0,0,0,0,0,0,0,0,0,0,0,0,0,0,0,0,6
0,0,0,0,0,0,0,0,0,0,0,0,0,0,0,0,0,0,0,0,0,0,0,0,0,0,0,0,0,0,0,0,0,0,0,0,0,0,0,0,0,0,0,0,0,0,0,0,0,0,0,0,0,0,0,0,0,0,0,0,0,0,0,0,0,0,0,0,0,0,0,0,0,0,0,0,0,0,0,0,0,0,0,0,0,0,0,0,0,0,0,0,0,0,0,0,0,0,0,0,0,0,0,0,0,0,0,0,0,0,0,0,0,0,0,0,0,0,0,0,0,0,0,0,0,0,0,0,0,0,0,0,0,0,0,0,0,0,0,0,0,0,0,0,0,0,0,0,0,0,0,0,0,0,0,0,0,40,29,0,0,0,0,0,0,0,0,0,0,0,0,0,0,0,0,0,0,0,0,0,0,1,0,0,47,189,167,98,0,0,0,0,0,16,25,0,0,0,0,0,0,0,0,0,0,0,0,0,0,0,0,0,160,152,170,249,30,0,0,0,0,179,149,0,0,0,0,0,0,0,0,0,0,0,0,0,1,0,30,173,151,122,168,201,154,44,18,38,155,209,149,0,0,0,0,0,0,0,0,0,0,0,0,0,0,0,87,193,138,167,224,186,209,255,242,227,202,198,179,0,0,0,0,0,0,0,0,0,0,0,1,0,0,75,213,157,200,188,221,185,204,203,204,208,197,213,188,0,0,0,0,0,0,0,0,0,0,2,0,0,181,157,150,155,229,168,228,216,209,193,179,180,184,193,209,0,0,0,0,0,1,0,0,0,3,0,0,36,157,162,145,226,227,165,223,195,204,211,214,211,204,215,240,51,0,0,0,0,0,0,0,0,0,0,4,204,142,147,185,246,194,164,211,197,195,198,199,203,199,192,225,128,1,0,0,0,1,0,0,1,0,17,166,154,129,194,247,207,198,235,195,209,202,193,197,192,180,170,200,141,0,0,0,0,1,0,0,0,13,146,163,152,208,246,215,193,199,217,190,184,182,171,187,176,172,173,192,152,0,0,1,0,0,0,0,37,151,164,159,213,239,207,189,195,189,189,183,195,194,189,194,187,194,190,185,165,3,1,0,0,0,44,124,163,172,182,175,167,180,175,189,200,202,187,203,209,199,203,190,192,195,194,184,183,0,0,2,54,99,157,161,159,189,163,168,198,197,199,205,205,204,196,204,199,205,205,189,193,188,192,196,179,36,136,134,146,149,157,135,157,178,167,183,185,192,202,202,197,199,199,198,196,202,199,190,189,184,185,187,157,24,74,82,112,134,170,155,207,203,213,221,236,210,209,217,217,217,251,244,246,216,245,244,242,232,230,236,177,8,0,0,0,0,0,0,3,3,14,25,43,51,65,67,61,56,54,53,51,47,43,43,40,36,31,35,19,10,27,41,44,44,36,31,26,22,16,12,5,3,0,0,0,2,3,1,3,4,6,4,4,5,6,14,10,0,0,0,0,4,6,13,23,26,26,26,29,30,29,29,27,26,26,29,28,26,25,29,30,26,23,22,4,0,0,0,0,0,0,0,0,0,0,0,0,0,0,0,0,0,0,0,0,0,0,0,0,0,0,0,0,0,0,0,0,0,0,0,0,0,0,0,0,0,0,0,0,0,0,0,0,0,0,0,0,0,0,0,0,0,0,0,0,0,0,0,0,0,0,0,0,0,0,0,0,0,0,0,0,0,0,0,0,0,0,0,0,0,0,0,0,0,0,0,0,0,0,0,0,0,0,0,0,0,0,0,0,0,0,0,0,0,0,0,0,6
0,0,0,0,0,0,0,0,0,0,0,0,0,0,0,0,0,0,0,0,0,0,0,0,0,0,0,0,0,0,0,0,0,0,0,0,0,0,0,0,0,0,0,0,0,0,0,0,0,0,0,0,0,0,0,0,0,0,0,0,0,0,0,0,0,0,0,0,0,0,0,0,0,0,0,0,0,0,0,0,0,0,0,0,0,0,0,0,0,0,0,0,0,0,0,0,0,0,0,0,0,0,0,0,0,0,0,0,0,0,0,0,0,0,0,0,0,0,0,0,0,0,0,0,0,0,0,0,0,0,0,0,0,0,0,0,0,0,0,0,0,0,0,0,0,0,0,0,0,0,0,0,0,0,0,0,0,0,0,0,0,0,0,0,0,0,0,0,0,0,0,0,0,0,0,0,0,0,0,0,0,0,0,0,0,0,0,0,0,0,0,0,0,0,0,0,0,0,0,0,0,0,0,0,0,0,0,0,0,0,0,105,78,0,0,0,0,0,0,0,0,26,15,0,0,0,0,0,0,0,0,0,0,0,0,0,1,0,59,194,181,136,141,190,134,198,208,203,179,211,174,0,0,0,0,0,0,0,0,0,0,0,0,3,0,0,202,187,173,193,201,203,211,205,203,203,199,206,166,0,0,0,0,0,0,0,0,0,0,1,0,2,0,106,200,181,178,204,194,192,202,201,197,201,202,203,210,0,0,0,0,0,0,0,0,0,0,0,2,0,24,227,187,186,179,216,200,200,206,204,208,208,211,204,228,2,0,0,0,0,0,0,0,0,0,8,0,0,185,190,188,189,192,214,199,201,206,206,206,203,199,202,229,38,0,0,0,0,0,0,0,0,1,0,0,163,199,184,191,193,192,208,199,201,195,194,198,197,193,199,240,48,0,0,0,1,2,5,2,0,0,0,154,198,185,186,182,191,202,208,200,195,190,193,198,190,203,201,224,56,0,4,2,0,0,0,0,0,28,185,191,182,187,188,184,182,210,194,183,186,185,165,179,187,193,187,222,53,0,0,0,0,0,29,90,144,216,186,179,189,189,199,184,178,207,181,191,191,190,188,196,198,195,192,235,44,0,66,134,168,183,193,189,188,170,166,180,186,185,178,178,201,201,189,196,228,236,213,188,196,205,192,229,44,75,193,160,160,162,166,177,180,178,179,172,175,173,177,181,187,205,226,255,176,83,234,210,216,222,199,233,47,84,195,197,182,175,175,174,159,162,161,167,182,175,188,186,219,208,131,16,0,0,237,213,210,211,192,200,50,0,11,124,209,195,206,241,226,207,191,187,216,240,220,255,153,0,0,0,0,0,255,232,227,229,213,255,84,0,0,0,0,14,47,91,130,167,188,192,169,134,78,0,0,0,0,2,0,0,162,158,122,112,80,67,0,0,0,0,0,0,0,0,0,0,0,0,0,0,0,0,0,0,0,0,0,0,0,0,0,0,0,0,0,0,0,0,0,0,0,0,0,0,0,0,0,0,0,0,0,0,0,0,0,0,0,0,0,0,0,0,0,0,0,0,0,0,0,0,0,0,0,0,0,0,0,0,0,0,0,0,0,0,0,0,0,0,0,0,0,0,0,0,0,0,0,0,0,0,0,0,0,0,0,0,0,0,0,0,0,0,0,0,0,0,0,0,0,0,0,0,0,0,0,0,0,0,0,0,0,0,0,0,0,0,0,0,0,0,0,0,0,0,0,0,0,0,0,0,0,0,0,0,0,0,0,0,0,0,0,0,0,0,0,0,0,0,0,0,0,0,0,0,0,6
0,0,0,0,0,0,0,0,0,0,0,0,0,0,0,0,0,0,0,0,0,0,0,0,0,0,0,0,0,0,0,0,0,0,0,0,0,0,0,0,0,0,0,0,0,0,0,0,0,0,0,0,0,0,0,0,0,0,0,0,0,0,0,0,0,0,0,0,0,0,0,0,0,0,0,0,0,0,0,0,0,0,0,0,0,0,0,0,0,0,0,0,0,0,0,0,0,0,0,0,0,0,0,0,0,0,0,0,0,0,0,0,0,0,0,0,0,0,0,0,0,0,0,0,0,0,0,0,0,0,0,0,0,0,0,0,0,0,0,0,0,0,0,0,0,0,0,0,0,0,0,0,0,1,0,0,0,0,63,32,6,0,0,0,1,1,1,0,0,0,0,0,0,0,0,0,0,0,1,0,0,0,1,6,0,74,217,162,161,204,91,0,2,2,1,0,0,0,0,0,0,0,0,0,0,1,1,0,0,0,5,0,40,144,137,135,174,200,161,1,0,0,0,0,0,0,0,0,0,0,0,0,0,0,1,0,0,1,3,0,118,173,144,148,204,192,198,200,97,23,0,0,0,0,0,0,0,0,0,0,0,1,0,0,1,2,0,2,138,134,102,182,208,188,195,210,217,225,137,0,0,0,0,0,0,0,0,0,0,1,1,1,0,2,0,0,145,239,203,215,204,195,197,197,188,200,93,0,0,0,0,0,0,0,0,0,0,1,1,2,0,1,0,6,178,201,181,191,199,203,190,189,183,210,116,0,0,1,0,0,0,0,0,0,2,1,0,1,0,0,14,111,196,171,154,176,203,196,194,206,195,185,244,20,0,0,0,0,0,0,0,0,1,1,1,0,0,0,125,127,185,205,209,204,206,201,203,190,181,208,190,0,1,1,0,0,0,0,0,1,2,2,5,4,0,6,138,110,108,180,178,185,197,196,186,191,180,201,170,0,1,1,0,0,0,1,4,3,0,0,0,0,3,134,186,99,178,115,178,176,194,201,201,198,192,205,190,0,1,0,3,3,2,0,0,0,0,4,50,137,188,173,178,243,28,64,213,183,192,183,191,192,182,188,181,0,3,1,0,0,0,0,13,67,128,116,197,188,78,97,240,71,0,232,194,181,182,190,189,176,178,182,204,21,0,0,50,66,71,107,135,122,115,154,192,13,15,216,108,0,172,225,172,179,195,181,177,181,191,194,198,25,0,81,153,125,146,152,134,120,144,188,135,0,38,242,153,0,25,220,225,185,191,173,179,174,179,183,201,49,32,170,154,128,110,120,133,147,170,135,174,155,0,1,217,207,0,0,143,213,189,177,183,187,190,185,204,53,9,172,198,198,181,166,146,144,164,171,151,197,180,20,64,220,227,66,29,147,198,181,176,176,178,178,206,83,0,0,27,122,196,227,239,230,221,222,215,204,223,240,238,215,226,255,245,225,214,213,216,220,225,222,242,142,0,0,0,0,0,2,47,92,119,129,139,157,147,136,133,124,104,106,115,128,118,125,119,118,110,90,80,12,0,0,0,0,0,0,0,0,0,0,0,0,0,0,0,0,0,0,0,0,0,0,0,0,0,0,0,0,0,0,0,0,0,0,0,0,0,0,0,0,0,0,0,0,0,0,0,0,0,0,0,0,0,0,0,0,0,0,0,0,0,0,0,0,0,0,0,0,0,0,0,0,0,0,0,0,0,0,0,0,0,0,0,0,0,0,0,0,0,0,0,0,0,0,0,0,0,0,0,0,0,0,0,0,0,0,0,0,0,0,0,0,6
0,0,0,0,0,0,0,0,0,0,0,0,0,0,0,0,0,0,0,0,0,0,0,0,0,0,0,0,0,0,0,0,0,0,0,0,0,1,0,0,0,55,85,59,71,104,113,99,82,78,66,57,72,27,0,0,0,0,0,0,0,0,0,0,0,0,0,0,0,97,126,136,139,108,140,172,186,183,203,220,215,225,0,0,0,0,0,0,0,0,0,0,0,0,0,0,0,121,139,117,156,131,76,59,76,89,62,117,149,89,20,0,0,0,0,0,0,0,0,0,0,0,1,0,0,149,125,113,117,142,136,114,97,194,205,102,43,123,18,0,0,0,0,0,0,0,0,0,0,0,3,0,6,167,135,83,89,119,128,124,115,119,80,48,105,117,7,0,0,0,0,0,0,0,0,0,0,0,3,0,19,136,129,153,117,110,137,117,91,113,55,103,118,110,19,0,0,0,0,0,0,0,0,0,0,0,3,0,33,193,135,124,147,140,115,82,158,167,102,110,120,145,0,0,0,0,0,0,0,0,0,0,0,0,3,0,29,137,126,130,112,126,110,83,189,126,81,124,144,107,0,0,0,0,0,0,0,0,0,0,0,0,1,0,49,123,86,107,119,121,93,89,190,108,108,101,56,88,32,0,0,0,0,0,0,0,0,0,0,0,0,0,72,162,137,139,129,124,98,104,209,128,80,85,82,92,59,0,0,0,0,0,0,0,0,0,1,0,0,0,92,123,109,108,115,110,99,113,254,163,68,96,82,85,86,0,0,0,0,0,0,0,0,0,0,1,0,4,130,114,115,124,128,86,103,134,142,85,81,87,81,82,94,17,0,0,0,0,0,0,0,0,0,3,0,38,139,118,131,135,128,83,133,118,130,93,77,83,81,81,94,36,0,0,0,0,0,0,0,0,1,0,0,93,121,88,99,105,98,97,144,115,77,92,93,87,86,89,97,46,1,1,0,0,0,0,0,0,2,0,20,131,118,119,115,110,92,103,149,102,93,93,103,101,96,85,91,50,1,0,0,0,0,0,0,0,0,0,83,119,97,109,109,102,86,135,129,87,105,97,94,85,80,83,133,89,0,0,0,0,0,1,1,0,0,39,107,94,80,89,93,77,97,155,105,97,102,77,97,113,141,171,206,38,0,0,0,0,0,0,0,0,28,87,80,81,80,80,80,75,126,126,78,89,119,137,171,188,187,171,162,0,0,0,2,7,4,3,2,14,61,66,82,83,88,88,88,112,145,98,89,193,123,139,213,177,167,190,115,0,0,38,62,51,46,50,52,54,65,71,83,92,96,89,89,121,110,112,188,76,0,94,216,173,170,199,48,0,73,130,38,45,59,54,54,57,60,65,71,87,97,112,124,82,134,177,4,0,0,99,218,170,172,186,0,0,110,210,176,130,68,52,54,71,76,77,81,89,102,97,60,156,156,0,0,11,0,81,197,174,176,145,0,0,0,28,167,190,204,170,123,76,68,59,61,61,52,83,199,124,0,0,1,3,0,65,193,170,179,85,0,0,0,0,0,0,75,186,195,202,188,171,152,152,171,195,124,0,0,0,0,3,0,59,208,188,184,39,0,0,1,1,0,0,0,0,0,32,87,142,178,163,115,12,0,0,0,0,0,2,0,8,104,88,87,2,0,1,0,0,0,1,0,0,0,0,0,0,0,0,0,0,0,0,0,0,0,0,0,0,0,0,0,0,0,0,0,0,0,0,0,0,0,0,0,0,0,0,0,0,0,0,0,0,0,0,0,0,0,0,0,0,0,0,6
0,0,0,0,0,0,0,0,0,0,0,0,0,0,0,0,0,0,0,0,0,0,0,0,0,0,0,0,0,0,0,0,0,0,0,0,0,0,0,0,0,0,0,0,0,0,0,0,0,0,0,0,0,0,0,0,0,0,0,0,0,0,0,0,0,0,0,0,0,0,0,0,0,0,0,0,0,0,0,0,0,0,0,0,0,0,0,0,0,0,0,0,0,0,0,0,0,0,0,0,0,0,0,0,0,0,0,0,0,0,0,0,0,0,0,0,0,0,0,0,0,0,0,0,0,0,0,0,0,0,0,0,0,0,0,0,0,0,0,0,0,0,0,0,0,0,0,0,0,0,0,0,0,0,0,0,0,0,0,0,0,0,0,0,0,0,0,0,0,0,0,0,0,0,0,0,0,0,0,0,0,0,0,0,65,200,53,12,0,0,0,0,0,6,3,0,0,0,0,0,0,0,0,0,0,0,0,0,0,0,0,0,174,202,175,225,183,0,0,0,0,0,0,0,0,0,0,0,0,0,0,0,0,0,0,0,0,8,0,43,237,174,189,202,255,168,164,189,164,175,106,0,0,0,0,0,0,0,0,0,0,0,0,0,1,0,0,168,202,182,197,233,200,128,240,242,233,238,144,0,0,0,0,0,0,0,0,0,0,0,0,0,4,0,95,173,159,222,228,255,104,196,232,223,212,216,78,0,0,0,0,0,0,0,0,0,0,0,0,6,0,20,208,168,215,221,255,178,102,243,229,234,213,214,62,0,0,0,0,0,2,2,1,0,1,3,7,0,0,175,194,205,218,238,228,116,240,227,229,237,215,214,68,0,0,0,0,0,1,0,0,0,2,5,0,0,183,194,203,210,204,255,109,204,228,229,240,236,214,225,128,0,0,0,1,1,1,4,2,6,0,0,18,195,172,173,211,189,255,160,135,239,234,252,220,176,199,229,187,0,0,2,0,0,0,0,0,0,0,76,202,75,0,167,203,232,228,93,242,227,201,148,60,76,196,225,225,0,0,0,0,0,0,0,0,65,197,178,95,139,152,192,216,255,111,198,223,176,123,96,93,139,222,218,233,34,0,75,150,161,183,184,201,222,100,0,169,233,210,200,255,165,136,248,217,215,239,248,254,255,252,217,225,18,1,189,181,128,102,114,161,141,45,136,215,161,181,229,221,103,243,211,197,203,203,194,200,200,209,213,221,13,143,224,210,213,204,186,183,148,162,182,161,146,207,255,168,170,227,213,243,226,221,230,225,223,227,221,255,92,20,141,189,218,223,225,226,224,224,222,226,225,224,220,226,245,234,252,161,207,200,192,192,191,193,200,220,81,0,0,0,51,132,182,222,216,223,227,234,231,227,255,222,138,40,0,0,219,251,225,230,230,230,226,255,92,0,0,0,0,0,0,0,22,52,67,67,67,74,36,0,0,0,0,0,109,149,138,150,150,149,151,160,41,0,0,0,0,0,0,0,0,0,0,0,0,0,0,0,0,0,0,0,0,0,0,0,0,0,0,0,0,0,0,0,0,0,0,0,0,0,0,0,0,0,0,0,0,0,0,0,0,0,0,0,0,0,0,0,0,0,0,0,0,0,0,0,0,0,0,0,0,0,0,0,0,0,0,0,0,0,0,0,0,0,0,0,0,0,0,0,0,0,0,0,0,0,0,0,0,0,0,0,0,0,0,0,0,0,0,0,0,0,0,0,0,0,0,0,0,0,0,0,0,0,0,0,0,0,0,0,0,0,0,0,0,0,0,0,0,0,0,0,0,6
0,0,0,0,0,0,0,0,0,0,0,0,0,0,0,0,0,0,0,0,0,0,0,0,0,0,0,0,0,0,0,0,0,0,0,0,0,0,0,0,0,0,0,0,0,0,0,0,0,0,0,0,0,0,0,0,0,0,0,0,0,0,0,0,0,0,0,0,0,0,0,0,0,0,0,0,0,0,0,0,0,0,0,0,0,0,0,0,0,0,0,0,0,0,0,0,0,0,0,0,0,0,0,0,0,0,0,0,0,0,0,0,0,0,0,0,0,0,0,0,0,0,0,0,0,0,0,2,0,0,107,121,0,0,5,2,0,0,62,25,0,0,0,0,0,0,0,0,0,0,0,0,0,0,2,0,0,71,176,234,167,0,0,0,0,30,107,133,0,0,0,0,0,0,0,0,0,0,0,0,0,0,8,0,121,239,206,194,193,150,71,16,0,0,98,5,0,0,0,0,0,0,0,0,0,0,0,0,0,5,2,0,206,210,207,208,191,243,237,222,185,166,148,0,0,0,0,0,0,0,0,0,0,0,0,0,0,1,2,0,120,202,213,229,208,217,213,215,209,214,59,0,0,0,0,0,0,0,0,0,0,0,0,0,0,2,0,17,241,201,228,215,199,225,195,192,192,180,1,0,0,0,0,0,0,0,0,0,0,0,0,0,0,4,0,40,195,186,211,212,210,227,199,184,189,179,0,0,0,0,0,0,0,0,0,0,0,0,0,0,0,0,0,204,213,205,216,225,234,236,208,182,199,158,0,0,0,0,0,1,0,0,1,0,0,0,0,0,2,0,51,227,186,216,213,228,219,222,193,177,192,153,0,0,0,0,0,0,0,0,0,0,0,0,0,6,0,0,193,192,203,221,215,233,219,196,193,187,193,168,0,0,1,0,0,0,0,0,0,0,0,0,2,0,0,184,196,184,223,209,232,231,211,202,189,190,193,173,0,0,1,0,0,1,1,1,0,1,3,6,0,9,204,195,172,216,210,221,240,204,201,204,197,194,191,189,4,0,1,0,0,0,0,3,4,0,0,0,0,173,170,140,224,223,216,224,217,211,207,201,203,196,196,182,4,0,0,0,6,6,0,0,0,0,0,65,132,151,166,201,232,216,216,212,207,216,209,209,199,195,175,166,39,0,0,20,99,117,157,168,142,172,174,127,59,148,221,221,218,214,221,211,213,219,215,220,207,188,147,165,92,0,0,121,158,74,51,112,158,182,21,6,107,218,208,192,195,189,204,221,232,231,234,239,196,183,168,178,92,0,23,157,179,186,165,124,101,121,89,174,210,194,182,200,214,203,188,190,200,186,193,176,132,138,154,178,106,0,77,179,179,173,202,223,233,231,223,209,206,213,215,219,216,210,206,209,216,214,228,201,194,204,189,189,156,0,0,64,136,178,186,186,197,216,224,229,221,227,220,220,225,224,221,233,208,199,173,168,171,175,173,171,130,0,0,0,0,19,100,161,183,180,185,194,194,183,208,183,151,83,24,0,38,255,192,219,221,225,193,195,165,0,2,4,0,0,0,0,0,29,31,47,26,27,25,0,0,0,0,0,0,94,90,53,68,60,42,35,3,0,0,0,0,0,0,0,0,0,0,0,0,0,0,0,0,0,0,0,0,0,0,0,0,0,0,0,0,0,0,0,0,0,0,0,0,0,0,0,0,0,0,0,0,0,0,0,0,0,0,0,0,0,0,0,0,0,0,0,0,0,0,0,0,0,0,0,0,0,0,0,0,0,0,0,0,0,0,0,0,0,0,0,0,0,6
0,0,0,0,0,0,0,0,0,0,0,0,0,0,0,0,0,0,0,0,0,0,0,0,0,0,0,0,0,0,0,0,0,0,0,0,0,0,0,0,0,0,0,0,0,0,0,0,0,0,0,0,0,0,0,0,0,0,0,0,0,0,0,0,0,0,0,0,0,0,0,0,0,0,0,0,0,0,0,0,0,0,0,0,0,0,0,0,0,0,0,0,0,0,0,0,0,0,0,0,0,0,0,0,0,0,0,0,0,0,0,0,0,0,0,0,0,0,0,0,0,0,0,0,0,0,0,0,0,0,0,0,0,0,0,0,0,0,0,0,0,0,0,0,0,0,0,0,0,0,0,0,0,0,1,0,0,40,0,0,0,0,0,0,1,3,2,2,0,0,0,0,0,0,0,0,1,0,0,1,1,0,0,0,43,239,211,217,66,0,0,0,0,0,0,0,0,0,0,0,0,0,0,0,0,0,0,1,0,0,0,0,144,207,206,233,231,155,152,127,93,57,19,0,0,0,0,0,0,0,0,0,0,0,0,0,0,1,0,57,240,196,208,180,201,225,255,230,219,232,229,37,0,0,0,0,0,0,0,0,0,0,0,0,0,0,0,174,224,207,202,136,196,176,195,208,207,225,201,0,0,0,0,0,0,0,0,0,0,0,0,0,0,0,0,220,208,214,204,154,204,210,207,204,208,213,221,0,0,0,0,0,0,0,0,0,0,0,0,0,0,0,117,231,208,200,204,218,197,217,222,199,195,219,235,0,0,0,0,0,0,0,0,0,1,1,0,0,0,26,225,199,206,208,192,215,235,226,190,204,221,243,119,0,0,0,0,0,0,0,0,0,0,0,5,0,0,197,166,169,198,196,199,213,215,217,192,213,216,246,60,0,0,0,0,0,0,0,0,0,0,3,0,0,148,192,125,182,197,194,207,217,221,218,192,217,215,240,55,0,0,0,1,2,2,2,2,4,1,0,0,140,157,102,195,193,201,210,215,215,223,207,192,222,221,240,63,0,0,4,0,0,0,0,0,0,0,28,144,111,59,170,200,199,209,212,217,215,219,202,189,205,213,239,129,0,0,0,0,10,13,8,19,69,115,126,54,43,167,202,200,197,200,211,212,211,208,215,184,188,215,245,158,0,0,136,168,64,47,69,98,72,37,2,82,188,187,204,210,211,218,216,197,206,196,193,190,188,197,223,88,0,145,250,218,181,141,92,80,103,110,168,217,196,209,223,202,181,163,155,178,187,181,174,187,191,181,244,35,0,98,189,222,230,225,216,199,189,186,192,198,200,192,185,190,219,247,255,242,231,212,220,220,215,210,235,61,0,0,0,69,147,174,202,219,221,219,216,214,213,216,229,255,208,118,41,0,187,245,226,229,222,223,238,59,0,0,0,0,0,0,0,43,92,144,172,185,181,162,65,0,0,0,0,0,132,220,189,191,187,183,218,47,0,0,1,2,0,0,0,0,0,0,0,0,0,0,0,0,2,1,1,0,0,0,0,0,0,0,0,0,0,0,0,0,0,0,0,0,0,0,0,0,0,0,0,0,0,0,0,0,0,0,0,0,0,0,0,0,0,0,0,0,0,0,0,0,0,0,0,0,0,0,0,0,0,0,0,0,0,0,0,0,0,0,0,0,0,0,0,0,0,0,0,0,0,0,0,0,0,0,0,0,0,0,0,0,0,0,0,0,0,0,0,0,0,0,0,0,0,0,0,0,0,0,0,0,0,0,0,0,0,0,0,0,0,0,0,0,0,0,0,0,0,6
0,0,0,0,0,0,0,0,0,0,0,0,0,0,0,0,0,0,0,0,0,0,0,0,0,0,0,0,0,0,0,0,0,0,0,0,0,0,0,0,0,0,0,0,0,0,0,0,0,0,0,0,0,0,0,0,0,0,0,0,0,0,0,0,0,0,0,0,0,0,0,0,0,0,0,0,0,0,0,0,0,0,0,0,0,0,0,0,0,0,0,0,0,0,0,0,0,2,0,6,0,0,137,0,0,3,0,2,0,0,0,2,0,0,0,0,0,0,0,0,0,0,0,0,0,0,0,5,0,65,248,190,0,0,0,0,3,8,1,0,0,0,0,0,0,0,0,0,0,0,0,0,0,0,7,0,54,212,218,244,189,106,33,0,0,0,0,12,0,0,0,0,0,0,0,0,0,0,0,0,0,0,6,0,143,235,214,234,233,229,246,209,155,77,49,97,0,0,0,0,0,0,0,0,0,0,0,0,0,2,0,0,216,196,198,131,255,154,51,198,254,246,215,6,0,0,0,0,0,0,0,0,0,0,0,0,0,7,0,49,236,193,215,163,97,253,130,202,240,226,106,0,0,0,0,0,0,0,0,0,0,0,0,0,0,1,0,161,235,194,223,255,169,139,147,229,230,211,4,0,0,0,0,0,0,0,0,0,0,0,0,0,2,0,0,228,218,180,163,215,254,140,100,240,221,219,0,0,0,0,0,0,0,0,0,0,0,0,0,0,0,0,79,237,196,192,190,223,173,136,244,218,212,183,0,0,0,0,0,0,0,0,0,0,1,0,1,0,0,36,255,213,196,193,247,148,25,159,255,219,220,156,0,0,0,0,0,0,0,0,0,0,0,0,0,0,32,255,233,155,191,189,205,115,185,229,255,215,216,179,0,0,0,0,0,0,0,0,0,0,0,2,0,52,241,220,169,197,239,200,223,84,164,255,203,190,202,226,0,0,0,0,0,4,4,4,4,0,0,0,14,255,204,148,196,234,213,200,205,41,191,238,214,221,218,219,59,0,0,4,0,0,0,0,0,0,0,54,204,201,136,206,234,210,199,240,170,142,255,254,237,254,224,212,135,0,3,0,0,19,15,9,13,81,181,246,220,166,160,148,154,134,130,199,255,255,247,180,129,239,230,205,175,0,0,0,116,186,216,209,216,237,224,146,190,179,159,195,210,224,203,65,136,237,202,135,163,252,237,210,188,0,0,145,198,200,164,190,175,120,133,45,201,252,255,255,255,255,255,252,222,247,255,255,255,234,200,200,153,0,43,187,193,227,191,116,98,140,182,163,234,233,220,238,245,233,204,196,218,230,213,227,235,225,206,213,198,0,75,223,186,186,215,255,255,192,129,215,255,241,237,235,201,204,211,212,204,201,197,206,202,220,217,220,255,8,95,248,220,216,202,197,186,199,205,212,210,212,210,201,194,213,216,226,243,227,224,224,225,227,219,224,208,0,2,158,219,225,233,232,222,219,225,214,213,216,213,217,238,255,255,238,187,218,215,220,214,213,220,216,199,0,0,0,0,78,212,178,255,255,219,255,255,237,239,255,110,34,1,0,0,255,240,229,255,255,221,240,233,0,0,0,0,0,0,0,41,62,0,138,116,2,116,69,0,0,0,0,0,88,148,8,92,77,19,73,13,0,0,0,0,0,0,0,0,0,0,0,0,0,0,0,0,0,0,0,0,0,0,0,0,0,0,0,0,0,0,0,0,0,0,0,0,0,0,0,0,0,0,0,0,0,0,0,0,0,0,0,0,0,0,0,0,0,6
0,0,0,0,0,0,0,0,0,0,0,0,0,0,0,0,0,0,0,0,0,0,0,0,0,0,0,0,0,0,0,0,0,0,0,0,0,0,0,0,0,0,0,0,0,0,0,0,0,0,0,0,0,0,0,0,0,0,0,0,0,0,0,0,0,0,0,0,0,0,0,0,0,0,0,0,0,0,0,0,0,0,0,0,0,0,0,0,0,0,0,0,0,0,0,0,0,0,0,0,0,0,0,0,0,0,0,0,0,0,0,0,0,0,0,0,0,0,0,0,0,0,0,0,0,0,0,0,0,0,0,0,0,0,0,0,0,0,0,0,0,0,0,0,0,0,0,0,0,0,0,0,0,0,0,10,31,44,35,50,54,28,43,22,11,0,0,0,0,0,0,0,0,0,0,0,0,0,0,0,0,0,38,147,148,152,150,153,132,133,102,101,88,67,0,0,0,0,0,0,0,0,0,0,0,1,0,0,0,0,132,161,162,188,153,186,148,167,139,150,121,144,43,0,0,0,0,0,0,0,0,0,0,0,0,1,0,47,167,144,106,137,95,136,106,162,160,172,147,140,130,0,0,0,0,0,0,0,0,0,0,0,0,0,0,120,133,68,103,102,104,135,111,152,147,161,157,156,152,0,0,0,0,0,0,0,0,0,0,0,0,0,35,161,120,117,161,135,166,164,137,169,148,165,162,165,118,0,0,1,0,0,0,0,0,0,0,0,4,0,83,139,137,148,178,139,165,165,129,170,128,173,145,166,126,0,1,0,0,2,1,0,0,1,0,3,0,0,143,159,165,175,193,189,198,194,168,160,134,148,126,162,117,0,1,0,1,2,0,0,0,0,0,0,6,72,135,105,83,82,102,128,132,166,162,179,188,171,164,162,135,0,0,3,0,0,0,0,0,4,45,77,111,104,65,79,100,116,126,102,107,123,129,114,124,139,158,173,165,1,0,0,0,0,25,52,86,103,101,93,80,87,100,103,111,128,144,150,139,158,125,127,131,123,123,119,105,0,0,0,18,95,90,83,97,96,102,97,112,109,112,113,125,133,138,156,165,161,154,171,155,117,146,125,136,24,0,0,111,106,95,106,111,114,132,130,132,136,136,123,147,151,145,152,154,155,137,123,144,154,155,141,139,37,0,37,109,86,103,123,123,111,138,147,146,157,167,154,136,158,141,143,144,138,146,162,156,157,146,142,145,32,0,125,103,88,111,103,118,130,132,134,144,158,184,187,177,165,157,146,159,174,180,175,168,167,139,128,126,13,80,203,190,190,186,191,187,177,169,152,146,153,155,166,191,189,182,170,173,170,158,157,151,135,122,132,152,0,0,109,147,164,187,204,216,218,249,249,245,241,229,226,244,252,251,253,249,229,214,221,222,243,255,218,255,70,0,0,0,0,0,6,35,52,51,57,83,109,136,146,135,136,143,142,149,154,159,175,163,148,116,85,56,0,0,0,0,0,0,0,0,0,0,0,0,0,0,0,0,0,0,0,0,0,0,0,0,0,0,0,0,0,0,0,0,0,0,0,0,0,0,0,0,0,0,0,0,0,0,0,0,0,0,0,0,0,0,0,0,0,0,0,0,0,0,0,0,0,0,0,0,0,0,0,0,0,0,0,0,0,0,0,0,0,0,0,0,0,0,0,0,0,0,0,0,0,0,0,0,0,0,0,0,0,0,0,0,0,0,0,0,0,0,0,0,0,0,0,0,0,0,0,0,0,0,0,0,0,0,0,0,0,0,0,0,0,0,0,0,0,0,0,0,0,6
0,0,0,0,0,0,0,0,0,0,0,0,0,0,0,0,0,0,0,0,0,0,0,0,0,0,0,0,0,0,0,0,0,0,0,0,0,0,0,0,0,0,0,0,0,0,0,0,0,0,0,0,0,0,0,0,0,0,0,0,0,0,0,0,0,0,0,0,0,0,0,0,0,0,0,0,0,0,0,0,0,0,0,0,0,0,0,0,0,0,0,0,0,0,0,0,0,0,0,0,0,0,0,0,0,0,0,0,0,0,0,0,0,0,0,0,0,0,0,0,0,0,0,0,0,0,0,0,0,0,0,0,0,0,0,0,0,0,0,0,0,0,0,0,0,0,0,0,0,0,0,0,0,1,0,0,2,5,5,3,5,7,5,2,0,66,28,0,0,0,0,0,0,0,0,0,0,0,0,0,0,0,0,0,0,0,0,0,0,0,0,0,0,70,32,0,0,0,0,0,0,0,0,0,0,0,0,0,0,0,1,0,0,17,18,23,38,42,35,24,105,105,0,0,0,0,0,0,0,0,0,0,0,0,0,0,0,2,1,0,178,228,211,249,254,223,225,221,225,161,0,0,0,0,0,0,0,0,0,0,0,0,0,0,0,0,1,0,199,225,196,199,201,206,209,203,196,151,0,0,0,0,0,0,0,0,0,0,0,0,0,0,0,2,0,0,191,200,190,203,208,214,222,189,199,166,0,0,0,0,0,0,0,0,0,0,0,0,0,0,1,0,0,123,193,188,212,208,212,215,214,198,198,177,0,0,0,0,0,0,0,0,0,0,0,0,0,0,5,0,28,255,229,212,211,222,217,221,234,221,189,254,21,0,0,0,0,0,0,0,0,0,0,2,0,7,0,0,130,92,140,242,195,195,181,181,214,189,164,252,72,0,0,0,0,0,0,0,0,0,0,2,8,0,0,153,220,116,142,219,221,200,233,255,212,178,186,218,88,0,0,0,0,0,0,0,0,3,4,0,0,28,170,113,123,215,214,208,221,211,208,220,201,236,183,202,172,0,0,2,3,0,0,1,0,0,0,0,113,183,38,0,111,221,224,217,205,228,185,175,227,157,177,209,230,0,3,0,0,0,0,0,0,8,88,166,103,1,94,198,229,225,226,215,206,208,229,225,180,154,201,179,240,48,0,0,93,110,120,136,166,182,154,57,0,106,240,207,222,228,231,228,226,216,215,224,218,221,193,172,226,43,0,139,204,149,127,82,59,97,119,168,211,221,197,186,215,225,210,194,188,197,195,188,196,181,194,196,229,38,63,210,229,236,227,225,217,220,219,210,204,203,214,211,207,210,214,248,255,236,215,206,213,205,193,186,229,63,0,19,86,149,198,201,219,226,231,228,251,253,250,251,241,219,183,131,42,182,255,252,255,253,233,215,255,96,0,0,0,0,0,0,30,57,86,99,99,94,93,75,20,0,0,0,0,0,97,110,79,75,57,49,47,0,0,0,0,0,0,0,0,0,0,0,0,0,0,0,0,0,0,0,0,0,0,0,0,0,0,0,0,0,0,0,0,0,0,0,0,0,0,0,0,0,0,0,0,0,0,0,0,0,0,0,0,0,0,0,0,0,0,0,0,0,0,0,0,0,0,0,0,0,0,0,0,0,0,0,0,0,0,0,0,0,0,0,0,0,0,0,0,0,0,0,0,0,0,0,0,0,0,0,0,0,0,0,0,0,0,0,0,0,0,0,0,0,0,0,0,0,0,0,0,0,0,0,0,0,0,0,0,0,0,0,0,0,0,0,0,0,0,0,0,0,6
0,0,0,0,0,0,0,0,0,0,0,0,0,0,0,0,0,0,0,0,0,0,0,0,0,0,0,0,0,0,0,0,0,0,0,0,0,0,0,0,0,0,0,0,0,0,0,0,0,0,0,0,0,0,0,0,0,0,0,0,0,0,0,0,0,1,0,0,0,0,38,31,20,24,31,30,29,28,27,15,10,16,13,11,0,0,0,0,0,0,0,0,0,0,0,1,0,0,101,91,80,95,102,90,86,87,87,83,71,79,76,71,0,0,0,0,0,0,0,0,0,0,0,1,0,0,138,139,155,144,135,153,149,158,160,159,150,147,151,115,0,0,0,0,0,0,0,0,0,0,0,1,0,0,136,155,153,138,153,139,155,162,144,142,151,148,151,92,0,0,0,0,0,0,0,0,0,0,0,2,0,0,161,180,183,193,191,187,192,191,190,186,187,180,177,69,0,0,0,0,0,0,0,0,0,0,0,1,0,0,148,149,151,151,162,159,153,165,168,170,167,166,173,16,0,0,0,0,0,0,0,0,0,0,0,1,0,0,132,145,138,140,141,139,152,151,146,157,155,154,161,0,0,0,0,0,0,0,0,0,0,0,0,0,0,0,38,17,17,26,37,17,9,32,33,31,38,41,55,0,0,0,0,0,0,0,0,0,0,0,0,1,0,0,120,126,115,111,120,119,121,126,134,132,122,130,92,0,0,0,0,0,0,0,0,0,0,4,1,0,0,0,111,123,129,125,128,131,135,120,118,122,121,153,90,0,0,0,0,0,0,0,0,0,0,3,1,1,0,13,139,116,126,139,132,133,131,121,134,139,140,141,57,0,0,0,0,0,0,0,0,0,0,0,0,3,0,42,132,129,139,160,164,173,171,185,181,171,181,193,113,0,0,0,0,0,0,0,1,0,0,0,0,5,0,63,217,203,212,206,213,230,209,211,210,197,160,158,59,0,0,0,0,0,1,0,0,0,0,0,0,0,0,120,64,25,41,36,35,21,24,27,32,45,29,49,52,0,1,0,0,0,0,0,0,0,0,5,9,0,42,157,74,103,111,102,110,140,152,157,154,151,161,185,140,0,0,0,0,2,2,2,2,5,2,0,0,17,111,110,121,126,101,157,226,202,134,129,147,136,134,147,141,0,0,0,1,0,0,0,0,0,0,14,80,107,92,119,123,129,109,130,139,115,134,145,128,111,108,133,159,0,0,0,0,0,10,3,10,45,84,116,101,88,106,114,122,131,138,139,134,130,107,100,111,96,97,131,164,3,0,0,51,109,115,126,128,113,103,86,102,126,118,110,136,135,131,142,126,124,118,114,114,111,129,138,155,10,0,12,131,91,90,84,81,79,86,103,122,116,113,132,134,136,144,151,150,142,135,135,136,135,144,148,158,0,17,140,146,125,124,114,112,120,114,110,114,116,133,134,118,143,138,134,140,146,154,151,144,144,152,163,170,0,111,214,218,206,187,174,168,160,138,124,123,126,136,145,146,181,187,201,214,211,213,233,227,226,226,209,254,113,0,14,96,168,197,216,226,223,219,244,245,242,251,223,229,216,251,220,155,204,198,184,186,190,188,189,216,109,0,0,0,0,0,38,89,99,150,157,178,140,173,113,133,0,0,0,0,152,205,179,187,186,182,173,198,84,0,0,0,0,0,0,0,0,0,0,0,0,0,0,0,0,0,0,0,0,0,0,0,0,0,0,0,0,0,0,0,0,0,0,0,0,0,0,0,0,0,0,0,0,0,0,0,0,0,0,0,0,0,0,0,0,6
0,0,0,0,0,0,0,0,0,0,0,0,0,0,0,0,0,0,0,0,0,0,0,0,0,0,0,0,0,0,0,0,0,0,0,0,0,0,0,0,0,0,0,0,0,0,0,0,0,0,0,0,0,0,0,0,0,0,0,0,0,0,0,0,0,0,0,0,0,0,0,0,0,0,0,0,0,0,0,0,0,0,0,0,0,0,0,0,0,0,0,0,0,0,0,0,0,0,0,0,0,0,0,0,0,0,0,0,0,0,0,0,0,0,0,0,0,0,0,0,0,0,0,0,0,0,0,0,0,0,0,0,0,0,0,0,0,0,0,0,0,0,0,0,0,0,0,0,0,0,0,0,0,1,0,0,20,14,0,0,0,0,0,0,0,0,107,73,0,0,0,0,0,0,0,0,0,0,0,0,0,2,0,6,148,116,78,116,108,102,69,138,158,122,91,0,0,0,0,0,0,0,0,0,0,0,0,0,1,2,0,46,130,78,168,227,214,230,195,121,162,165,3,0,0,0,0,0,0,0,0,0,0,0,0,0,0,2,0,72,131,70,154,201,191,208,184,91,155,148,0,0,0,0,0,0,0,0,0,0,0,0,0,0,1,1,0,109,132,80,179,213,196,224,199,89,157,165,0,0,0,0,0,0,0,0,0,0,0,0,0,0,2,0,11,139,117,98,198,208,200,226,202,98,136,167,0,0,0,0,0,0,0,0,0,0,0,1,0,0,2,0,69,150,110,104,210,207,207,233,210,100,130,163,0,0,0,0,0,0,0,0,0,0,0,1,1,2,0,4,116,120,100,128,227,207,214,236,211,111,145,163,0,0,0,0,0,0,0,0,0,0,0,0,3,2,0,93,156,128,76,162,239,209,212,227,216,119,142,182,19,0,0,0,0,1,1,1,1,1,2,4,0,0,58,90,105,122,78,198,224,208,211,223,231,86,94,185,69,0,0,0,1,3,3,3,3,1,0,0,0,80,108,19,44,90,88,230,206,210,201,211,238,46,100,180,125,0,1,2,0,0,0,0,0,0,0,53,110,81,17,59,100,71,143,226,196,205,216,255,178,21,130,156,156,0,2,0,0,46,52,48,57,92,123,96,23,0,21,82,95,75,205,233,215,230,196,105,13,56,127,156,178,10,0,13,126,95,55,75,93,65,15,2,39,69,90,98,105,89,141,200,173,137,106,114,164,184,180,170,167,0,2,141,167,113,82,46,11,17,48,88,103,103,96,98,104,119,112,88,89,120,117,120,114,115,141,164,175,0,83,194,200,194,181,174,155,140,125,112,100,97,80,96,133,154,171,188,194,187,156,168,172,179,187,190,216,22,0,8,57,129,170,159,171,175,205,201,205,210,205,208,212,199,173,146,88,180,224,198,196,185,193,181,214,59,0,0,0,0,0,0,11,39,53,79,104,106,102,77,28,0,0,0,0,32,161,134,142,155,149,134,113,17,0,0,0,0,0,0,0,0,0,0,0,0,0,0,0,0,0,0,0,0,0,0,0,0,0,0,0,0,0,0,0,0,0,0,0,0,0,0,0,0,0,0,0,0,0,0,0,0,0,0,0,0,0,0,0,0,0,0,0,0,0,0,0,0,0,0,0,0,0,0,0,0,0,0,0,0,0,0,0,0,0,0,0,0,0,0,0,0,0,0,0,0,0,0,0,0,0,0,0,0,0,0,0,0,0,0,0,0,0,0,0,0,0,0,0,0,0,0,0,0,0,0,0,0,0,0,0,0,0,0,0,0,0,0,0,0,0,0,0,0,6
0,0,0,0,0,0,0,0,0,0,0,0,0,0,0,0,0,0,0,0,0,0,0,0,0,0,0,0,0,0,0,0,0,0,0,0,0,0,0,0,0,0,0,0,0,0,0,0,0,0,0,0,0,0,0,0,0,0,0,0,0,0,0,0,0,0,0,0,0,0,0,0,0,0,0,0,0,0,0,0,0,0,0,0,0,0,0,0,0,0,0,0,0,0,0,0,0,0,0,0,0,0,0,0,0,0,0,0,0,0,0,0,0,0,0,0,0,0,0,0,0,0,0,0,0,0,0,0,0,0,0,0,0,0,0,0,0,0,170,15,0,0,0,0,0,0,0,0,0,0,0,0,2,0,16,172,117,100,129,90,15,38,29,5,33,8,182,7,0,0,0,0,0,0,0,0,0,0,0,0,3,0,40,188,97,153,226,243,225,232,234,240,172,167,158,0,0,0,0,0,0,0,0,0,0,0,1,0,1,0,62,188,78,83,200,215,205,205,214,194,79,125,160,0,0,0,0,0,0,0,0,0,0,0,0,0,1,0,131,214,117,101,234,218,214,203,225,183,87,134,157,0,0,0,0,0,0,0,0,0,0,0,0,0,0,0,173,207,119,128,219,219,208,207,231,181,88,142,139,0,0,0,0,0,0,0,0,0,0,1,0,1,0,3,243,176,129,145,199,222,204,210,226,189,101,167,139,0,0,0,0,0,0,1,0,0,3,3,0,0,0,198,234,131,129,154,206,221,207,210,224,190,96,156,171,0,1,0,0,0,0,0,1,1,0,0,0,0,135,235,156,75,122,177,206,221,209,210,227,193,107,110,186,0,0,0,1,1,1,0,0,0,0,4,0,51,246,156,89,54,149,216,207,218,211,209,226,171,119,86,194,2,1,0,0,0,0,0,0,0,2,0,25,234,175,164,99,59,137,196,211,208,207,204,226,165,132,66,188,73,1,4,1,0,0,0,0,0,0,12,224,189,168,182,139,113,176,166,222,232,224,221,211,177,141,75,160,139,1,0,0,0,0,0,0,0,22,215,196,174,178,164,209,178,182,163,210,179,173,183,167,141,109,93,141,149,0,32,108,122,111,94,111,184,252,196,187,157,163,165,172,204,219,188,173,126,165,177,193,156,132,80,160,136,0,228,194,199,209,208,208,185,174,176,178,154,157,168,143,173,168,189,199,164,220,185,156,172,189,164,227,68,137,190,150,147,111,87,117,171,168,175,160,156,160,166,167,155,137,167,175,164,170,197,200,192,204,155,213,97,177,215,206,193,199,171,149,147,141,139,132,145,143,154,193,214,248,255,237,229,199,187,197,190,173,120,194,130,0,0,67,115,153,215,239,205,206,202,207,205,196,202,230,188,133,83,0,195,236,200,216,207,227,189,237,149,0,0,0,0,0,0,25,62,124,160,164,162,154,96,25,0,0,0,0,0,44,131,81,72,44,17,18,0,0,7,2,0,2,0,0,0,0,0,0,0,0,0,0,0,0,2,0,0,0,0,0,0,0,0,0,0,0,0,0,0,0,0,0,0,0,0,0,0,0,0,0,0,0,0,0,0,0,0,0,0,0,0,0,0,0,0,0,0,0,0,0,0,0,0,0,0,0,0,0,0,0,0,0,0,0,0,0,0,0,0,0,0,0,0,0,0,0,0,0,0,0,0,0,0,0,0,0,0,0,0,0,0,0,0,0,0,0,0,0,0,0,0,0,0,0,0,0,0,0,0,0,0,0,0,0,0,0,0,0,0,0,0,0,0,0,0,0,0,6
0,0,0,0,0,0,0,0,0,0,0,0,0,0,0,0,0,0,0,0,0,0,0,0,0,0,0,0,0,0,0,0,0,0,0,0,0,0,0,0,0,0,0,0,0,0,0,0,0,0,0,0,0,0,0,0,0,0,0,0,0,0,0,0,0,0,0,0,0,0,0,0,0,0,0,0,0,0,0,0,0,0,0,0,0,0,0,0,0,0,0,0,0,0,0,0,0,0,0,0,0,0,0,0,0,0,0,0,0,0,0,0,0,0,0,0,0,0,0,0,0,0,0,0,0,0,0,0,0,0,0,0,0,0,0,0,0,0,0,0,0,0,0,0,0,0,0,0,0,0,0,0,0,0,0,0,2,4,3,2,0,0,2,6,8,0,0,15,0,0,0,0,0,0,0,0,0,0,0,0,0,0,0,0,0,0,0,0,0,0,0,0,0,0,170,125,0,0,0,0,0,0,0,0,0,0,0,0,0,0,5,0,64,153,101,0,0,0,0,38,68,111,195,0,0,0,0,0,0,0,0,0,0,0,0,0,0,0,3,0,126,162,162,160,162,170,177,159,183,162,0,0,0,0,0,0,0,0,0,0,0,1,0,0,0,1,0,0,160,145,152,206,201,204,213,168,159,153,0,0,0,0,0,0,0,0,0,0,0,1,0,1,0,3,0,45,170,149,154,194,184,188,200,165,161,172,0,0,0,0,0,0,0,0,0,0,0,2,0,0,1,0,0,121,166,131,164,211,183,187,216,159,162,163,0,0,0,0,0,0,0,0,0,0,0,2,0,2,1,0,70,153,146,116,168,204,183,196,217,162,173,168,0,0,0,0,0,0,0,0,0,0,0,0,2,2,0,47,160,140,141,122,173,199,185,203,213,145,168,184,1,0,0,0,0,0,0,0,0,0,0,3,0,0,43,157,128,131,147,120,178,195,189,207,204,140,157,197,39,0,0,0,0,1,1,3,3,2,0,0,0,67,137,134,122,125,141,118,186,198,195,206,216,153,159,171,103,0,2,2,0,0,0,0,0,0,0,26,104,145,136,141,140,143,147,134,170,209,207,207,194,145,163,171,142,0,0,0,0,1,8,16,29,40,90,136,128,112,130,142,151,153,149,141,142,146,149,150,149,163,174,173,164,0,0,65,115,136,144,136,135,135,139,125,116,131,139,142,158,160,163,172,166,158,159,153,165,170,158,157,155,0,10,133,131,125,135,137,133,130,133,141,153,162,165,160,167,166,146,137,144,151,168,177,164,152,156,177,144,0,92,194,183,178,172,160,153,151,126,135,146,167,172,173,179,194,204,247,235,199,201,205,211,211,195,203,159,0,1,60,126,151,177,187,198,204,239,228,231,205,209,213,205,216,178,99,92,255,208,214,223,217,198,205,168,0,0,0,0,0,0,10,37,64,86,105,107,88,61,35,0,0,0,0,3,214,165,170,172,165,150,167,96,0,0,0,0,0,0,0,0,0,0,0,0,0,0,0,0,0,0,0,0,0,0,0,0,0,0,0,0,0,0,0,0,0,0,0,0,0,0,0,0,0,0,0,0,0,0,0,0,0,0,0,0,0,0,0,0,0,0,0,0,0,0,0,0,0,0,0,0,0,0,0,0,0,0,0,0,0,0,0,0,0,0,0,0,0,0,0,0,0,0,0,0,0,0,0,0,0,0,0,0,0,0,0,0,0,0,0,0,0,0,0,0,0,0,0,0,0,0,0,0,0,0,0,0,0,0,0,0,0,0,0,0,0,0,0,0,0,0,0,0,0,6
0,0,0,0,0,0,0,0,0,0,0,0,0,0,0,0,0,0,0,0,0,0,0,0,0,0,0,0,0,0,0,0,0,0,0,0,0,0,0,0,0,0,0,0,0,0,0,0,0,0,0,0,0,0,0,0,0,0,0,0,0,0,0,0,0,0,0,0,0,0,0,0,0,0,0,0,0,0,0,0,0,0,0,0,0,0,0,0,0,0,0,0,0,0,0,0,0,0,0,0,0,0,0,0,0,0,0,0,0,0,0,0,0,0,0,0,0,0,0,0,0,0,0,0,0,0,0,0,0,0,0,0,0,0,0,0,0,0,0,0,0,0,0,0,0,0,0,0,0,0,0,0,0,0,0,0,0,0,0,0,0,0,0,0,0,0,0,0,0,0,0,0,0,0,0,0,0,0,0,0,0,0,0,0,0,0,0,0,0,0,0,0,0,0,0,0,0,0,0,0,0,0,0,0,1,0,0,1,0,1,0,131,143,0,0,0,0,0,0,0,0,0,0,0,0,0,0,0,0,0,0,0,0,0,0,0,2,0,5,180,209,190,1,6,21,47,87,117,131,159,92,0,0,0,0,0,0,0,0,0,0,0,0,0,2,0,103,199,173,196,214,220,234,240,242,246,237,255,144,0,0,0,0,0,0,0,0,0,0,0,0,2,0,28,193,202,188,184,202,226,217,221,221,225,225,222,185,143,0,0,0,0,0,0,0,0,0,0,4,0,0,206,190,186,201,194,193,233,222,231,227,230,227,223,210,101,0,1,0,1,0,0,0,0,0,3,0,0,149,171,165,173,175,191,186,230,221,228,227,231,225,231,244,21,0,0,0,0,0,0,1,2,4,0,0,148,204,96,185,177,198,191,185,235,222,229,232,225,247,173,171,39,0,1,2,2,4,3,1,0,0,42,173,176,168,178,185,194,220,176,185,242,225,232,223,248,217,123,198,63,0,0,0,0,0,0,0,34,104,176,158,166,183,175,186,180,204,189,183,246,224,226,229,249,156,146,222,95,1,0,6,23,37,97,167,158,171,131,173,183,180,184,205,184,169,184,179,237,243,238,253,219,158,155,177,108,0,119,141,135,154,175,159,156,141,99,158,166,169,195,193,168,178,181,191,178,183,196,201,190,160,151,184,112,49,149,136,122,142,154,144,173,152,162,147,206,187,183,213,203,185,185,192,202,198,184,175,185,154,152,189,130,112,158,149,159,151,162,152,155,185,169,174,176,172,195,194,129,132,179,131,156,173,172,144,168,172,161,173,100,20,131,158,184,180,199,193,186,187,201,186,191,227,210,190,175,208,199,216,217,197,186,199,192,180,162,179,41,0,0,0,48,81,99,123,124,118,119,119,121,124,94,78,60,45,26,0,3,98,99,99,98,105,101,115,17,0,0,0,0,0,0,0,0,0,0,0,0,0,0,0,0,0,0,0,0,0,0,0,0,0,0,0,0,0,0,0,0,0,0,0,0,0,0,0,0,0,0,0,0,0,0,0,0,0,0,0,0,0,0,0,0,0,0,0,0,0,0,0,0,0,0,0,0,0,0,0,0,0,0,0,0,0,0,0,0,0,0,0,0,0,0,0,0,0,0,0,0,0,0,0,0,0,0,0,0,0,0,0,0,0,0,0,0,0,0,0,0,0,0,0,0,0,0,0,0,0,0,0,0,0,0,0,0,0,0,0,0,0,0,0,0,0,0,0,0,0,0,0,0,0,0,0,0,0,0,0,0,0,0,0,0,0,0,0,0,0,0,0,0,0,0,0,0,6
0,0,0,0,0,0,0,0,0,0,0,0,0,0,0,0,0,0,0,0,0,0,0,0,0,0,0,0,0,0,0,0,0,0,0,0,0,0,0,0,0,0,0,0,0,0,0,0,0,0,0,0,0,0,0,0,0,0,0,0,0,0,0,0,0,0,0,0,0,0,0,0,0,0,0,0,0,0,0,0,0,0,0,0,0,0,0,0,0,0,0,0,0,0,0,0,0,0,0,0,0,0,0,0,0,0,0,0,0,0,0,0,0,0,0,0,0,0,0,0,0,0,0,0,0,0,1,0,0,110,15,0,0,0,0,1,0,0,0,0,0,0,0,0,0,0,0,0,0,0,0,0,0,0,5,0,33,158,124,0,0,0,0,0,14,177,58,0,0,0,0,0,0,0,0,0,0,0,0,0,0,0,0,0,80,119,143,228,181,175,150,108,163,203,38,0,0,0,0,0,0,0,0,0,0,0,0,0,0,3,0,2,104,122,185,232,231,232,245,217,162,155,15,0,0,0,0,0,0,0,0,0,0,0,0,0,0,1,0,70,116,128,214,220,218,221,226,194,154,173,3,0,0,0,0,0,0,0,0,0,0,0,0,0,2,0,1,132,99,187,237,219,226,224,241,189,145,194,10,0,0,0,0,0,0,0,0,0,0,0,0,0,0,0,83,134,127,233,219,221,221,223,242,172,157,204,73,0,0,0,0,0,0,0,0,0,0,0,0,2,0,0,140,108,189,232,219,218,223,219,235,153,153,175,124,0,0,0,0,0,0,0,0,0,0,1,0,0,0,83,146,115,222,223,219,223,213,229,213,151,160,164,160,0,0,0,0,0,0,0,0,0,0,0,3,0,0,143,118,160,229,209,217,218,232,242,169,159,166,153,164,4,0,0,0,0,0,0,0,0,0,2,0,0,114,142,105,182,242,207,225,240,233,174,149,168,164,157,166,27,0,0,0,0,0,0,0,0,3,0,0,82,147,116,123,131,200,219,203,179,158,148,169,176,162,153,179,67,0,0,2,5,2,2,2,3,0,0,77,140,104,113,117,109,106,131,118,147,160,161,161,151,145,131,179,61,1,1,0,0,0,0,0,0,2,94,142,112,108,105,108,130,157,140,140,162,154,151,165,191,216,203,252,66,0,0,18,15,16,9,8,64,119,108,95,122,99,113,138,154,143,129,149,188,227,241,234,212,198,175,194,49,0,100,135,113,85,95,96,102,94,89,118,127,113,133,133,123,169,203,226,255,199,158,146,143,156,143,169,32,26,184,134,114,91,67,84,97,97,117,143,139,127,118,158,206,223,217,136,36,78,136,136,146,141,140,154,20,86,206,191,174,166,148,112,100,104,126,138,141,168,197,205,185,122,10,0,0,79,149,133,139,134,134,155,16,40,138,164,182,192,198,195,183,196,194,202,208,200,176,150,73,0,0,0,0,81,144,148,147,139,134,156,17,0,0,32,100,136,174,189,194,192,176,162,152,140,126,59,0,0,1,0,0,83,167,155,165,174,174,194,24,0,0,0,0,0,18,48,83,87,97,95,75,56,6,0,0,1,3,0,0,51,142,115,123,124,111,101,0,0,0,0,0,0,0,0,0,0,0,0,0,0,0,0,0,0,0,0,0,0,0,0,0,0,0,0,0,0,0,0,0,0,0,0,0,0,0,0,0,0,0,0,0,0,0,0,0,0,0,0,0,0,0,0,0,0,0,0,0,0,0,0,0,0,0,0,0,0,0,0,0,0,0,0,0,0,0,0,0,0,0,0,0,6
0,0,0,0,0,0,0,0,0,0,0,0,0,0,0,0,0,0,0,0,0,0,0,0,0,0,0,0,0,0,0,0,0,0,0,0,0,0,0,0,0,0,0,0,0,0,0,0,0,0,0,0,0,0,0,0,0,0,0,0,0,0,0,0,0,0,0,0,0,0,0,0,0,0,0,0,0,0,0,0,0,0,0,0,0,0,0,0,0,0,0,0,0,0,0,0,0,0,0,1,1,0,0,74,1,0,0,0,1,1,1,0,0,0,0,0,0,0,0,0,0,0,0,0,0,0,0,0,0,0,31,137,94,0,0,0,1,1,1,0,0,0,0,0,0,0,0,0,0,0,0,0,0,1,0,0,0,0,95,87,111,0,0,0,0,2,3,0,0,0,0,0,0,0,0,0,0,0,0,0,0,1,1,1,0,26,97,40,129,86,0,0,0,0,0,0,0,0,0,0,0,0,0,0,0,0,0,0,0,3,0,0,0,67,86,62,223,229,210,201,175,116,64,0,0,0,0,0,0,0,0,0,0,0,0,0,0,0,1,0,4,102,109,85,222,237,243,243,246,248,236,45,0,0,0,0,0,0,0,0,0,0,0,0,0,0,2,0,49,109,74,142,255,241,238,241,234,222,213,32,0,0,0,0,0,0,0,0,0,0,0,0,0,2,0,0,122,138,85,91,178,209,223,238,226,234,251,0,0,0,0,0,0,0,0,0,1,2,0,1,1,0,0,110,111,74,116,110,75,81,102,103,120,174,174,0,1,0,0,1,1,0,0,0,1,1,1,2,0,1,75,110,91,121,124,133,143,137,135,124,109,119,87,0,0,0,0,0,0,0,0,0,0,0,1,0,0,80,133,88,104,120,121,125,128,128,126,134,120,135,103,0,0,0,0,0,0,0,0,0,1,2,0,4,51,82,79,104,125,129,124,126,127,126,128,129,111,118,104,0,0,0,0,0,0,0,0,0,0,1,0,37,95,70,113,117,116,129,125,122,126,128,133,128,126,116,118,0,1,0,0,1,1,1,0,0,0,0,9,56,74,99,109,122,129,132,135,136,133,132,125,122,120,112,137,10,1,0,0,0,0,0,0,0,4,28,47,96,105,111,119,121,122,125,118,118,103,89,96,94,117,102,127,16,0,0,1,4,12,20,26,36,43,49,55,85,94,87,93,99,103,111,113,113,97,120,198,182,126,96,135,29,0,25,59,51,52,55,55,55,55,60,60,80,88,93,98,101,103,110,111,107,95,121,178,159,102,102,129,40,9,67,60,58,66,58,67,68,65,74,72,82,94,95,90,95,99,102,109,109,110,89,133,119,110,120,124,40,21,114,113,106,105,89,80,75,76,68,82,76,87,99,118,130,137,147,152,156,153,151,142,136,149,151,150,27,59,45,53,82,95,120,132,130,136,130,135,134,152,157,149,133,122,109,95,80,74,72,60,47,53,62,67,65,58,107,98,83,67,56,51,50,51,60,59,51,58,71,66,66,59,59,43,80,105,117,121,128,126,130,142,113,0,2,29,67,102,109,118,120,114,122,129,127,142,104,19,10,0,0,0,89,174,127,130,147,133,136,135,105,2,0,0,0,0,0,0,3,14,25,34,25,16,0,0,0,0,0,0,10,49,48,43,51,51,51,45,16,0,0,0,0,0,0,0,0,0,0,0,0,0,0,0,0,0,0,0,0,0,0,0,0,0,0,0,0,0,0,0,0,0,0,0,0,0,0,0,0,0,0,0,0,0,0,0,0,0,0,0,0,0,0,0,0,6
0,0,0,0,0,0,0,0,0,0,0,0,0,0,0,0,0,0,0,0,0,0,0,0,0,0,0,0,0,0,0,0,0,0,0,0,0,0,0,0,0,0,0,0,0,0,0,0,0,0,0,0,0,0,0,0,0,0,0,0,0,0,0,0,0,0,0,0,0,0,0,0,0,0,0,0,0,0,0,0,0,0,0,0,0,0,0,0,0,0,0,0,0,0,0,0,0,0,0,0,0,0,0,0,0,0,0,0,0,0,0,0,0,0,0,0,0,0,0,0,0,0,0,0,0,0,0,0,0,0,0,0,0,0,0,0,0,0,0,0,0,0,0,0,0,0,0,0,0,0,0,0,0,3,1,0,23,128,14,0,0,1,1,1,1,0,0,1,0,0,0,0,0,0,0,0,0,0,0,0,0,0,2,0,75,190,162,76,0,0,0,0,0,0,0,0,0,0,0,0,0,0,0,0,0,0,0,0,0,0,0,0,97,50,77,107,80,42,15,0,0,23,152,0,0,0,0,0,0,0,0,0,0,0,0,0,0,1,0,39,77,188,193,188,210,220,208,193,179,160,156,0,0,0,0,0,0,0,0,0,0,0,0,0,1,0,0,184,198,196,167,176,198,205,206,210,196,187,112,0,0,0,0,0,0,0,0,0,0,0,0,0,0,0,59,174,177,160,175,195,198,203,199,202,190,185,93,0,0,0,0,0,0,0,0,0,0,0,0,2,0,0,248,193,196,178,181,193,208,208,216,208,196,185,77,0,0,0,0,0,0,0,0,0,0,0,0,1,0,0,159,171,180,178,193,205,214,214,220,211,198,190,82,0,0,0,0,0,1,0,0,0,1,1,0,0,0,160,207,203,179,202,194,207,219,221,217,208,198,195,96,0,0,0,1,0,0,0,0,0,0,5,0,20,159,172,169,180,181,198,201,208,210,219,213,204,196,194,128,0,0,1,1,3,4,4,4,0,0,0,1,116,186,187,174,185,196,203,206,203,204,203,195,199,185,192,175,0,0,0,0,0,0,0,0,0,0,39,164,177,130,168,178,196,192,198,203,204,219,219,206,199,199,193,206,0,0,0,7,35,39,41,49,71,140,153,147,178,181,174,195,199,208,219,216,211,201,201,181,176,184,184,176,0,0,120,130,114,114,120,133,139,131,117,130,142,161,165,170,175,171,179,158,171,185,188,195,196,198,193,194,5,10,56,85,90,111,130,132,134,140,140,144,155,167,179,189,205,216,215,225,255,248,242,238,231,193,180,206,15,44,22,5,31,53,83,102,125,138,161,180,185,193,196,186,169,160,140,119,115,92,78,66,56,48,37,25,0,34,128,97,42,13,4,2,7,10,21,30,43,34,17,6,1,0,0,1,1,2,2,1,3,10,10,23,33,0,12,86,131,144,128,102,82,55,25,15,21,22,34,56,78,90,111,95,113,95,105,124,129,131,137,142,70,2,0,0,0,11,44,78,108,110,142,164,134,156,134,92,106,73,84,69,86,68,83,92,69,56,48,0,0,0,0,0,0,0,0,0,0,0,0,0,0,0,0,0,0,0,0,0,0,0,0,0,0,0,0,0,0,0,0,0,0,0,0,0,0,0,0,0,0,0,0,0,0,0,0,0,0,0,0,0,0,0,0,0,0,0,0,0,0,0,0,0,0,0,0,0,0,0,0,0,0,0,0,0,0,0,0,0,0,0,0,0,0,0,0,0,0,0,0,0,0,0,0,0,0,0,0,0,0,0,0,0,0,0,0,0,0,0,0,0,0,6
0,0,0,0,0,0,0,0,0,2,1,0,1,0,2,4,5,3,3,2,1,0,1,0,0,0,0,0,0,0,0,0,0,0,0,0,0,1,0,2,2,0,0,0,0,0,0,0,0,0,0,7,105,0,0,0,0,0,0,0,0,0,0,0,0,0,2,0,0,0,0,0,9,37,72,101,126,148,124,199,180,0,4,0,0,0,0,0,0,0,0,0,0,0,6,0,69,212,210,226,238,243,246,248,247,246,242,245,165,0,1,0,0,0,0,0,0,0,0,0,0,0,10,0,102,255,232,237,232,226,226,225,224,223,221,230,155,0,0,0,0,0,0,0,0,0,0,0,0,0,9,0,94,251,226,231,235,235,230,231,231,231,227,233,197,0,0,0,0,0,0,0,0,0,0,0,0,0,2,0,91,252,231,233,230,231,231,233,234,231,230,222,237,20,0,1,0,0,0,0,0,0,0,0,0,1,3,0,124,249,227,234,233,235,231,231,229,233,244,217,220,124,0,0,0,0,0,0,0,0,0,0,0,0,0,0,183,252,224,233,235,233,226,230,237,248,218,206,210,226,18,0,0,0,0,0,0,0,0,0,0,4,0,0,243,251,232,229,230,229,231,233,235,210,181,209,209,210,128,0,0,0,0,0,0,0,0,0,0,1,0,43,241,244,235,230,232,236,237,229,220,212,180,201,230,217,200,0,0,0,0,0,0,0,0,0,0,0,0,207,237,236,241,233,231,234,235,249,229,206,223,238,225,220,230,20,0,0,0,0,0,0,0,0,2,0,18,255,227,222,225,227,232,234,244,235,215,235,241,243,227,216,239,73,0,0,0,0,0,0,0,0,2,0,105,237,225,230,227,229,235,228,230,247,246,244,242,229,215,209,252,84,0,0,0,0,0,0,0,1,0,0,214,235,223,229,231,231,233,241,251,250,241,226,213,201,202,196,249,44,0,0,0,0,0,0,0,4,0,19,255,224,228,230,230,231,231,239,249,236,211,193,200,204,209,207,248,26,0,1,1,1,1,0,0,1,0,62,234,228,227,228,230,229,231,238,239,205,201,228,215,219,215,209,237,0,0,1,0,0,1,0,0,0,0,158,230,239,240,232,231,227,231,237,199,208,255,95,219,225,209,212,226,0,1,1,0,2,3,4,4,0,45,246,229,240,245,243,240,234,241,222,213,255,44,0,244,226,211,216,208,0,1,5,0,0,0,0,0,10,183,228,235,246,239,235,235,232,233,230,249,48,0,0,248,222,213,220,187,0,0,0,0,0,24,70,109,176,212,240,247,247,237,241,235,226,226,255,74,0,0,0,249,223,214,222,164,0,0,28,154,185,187,182,190,189,215,232,243,243,246,239,235,227,248,139,0,0,0,0,250,224,213,226,133,0,0,202,230,211,200,111,128,218,223,229,242,243,245,238,230,237,206,0,0,2,0,0,246,224,214,228,113,0,106,251,237,243,243,255,225,222,222,230,240,246,249,239,226,244,76,0,0,5,0,0,244,227,214,229,83,0,99,239,222,226,229,229,240,244,241,240,246,251,250,224,246,125,0,0,1,2,0,0,206,230,214,227,67,0,0,197,218,220,216,218,217,217,221,219,216,211,205,218,255,0,0,3,0,3,0,0,200,226,210,226,47,0,0,0,43,105,177,221,244,253,254,243,239,239,252,255,48,0,0,0,0,2,0,0,213,241,230,239,54,0,0,0,0,0,0,0,4,48,79,122,130,113,96,5,0,0,0,0,0,2,0,0,159,156,150,154,18,0,6
0,0,0,0,0,0,0,0,0,0,0,0,0,0,0,0,0,0,0,0,0,0,0,0,0,0,0,0,0,0,0,0,0,0,0,0,0,0,0,0,0,0,0,0,0,0,0,0,0,0,0,0,0,0,0,0,0,0,0,0,0,0,0,0,0,0,0,0,0,0,0,0,0,0,0,0,0,0,0,0,0,0,0,0,0,0,0,0,0,0,0,0,0,0,0,0,0,0,0,0,0,0,0,0,0,0,0,0,0,0,0,0,0,0,0,0,0,0,0,0,0,0,0,0,0,0,0,0,0,0,0,0,0,0,0,0,0,0,0,0,0,0,0,0,0,0,0,0,0,0,0,0,0,0,0,0,0,0,0,0,0,0,0,2,0,0,0,0,0,0,0,0,0,0,0,0,0,0,0,1,0,0,57,57,42,21,0,0,0,0,0,0,0,0,102,118,0,0,0,0,0,0,0,0,0,0,0,3,0,0,185,225,220,210,255,210,205,213,154,131,143,138,209,97,0,0,0,0,0,0,0,0,0,0,0,5,0,7,192,197,192,198,212,235,225,232,238,235,237,188,0,0,0,0,0,0,0,0,0,0,0,0,0,6,0,49,200,189,202,222,204,201,200,190,208,207,220,37,0,1,0,0,0,0,0,0,0,0,0,0,0,1,0,102,216,165,195,223,213,225,218,231,229,214,233,199,0,0,0,0,0,0,0,0,0,0,0,0,0,0,0,139,217,174,180,194,199,200,187,206,212,212,214,80,0,0,0,0,0,0,0,0,0,0,0,0,0,0,0,157,231,181,191,175,175,185,214,220,199,212,241,0,0,0,0,0,0,0,0,0,0,0,0,0,0,0,28,202,193,186,220,230,222,220,207,192,198,223,217,0,0,1,0,0,0,0,0,0,0,0,0,5,0,0,197,168,195,224,213,224,232,214,209,211,213,219,183,0,0,0,0,0,0,0,0,0,0,1,4,0,0,115,219,195,211,202,174,161,209,209,215,214,190,210,203,0,0,0,0,2,5,6,7,6,6,0,0,0,145,181,134,216,228,205,191,191,214,209,195,172,190,224,235,0,0,3,1,0,0,0,0,0,0,0,52,191,150,51,131,188,197,221,214,221,229,209,191,182,219,224,206,13,0,4,0,9,113,138,101,56,90,160,199,101,37,151,188,125,120,146,183,195,190,200,208,207,231,214,251,19,0,4,0,150,177,107,138,173,152,113,132,136,180,208,201,191,204,208,199,202,197,213,237,231,198,208,220,0,0,3,80,205,218,177,118,104,135,156,192,202,217,227,240,240,222,204,208,210,212,206,205,213,226,217,196,16,0,4,36,158,193,219,243,241,234,227,225,228,222,216,201,200,213,226,255,246,220,187,188,185,195,181,183,55,0,4,0,0,54,128,176,210,236,234,227,226,229,230,237,235,197,134,71,9,114,233,198,210,214,191,234,69,0,4,0,0,0,0,0,22,71,117,140,151,142,106,68,19,0,0,0,0,4,125,88,96,86,69,66,8,0,2,0,0,0,0,0,0,0,0,0,0,0,0,0,0,0,0,0,0,0,0,0,0,0,0,0,0,0,0,0,0,0,0,0,0,0,0,0,0,0,0,0,0,0,0,0,0,0,0,0,0,0,0,0,0,0,0,0,0,0,0,0,0,0,0,0,0,0,0,0,0,0,0,0,0,0,0,0,0,0,0,0,0,0,0,0,0,0,0,0,0,0,0,0,0,0,0,0,0,0,0,0,0,0,0,0,0,0,0,0,0,0,0,6
0,0,0,0,0,0,0,0,0,0,0,0,0,0,0,0,0,0,0,0,0,0,0,0,0,0,0,0,0,0,0,0,0,0,0,0,0,0,0,0,0,0,0,0,0,0,0,0,0,0,0,0,0,0,0,0,0,0,0,0,0,0,0,0,0,0,0,0,0,1,4,0,0,0,0,0,1,1,4,0,17,163,106,0,0,0,0,0,0,0,0,0,0,0,0,0,0,0,3,2,0,0,0,0,0,0,0,0,0,235,212,0,0,0,0,0,0,0,0,0,0,0,0,0,0,0,2,0,69,241,147,97,34,39,42,47,27,203,187,0,0,0,0,0,0,0,0,0,0,0,0,0,0,0,0,0,191,208,169,223,241,229,214,228,209,208,184,0,0,0,0,0,0,0,0,0,0,0,0,0,0,1,0,0,202,170,159,228,171,179,177,203,210,216,254,0,0,0,0,0,0,0,0,0,0,0,0,0,0,0,0,0,238,174,198,229,161,173,210,223,210,227,210,0,0,0,0,0,0,0,0,0,0,0,0,0,0,2,0,0,250,126,181,233,189,213,216,226,195,239,145,0,0,0,0,0,0,0,0,0,0,0,0,0,0,2,0,40,255,165,185,212,151,215,217,230,196,241,132,0,0,0,0,0,0,0,0,0,0,0,0,0,0,0,0,139,244,166,205,204,188,206,214,234,203,244,121,0,0,0,0,0,0,0,0,0,0,0,0,0,0,0,0,229,220,215,218,193,188,221,217,230,205,255,82,0,0,0,0,0,0,0,0,0,0,0,0,0,0,0,161,237,218,204,196,199,208,213,218,227,225,226,164,0,0,0,0,0,0,0,0,0,0,0,0,0,0,48,255,225,217,189,198,190,212,217,221,229,221,233,200,0,0,0,0,0,0,0,0,0,0,0,0,0,46,255,226,208,191,193,186,214,214,222,221,238,227,224,255,0,0,0,0,0,0,0,0,0,0,3,0,9,255,233,194,194,189,187,178,204,213,221,230,227,214,221,255,54,0,0,0,0,0,0,1,1,0,0,0,235,235,206,165,187,192,148,206,216,227,225,219,207,226,222,255,68,0,0,0,2,5,1,0,0,0,60,216,219,199,221,195,189,195,208,219,221,211,209,211,208,230,226,255,139,0,1,0,0,0,0,0,77,207,255,225,196,128,106,226,195,215,196,204,210,206,221,227,221,234,227,255,183,0,0,0,0,76,157,205,224,210,179,172,115,54,178,245,208,106,190,207,222,233,223,226,232,231,226,246,199,0,0,110,255,255,219,110,60,75,135,189,97,211,232,35,18,49,224,225,226,229,255,251,235,238,255,255,99,0,33,255,197,103,190,204,213,212,219,227,244,249,61,0,45,114,230,225,231,255,155,119,255,244,115,0,0,0,182,243,177,190,254,237,232,226,217,199,174,74,11,110,174,212,223,236,250,108,0,0,0,0,0,0,0,0,207,255,219,222,224,219,217,206,184,170,146,166,211,236,227,235,247,230,78,0,0,0,0,0,8,1,0,0,0,94,209,255,255,255,255,255,255,255,255,255,255,232,215,237,144,3,0,0,0,0,5,1,0,0,2,0,0,0,0,0,36,74,114,146,157,145,118,97,71,41,0,0,0,0,0,0,0,0,0,0,0,0,0,0,0,0,0,0,0,0,0,0,0,0,0,0,0,0,0,0,0,0,0,0,0,0,0,0,0,0,0,0,0,0,0,0,0,0,0,0,0,0,0,0,0,0,0,0,0,0,0,0,0,0,0,0,0,0,0,6
0,0,0,0,0,0,0,0,0,0,0,0,0,0,0,0,0,0,0,0,0,0,0,0,0,0,0,0,0,0,0,0,0,0,0,0,0,0,0,0,0,0,0,0,1,2,0,0,0,0,0,4,0,38,155,0,0,0,0,0,0,0,0,0,0,0,0,0,0,0,0,0,0,0,0,3,4,4,4,4,0,44,112,13,0,0,0,0,0,0,0,0,0,0,0,0,0,0,0,0,2,1,0,0,0,0,0,0,0,0,98,1,0,0,0,0,0,0,0,0,0,0,0,0,0,0,3,0,120,164,106,70,84,76,59,35,81,159,186,0,0,0,0,0,0,0,0,0,0,0,0,0,0,0,4,0,145,177,191,236,224,232,230,216,204,196,124,0,0,0,0,0,0,0,0,0,0,0,0,0,0,1,0,0,148,171,179,215,208,213,210,199,183,187,97,0,0,0,0,0,0,0,0,0,0,0,0,0,0,2,0,0,163,168,187,222,214,218,219,209,177,177,83,0,0,0,0,0,0,0,0,0,0,0,1,0,0,3,0,0,187,161,204,219,212,217,216,213,160,196,64,0,0,0,0,0,0,0,0,0,0,0,0,0,0,1,0,40,193,167,223,216,214,216,214,214,152,207,52,0,0,0,0,0,0,0,0,0,0,0,0,0,0,0,0,108,184,183,226,211,210,211,219,214,145,209,45,0,0,0,1,1,0,0,0,1,0,0,1,0,2,0,9,183,160,201,216,213,212,212,219,209,142,210,37,0,0,0,0,1,0,0,0,0,0,1,0,0,0,0,137,183,155,211,219,210,214,210,220,201,140,215,70,0,0,0,0,0,0,0,0,0,0,0,3,0,0,123,181,137,180,223,211,208,218,214,224,204,140,194,139,0,0,0,0,0,0,0,0,0,1,2,0,6,132,159,131,162,208,219,211,215,214,213,218,211,171,168,198,0,1,0,0,0,1,1,2,3,0,0,29,155,124,118,144,187,221,213,206,214,205,206,253,159,173,185,216,31,0,0,2,1,0,0,0,0,0,105,176,95,101,130,135,231,217,206,211,214,224,222,190,79,180,194,201,58,1,0,0,0,0,0,0,39,148,127,26,62,153,139,58,180,174,171,160,148,118,84,91,157,182,176,196,82,0,0,52,97,74,97,139,144,45,2,69,166,119,120,141,119,144,158,202,200,175,211,236,168,152,151,200,74,0,16,177,154,130,91,117,135,102,154,161,142,86,169,252,255,253,228,189,168,136,129,122,117,130,129,186,29,0,134,168,159,176,183,167,158,173,176,183,178,222,232,178,144,122,113,114,145,168,159,163,176,181,192,234,34,48,183,163,165,157,152,155,152,155,160,187,200,174,156,158,177,200,209,215,216,214,212,209,203,205,191,235,48,97,206,185,184,186,185,183,179,179,182,175,180,190,197,203,199,191,181,183,179,177,179,176,184,185,180,191,40,71,188,215,219,209,210,208,205,197,201,195,198,197,196,193,195,196,198,203,197,205,200,210,197,197,196,214,57,0,0,43,119,226,132,158,176,199,188,211,196,219,201,209,200,192,206,179,209,173,241,154,235,225,219,211,55,0,0,0,0,0,0,0,0,38,1,61,1,96,12,83,13,35,16,0,35,0,13,0,40,43,29,1,0,0,1,3,0,0,0,0,0,0,0,0,0,0,0,0,0,0,0,0,0,0,0,0,0,0,0,0,0,0,0,0,0,0,0,0,0,0,0,0,0,0,0,0,0,0,0,0,0,0,0,0,0,0,0,0,0,6
0,0,0,0,0,0,0,0,0,0,0,0,0,5,8,4,1,3,0,0,1,2,5,0,13,255,0,0,0,0,0,0,0,0,0,0,0,0,0,0,0,0,0,0,0,0,0,2,0,0,0,0,42,141,0,0,0,0,0,0,0,0,0,0,0,0,0,3,0,49,140,19,0,0,0,0,0,0,39,112,170,59,0,0,0,0,0,0,0,0,0,0,0,0,0,7,0,177,255,222,255,79,0,0,0,0,207,255,204,0,0,0,0,0,0,0,0,0,0,0,0,0,0,0,0,195,235,223,234,236,187,231,230,235,219,233,168,0,0,0,0,0,0,0,0,0,0,0,0,0,1,0,0,238,231,224,219,226,239,229,232,227,212,240,139,0,0,0,0,0,0,0,0,0,0,0,0,0,4,0,0,255,229,226,225,219,204,217,214,222,216,241,122,0,0,0,0,0,0,0,0,0,0,0,0,0,5,0,52,241,224,230,224,219,213,223,218,222,213,237,166,0,0,0,0,0,0,0,0,0,0,0,0,0,0,0,138,242,217,234,223,220,215,215,215,223,217,228,231,0,0,0,0,0,0,0,0,0,0,0,0,0,0,0,211,236,223,232,223,220,214,216,216,220,222,219,255,53,0,0,0,0,0,0,0,0,0,0,0,4,0,5,255,228,228,231,223,220,214,216,216,224,218,213,226,181,0,0,0,0,0,0,0,0,0,0,0,3,0,57,237,225,231,230,225,221,214,216,217,222,216,219,214,255,10,0,0,0,0,0,0,0,0,0,0,1,0,121,237,220,233,228,226,219,214,215,218,213,193,212,203,255,68,0,0,0,0,0,0,0,0,0,0,0,0,180,240,223,232,229,227,226,219,215,212,204,213,226,221,255,77,0,0,0,0,0,0,0,0,0,2,0,0,247,232,225,228,222,216,214,209,209,208,213,234,233,224,255,82,0,0,0,0,0,0,0,0,0,1,0,49,255,227,226,227,225,221,224,224,230,239,233,229,228,224,255,60,0,0,0,0,0,0,0,0,0,0,0,160,241,220,227,229,232,230,234,234,232,222,233,233,225,228,248,38,0,0,0,0,0,0,0,0,0,0,8,255,229,223,228,230,228,231,230,225,224,255,237,186,243,224,249,34,0,0,0,1,4,5,2,1,0,0,181,255,217,224,230,227,226,230,231,225,255,201,0,68,255,218,247,20,0,0,1,0,0,0,0,0,0,82,255,220,223,224,225,228,230,226,228,255,112,0,0,112,235,217,250,10,0,0,0,0,20,32,59,126,196,254,234,226,225,225,223,235,229,227,255,77,0,0,0,108,233,221,245,0,0,0,0,150,210,185,185,196,158,177,220,227,226,229,229,229,225,255,61,0,0,6,0,107,231,220,240,0,0,0,67,228,214,204,177,155,173,191,204,226,226,224,231,224,255,107,0,0,0,4,0,107,229,217,232,0,0,0,88,226,221,229,248,250,250,241,223,228,233,235,222,255,157,0,0,0,0,7,0,107,228,214,227,0,0,0,23,207,221,214,215,205,211,217,215,232,232,211,217,203,0,0,0,0,0,7,0,110,224,216,227,0,0,0,0,90,236,233,233,222,212,195,196,191,202,211,255,11,0,0,0,0,0,2,0,108,217,209,189,0,0,0,0,0,0,61,170,232,255,253,244,244,247,255,65,0,0,0,0,0,0,7,0,146,232,216,254,0,0,0,0,0,0,0,0,0,42,70,96,104,65,13,0,0,0,3,0,0,0,2,0,44,69,52,66,0,0,6
0,0,0,0,0,0,0,0,0,0,0,0,0,0,0,0,0,0,0,0,0,0,0,0,0,0,0,0,0,0,0,0,0,0,0,0,0,0,0,0,0,0,0,0,0,0,0,0,0,0,0,0,0,0,0,0,0,0,0,0,0,0,0,0,0,0,0,0,0,0,0,0,0,0,0,0,0,0,0,0,0,0,0,0,0,0,0,0,0,0,0,0,0,0,0,0,4,0,72,158,111,68,0,0,0,0,29,111,106,113,42,0,0,0,0,0,0,0,0,0,0,0,0,0,7,0,152,255,251,255,57,50,62,56,244,255,249,255,216,0,0,0,0,0,0,0,0,0,0,0,0,0,7,0,144,243,222,239,248,253,255,252,241,233,235,249,160,0,0,0,0,0,0,0,0,0,0,0,0,0,0,0,166,249,234,233,226,228,228,227,242,240,236,249,113,0,0,0,0,0,0,0,0,0,0,0,0,1,0,0,208,247,232,241,233,234,233,235,239,236,240,245,130,0,0,0,0,0,0,0,0,0,0,0,0,5,0,10,226,232,241,233,232,233,233,232,236,238,234,255,91,0,0,0,0,0,0,0,0,0,0,0,0,7,0,127,244,229,243,234,232,233,233,231,239,237,233,251,168,0,0,0,0,0,0,0,0,0,0,0,3,0,0,242,233,238,241,235,232,233,233,231,244,233,237,242,249,0,0,0,0,0,0,0,0,0,0,0,6,0,100,244,231,237,243,231,233,233,233,230,240,244,235,232,255,54,0,0,0,0,0,0,0,0,0,1,0,0,235,241,234,239,239,230,231,232,233,232,238,235,239,232,255,152,0,0,0,0,0,0,0,0,0,7,0,95,246,230,239,239,242,232,235,234,232,229,237,236,235,230,249,202,0,0,0,0,0,0,0,0,4,0,0,239,241,236,238,239,240,229,231,232,232,231,237,234,236,232,240,230,0,0,0,0,0,0,0,0,0,0,101,249,229,249,238,241,240,228,232,232,235,240,238,232,235,235,255,217,0,0,0,0,0,0,0,1,0,0,255,241,236,237,241,240,238,230,238,242,242,237,235,239,245,233,255,129,3,6,5,8,7,7,0,0,0,210,254,233,241,242,240,240,240,241,241,232,231,249,243,233,216,182,222,60,1,4,0,0,0,0,0,57,217,252,234,242,239,243,244,244,244,242,237,255,255,219,203,194,192,192,232,31,0,0,15,88,136,176,235,241,248,235,239,245,238,244,243,242,241,237,255,196,129,220,200,200,195,200,224,4,0,155,234,245,245,246,240,234,238,245,243,239,245,244,243,241,242,255,164,0,58,255,190,206,203,206,213,0,100,255,231,233,231,240,239,237,247,245,243,247,242,242,243,241,244,103,0,0,80,255,207,212,201,207,194,0,192,240,239,241,242,242,244,243,237,245,245,240,247,239,239,246,70,0,0,0,59,226,203,204,204,213,169,0,150,229,239,236,238,242,246,251,249,249,252,248,240,244,245,69,0,0,2,0,56,222,201,204,193,210,135,0,0,51,167,236,255,255,244,235,238,239,240,234,242,255,56,0,0,0,8,0,52,231,219,218,209,230,119,0,0,0,0,0,50,94,159,186,202,220,210,202,136,0,0,0,0,0,4,0,19,169,155,140,134,138,40,0,0,0,0,0,0,0,0,0,0,0,0,0,0,0,0,0,0,0,0,0,0,0,0,0,0,0,0,0,0,0,0,0,0,0,0,0,0,0,0,0,0,0,0,0,0,0,0,0,0,0,0,0,0,0,0,0,6
0,0,0,0,0,0,0,0,0,0,0,0,0,0,0,0,0,0,0,0,0,0,0,0,0,0,0,0,0,0,0,0,0,0,0,0,0,0,0,0,0,0,0,0,0,0,0,0,0,0,0,0,0,0,0,0,0,0,0,0,0,0,0,0,0,0,0,0,0,0,0,0,0,0,0,0,0,0,0,0,0,0,0,0,0,0,0,0,0,0,0,0,0,0,0,0,0,0,0,0,0,0,0,0,0,0,0,0,0,0,0,0,0,0,0,0,0,0,0,0,0,0,0,0,0,0,0,0,0,0,0,0,0,0,0,0,0,0,0,0,0,0,0,0,0,0,0,0,0,0,0,0,0,0,0,0,0,0,0,33,132,57,0,0,0,0,0,0,0,0,0,0,0,0,0,0,0,0,0,0,0,0,0,0,39,163,192,224,228,255,104,33,0,0,0,0,0,0,0,0,0,0,0,0,0,0,0,0,2,0,0,175,208,217,221,211,201,212,234,229,208,165,60,0,0,0,0,0,0,0,0,0,0,0,0,0,2,0,84,225,196,202,200,203,206,212,207,214,215,246,206,0,0,0,0,0,0,0,0,0,0,0,0,0,0,0,147,207,201,208,210,208,208,216,220,218,207,224,139,0,0,0,0,0,0,0,0,0,0,0,0,3,0,0,214,207,193,209,216,212,216,220,217,220,212,232,120,0,0,0,0,0,0,0,0,0,0,0,0,0,0,74,234,203,203,207,211,207,212,215,220,222,206,234,141,0,0,0,0,0,0,0,0,0,0,1,3,0,0,188,210,201,208,211,213,211,213,221,218,220,211,230,181,0,0,0,1,0,0,0,0,0,0,1,0,0,130,234,202,208,206,204,211,217,219,224,221,215,214,219,229,0,0,0,0,0,0,0,0,1,3,0,0,73,225,200,200,205,202,204,218,220,216,213,211,209,216,215,255,23,0,0,0,0,1,0,1,0,0,0,60,211,192,203,191,202,207,213,221,217,208,202,201,209,210,212,255,59,1,4,2,0,0,0,0,0,0,118,201,182,198,199,190,199,205,218,213,206,207,202,203,210,210,208,255,83,0,0,0,0,0,0,0,66,181,208,174,180,192,201,198,196,197,209,203,206,209,206,209,211,214,211,224,57,0,31,143,155,149,135,159,200,174,163,182,189,202,197,198,201,206,213,210,215,215,226,236,229,228,212,250,29,5,180,190,182,172,178,166,164,161,173,178,189,204,198,204,209,218,223,230,232,222,208,199,176,161,151,155,0,73,207,198,189,180,178,168,180,186,193,197,199,202,212,212,217,245,222,190,161,142,137,118,115,120,148,85,0,4,90,162,203,212,214,206,196,196,191,192,204,214,219,221,217,123,20,71,141,113,118,114,116,111,165,37,0,0,0,0,48,140,183,224,240,241,238,249,243,234,185,83,0,0,0,77,169,125,146,149,146,162,151,0,0,0,0,0,0,0,0,2,34,55,79,71,38,8,0,0,0,0,0,39,132,94,90,93,84,95,52,0,0,0,0,0,0,0,0,0,0,0,0,0,0,0,0,0,0,0,0,0,0,0,0,0,0,0,0,0,0,0,0,0,0,0,0,0,0,0,0,0,0,0,0,0,0,0,0,0,0,0,0,0,0,0,0,0,0,0,0,0,0,0,0,0,0,0,0,0,0,0,0,0,0,0,0,0,0,0,0,0,0,0,0,0,0,0,0,0,0,0,0,0,0,0,0,0,0,0,0,0,0,0,0,0,0,0,0,0,0,0,0,0,0,6
0,0,0,0,0,0,0,0,0,0,1,2,0,0,12,27,39,47,47,69,88,106,112,129,102,0,0,0,0,0,0,0,0,0,0,0,0,1,0,2,0,94,193,157,199,201,194,233,228,216,197,196,157,0,4,0,0,0,0,0,0,0,0,0,0,0,0,2,0,82,163,158,167,172,151,192,190,181,181,188,137,0,4,0,0,0,0,0,0,0,0,0,0,0,0,2,0,75,160,163,172,174,153,187,192,193,189,196,143,0,2,0,0,0,0,0,0,0,0,0,0,0,0,2,0,86,162,164,170,168,164,200,199,192,192,196,148,0,2,0,0,0,0,0,0,0,0,0,0,0,0,2,0,107,171,174,175,173,174,201,200,199,193,188,154,0,1,0,0,0,0,0,0,0,0,0,0,0,0,3,0,122,172,170,179,175,168,187,191,205,197,189,173,0,0,0,0,0,0,0,0,0,0,0,0,0,0,2,0,137,167,168,182,179,164,189,191,201,198,192,197,6,0,2,0,0,0,0,0,0,0,0,0,0,0,0,0,149,160,175,175,174,166,193,194,200,192,183,201,5,0,2,0,0,0,0,0,0,0,0,0,0,2,0,5,163,158,173,173,173,165,193,191,193,198,183,187,41,0,3,0,0,0,0,0,0,0,0,0,0,3,0,19,165,158,166,177,165,150,192,191,196,193,182,194,95,0,0,0,0,0,0,0,0,0,0,1,1,5,0,43,177,154,164,173,159,153,182,175,190,181,183,184,153,0,0,0,0,0,0,0,0,0,0,0,0,7,0,97,175,151,168,166,164,157,176,180,184,176,184,174,183,3,0,0,0,0,0,0,0,0,0,0,0,2,0,129,163,154,167,164,154,155,187,180,188,182,185,168,187,51,0,0,0,0,0,0,0,0,0,0,2,0,13,166,159,168,171,173,164,158,188,185,187,179,172,166,187,130,0,0,0,0,0,1,0,0,1,0,6,0,77,181,141,160,167,164,162,163,190,197,177,172,165,164,173,179,0,0,0,0,0,1,0,0,0,2,0,6,151,141,142,156,164,156,157,163,184,187,181,173,170,158,160,197,19,0,0,0,0,0,2,0,3,0,0,130,160,143,141,155,154,151,157,160,189,182,181,171,171,157,158,205,52,0,0,0,0,0,0,6,0,0,98,167,130,142,164,159,159,167,165,156,188,184,179,167,157,148,150,206,54,0,0,0,0,3,3,0,0,120,162,128,149,155,160,155,160,168,166,151,185,175,175,174,175,181,183,231,36,3,2,2,0,0,0,37,154,157,129,140,154,163,160,156,163,164,162,149,197,223,199,204,209,207,191,216,23,4,0,0,1,36,97,164,139,136,149,154,148,153,163,163,165,172,158,181,217,48,119,226,167,174,184,216,22,0,55,115,141,164,172,139,138,139,154,160,154,151,165,172,157,156,200,154,0,0,143,215,162,174,180,213,19,75,158,150,146,146,151,149,134,146,146,153,160,159,158,166,155,209,124,0,0,0,197,193,176,182,185,217,19,94,168,160,172,165,158,156,155,151,151,165,172,171,151,139,204,96,0,0,0,0,232,197,188,185,188,222,10,58,210,207,192,174,167,159,153,141,136,139,157,159,156,192,104,0,0,2,0,1,190,187,185,183,180,205,6,0,61,126,181,217,238,245,248,242,238,247,211,213,255,102,0,3,1,5,0,13,207,200,200,200,201,252,17,0,0,0,0,0,0,7,30,41,58,64,61,66,0,0,0,1,1,3,0,5,123,115,131,130,121,102,0,6
0,0,0,0,0,0,0,0,0,0,0,0,0,0,0,0,0,0,0,0,0,0,0,0,0,0,0,0,0,0,0,0,0,0,0,0,0,0,0,0,0,0,0,0,0,0,0,0,0,0,0,0,0,0,0,0,0,0,0,0,0,0,0,0,0,0,0,0,1,0,46,187,179,154,108,53,12,0,0,0,0,2,0,0,0,0,0,0,0,0,0,0,0,0,0,0,1,0,82,204,194,198,219,232,228,198,133,28,0,0,0,0,0,0,0,0,0,0,0,0,0,0,0,0,1,0,116,213,195,201,199,201,206,218,229,230,182,110,14,0,0,0,0,0,0,0,0,0,0,0,0,0,1,0,122,211,193,195,209,192,185,205,206,193,223,223,219,131,0,0,0,0,0,0,0,0,0,0,0,0,1,0,111,197,195,199,197,189,183,206,227,178,198,144,198,157,0,0,0,0,0,0,0,0,0,0,0,0,1,0,98,186,192,201,203,201,207,215,216,205,254,124,191,85,0,0,0,0,0,0,0,0,0,0,0,0,1,0,108,202,200,209,206,216,234,236,140,183,188,84,255,57,0,0,0,0,0,0,0,0,0,0,0,0,1,0,110,209,197,211,216,225,227,226,232,232,174,168,206,0,0,0,0,0,0,0,0,0,0,0,0,0,0,0,127,205,206,214,214,215,216,214,219,228,164,223,47,0,0,0,0,0,0,0,0,0,0,0,0,0,0,0,171,211,204,208,216,201,208,199,208,199,130,210,0,0,0,0,0,0,0,0,0,0,0,0,0,0,0,34,194,201,215,212,198,213,210,204,203,205,226,153,0,0,0,0,0,0,1,0,0,0,0,0,1,0,50,220,181,194,199,230,229,205,212,219,216,201,208,75,0,0,0,0,0,0,0,0,0,0,0,1,0,0,171,179,189,203,191,144,201,225,201,215,205,204,206,103,0,0,0,0,0,0,0,0,2,0,0,0,0,61,208,179,188,197,239,242,204,194,217,201,212,192,212,143,0,0,0,3,5,8,5,0,0,0,0,20,127,213,180,210,221,196,162,212,194,184,193,218,205,199,214,175,0,0,0,0,0,0,0,0,0,64,146,197,182,181,166,197,238,242,222,241,205,196,202,211,190,216,203,216,27,0,0,0,61,76,95,132,187,175,174,171,172,178,167,158,190,184,188,195,235,238,227,188,201,207,207,225,93,0,6,152,198,188,185,183,179,168,172,177,188,186,195,187,185,192,194,198,194,202,201,206,213,204,206,224,140,0,102,171,178,183,182,175,170,176,174,171,180,188,190,202,211,204,199,195,202,205,195,218,210,196,200,219,143,0,129,143,142,165,177,185,196,199,187,183,192,197,197,210,214,214,216,215,214,207,206,226,217,208,206,212,140,0,58,155,154,146,145,151,160,160,177,183,192,198,198,199,197,192,191,200,205,194,194,195,187,170,166,156,112,0,0,44,136,152,172,176,168,158,157,157,161,158,144,132,135,134,133,137,130,138,138,133,137,155,158,163,164,0,0,0,0,0,37,104,158,175,182,196,196,196,184,192,192,194,196,190,192,187,193,186,199,191,154,150,65,0,0,0,0,0,0,0,0,0,0,20,17,30,27,35,19,24,33,29,62,31,66,46,51,34,9,2,0,0,0,0,0,0,0,0,0,0,0,0,0,0,0,0,0,0,0,0,0,0,0,0,0,0,0,0,0,0,0,0,0,0,0,0,0,0,0,0,0,0,0,0,0,0,0,0,0,0,0,0,0,0,0,0,0,0,6
0,0,0,0,0,0,0,0,0,0,0,0,0,0,0,0,0,0,0,0,0,0,0,0,0,0,0,0,0,0,0,0,0,0,0,0,0,0,0,0,0,0,0,0,0,0,0,0,0,0,0,0,0,0,0,0,0,0,0,0,0,0,0,0,0,0,0,0,0,0,0,0,0,0,0,0,0,0,0,0,0,0,0,0,0,0,0,0,0,0,0,0,0,0,0,0,0,0,0,0,0,0,0,0,0,0,0,0,0,0,0,0,0,0,0,0,0,0,0,0,0,0,0,0,0,0,0,0,0,0,0,0,0,0,0,0,0,0,0,0,0,0,0,0,0,0,0,0,0,0,0,0,0,0,0,0,0,0,0,0,0,0,0,0,0,0,0,0,0,0,0,0,0,0,0,0,0,0,0,0,0,0,25,144,117,54,0,0,0,0,0,0,0,0,19,84,0,0,0,0,0,0,0,0,0,0,0,0,4,0,103,255,243,255,206,189,167,130,88,194,213,84,153,68,0,0,0,0,0,0,0,0,0,0,0,0,0,0,144,237,217,224,235,241,242,244,248,248,241,255,179,0,0,0,0,0,0,0,0,0,0,0,0,0,0,0,221,234,224,227,225,219,219,219,218,230,223,242,59,0,0,0,0,0,0,0,0,0,0,0,0,1,0,0,253,225,229,233,230,224,226,230,233,238,232,242,29,0,0,0,0,0,0,0,0,0,0,0,0,0,0,26,255,226,227,230,227,226,227,230,234,231,233,255,0,0,0,0,0,0,0,0,0,0,0,0,0,2,0,128,255,216,232,228,227,228,228,233,230,227,238,254,0,0,0,0,0,0,0,0,0,0,0,0,2,0,20,255,228,222,230,229,225,226,228,231,236,234,236,249,0,0,0,0,0,0,0,0,0,0,1,0,0,12,242,238,217,230,230,226,226,226,229,228,230,233,229,255,14,0,0,0,0,1,2,1,1,0,0,0,44,241,251,218,226,231,226,228,226,225,228,232,233,234,221,244,59,0,0,3,0,0,0,0,0,0,0,135,255,239,213,229,226,225,229,225,226,229,230,226,227,229,222,241,127,0,0,0,0,0,0,0,60,142,242,255,215,218,227,229,225,223,225,230,228,224,227,229,225,228,221,238,167,0,0,93,201,216,236,243,255,252,222,207,216,217,228,231,230,232,235,232,232,230,227,231,224,223,221,234,179,0,118,238,219,216,220,215,213,214,216,216,230,222,224,230,228,226,222,228,231,234,238,241,242,241,240,254,174,0,150,220,227,230,225,221,225,220,221,218,221,222,224,229,237,244,249,249,255,255,252,227,214,195,166,174,71,0,0,33,121,203,251,255,255,255,255,255,255,255,255,255,254,209,149,98,45,18,0,0,0,0,0,0,0,0,0,0,0,0,2,28,59,80,93,99,102,91,78,28,0,0,0,0,0,6,10,17,16,19,21,31,12,0,0,0,0,0,0,0,0,0,0,0,0,0,0,0,0,0,0,0,0,0,0,0,0,0,0,0,0,0,0,0,0,0,0,0,0,0,0,0,0,0,0,0,0,0,0,0,0,0,0,0,0,0,0,0,0,0,0,0,0,0,0,0,0,0,0,0,0,0,0,0,0,0,0,0,0,0,0,0,0,0,0,0,0,0,0,0,0,0,0,0,0,0,0,0,0,0,0,0,0,0,0,0,0,0,0,0,0,0,0,0,0,0,0,0,0,0,0,0,0,0,0,0,0,0,0,0,0,0,0,0,0,0,0,0,0,0,0,0,0,0,6
0,0,0,0,0,0,0,0,0,0,0,0,0,0,0,0,0,0,0,0,0,0,0,0,0,0,0,0,0,0,0,0,0,0,0,0,0,0,0,0,0,0,0,0,0,0,0,0,0,0,0,0,0,0,0,0,0,0,0,0,0,0,0,0,0,0,0,0,0,0,0,0,0,0,0,0,0,0,0,0,0,0,0,0,0,0,0,0,0,0,0,0,0,0,0,0,0,0,0,0,0,0,0,0,0,0,0,0,0,0,0,0,0,0,0,0,0,0,0,0,0,0,0,0,0,0,0,0,0,0,0,0,0,0,0,0,0,0,0,0,0,0,0,0,0,0,0,0,0,0,0,0,0,0,62,89,88,50,0,0,0,0,0,0,0,0,0,0,0,0,0,0,0,0,0,0,0,0,0,2,0,0,193,243,231,255,72,0,0,0,0,85,223,180,181,49,0,0,0,0,0,0,0,0,1,1,0,3,0,0,209,211,213,232,234,255,255,242,208,226,248,234,255,134,0,0,0,0,0,0,0,0,0,0,0,6,0,19,225,214,226,229,230,234,236,238,241,231,220,215,244,77,0,0,0,0,0,0,0,0,0,2,0,7,0,86,235,221,219,232,230,228,226,230,227,231,233,232,238,28,0,0,0,0,0,0,0,0,0,0,0,0,0,207,221,215,228,233,231,237,235,235,233,234,212,231,254,0,0,0,0,0,0,0,0,0,0,0,7,0,25,222,221,222,227,235,231,232,230,233,235,229,206,237,221,0,0,0,0,0,2,1,0,1,1,5,0,0,165,229,220,226,222,236,232,233,233,235,230,231,231,241,215,0,0,0,0,0,1,0,0,0,0,14,0,78,225,212,211,217,229,230,229,230,231,231,233,233,225,232,244,0,0,0,1,3,4,5,6,8,0,0,16,254,217,215,220,213,225,229,229,230,231,233,231,229,224,222,255,6,1,4,0,0,0,0,0,0,0,37,236,209,202,201,216,210,222,228,228,228,231,233,229,226,228,223,255,87,0,0,0,4,15,26,33,68,169,251,205,199,196,201,210,195,212,216,217,220,220,226,221,224,230,224,255,158,0,134,175,192,198,204,210,214,208,196,197,201,206,210,209,210,218,215,225,227,227,230,231,227,228,221,249,169,91,235,202,203,204,199,195,191,193,206,205,202,210,215,214,221,220,208,228,231,229,196,230,236,233,228,253,149,188,222,215,204,210,197,196,208,199,203,205,211,222,217,224,222,222,225,234,241,245,236,237,236,233,227,245,133,96,190,214,229,230,220,219,224,205,199,222,225,225,230,239,243,242,255,231,208,196,195,194,191,189,183,201,112,0,0,63,147,199,238,255,254,255,255,254,255,255,253,214,150,78,14,0,216,209,205,207,212,217,209,236,135,0,0,0,0,0,7,52,100,121,130,142,119,86,31,0,0,0,0,0,198,189,187,186,184,184,173,184,78,0,0,0,0,0,0,0,0,0,0,0,0,0,0,0,0,0,0,0,0,0,0,0,0,0,0,0,0,0,0,0,0,0,0,0,0,0,0,0,0,0,0,0,0,0,0,0,0,0,0,0,0,0,0,0,0,0,0,0,0,0,0,0,0,0,0,0,0,0,0,0,0,0,0,0,0,0,0,0,0,0,0,0,0,0,0,0,0,0,0,0,0,0,0,0,0,0,0,0,0,0,0,0,0,0,0,0,0,0,0,0,0,0,0,0,0,0,0,0,0,0,0,0,0,0,0,0,0,0,0,0,0,0,0,0,0,0,0,0,0,6
0,0,0,0,0,0,0,0,0,0,0,0,0,0,0,0,0,0,0,0,0,0,0,0,0,0,0,0,0,0,0,0,0,0,0,0,0,0,0,0,0,0,0,0,0,0,0,0,0,0,0,0,0,0,0,0,0,0,0,0,0,0,0,0,0,0,0,0,0,0,0,0,0,0,0,0,0,0,0,0,0,0,0,0,0,0,0,0,0,0,0,0,0,0,0,0,0,0,0,0,0,0,0,0,0,0,0,0,0,0,0,0,0,0,0,0,0,0,0,0,0,0,1,0,0,0,0,0,0,5,33,81,66,21,0,0,0,0,0,0,0,0,0,0,0,0,0,0,0,0,0,1,0,0,184,183,229,230,242,254,251,242,241,250,187,158,101,0,0,0,0,0,0,0,0,0,0,0,0,0,0,0,164,217,206,203,204,208,209,206,212,217,210,229,154,0,0,0,0,0,0,0,0,0,0,0,0,0,0,0,138,210,194,198,205,216,211,206,220,210,201,206,33,0,0,0,0,0,0,0,0,0,0,0,0,0,0,0,139,211,187,200,191,180,171,194,220,201,198,214,0,0,0,0,0,0,0,0,0,0,0,1,0,0,1,0,106,202,182,216,192,210,201,212,225,202,208,134,0,0,0,0,0,0,0,0,0,0,0,0,0,0,2,0,83,231,198,192,187,213,190,213,219,189,246,73,0,0,0,0,0,0,0,0,0,0,0,0,0,0,1,0,88,211,186,200,206,219,210,218,220,197,243,30,0,1,0,0,0,0,0,0,0,0,1,2,0,1,0,0,132,219,198,218,202,214,205,220,219,192,223,35,0,1,0,0,0,0,0,0,0,0,0,2,0,2,0,43,204,211,202,217,195,217,205,216,216,190,223,87,0,0,0,0,0,0,0,0,0,0,0,0,0,0,26,180,212,202,207,213,192,219,208,208,211,207,210,135,0,0,0,0,0,0,0,0,0,0,0,0,0,87,192,175,179,180,189,204,189,223,208,210,212,194,207,185,0,0,0,0,0,1,0,1,1,0,0,0,132,184,69,153,172,193,212,199,188,218,210,199,205,203,205,226,0,0,0,1,1,0,0,0,0,0,60,178,191,88,75,150,200,201,182,192,199,220,212,202,210,210,201,209,45,0,0,0,0,0,7,27,71,159,199,154,109,158,188,195,181,194,193,191,200,219,204,206,204,204,204,210,96,0,0,0,93,149,180,185,186,188,166,149,172,166,124,192,218,213,218,201,201,216,207,205,202,205,200,206,136,0,0,96,189,151,121,136,126,150,155,167,162,173,169,180,206,217,221,220,218,229,229,233,234,247,213,220,162,0,34,143,147,172,181,189,201,194,195,210,218,228,236,234,228,224,230,221,226,213,199,198,185,179,163,159,149,0,33,94,104,103,113,126,142,167,201,197,203,192,180,163,148,139,118,111,108,109,111,102,88,92,95,95,138,56,0,1,22,56,84,93,97,91,102,109,111,95,91,100,96,86,88,132,139,141,149,146,143,147,140,126,134,51,0,0,0,0,0,0,11,30,37,36,37,26,27,10,0,0,0,12,42,22,17,15,5,5,3,4,1,0,0,0,0,0,0,0,0,0,0,0,0,0,0,0,0,0,0,0,0,0,0,0,0,0,0,0,0,0,0,0,0,0,0,0,0,0,0,0,0,0,0,0,0,0,0,0,0,0,0,0,0,0,0,0,0,0,0,0,0,0,0,0,0,0,0,0,0,0,0,0,0,0,0,0,0,0,0,0,0,0,0,0,0,0,6
0,0,0,0,0,0,0,0,0,0,0,0,0,0,0,0,0,0,0,0,0,0,0,0,0,0,0,0,0,0,0,0,0,0,0,0,0,0,0,0,0,0,0,0,0,0,0,0,0,0,0,0,0,0,0,0,0,0,0,0,0,0,0,0,0,0,0,0,0,0,0,0,0,0,0,0,0,0,0,0,0,0,0,0,0,0,0,0,0,0,0,0,0,0,0,0,0,0,0,0,0,0,0,0,0,0,0,0,0,0,0,0,0,0,0,0,0,0,0,0,0,0,0,0,0,0,0,0,0,0,0,0,0,0,0,0,0,0,0,0,0,0,0,0,0,0,0,0,0,0,0,0,0,0,0,0,0,0,0,0,0,0,0,0,0,0,0,0,0,0,0,0,0,0,0,0,0,0,0,0,0,0,7,203,174,158,142,129,120,116,93,79,48,49,0,0,0,0,0,0,0,0,0,0,0,0,0,0,0,0,95,236,190,201,210,217,223,233,244,250,209,222,154,0,0,0,0,0,0,0,0,0,0,1,0,0,0,45,210,184,182,193,193,188,185,190,186,181,187,208,142,0,0,0,0,0,0,0,0,0,0,0,3,0,20,234,201,200,189,193,199,194,195,207,213,201,196,210,155,0,0,0,0,0,0,0,0,0,0,0,0,0,145,211,196,186,199,202,198,198,197,202,213,209,203,206,175,0,1,0,0,0,0,0,0,0,1,1,0,113,212,197,211,187,203,194,200,199,194,205,203,202,205,196,184,0,0,0,0,1,4,4,5,0,0,0,46,235,205,181,219,199,200,200,199,200,205,218,196,200,207,195,200,0,3,0,0,0,0,0,0,0,0,105,227,221,212,234,178,179,195,208,208,207,206,214,199,201,197,196,218,0,0,0,0,0,0,43,104,167,238,233,198,206,225,237,227,214,187,172,185,185,181,204,181,185,201,216,235,0,0,44,146,169,193,213,214,210,204,200,217,214,220,233,236,248,245,227,211,207,210,223,243,238,238,221,246,8,9,147,213,204,198,197,194,201,208,211,206,211,208,226,225,222,233,249,246,246,239,222,226,226,219,208,218,75,81,106,118,151,184,210,222,223,233,224,213,218,226,218,226,234,234,240,240,235,233,236,247,255,251,220,255,106,42,167,141,101,91,121,144,166,203,221,225,235,243,242,250,255,246,239,229,219,199,188,173,151,138,135,143,42,0,33,126,182,168,145,121,107,98,101,108,105,106,113,116,114,112,112,114,129,124,131,132,125,131,132,144,67,0,0,0,20,90,137,166,173,173,165,165,165,167,165,165,167,171,175,176,178,175,179,179,180,181,165,161,65,1,0,0,0,0,0,6,26,46,69,74,88,97,99,99,99,100,97,90,82,72,66,54,48,31,22,8,0,0,0,0,0,0,0,0,0,0,0,0,0,0,0,0,0,0,0,0,0,0,0,0,0,0,0,0,0,0,0,0,0,0,0,0,0,0,0,0,0,0,0,0,0,0,0,0,0,0,0,0,0,0,0,0,0,0,0,0,0,0,0,0,0,0,0,0,0,0,0,0,0,0,0,0,0,0,0,0,0,0,0,0,0,0,0,0,0,0,0,0,0,0,0,0,0,0,0,0,0,0,0,0,0,0,0,0,0,0,0,0,0,0,0,0,0,0,0,0,0,0,0,0,0,0,0,0,0,0,0,0,0,0,0,0,0,0,0,0,0,0,0,0,0,0,0,0,0,0,0,0,0,0,0,0,0,0,0,0,0,0,0,0,0,0,0,0,0,6
0,0,0,0,0,0,0,0,0,0,0,0,0,0,0,0,0,0,0,0,0,0,0,0,0,0,0,0,0,0,0,0,0,0,0,0,0,0,0,0,0,0,0,0,0,0,0,0,0,0,0,0,0,0,0,0,0,0,0,0,0,0,0,0,0,0,0,0,0,0,0,0,0,0,0,0,0,0,0,0,0,0,0,0,0,0,0,0,0,0,0,0,0,0,0,0,0,0,0,0,0,0,0,0,0,0,0,0,0,0,0,0,0,0,0,0,0,0,0,0,0,0,0,0,0,0,0,0,0,21,72,119,145,146,148,128,113,63,22,0,0,0,0,0,0,0,0,0,0,0,0,0,1,0,1,125,168,209,191,166,158,167,174,178,204,219,208,0,0,0,0,0,0,0,0,0,0,0,0,0,2,0,2,179,163,168,180,171,179,206,168,185,163,145,163,0,0,0,0,0,0,0,0,0,0,0,0,0,0,0,31,153,167,169,178,181,192,180,182,164,141,181,191,0,0,0,0,0,0,0,0,0,0,0,0,1,0,0,137,176,186,178,173,146,122,145,196,147,143,190,167,0,0,0,0,0,0,0,0,0,0,0,0,1,0,28,160,179,179,171,186,185,176,197,209,189,132,187,147,0,0,0,0,0,0,0,0,0,0,0,0,0,0,109,174,192,173,180,166,175,172,190,196,188,188,195,144,0,0,0,0,0,1,0,0,0,0,0,2,0,34,170,202,177,166,159,154,182,145,135,180,193,191,167,165,0,0,0,0,0,0,0,0,1,0,0,0,0,145,205,169,163,194,155,150,206,143,139,190,178,142,136,230,20,1,0,0,0,0,0,0,0,0,0,0,72,187,164,164,181,176,175,196,187,195,162,170,148,137,137,190,90,0,0,0,0,0,0,0,0,0,0,38,167,168,176,189,163,163,178,166,185,162,151,163,141,150,129,174,87,1,0,0,0,2,4,0,0,0,28,141,149,161,178,164,177,182,187,180,167,151,172,154,155,162,164,182,45,1,1,3,0,0,0,0,20,98,146,136,165,166,165,170,161,164,158,172,165,181,180,153,165,168,153,167,13,0,0,0,0,0,62,103,95,121,141,143,159,163,162,180,163,184,174,170,175,181,140,144,167,173,186,195,0,0,0,19,52,124,138,88,117,120,156,153,160,194,121,136,114,140,194,184,194,195,191,223,230,212,234,92,0,0,66,149,141,156,122,133,178,173,169,161,172,166,110,139,181,189,244,169,133,249,223,213,210,207,207,0,0,57,163,157,148,145,146,153,174,126,121,154,150,151,133,147,204,222,79,0,39,212,202,206,200,222,178,0,0,47,151,187,200,200,192,184,181,169,180,184,194,200,217,209,127,0,0,0,162,255,232,235,232,251,104,0,0,0,0,1,35,88,123,157,177,185,202,206,198,183,105,0,0,0,0,0,36,132,120,110,109,94,0,0,0,0,0,0,0,0,0,0,0,0,0,0,0,0,0,0,1,3,0,0,0,0,0,0,0,0,0,3,0,0,0,0,0,0,0,0,0,0,0,0,0,0,0,0,0,0,0,0,0,0,0,0,0,0,0,0,0,0,0,0,0,0,0,0,0,0,0,0,0,0,0,0,0,0,0,0,0,0,0,0,0,0,0,0,0,0,0,0,0,0,0,0,0,0,0,0,0,0,0,0,0,0,0,0,0,0,0,0,0,0,0,0,0,0,0,0,0,0,0,0,0,0,0,0,0,0,0,0,0,0,0,0,0,0,0,0,0,0,0,0,0,6
0,0,0,0,0,0,0,0,0,0,0,0,0,0,0,0,0,0,0,0,0,0,0,0,0,0,0,0,0,0,0,0,0,0,0,0,0,0,0,0,0,0,0,0,0,0,0,0,0,0,0,0,0,0,0,0,0,0,0,0,0,0,0,0,0,0,0,0,0,0,0,0,0,0,0,0,0,0,0,0,0,0,0,0,0,0,0,0,0,0,0,0,0,0,0,0,0,0,0,0,0,0,0,0,0,0,0,0,0,0,0,0,0,0,0,0,0,0,0,0,0,0,0,0,0,0,0,0,4,8,4,0,0,3,0,15,90,35,0,1,0,0,0,0,0,0,0,0,0,0,0,0,0,0,0,0,0,0,0,0,0,1,0,23,0,4,0,0,0,0,0,0,0,0,0,0,0,0,0,0,0,1,0,0,133,144,82,0,0,0,0,86,129,138,2,0,0,0,0,0,0,0,0,0,0,0,0,0,0,1,0,0,172,198,184,175,170,154,129,189,216,193,1,0,0,0,0,0,0,0,0,0,0,0,0,0,0,5,0,18,172,193,203,220,227,226,226,198,192,179,0,0,0,0,0,0,0,0,0,0,0,0,0,0,0,9,0,60,193,192,206,212,210,211,210,196,198,183,0,0,0,0,0,0,0,0,0,0,0,0,0,0,1,0,0,120,192,195,220,216,212,214,218,191,196,218,0,0,0,0,0,0,0,0,0,0,0,0,0,0,3,0,27,202,188,199,219,211,213,212,216,188,196,216,0,0,0,0,0,0,0,0,0,0,0,0,0,3,0,0,157,200,193,208,215,211,212,216,212,188,200,227,0,0,0,0,0,0,0,0,0,0,0,0,0,4,0,97,209,179,199,217,213,212,213,215,214,200,195,207,20,0,0,0,0,0,0,0,0,0,0,1,6,0,63,224,183,183,209,220,213,212,213,216,210,220,201,212,87,0,0,0,0,0,0,0,0,0,2,0,0,51,195,176,176,197,218,216,215,214,213,217,209,213,210,210,171,0,0,0,3,4,3,4,4,4,0,0,71,190,159,160,183,213,216,210,214,213,218,252,176,158,221,207,215,0,2,1,0,0,0,0,0,0,1,107,148,141,160,172,197,227,224,213,217,215,213,158,59,174,240,217,225,51,0,0,2,33,45,63,94,99,118,131,116,149,182,162,147,156,155,157,188,143,88,108,170,226,220,205,217,115,0,92,181,156,130,118,171,171,175,185,199,202,198,189,177,185,196,206,225,220,229,247,237,211,203,177,201,115,52,188,184,173,115,75,169,178,173,184,200,229,239,229,225,216,195,184,179,176,171,167,171,180,185,185,209,97,170,206,186,193,200,198,191,195,209,221,239,227,222,187,178,193,187,185,198,208,211,217,215,222,230,208,228,136,70,181,215,207,203,201,198,204,212,211,191,183,201,204,215,228,225,255,244,205,205,209,208,207,206,193,198,138,0,0,88,160,216,238,254,255,252,252,253,254,255,255,222,138,75,41,0,136,232,209,252,245,249,235,239,135,0,0,0,0,0,11,44,81,112,127,131,107,80,41,0,0,0,0,0,53,134,60,63,49,38,20,7,0,0,0,0,0,0,0,0,0,0,0,0,0,0,0,0,0,0,0,0,0,0,0,0,0,0,0,0,0,0,0,0,0,0,0,0,0,0,0,0,0,0,0,0,0,0,0,0,0,0,0,0,0,0,0,0,0,0,0,0,0,0,0,0,0,0,0,0,0,0,0,0,0,0,0,0,0,0,0,0,0,0,0,0,0,6
0,0,0,0,0,0,0,0,0,0,0,0,0,0,0,0,0,0,0,0,0,0,0,0,0,0,0,0,0,0,0,0,0,0,0,0,0,0,0,39,58,69,72,75,81,81,66,55,40,22,16,0,0,1,1,0,0,0,0,0,0,0,0,0,2,0,34,187,194,192,198,210,213,212,213,213,209,207,201,14,0,4,1,0,0,0,0,0,0,0,0,0,1,0,17,148,146,142,139,148,160,164,169,168,171,175,196,9,0,9,0,0,0,0,0,0,0,0,0,0,1,0,17,156,182,179,167,172,179,173,167,171,179,195,200,0,0,0,0,0,0,0,0,0,0,0,0,0,2,0,19,130,138,147,158,170,181,187,182,199,208,220,186,109,217,64,0,0,0,0,0,0,0,0,0,0,2,0,65,196,184,193,195,185,185,184,174,162,148,144,147,195,171,200,37,0,0,0,0,0,0,0,0,0,5,0,78,183,175,184,179,172,175,168,179,188,210,215,199,222,158,181,172,0,0,0,0,0,0,0,0,0,2,0,94,174,181,177,181,176,188,197,207,237,220,182,173,243,193,85,217,58,0,0,0,0,0,0,0,0,0,0,112,173,162,158,162,179,202,203,213,176,153,192,194,203,227,159,192,82,0,0,0,0,0,0,0,0,0,0,110,142,163,156,173,188,194,181,157,161,196,194,176,203,230,88,238,75,0,0,0,0,0,1,0,1,0,1,144,154,168,167,175,179,183,164,176,202,174,162,170,183,141,56,113,0,0,0,1,1,1,1,0,2,0,15,161,142,161,163,155,177,157,169,182,169,161,167,168,190,135,81,73,0,0,0,1,0,0,0,0,2,0,61,167,143,184,168,169,150,164,190,163,155,160,167,167,173,189,83,66,0,1,0,0,0,0,1,0,1,0,91,168,167,174,168,160,138,185,151,162,150,157,168,150,176,172,138,52,0,0,0,0,0,0,0,2,1,1,145,188,167,139,169,154,180,157,125,135,148,167,171,149,175,121,218,27,0,0,0,0,0,0,1,4,0,32,174,167,137,138,167,158,169,130,143,168,166,153,154,161,227,43,189,0,0,0,0,0,0,1,0,2,0,80,157,139,164,163,154,164,149,131,172,183,174,179,202,195,254,10,125,0,0,0,0,0,0,2,3,0,9,132,143,157,175,150,137,163,143,150,183,166,144,241,189,181,218,3,145,34,0,0,0,0,2,2,0,0,73,133,141,144,143,142,151,176,150,187,235,0,71,247,187,190,218,0,41,34,0,2,0,0,0,0,3,53,121,122,126,133,143,161,172,166,171,235,35,0,104,239,193,192,212,0,0,0,0,0,1,11,53,69,103,132,119,125,132,151,172,170,175,169,230,36,0,0,86,244,190,194,213,0,0,2,0,1,57,100,87,96,121,124,119,143,154,158,160,174,170,236,96,0,1,0,87,210,189,193,214,0,0,2,0,59,124,98,111,116,126,151,156,167,168,166,174,169,188,158,0,1,2,0,87,210,189,195,181,0,0,2,0,54,157,193,193,173,155,153,145,145,147,157,160,185,225,0,0,1,2,0,94,219,197,203,190,0,0,2,0,0,0,41,115,189,224,250,248,238,226,198,212,252,29,0,5,0,6,0,117,224,200,199,233,17,0,2,0,0,0,0,0,0,0,2,34,66,97,142,123,4,0,0,0,0,2,0,0,0,0,0,0,0,0,0,0,0,0,0,0,0,0,0,0,0,0,0,0,0,0,0,0,0,0,0,0,0,0,0,0,0,0,0,0,6
0,0,0,0,0,0,0,0,0,0,0,0,0,0,0,0,0,0,0,0,0,0,0,0,0,0,0,0,0,0,0,0,0,0,0,0,0,0,0,0,0,0,0,0,0,0,0,0,0,0,0,0,0,0,0,0,0,0,0,0,0,0,0,0,0,0,0,0,0,0,0,0,0,0,0,0,0,0,0,0,0,0,0,0,0,0,0,0,0,0,0,0,0,0,0,0,0,0,0,0,0,0,0,0,0,0,0,0,0,0,0,0,0,0,0,0,0,0,0,0,0,0,0,0,0,0,0,0,0,0,0,0,0,0,0,0,0,0,0,0,0,0,0,0,0,0,0,0,0,1,0,1,0,0,3,0,13,13,0,0,0,0,0,0,0,0,41,24,0,0,0,0,0,0,0,0,0,0,2,1,1,2,0,0,110,134,32,0,0,0,0,0,54,92,42,27,0,0,0,0,0,0,0,0,0,0,2,0,1,3,0,11,119,82,169,210,169,158,148,107,145,177,69,38,0,0,0,0,0,0,0,0,0,0,0,0,0,6,0,43,116,72,193,207,205,212,246,123,105,156,71,0,0,0,0,0,0,0,0,0,0,0,0,1,0,2,0,84,110,96,216,188,187,188,206,97,106,154,4,0,0,0,0,0,0,0,0,0,0,0,0,0,1,0,14,122,108,159,221,192,197,197,223,100,95,141,0,0,0,0,0,0,0,0,0,0,0,1,0,1,0,0,77,134,95,196,207,194,202,195,222,105,109,110,0,0,0,0,0,0,0,0,0,0,0,1,1,0,0,40,115,99,121,220,196,199,201,203,221,101,103,140,4,0,1,0,0,0,0,0,0,1,1,1,2,0,9,108,101,84,173,210,191,196,199,200,222,109,95,159,14,0,0,0,0,0,1,1,1,1,1,2,0,17,108,97,99,124,210,189,189,190,189,191,220,106,86,165,50,0,0,0,1,2,2,3,3,0,0,0,30,99,96,89,91,190,218,194,202,209,218,238,200,94,106,149,86,0,2,4,0,0,0,0,0,0,6,65,92,80,71,115,40,103,188,178,176,172,147,116,71,107,133,135,96,0,0,0,0,14,32,31,44,54,63,97,67,74,83,110,93,50,70,82,84,103,100,96,119,144,131,152,91,0,0,56,155,87,39,53,66,84,82,87,93,113,85,103,140,148,138,107,96,101,86,105,119,82,111,149,57,0,37,169,157,128,71,56,48,71,99,115,139,163,171,142,107,75,69,94,116,149,158,180,178,190,204,202,153,0,87,204,187,148,130,122,119,116,105,103,100,97,91,128,173,231,250,255,213,207,208,200,202,203,193,201,162,0,0,66,183,186,190,180,169,169,175,181,189,201,217,210,223,172,103,18,185,210,207,210,213,211,214,228,180,0,0,0,0,15,68,141,186,195,216,199,178,140,99,4,0,0,0,0,135,212,166,150,151,134,106,103,44,0,4,0,0,0,0,0,0,0,0,0,0,0,0,0,0,1,0,0,0,0,0,0,0,0,0,0,0,0,0,0,0,0,0,0,0,0,0,0,0,0,0,0,0,0,0,0,0,0,0,0,0,0,0,0,0,0,0,0,0,0,0,0,0,0,0,0,0,0,0,0,0,0,0,0,0,0,0,0,0,0,0,0,0,0,0,0,0,0,0,0,0,0,0,0,0,0,0,0,0,0,0,0,0,0,0,0,0,0,0,0,0,0,0,0,0,0,0,0,0,0,0,0,0,0,0,0,0,0,0,0,0,0,0,0,0,0,0,0,0,0,6
0,0,0,0,0,0,0,0,0,0,0,0,0,0,0,0,0,0,0,0,0,0,0,0,0,0,0,0,0,0,0,0,0,0,0,0,0,0,0,0,0,0,0,0,0,0,0,0,0,0,0,0,0,0,0,0,0,0,0,0,0,0,0,0,0,0,0,0,0,0,0,0,0,0,0,0,0,0,0,0,0,0,0,0,0,0,0,0,0,0,0,0,0,0,0,0,0,0,0,0,0,0,0,0,0,0,0,0,0,0,0,0,0,0,0,0,0,0,0,0,0,0,0,0,0,0,0,0,0,0,0,0,0,0,0,0,0,0,0,0,0,0,0,0,0,0,0,0,0,0,0,0,0,1,1,0,0,35,0,0,0,0,0,0,0,0,0,0,0,0,0,0,0,0,0,0,0,0,0,1,0,0,0,0,45,211,82,0,0,1,2,2,2,3,1,0,0,0,0,0,0,0,0,0,0,0,0,0,0,0,1,2,154,169,179,0,0,0,0,0,0,0,0,0,0,0,0,0,0,0,0,0,1,1,0,2,0,0,128,123,150,167,170,67,2,13,10,21,41,32,0,0,0,0,0,0,0,0,0,0,0,0,1,2,0,72,166,164,137,135,196,252,220,201,218,195,211,165,0,0,0,0,0,0,0,0,0,0,0,0,0,0,0,32,124,111,200,199,149,162,234,219,210,197,190,145,0,0,0,0,0,0,0,0,0,0,0,0,0,0,0,60,241,181,120,171,136,156,241,212,200,188,196,170,0,0,0,0,0,0,2,0,0,0,0,0,0,54,94,112,160,209,253,164,172,196,187,185,181,171,197,143,0,0,0,0,0,0,0,2,1,0,2,0,20,106,180,154,88,156,197,255,225,161,149,145,146,129,153,112,0,0,0,0,0,0,0,1,0,2,0,0,30,113,142,156,88,208,180,183,179,184,186,192,197,181,193,184,0,0,0,0,2,2,1,0,0,0,0,38,140,181,161,149,238,204,196,210,202,196,194,182,161,150,126,179,27,0,2,0,0,0,0,0,0,1,52,93,111,166,239,253,201,185,180,150,142,143,139,138,136,145,144,193,47,0,0,0,26,58,67,70,96,124,107,96,108,121,123,134,144,153,150,157,173,191,198,192,202,202,168,194,75,0,0,48,157,90,59,100,105,82,69,104,142,136,156,173,197,212,214,215,208,204,196,200,199,184,170,175,103,0,0,134,175,158,139,136,126,141,163,164,167,181,189,197,189,191,188,182,183,181,182,191,193,182,187,177,135,0,39,114,107,138,193,223,221,210,201,199,199,194,189,188,184,175,172,173,175,185,188,183,184,181,187,153,124,0,59,225,169,141,100,94,113,140,159,170,175,175,170,153,157,159,162,156,155,145,136,129,136,129,128,114,160,61,0,12,130,207,238,235,209,177,151,142,146,146,155,175,191,205,208,217,220,206,194,198,201,198,205,218,244,71,0,0,0,0,16,60,114,167,190,184,192,177,172,154,111,60,36,56,111,166,187,190,181,177,165,146,77,0,0,0,0,0,0,0,0,0,0,0,0,0,0,0,0,0,0,0,0,0,0,0,0,0,0,0,0,0,0,0,0,0,0,0,0,0,0,0,0,0,0,0,0,0,0,0,0,0,0,0,0,0,0,0,0,0,0,0,0,0,0,0,0,0,0,0,0,0,0,0,0,0,0,0,0,0,0,0,0,0,0,0,0,0,0,0,0,0,0,0,0,0,0,0,0,0,0,0,0,0,0,0,0,0,0,0,0,0,0,0,0,0,6
0,0,0,0,0,0,0,0,0,0,0,3,0,53,128,112,151,149,127,114,100,86,23,0,0,0,0,0,0,0,0,0,0,0,0,0,0,0,0,8,0,114,255,226,253,255,255,255,226,211,188,0,0,0,0,0,0,0,0,0,0,0,0,0,0,0,0,7,0,64,216,189,218,233,222,213,203,189,144,0,0,0,0,0,0,0,0,0,0,0,0,0,0,0,0,3,0,71,230,202,234,237,236,228,220,197,38,0,0,0,0,0,0,0,0,0,0,0,0,0,0,0,0,1,0,100,225,197,225,235,234,216,235,181,44,0,0,0,0,0,0,0,0,0,0,0,0,0,0,0,0,0,0,133,216,191,226,239,235,225,240,167,0,0,0,0,0,0,0,0,0,0,0,0,0,0,0,0,0,0,0,134,215,201,230,242,231,220,238,171,0,0,0,0,0,0,0,0,0,0,0,0,0,0,0,0,0,0,0,151,214,201,231,237,243,226,240,181,0,0,0,0,0,0,0,0,0,0,0,0,0,0,0,0,0,0,0,183,211,201,236,240,237,228,225,219,0,0,0,0,0,0,0,0,0,0,0,0,0,0,0,0,2,0,2,209,200,206,239,249,245,227,222,233,163,0,0,0,0,0,0,0,0,0,0,0,0,0,0,0,4,0,26,227,192,215,243,245,231,228,216,199,255,86,0,0,0,0,0,0,0,0,0,0,0,0,0,0,1,0,70,229,193,218,241,235,219,226,225,177,170,251,9,0,0,0,0,0,0,0,0,0,0,0,0,1,0,0,171,206,192,225,248,237,217,243,191,27,191,255,84,0,0,0,0,0,0,0,0,0,0,0,0,2,0,0,213,187,185,212,253,228,226,235,201,200,255,227,85,0,0,0,0,0,0,0,0,0,0,0,0,5,0,49,219,194,217,220,215,205,228,236,255,255,211,196,66,0,0,0,0,0,0,0,0,0,0,0,0,2,0,87,223,191,213,230,234,215,228,255,229,170,153,224,45,0,0,0,0,0,0,0,0,0,0,0,0,0,0,139,215,184,203,217,224,255,231,187,147,177,210,228,15,0,0,0,0,0,0,0,0,0,0,0,0,0,0,184,194,196,210,213,246,247,153,185,225,226,214,214,0,0,0,0,0,0,0,0,0,2,5,4,1,0,32,207,190,193,207,231,255,180,224,156,134,224,208,210,0,0,0,0,0,0,0,0,0,0,0,0,0,0,151,195,191,194,225,254,206,207,194,0,124,228,209,199,0,0,0,0,0,0,0,0,0,0,66,102,138,176,183,178,183,225,248,235,199,224,0,0,161,222,207,183,0,0,0,0,0,0,0,0,50,220,163,84,75,109,116,177,224,239,243,201,249,27,0,0,164,219,206,168,0,0,0,0,0,0,0,0,112,195,168,149,122,155,209,254,254,244,221,222,119,0,0,0,176,215,205,148,0,0,0,0,0,0,0,0,60,171,183,215,225,217,217,231,235,222,220,175,0,0,0,0,183,210,206,134,0,0,0,0,0,0,0,0,0,173,170,174,168,175,177,178,183,188,236,48,0,2,0,0,192,208,206,119,0,0,0,0,0,0,0,0,0,218,211,205,199,188,180,183,176,202,210,0,0,0,0,0,160,206,200,93,0,0,0,0,0,0,0,0,0,2,78,182,217,249,255,235,216,255,69,0,0,1,0,0,193,214,216,110,0,0,0,0,0,0,0,0,0,0,0,0,0,42,81,94,144,77,0,0,0,2,0,0,81,53,71,34,0,0,0,0,6
0,0,0,0,0,0,0,0,0,0,0,0,0,0,0,0,0,0,0,0,0,0,0,0,0,0,0,0,0,0,0,0,0,0,0,0,0,0,0,0,0,0,0,0,0,0,0,0,0,0,0,0,0,0,0,0,0,0,0,0,0,0,0,0,0,0,0,0,0,0,0,0,0,0,0,0,0,0,0,0,0,0,0,0,0,0,0,0,0,0,0,0,0,0,0,0,0,0,0,0,0,0,0,0,0,0,0,0,0,0,0,0,0,0,0,0,0,0,0,0,0,0,0,0,0,0,0,0,0,0,0,0,0,0,0,0,112,109,0,0,0,0,0,0,0,0,0,0,0,0,0,0,0,0,0,0,0,0,0,1,0,0,0,85,180,192,0,0,0,0,0,0,0,0,0,0,1,0,0,2,5,0,3,7,3,4,3,0,0,24,164,165,108,204,140,0,0,0,0,0,0,0,0,0,2,1,0,0,0,0,0,0,0,0,0,0,101,207,158,120,87,197,217,0,0,0,0,0,0,0,0,0,2,3,0,0,93,153,111,69,57,53,104,169,197,160,142,163,65,193,224,70,0,0,0,0,0,0,0,0,0,0,0,122,195,228,232,231,229,255,239,170,150,124,148,75,66,218,212,117,0,0,0,0,0,0,0,0,0,0,39,182,192,211,212,211,198,181,142,154,115,127,171,151,223,234,214,151,0,0,0,0,1,1,0,0,0,0,190,178,213,221,218,217,205,193,168,156,175,228,236,239,230,206,217,101,0,0,0,0,0,0,0,0,0,151,179,199,225,218,217,215,206,201,192,219,235,214,201,193,183,180,209,16,0,0,0,0,0,0,3,0,36,200,190,217,223,218,216,215,209,208,227,228,179,178,196,187,199,199,204,9,0,0,0,0,0,0,0,0,172,197,212,225,230,230,225,222,220,221,214,161,216,214,156,213,183,195,192,0,2,0,0,1,6,0,0,156,201,210,216,214,215,201,202,208,208,211,177,234,189,0,23,233,191,193,178,0,1,3,0,0,0,0,60,210,188,187,195,202,206,213,220,212,203,168,253,149,0,0,71,230,187,195,162,0,0,0,0,0,20,106,197,212,223,227,228,230,232,224,225,222,179,237,124,0,0,0,70,229,183,196,137,0,3,77,111,123,151,138,104,151,185,196,205,213,213,219,224,197,235,137,0,0,6,0,69,198,181,197,101,0,139,205,189,175,148,88,98,158,182,195,198,208,218,226,209,225,170,0,0,1,5,0,65,196,180,193,75,0,183,219,207,213,216,219,217,226,217,203,207,214,217,209,202,205,0,0,0,0,0,0,61,188,173,188,44,0,97,199,196,201,201,208,213,215,218,216,217,217,211,214,237,22,0,1,0,0,6,0,73,216,192,201,23,0,0,0,3,38,99,127,159,182,197,204,210,203,190,151,23,0,0,0,0,0,3,0,43,159,116,131,2,0,0,0,0,0,0,0,0,0,0,0,0,0,0,0,0,0,0,0,0,0,0,0,0,0,0,0,0,0,0,0,0,0,0,0,0,0,0,0,0,0,0,0,0,0,0,0,0,0,0,0,0,0,0,0,0,0,0,0,0,0,0,0,0,0,0,0,0,0,0,0,0,0,0,0,0,0,0,0,0,0,0,0,0,0,0,0,0,0,0,0,0,0,0,0,0,0,0,0,0,0,0,0,0,0,0,0,0,0,0,0,0,0,0,0,0,0,0,0,0,0,0,0,0,0,0,0,0,0,0,0,0,0,0,0,0,0,0,0,0,0,6
0,0,0,0,0,0,0,0,0,0,0,0,0,0,0,0,0,0,0,0,0,0,0,0,0,0,0,0,0,0,0,0,0,0,0,0,0,0,0,0,0,0,0,0,0,0,0,0,0,0,0,0,0,0,0,0,0,0,0,0,0,0,0,0,0,0,0,0,0,0,0,0,0,0,0,0,0,0,0,0,0,0,0,0,0,0,0,0,0,0,0,0,0,0,0,0,0,0,0,0,0,0,0,0,0,0,0,0,0,0,0,0,0,0,0,0,0,0,0,0,0,0,0,0,0,0,57,68,45,87,27,0,0,0,0,15,23,5,0,0,0,0,0,0,0,0,0,0,0,0,0,1,0,0,207,249,229,255,255,252,255,254,249,255,226,204,255,89,0,0,0,0,0,0,0,0,0,0,0,1,0,0,192,228,223,225,230,237,235,238,230,214,202,203,219,47,0,0,0,0,0,0,0,0,0,0,0,2,0,0,206,229,229,232,231,230,229,230,223,208,204,202,246,27,0,0,0,0,0,0,0,0,0,0,0,1,0,0,222,226,231,227,231,236,236,237,221,202,202,204,238,0,0,0,0,0,0,0,0,0,0,0,0,1,0,71,238,218,226,232,233,235,236,233,215,209,204,218,205,0,0,0,0,0,0,0,0,0,0,0,1,0,0,188,211,228,229,230,235,233,236,232,221,222,207,226,194,0,0,0,0,0,0,0,0,0,0,0,0,0,86,235,215,240,224,232,236,232,237,232,229,227,199,217,202,0,0,0,0,0,0,0,0,0,0,2,0,0,208,208,222,233,223,235,231,234,235,228,224,232,213,210,221,0,0,0,0,0,0,0,0,0,0,0,0,145,225,196,234,230,225,233,232,234,238,222,235,253,237,226,248,12,0,0,0,0,0,0,0,0,2,0,44,232,185,231,235,227,225,233,235,224,236,240,195,214,237,224,245,46,0,0,0,0,0,0,0,0,0,0,200,202,206,235,226,221,224,231,230,236,254,160,0,50,226,222,235,69,0,0,0,0,1,2,4,0,0,134,233,181,234,219,226,225,226,232,225,202,161,125,164,227,245,204,226,40,1,1,6,9,0,0,0,0,93,235,190,200,221,220,221,229,205,214,226,217,228,254,252,234,189,185,206,3,0,0,0,0,0,0,33,123,204,194,179,200,214,224,230,229,238,241,228,208,211,190,171,179,194,215,223,0,0,0,42,96,117,151,177,183,176,167,184,215,228,224,233,232,215,202,225,237,173,161,247,222,218,206,221,0,13,139,164,159,159,164,161,164,167,194,228,231,230,230,213,213,225,201,113,8,0,50,255,206,210,203,209,0,105,224,194,185,180,179,186,201,217,229,229,229,227,220,239,184,76,0,0,0,0,86,255,210,211,209,203,0,6,125,172,208,216,222,232,238,239,234,235,237,218,198,82,0,0,0,0,4,0,78,225,204,204,204,188,0,0,0,0,19,81,129,176,213,228,232,225,168,80,0,0,0,1,2,0,5,0,100,244,224,222,225,212,0,0,0,0,0,0,0,0,0,0,0,0,0,0,0,0,1,0,1,0,0,0,27,115,95,104,102,51,0,0,0,0,0,0,0,0,0,0,0,0,0,0,0,0,0,0,0,0,0,0,0,0,0,0,0,0,0,0,0,0,0,0,0,0,0,0,0,0,0,0,0,0,0,0,0,0,0,0,0,0,0,0,0,0,0,0,0,0,0,0,0,0,0,0,0,0,0,0,0,0,0,0,0,0,0,0,0,0,0,0,0,0,0,6
0,0,0,0,0,0,0,0,0,0,0,0,0,0,0,0,0,0,0,0,0,0,0,0,0,0,0,0,0,0,0,0,0,0,0,0,0,0,0,0,0,0,0,0,0,0,0,0,0,0,0,0,0,0,0,0,0,0,0,0,0,0,0,0,0,0,0,0,0,0,0,0,0,0,0,0,0,0,0,0,0,0,0,0,0,0,0,0,0,0,0,0,0,0,0,0,0,0,0,0,0,0,0,0,0,0,0,0,0,0,0,0,0,0,0,0,0,0,0,0,0,0,0,0,0,0,0,0,0,0,0,0,0,0,0,0,0,0,0,0,0,0,0,0,0,0,0,0,0,0,0,0,0,0,0,0,0,0,0,0,0,0,0,0,0,0,0,0,0,0,0,0,0,0,0,0,0,0,0,0,0,0,0,0,0,0,0,0,0,0,0,0,0,0,0,0,0,0,0,0,0,0,0,0,0,0,0,0,0,0,0,0,117,85,36,0,0,0,0,0,0,0,0,0,0,0,0,0,0,0,0,0,0,0,0,0,1,0,0,97,182,176,199,191,196,183,161,136,129,83,0,0,0,0,0,0,0,0,0,0,0,0,0,0,0,0,0,183,209,180,164,189,204,199,190,183,185,150,0,0,0,0,0,0,0,0,0,0,0,0,0,0,0,0,157,195,188,148,183,192,187,187,183,175,159,139,0,0,0,0,1,1,0,0,0,0,0,0,0,1,0,119,183,176,166,184,196,184,182,194,197,167,158,148,0,0,0,0,1,1,0,0,0,0,0,1,0,0,13,159,174,184,182,182,195,193,193,185,172,154,156,176,0,0,0,0,1,0,0,0,0,1,1,1,0,1,133,175,165,184,167,154,179,188,185,178,176,149,143,176,0,0,1,0,0,0,1,1,0,0,0,0,38,177,165,117,172,177,161,156,159,172,178,192,192,167,164,197,36,0,0,0,0,0,0,0,0,0,10,62,132,137,119,150,133,157,173,175,175,176,165,170,183,180,164,175,112,0,0,63,87,92,90,87,86,107,113,124,149,149,156,122,128,136,175,187,185,180,161,164,165,148,151,173,144,0,48,109,93,79,92,100,99,83,76,87,165,163,173,172,171,162,158,174,179,177,164,165,170,165,166,173,157,0,149,170,144,130,121,97,83,79,93,95,105,110,119,148,159,176,168,165,174,176,176,176,182,185,188,179,209,94,22,164,205,195,180,161,131,102,96,107,122,126,128,140,166,180,195,193,194,198,201,199,201,198,199,192,200,177,0,0,48,151,179,200,207,218,194,187,182,189,207,233,245,241,243,244,243,240,231,225,225,217,212,209,255,139,0,0,0,0,0,25,66,132,183,167,200,176,187,156,127,123,120,121,117,137,153,173,163,189,158,140,59,0,0,0,0,0,0,0,0,0,0,0,0,0,0,0,0,0,0,0,0,0,0,0,0,0,0,0,0,0,0,0,0,0,0,0,0,0,0,0,0,0,0,0,0,0,0,0,0,0,0,0,0,0,0,0,0,0,0,0,0,0,0,0,0,0,0,0,0,0,0,0,0,0,0,0,0,0,0,0,0,0,0,0,0,0,0,0,0,0,0,0,0,0,0,0,0,0,0,0,0,0,0,0,0,0,0,0,0,0,0,0,0,0,0,0,0,0,0,0,0,0,0,0,0,0,0,0,0,0,0,0,0,0,0,0,0,0,0,0,0,0,0,0,0,0,0,0,0,0,0,0,0,0,0,0,0,0,0,0,0,0,0,0,0,0,0,0,0,0,6
0,0,0,0,0,0,0,0,0,0,0,0,0,0,0,0,0,0,0,0,0,0,0,0,0,0,0,0,0,0,0,0,0,0,0,0,0,0,0,0,0,0,0,0,0,0,0,0,0,0,0,0,0,0,0,0,0,0,0,0,0,0,0,0,0,0,0,0,0,0,0,0,0,0,0,0,0,0,0,0,0,0,0,0,0,0,0,0,0,0,0,0,0,0,0,0,0,0,0,0,0,0,0,0,0,0,0,0,0,0,0,0,0,0,0,0,0,0,0,0,0,0,0,0,0,1,0,0,0,162,91,54,67,63,75,69,63,78,4,0,0,0,0,0,0,0,0,0,0,0,0,0,0,5,0,17,166,207,199,226,236,255,255,230,222,225,57,0,0,0,0,0,0,0,0,0,0,0,0,0,0,3,0,71,205,193,201,236,213,218,216,209,198,205,37,0,0,0,0,0,0,0,0,0,0,0,0,0,3,0,21,194,204,185,140,159,239,241,215,212,208,203,25,0,0,0,0,0,0,0,0,0,0,0,0,0,5,0,61,197,189,204,231,121,138,228,212,214,206,214,42,0,0,0,0,0,0,0,0,0,0,0,0,0,1,0,93,216,191,195,238,168,213,245,232,212,198,215,58,0,0,0,0,0,0,0,0,0,0,0,0,0,0,0,157,204,204,176,169,169,218,229,228,203,200,211,41,0,0,0,0,0,0,0,0,0,0,0,0,3,0,1,233,177,193,207,247,255,234,223,214,210,199,208,26,0,0,0,0,0,0,0,0,0,0,1,0,2,0,60,209,169,167,165,199,231,230,213,206,203,196,217,65,0,0,0,0,0,0,0,0,0,0,0,0,0,15,180,164,170,182,227,232,213,203,201,195,199,200,220,145,0,0,0,0,0,0,0,0,0,0,0,0,8,208,209,194,188,232,240,223,202,203,207,208,213,203,208,179,0,0,0,0,0,0,0,0,0,1,0,0,175,172,189,206,217,220,212,204,207,210,216,223,212,204,207,219,0,0,0,2,5,4,6,5,0,0,4,207,215,199,144,228,210,202,194,199,216,218,206,196,199,212,210,225,7,0,2,0,0,0,0,0,0,34,107,141,193,212,144,217,227,201,195,203,218,223,224,219,217,212,204,230,21,0,0,0,41,47,49,68,126,170,156,153,164,147,221,202,216,213,190,195,204,216,213,212,215,204,200,208,0,0,93,166,132,83,70,92,145,120,214,202,214,244,201,208,220,197,180,184,195,200,192,192,196,196,201,200,1,0,182,207,181,167,127,136,194,205,197,213,223,224,209,210,198,198,212,224,234,212,216,215,203,211,197,233,53,66,194,196,207,215,225,230,231,235,235,239,210,194,204,218,224,226,225,241,204,218,205,201,202,213,203,248,40,59,207,188,188,194,198,203,202,205,207,193,208,214,220,237,230,218,132,8,0,221,212,198,203,200,203,255,49,0,164,216,233,237,228,220,210,209,206,218,216,221,255,169,47,0,0,0,0,255,217,223,214,215,208,255,32,0,0,0,36,64,112,140,160,174,137,178,156,130,84,0,0,0,3,0,0,163,147,172,187,194,204,202,0,0,0,0,0,0,0,0,0,0,0,0,0,0,0,0,0,0,0,0,0,0,0,0,0,0,0,0,0,0,0,0,0,0,0,0,0,0,0,0,0,0,0,0,0,0,0,0,0,0,0,0,0,0,0,0,0,0,0,0,0,0,0,0,0,0,0,0,0,0,0,0,0,0,0,0,0,0,0,0,0,0,0,0,0,6
0,0,0,0,0,0,0,0,0,0,0,0,0,0,0,0,0,0,0,0,0,0,0,0,0,0,0,0,0,0,0,0,0,0,0,0,0,0,0,0,0,0,0,0,0,0,0,0,0,0,0,0,0,0,0,0,0,0,0,0,0,0,0,0,0,0,0,0,0,0,0,0,0,0,0,0,0,0,0,0,0,0,0,0,0,0,0,0,0,0,0,0,0,0,0,0,0,0,0,0,0,0,0,0,0,0,0,0,0,0,0,0,0,0,0,0,0,0,0,0,0,0,0,0,0,0,0,0,0,0,0,0,0,0,0,0,0,21,5,0,0,0,0,0,0,0,0,0,0,0,0,0,0,2,4,4,4,3,3,5,4,2,0,0,0,116,163,0,0,0,0,0,0,0,0,0,0,0,0,0,1,0,0,0,0,0,0,0,0,0,0,0,0,87,143,14,0,0,0,0,0,0,0,0,1,0,0,0,0,21,185,38,22,24,4,50,33,14,78,153,155,141,152,0,0,0,0,0,0,0,0,0,0,3,6,0,3,204,218,181,230,185,173,216,206,170,113,92,108,124,109,0,0,0,0,0,0,0,0,0,0,0,0,0,177,229,203,210,213,212,215,204,209,206,209,128,152,147,234,2,0,0,0,0,0,0,0,0,0,77,93,53,229,232,252,239,214,212,209,217,240,188,201,250,236,230,229,64,1,0,0,0,0,1,0,0,53,235,209,206,210,105,1,143,216,163,215,182,178,222,228,233,210,216,188,46,0,0,0,0,0,0,16,41,124,230,200,225,210,155,0,0,206,174,221,202,68,66,244,217,128,226,172,56,0,1,4,3,0,97,230,219,204,209,238,255,204,210,254,53,157,192,204,235,222,50,230,231,236,244,204,47,0,0,0,0,0,154,226,199,198,255,178,117,228,242,240,254,241,217,213,255,250,93,239,234,230,221,212,71,0,0,20,47,142,60,174,233,240,227,184,178,128,202,248,225,224,231,216,192,232,124,250,221,225,209,224,102,17,233,211,174,135,135,232,236,246,215,218,255,238,184,158,231,244,221,255,210,172,195,195,188,189,185,206,142,160,235,206,211,236,203,194,254,168,85,236,239,227,253,204,114,212,254,210,197,201,197,196,196,195,209,213,57,176,219,217,212,211,222,210,236,181,190,135,221,238,234,234,167,166,195,198,231,232,218,233,229,229,187,79,0,127,236,208,219,216,208,206,198,189,236,230,166,223,193,193,192,191,204,240,91,0,26,58,61,37,0,0,0,3,233,242,217,215,217,219,229,215,222,197,170,164,180,189,192,216,239,51,0,0,0,0,0,0,0,1,1,0,0,162,222,239,231,230,180,120,215,208,201,203,205,220,223,170,1,0,0,1,1,4,6,4,1,0,0,0,0,0,9,109,177,235,236,233,255,247,255,233,230,120,27,0,0,0,2,1,0,0,0,0,0,0,0,0,1,0,0,0,0,0,1,43,44,24,15,0,0,0,0,0,12,0,1,0,0,0,0,0,0,0,0,0,0,0,0,0,0,0,0,0,0,0,0,0,0,0,0,0,0,0,0,0,0,0,0,0,0,0,0,0,0,0,0,0,0,0,0,0,0,0,0,0,0,0,0,0,0,0,0,0,0,0,0,0,0,0,0,0,0,0,0,0,0,0,0,0,0,0,0,0,0,0,0,0,0,0,0,0,0,0,0,0,0,0,0,0,0,0,0,0,0,0,0,0,0,0,0,0,0,0,0,0,0,0,0,0,0,0,0,0,0,0,0,6
0,0,0,0,0,0,0,0,0,0,0,0,0,0,0,0,0,0,0,0,0,0,0,0,0,0,0,0,0,0,0,0,0,0,0,0,0,0,0,0,0,0,0,0,0,0,0,0,0,0,0,0,0,0,0,0,0,0,0,0,0,0,0,0,0,0,0,0,0,0,0,0,0,0,0,0,0,0,0,0,0,0,0,0,0,0,0,0,0,0,0,0,0,0,0,0,0,0,0,0,0,0,0,0,0,0,0,0,0,0,0,0,0,0,0,0,0,0,0,0,0,0,0,0,0,0,0,0,0,0,0,0,0,0,0,0,0,0,0,0,0,0,0,0,0,0,0,0,0,0,0,0,0,0,0,0,0,0,0,0,0,0,0,0,0,0,0,0,0,0,0,0,0,0,0,0,0,0,0,0,0,0,0,0,0,0,0,0,0,0,0,0,0,0,0,0,0,0,0,0,0,0,0,0,0,0,0,0,0,0,0,1,0,32,122,0,0,0,0,0,0,7,4,0,0,0,0,0,0,0,0,0,0,0,0,0,0,4,7,0,0,179,200,125,0,0,0,0,0,0,0,0,0,0,0,0,0,0,0,0,0,0,0,0,0,8,0,0,201,194,192,219,250,241,215,191,154,127,74,0,0,0,0,0,0,0,0,0,0,0,0,0,3,0,0,118,218,187,203,206,212,211,215,221,223,238,206,0,0,0,0,0,0,0,0,0,0,0,0,2,0,0,114,237,182,204,213,211,211,203,203,211,203,219,114,0,1,0,0,0,0,0,0,0,0,0,5,0,0,175,213,181,192,197,208,206,206,212,214,212,199,212,137,0,0,0,0,0,0,0,0,0,0,10,0,10,210,206,165,184,195,207,203,208,211,211,205,202,191,203,187,0,0,1,5,7,5,3,5,3,0,0,0,115,204,158,188,199,199,199,200,206,207,208,209,199,184,195,229,0,0,0,0,0,0,0,0,0,0,2,124,197,148,164,178,185,189,196,202,205,203,198,185,182,179,189,232,43,0,0,79,87,110,93,90,119,160,189,187,172,181,190,193,193,193,192,205,205,205,201,198,202,205,199,241,120,0,107,195,117,64,151,170,163,164,150,148,174,186,182,193,205,218,223,215,210,212,212,218,209,207,199,220,23,58,197,204,193,179,160,164,149,159,170,186,195,200,204,214,213,202,206,222,217,227,222,221,219,215,211,208,0,55,180,201,220,224,219,219,212,213,222,216,212,213,220,216,219,234,255,255,231,214,222,220,217,226,219,232,153,0,0,1,115,158,244,243,251,254,252,244,255,253,254,255,255,165,66,28,224,240,253,255,255,229,205,248,106,0,0,0,0,0,9,0,85,88,96,172,70,163,96,51,68,0,0,0,0,117,7,10,61,0,6,0,0,0,0,0,0,0,0,0,0,0,0,0,0,0,0,0,0,0,0,0,0,0,0,0,0,0,0,0,0,0,0,0,0,0,0,0,0,0,0,0,0,0,0,0,0,0,0,0,0,0,0,0,0,0,0,0,0,0,0,0,0,0,0,0,0,0,0,0,0,0,0,0,0,0,0,0,0,0,0,0,0,0,0,0,0,0,0,0,0,0,0,0,0,0,0,0,0,0,0,0,0,0,0,0,0,0,0,0,0,0,0,0,0,0,0,0,0,0,0,0,0,0,0,0,0,0,0,0,0,0,0,0,0,0,0,0,0,0,0,0,0,0,0,0,0,0,0,0,0,0,0,0,0,0,0,0,0,0,0,0,0,0,0,0,0,0,0,0,0,6
0,0,0,0,0,0,0,0,0,0,0,0,0,0,0,0,0,0,0,0,0,0,0,0,0,0,0,0,0,0,0,0,0,0,0,0,0,0,0,0,1,1,0,3,47,16,0,0,0,0,0,0,95,98,0,0,0,0,0,0,0,0,0,0,0,0,0,0,0,5,0,51,152,153,166,164,174,170,148,136,158,133,0,0,0,0,0,0,0,0,0,0,1,0,2,0,0,8,0,73,146,146,155,194,189,151,175,194,144,131,0,0,0,0,0,0,0,0,0,0,0,0,0,0,1,2,0,102,149,146,149,187,173,115,156,184,144,150,27,0,0,0,0,0,0,0,0,0,0,0,1,0,1,1,0,151,165,161,158,190,177,137,177,184,140,154,29,0,0,0,0,0,0,0,0,0,0,0,1,0,0,2,0,29,83,105,141,237,171,118,174,181,142,148,0,0,0,0,0,0,0,0,0,0,0,0,0,0,1,2,0,81,1,0,14,139,172,209,191,174,155,128,0,0,0,0,0,0,0,0,0,0,0,0,0,1,3,0,21,171,162,255,168,137,38,38,4,97,168,170,10,0,0,0,0,0,0,0,0,0,0,1,0,0,0,0,100,114,168,169,104,194,204,0,0,111,168,171,81,0,0,0,0,0,0,0,0,0,0,0,1,2,0,33,108,137,194,103,143,165,224,130,0,170,160,140,148,0,0,0,0,0,0,0,0,0,1,1,0,2,0,37,104,194,146,142,162,188,164,195,158,175,146,133,160,38,0,0,1,0,1,0,0,0,1,1,0,0,1,0,0,168,170,149,181,179,162,140,159,153,133,131,150,79,0,0,0,0,0,0,0,0,1,0,2,1,1,3,0,0,140,210,217,173,146,152,154,155,144,130,140,96,0,0,0,0,0,1,1,0,0,0,0,0,3,0,4,0,0,19,0,129,151,148,166,164,151,142,156,118,0,0,0,0,1,3,0,0,87,101,81,0,0,9,0,0,0,0,122,222,195,205,189,165,157,150,152,98,1,1,0,0,3,0,21,99,102,157,155,126,12,0,0,0,0,81,183,154,125,103,98,103,106,95,102,74,1,2,1,5,0,21,100,112,162,154,86,130,198,13,0,81,143,157,125,107,102,103,111,113,116,116,122,79,0,0,0,0,0,174,143,152,153,85,93,123,190,138,95,137,113,115,123,125,122,114,108,108,110,104,110,76,0,0,0,13,58,131,229,187,118,112,129,171,115,86,110,112,110,114,115,110,106,107,107,106,107,101,105,75,57,102,84,107,117,105,165,159,166,147,166,104,89,111,104,106,116,115,115,103,100,107,110,107,107,101,105,70,62,87,97,98,102,92,71,74,92,112,104,98,106,111,108,107,114,117,113,108,107,111,108,107,106,103,105,57,43,83,89,92,96,102,108,112,107,101,103,106,105,104,105,108,108,108,110,105,104,105,111,112,110,106,110,60,51,84,69,89,96,101,106,105,106,107,106,110,105,105,108,112,110,108,113,111,111,111,112,112,110,106,110,59,47,134,104,94,84,82,87,92,88,89,92,86,89,94,94,95,95,94,94,95,95,94,95,96,94,90,95,57,0,23,85,128,146,146,138,138,142,143,142,138,140,146,146,146,146,146,148,148,148,148,147,144,143,139,151,78,2,0,0,0,0,29,55,63,61,57,56,53,51,48,47,48,47,48,53,52,52,52,53,55,55,52,56,2,0,0,0,0,0,0,0,0,0,0,0,0,0,0,0,0,0,0,0,0,0,0,0,0,0,0,0,0,6
0,0,0,0,0,0,0,0,0,0,0,0,0,0,0,0,0,0,0,0,0,0,0,0,0,0,0,0,0,0,0,0,0,0,0,0,0,0,0,0,0,0,0,0,0,0,0,0,0,0,0,0,0,0,0,0,0,0,0,0,0,0,0,0,0,0,0,0,0,0,0,0,0,0,0,0,0,0,0,0,0,0,0,0,0,0,0,0,0,0,0,0,0,0,0,0,0,0,0,0,0,0,0,0,0,0,0,0,0,0,0,0,0,0,0,0,0,0,0,0,0,0,0,0,0,0,0,0,0,0,0,0,0,0,0,0,0,0,0,0,0,0,0,0,0,0,0,0,0,0,0,0,0,0,0,0,0,0,2,0,0,0,103,0,0,0,0,0,0,0,0,0,0,0,0,0,0,0,0,0,0,0,1,3,0,0,0,0,103,188,213,179,28,0,1,0,0,0,0,0,0,0,0,0,0,1,0,0,0,1,0,0,0,0,102,230,213,198,196,209,243,24,0,1,0,0,0,0,0,0,0,0,0,1,0,0,0,0,0,3,102,219,210,199,197,197,194,199,134,41,0,0,0,0,0,0,0,0,0,0,0,0,0,4,0,34,214,203,189,185,190,196,207,208,193,236,65,161,0,0,0,0,0,0,0,0,0,0,0,0,0,0,0,163,185,162,163,195,193,198,202,197,235,141,19,255,0,0,0,0,0,0,0,0,0,0,0,0,4,0,49,214,167,163,185,200,198,198,201,209,198,110,101,227,112,0,0,0,0,0,1,1,0,0,0,5,0,0,181,178,175,172,183,192,194,195,216,180,147,244,224,200,223,0,0,0,0,0,0,0,0,0,0,3,0,129,212,158,187,190,195,196,197,206,201,140,220,194,192,197,236,41,0,0,0,0,0,0,0,0,3,0,54,215,154,179,195,195,197,199,204,212,147,199,206,195,196,192,231,90,0,0,0,0,0,0,0,0,0,11,183,177,174,172,184,188,199,198,212,157,182,212,189,194,205,197,210,113,0,0,0,1,1,6,0,0,0,181,181,161,183,170,184,188,188,215,169,160,214,192,192,187,189,194,224,99,3,1,8,1,0,0,0,47,185,194,167,171,175,177,186,173,217,179,146,212,193,189,188,198,203,199,237,47,2,0,0,0,0,51,137,206,185,171,177,176,174,175,171,202,181,125,200,210,205,205,210,213,207,199,220,17,0,0,47,124,180,207,189,160,165,178,184,184,178,182,180,188,148,214,255,193,222,218,210,206,196,197,222,3,0,157,183,179,173,162,171,172,166,174,184,185,181,184,185,195,251,210,60,0,237,208,201,206,199,194,212,0,79,203,167,162,168,174,169,167,172,172,172,172,181,198,222,228,67,0,0,0,245,204,203,202,195,198,195,0,54,160,189,197,235,226,214,196,190,196,208,228,246,236,118,0,0,0,0,0,247,208,210,213,206,204,201,0,0,0,6,34,69,99,133,167,183,182,190,146,72,0,0,0,2,2,0,9,233,197,183,182,169,184,120,0,0,0,0,0,0,0,0,0,0,0,0,0,0,0,0,0,0,0,0,0,0,0,0,0,0,0,0,0,0,0,0,0,0,0,0,0,0,0,0,0,0,0,0,0,0,0,0,0,0,0,0,0,0,0,0,0,0,0,0,0,0,0,0,0,0,0,0,0,0,0,0,0,0,0,0,0,0,0,0,0,0,0,0,0,0,0,0,0,0,0,0,0,0,0,0,0,0,0,0,0,0,0,0,0,0,0,0,0,0,0,0,0,6
0,0,0,0,0,0,0,0,0,0,0,0,0,0,0,0,0,0,0,0,0,0,0,0,0,0,0,0,0,0,0,0,0,0,0,0,0,0,0,4,0,34,190,168,209,209,227,237,236,225,210,190,122,30,0,0,0,0,0,0,0,0,0,0,0,0,0,6,0,73,219,201,197,194,202,197,198,203,206,211,224,185,0,0,0,0,0,0,0,0,0,0,0,0,0,6,0,54,197,194,196,193,205,193,174,182,200,197,206,166,0,0,0,0,0,0,0,0,0,0,0,0,0,6,0,69,205,200,201,199,207,197,198,209,207,199,213,103,0,0,0,0,0,0,0,0,0,0,0,0,0,6,0,83,206,195,193,194,195,203,209,201,199,197,212,95,0,0,0,0,0,0,0,0,0,0,0,0,0,5,0,88,203,178,182,196,204,216,211,196,195,198,214,87,0,0,0,0,0,0,0,0,0,0,0,0,0,1,0,92,201,190,193,207,209,212,207,204,201,193,214,118,0,0,0,0,0,0,0,0,0,0,0,0,0,0,0,93,196,197,205,207,204,202,200,204,204,194,201,176,0,0,0,0,0,0,0,0,0,0,0,0,0,0,0,113,196,203,214,210,210,206,205,207,192,182,192,221,0,0,0,0,0,0,0,0,0,0,0,0,1,0,0,163,198,213,211,212,207,206,208,195,180,179,183,234,51,0,0,0,0,0,0,0,0,0,0,0,4,0,29,215,201,210,206,207,203,206,201,186,178,162,175,223,102,0,0,0,0,0,0,0,0,0,0,1,0,0,152,204,199,204,205,203,205,205,196,186,165,140,165,210,135,0,0,0,0,0,0,0,0,0,0,4,0,49,236,195,197,204,206,205,203,201,198,194,193,182,181,204,159,0,0,0,0,0,0,0,0,0,2,0,0,189,199,186,199,205,209,209,205,199,206,213,209,205,203,202,165,0,0,0,0,0,0,0,0,0,0,0,87,198,189,189,199,204,208,211,208,211,215,219,203,201,192,203,155,0,0,0,0,0,0,3,0,2,0,0,193,190,187,197,202,203,211,210,209,221,212,200,212,200,197,211,149,0,0,0,0,0,0,0,1,1,0,97,215,179,191,204,205,209,216,214,226,207,217,210,148,227,199,205,149,0,0,0,0,2,4,4,0,0,34,204,185,188,197,205,213,213,214,215,196,206,217,0,30,244,195,208,147,0,0,0,0,0,0,0,0,64,198,185,183,190,198,213,216,215,215,184,193,235,0,0,71,247,200,209,146,0,0,0,0,12,85,120,170,196,119,115,179,194,202,210,213,217,186,188,255,22,0,0,60,211,200,208,144,0,0,0,59,182,159,146,117,84,106,161,190,200,205,203,222,189,185,255,63,0,4,0,58,209,200,210,143,0,0,0,168,197,189,207,213,224,228,206,199,208,222,218,186,181,213,134,0,0,4,0,54,205,198,209,141,0,0,0,154,181,164,161,171,176,191,198,197,198,190,166,167,197,200,0,0,1,2,0,52,202,196,211,140,0,0,0,174,190,165,161,161,166,187,187,178,159,164,183,185,242,28,0,0,0,5,0,40,197,194,196,133,0,0,0,139,197,199,195,190,190,191,193,194,191,188,180,206,133,0,0,0,0,5,0,44,208,198,205,166,0,0,0,0,48,89,141,179,211,221,221,224,222,217,200,184,0,0,1,0,0,3,0,26,157,168,198,123,0,0,0,0,0,0,0,0,0,11,38,62,70,68,56,0,0,0,0,0,0,0,0,0,0,0,0,0,0,6
0,0,0,0,0,0,0,0,0,0,0,0,0,0,0,0,0,0,0,0,0,0,0,0,0,0,0,0,0,0,0,0,0,0,0,0,0,0,0,0,0,0,0,0,0,0,0,0,0,0,0,0,0,0,0,0,0,0,0,0,0,0,0,0,0,0,0,0,0,0,0,0,0,0,0,0,0,0,0,0,0,0,0,0,0,0,0,0,0,0,0,0,0,0,0,0,0,0,0,0,0,0,0,0,0,0,0,0,0,0,0,0,0,0,0,0,0,0,0,0,0,0,0,12,0,0,0,0,11,0,0,0,0,0,0,0,0,0,0,0,0,0,0,0,0,0,0,0,5,0,63,214,207,209,197,132,251,152,107,194,220,216,234,151,0,0,1,0,0,0,0,0,0,0,0,0,7,0,88,223,239,254,168,148,247,189,187,255,255,234,228,235,42,0,5,0,0,0,0,0,0,0,0,0,1,0,0,19,38,107,118,168,233,176,106,156,119,199,226,254,38,0,2,0,0,0,0,0,0,0,0,0,0,0,0,0,0,0,0,23,108,53,0,0,7,255,241,255,42,0,4,0,0,0,0,0,0,0,0,0,0,0,1,5,3,4,0,0,0,0,0,0,244,247,237,255,24,0,0,0,0,0,0,0,0,0,0,0,0,0,0,0,0,0,0,4,0,1,0,95,255,226,255,214,0,0,206,142,0,0,0,0,0,0,0,0,0,0,0,0,0,0,0,0,0,0,0,252,236,234,255,111,92,255,255,103,0,0,0,0,0,0,0,0,0,0,0,0,0,0,0,0,2,0,78,255,220,240,234,231,255,235,243,72,0,0,0,0,0,0,0,0,0,0,0,0,0,0,0,0,0,0,239,223,227,232,232,253,235,224,255,58,0,0,0,0,0,0,0,0,0,0,0,0,0,0,0,3,0,63,192,210,245,233,241,238,236,228,255,49,0,0,0,0,0,2,6,2,0,0,0,0,0,0,0,1,0,52,183,255,244,238,240,236,237,227,255,45,0,0,0,0,0,0,0,0,0,0,0,0,0,1,0,0,0,205,255,148,16,255,232,238,241,231,255,37,0,0,0,0,0,0,107,0,0,0,0,0,0,0,0,0,147,255,176,0,52,255,230,238,238,232,255,28,0,1,0,0,32,243,255,242,48,0,0,0,0,1,0,82,255,181,0,0,83,255,233,240,240,231,255,21,1,0,0,150,241,251,227,243,255,154,0,0,0,0,0,236,184,0,0,0,84,255,228,240,240,234,255,8,3,0,20,255,247,240,239,232,231,255,238,0,0,0,211,221,13,0,2,0,101,255,222,240,242,239,255,2,0,0,0,239,244,248,251,242,227,226,255,255,0,118,247,70,0,0,3,0,115,254,229,241,240,239,255,0,57,182,183,238,236,237,241,244,238,236,208,130,142,251,177,0,0,0,4,0,119,254,235,241,238,240,255,0,118,255,241,255,255,254,245,234,230,233,235,236,255,194,0,0,0,0,4,0,123,255,241,255,253,244,255,0,0,0,24,48,99,133,156,185,203,215,230,183,61,0,0,0,0,0,2,0,54,236,196,199,193,211,152,0,0,0,0,0,0,0,0,0,0,0,0,0,0,0,0,0,0,0,0,0,0,0,0,0,0,0,0,0,0,0,0,0,0,0,0,0,0,0,0,0,0,0,0,0,0,0,0,0,0,0,0,0,0,0,0,0,0,0,0,0,0,0,0,0,0,0,0,0,0,0,0,0,0,0,0,0,0,0,0,0,0,0,0,0,6
0,0,0,0,0,0,0,0,0,0,0,0,0,0,0,0,0,0,0,0,0,0,0,0,0,0,0,0,0,0,0,0,0,0,0,0,0,0,0,0,0,0,0,0,0,0,0,0,0,0,0,0,0,0,0,0,0,0,0,0,0,0,0,0,0,0,0,0,0,0,0,0,0,0,0,0,0,0,0,0,0,0,0,0,0,0,0,0,0,0,0,0,0,0,0,0,0,0,0,0,0,0,0,0,0,0,0,0,0,0,0,0,0,0,0,0,0,0,0,0,0,0,0,0,0,0,0,0,0,0,0,0,0,0,0,0,0,0,0,0,0,0,0,0,0,0,0,0,0,0,0,0,0,0,0,0,0,71,48,8,0,0,0,0,0,0,0,0,0,0,0,0,0,0,0,0,0,0,0,0,0,0,1,0,0,166,164,183,92,0,0,0,0,115,131,0,0,0,0,0,0,0,0,0,0,0,0,0,0,0,5,0,24,154,148,170,181,159,172,153,121,161,28,0,0,0,0,0,0,0,0,0,0,0,0,0,0,0,0,0,73,173,158,171,175,196,185,176,167,165,0,0,0,0,0,0,0,0,0,0,0,0,0,0,0,0,0,0,117,170,170,177,165,191,174,155,156,161,0,0,0,0,0,0,0,0,0,0,0,0,0,0,0,2,0,33,168,143,154,165,167,172,147,159,167,159,0,0,0,0,0,1,1,0,0,0,0,0,0,0,0,5,0,88,172,142,168,187,175,180,145,169,168,191,26,0,0,0,0,1,0,0,0,0,0,0,0,1,5,0,18,121,62,100,133,142,171,228,194,184,183,202,101,0,2,1,1,0,0,0,0,0,0,0,1,5,0,12,124,84,113,150,152,150,168,187,188,192,191,209,98,0,0,0,0,1,1,1,0,0,0,2,0,0,31,133,89,102,154,163,169,189,191,202,205,181,177,196,144,0,0,0,0,1,1,1,2,3,0,0,0,76,120,35,64,142,157,173,200,200,214,227,206,197,192,190,206,0,3,3,2,0,0,0,0,0,0,40,118,86,0,37,135,174,183,202,202,210,221,203,198,186,178,187,213,38,0,0,0,0,0,4,22,49,115,133,32,1,88,162,183,192,206,207,220,216,202,202,202,194,192,189,217,81,0,16,96,135,161,150,157,150,110,64,68,116,134,157,182,217,219,217,201,186,186,187,187,200,208,197,215,75,2,162,148,83,43,71,75,56,61,104,116,115,93,155,214,209,181,166,183,199,190,183,184,188,195,195,224,36,85,213,206,210,209,181,148,162,186,186,182,187,187,197,203,202,209,251,232,196,201,208,211,208,203,196,201,40,6,68,135,167,194,209,227,235,228,227,227,224,223,215,217,229,129,46,0,17,255,231,229,229,225,217,217,77,0,0,0,0,0,24,57,87,104,117,112,109,110,88,38,0,0,0,0,0,71,130,104,89,64,50,47,0,0,2,0,0,0,0,0,0,0,0,0,0,0,0,0,0,2,6,0,0,0,0,0,0,0,0,0,0,0,0,0,0,0,0,0,0,0,0,0,0,0,0,0,0,0,0,0,0,0,0,0,0,0,0,0,0,0,0,0,0,0,0,0,0,0,0,0,0,0,0,0,0,0,0,0,0,0,0,0,0,0,0,0,0,0,0,0,0,0,0,0,0,0,0,0,0,0,0,0,0,0,0,0,0,0,0,0,0,0,0,0,0,0,0,0,0,0,0,0,0,0,0,0,0,0,0,0,0,0,0,0,0,0,0,0,0,0,0,0,0,6
0,0,0,0,0,0,0,0,0,0,0,0,0,0,0,0,0,0,0,0,0,0,0,0,0,0,0,0,0,0,0,0,0,0,0,0,0,0,0,0,0,0,0,0,0,0,0,0,0,0,0,0,0,0,0,0,0,0,0,0,0,0,0,0,0,0,0,0,0,0,0,0,0,0,0,0,0,0,0,0,0,0,0,0,0,0,0,0,0,0,0,0,0,0,0,0,0,0,0,0,0,0,0,0,0,0,0,0,0,0,0,0,0,0,0,0,0,0,0,0,0,0,0,0,0,0,0,0,0,0,0,0,0,0,0,0,0,0,0,0,0,0,0,0,0,0,0,0,0,0,0,0,0,0,0,0,56,104,82,66,36,43,21,19,1,0,0,0,0,0,0,0,0,0,0,0,0,0,0,0,0,0,0,7,133,154,149,187,158,192,167,191,153,131,47,0,0,0,0,0,0,0,0,0,0,1,0,0,0,3,0,56,160,172,164,196,173,183,182,175,161,156,164,0,0,0,0,0,0,0,0,0,0,1,0,0,0,0,0,117,165,170,156,195,163,204,151,178,161,159,151,25,0,0,0,0,0,0,0,0,0,0,0,0,0,0,14,146,121,170,113,206,127,195,133,182,170,175,179,34,0,0,0,0,0,0,0,0,0,0,0,0,0,0,121,104,110,123,112,138,112,167,98,153,158,135,183,38,0,0,0,0,1,0,0,0,0,0,0,0,0,133,172,146,141,138,140,126,122,123,140,127,117,121,165,34,1,0,0,0,1,0,0,0,1,0,0,2,122,118,105,137,173,167,149,161,151,145,158,153,173,159,183,33,0,0,0,0,0,1,2,0,0,0,10,145,187,192,186,189,172,163,154,144,159,173,161,150,165,170,181,34,0,0,1,0,0,0,0,0,3,81,173,146,95,140,172,228,243,254,238,206,195,188,186,200,182,159,172,31,0,0,0,0,0,0,52,94,142,144,141,155,141,149,140,142,156,182,187,219,214,219,253,207,137,121,86,0,0,0,0,22,93,142,170,158,144,141,154,154,168,177,161,160,178,189,168,183,195,247,71,42,118,132,73,0,0,38,105,156,159,136,123,135,135,140,154,150,170,174,189,182,183,172,198,198,228,85,31,49,94,136,95,0,17,145,135,131,135,150,147,158,161,167,195,168,156,182,205,182,202,168,191,216,141,3,51,121,147,118,86,0,48,132,128,147,151,163,161,164,172,156,169,165,187,202,195,173,192,182,200,211,137,102,70,150,113,114,86,0,21,135,153,177,173,167,174,175,172,172,178,169,191,181,178,183,183,179,198,164,91,141,136,131,117,107,81,0,0,42,124,159,169,172,183,197,197,192,195,175,187,196,192,178,193,204,204,159,128,158,144,122,121,121,119,0,1,0,0,1,11,20,39,62,73,80,75,71,75,79,82,76,80,85,85,91,112,109,108,109,110,123,52,0,0,0,0,0,0,0,0,0,0,0,0,0,0,0,0,0,0,0,0,0,0,0,0,0,0,0,0,0,0,0,0,0,0,0,0,0,0,0,0,0,0,0,0,0,0,0,0,0,0,0,0,0,0,0,0,0,0,0,0,0,0,0,0,0,0,0,0,0,0,0,0,0,0,0,0,0,0,0,0,0,0,0,0,0,0,0,0,0,0,0,0,0,0,0,0,0,0,0,0,0,0,0,0,0,0,0,0,0,0,0,0,0,0,0,0,0,0,0,0,0,0,0,0,0,0,0,0,0,0,0,0,0,0,0,0,0,0,0,0,0,6
0,0,0,0,0,0,0,0,0,0,0,0,0,0,0,0,0,0,0,0,0,0,0,0,0,0,0,0,0,0,0,0,0,0,0,0,0,0,0,0,0,0,0,0,0,0,0,0,0,0,0,0,0,0,0,0,0,0,0,0,0,0,0,0,0,0,0,0,0,0,0,0,0,0,0,0,0,0,0,0,0,0,0,0,0,0,0,0,0,0,0,0,0,0,0,0,0,0,0,0,0,0,0,0,0,0,0,0,0,0,0,0,0,0,0,0,0,0,0,0,0,0,0,0,0,0,0,0,0,0,0,0,0,0,0,0,0,0,0,0,0,0,0,0,0,0,0,0,0,0,0,0,0,0,0,0,0,0,0,0,0,0,0,0,0,0,0,0,0,0,0,0,0,0,0,0,0,0,0,0,0,0,0,0,0,0,0,0,0,0,0,0,0,0,0,0,0,0,0,0,0,0,0,0,0,0,0,0,0,0,0,0,0,0,111,128,48,23,13,0,3,38,51,0,0,0,0,0,0,0,0,0,0,0,0,0,0,0,0,0,0,118,209,205,236,235,234,230,202,217,205,0,0,0,0,0,0,0,0,0,0,0,0,0,0,0,2,0,19,246,208,212,208,216,208,209,207,213,175,0,0,0,0,0,0,0,0,0,0,0,0,0,0,1,0,0,189,210,216,204,197,198,205,208,204,214,170,0,0,0,0,0,0,0,0,0,0,0,2,0,0,0,0,171,231,211,207,203,209,208,206,210,203,221,169,0,0,0,0,0,0,0,2,0,6,5,0,0,0,50,182,218,209,211,199,206,209,211,212,213,198,217,164,0,0,0,0,1,0,0,0,0,0,0,10,89,152,197,202,212,211,193,198,195,191,190,199,202,198,219,183,0,1,1,0,0,0,0,0,20,74,126,155,194,199,210,215,196,192,206,205,206,208,208,206,206,202,213,193,0,0,0,0,0,35,86,140,141,139,192,196,210,210,201,187,198,201,195,202,201,203,204,204,204,206,213,201,0,0,73,113,150,163,156,144,130,146,177,180,180,183,188,199,197,193,196,200,200,201,202,207,207,207,207,203,0,44,188,166,148,130,134,142,153,163,154,146,166,183,190,190,193,198,202,205,205,206,206,208,208,207,203,205,0,78,199,185,194,191,196,190,184,186,184,184,186,187,196,201,203,207,210,209,210,210,210,206,208,213,206,231,53,89,218,216,210,202,201,198,192,193,203,203,204,209,207,207,205,203,205,205,205,204,204,202,200,209,205,214,76,0,40,153,198,238,253,255,246,238,236,234,231,237,240,243,242,242,248,252,251,249,250,255,255,227,225,254,0,0,0,0,0,0,31,80,110,136,154,152,152,151,142,135,127,121,111,100,100,97,94,77,79,64,61,23,0,0,0,0,0,0,0,0,0,0,0,0,0,0,0,0,0,0,0,0,0,0,0,0,0,0,0,0,0,0,0,0,0,0,0,0,0,0,0,0,0,0,0,0,0,0,0,0,0,0,0,0,0,0,0,0,0,0,0,0,0,0,0,0,0,0,0,0,0,0,0,0,0,0,0,0,0,0,0,0,0,0,0,0,0,0,0,0,0,0,0,0,0,0,0,0,0,0,0,0,0,0,0,0,0,0,0,0,0,0,0,0,0,0,0,0,0,0,0,0,0,0,0,0,0,0,0,0,0,0,0,0,0,0,0,0,0,0,0,0,0,0,0,0,0,0,0,0,0,0,0,0,0,0,0,0,0,0,0,0,0,0,0,0,0,0,0,0,0,6
0,0,0,0,0,0,0,0,0,0,0,0,0,0,0,0,0,0,0,0,0,0,0,0,0,0,0,0,0,0,0,0,0,0,0,0,0,1,0,2,0,74,155,139,140,129,91,56,54,65,46,34,24,14,0,0,0,0,0,0,0,0,0,0,0,0,0,2,0,192,255,246,255,255,255,255,255,255,255,255,239,247,99,0,0,0,0,0,0,0,0,0,0,1,0,1,0,171,255,236,239,236,234,231,234,234,237,239,235,255,54,0,0,0,0,0,0,0,0,0,0,0,0,0,0,182,255,239,244,244,246,242,244,246,242,246,238,246,26,0,0,0,0,0,0,0,0,0,0,0,0,0,0,197,254,236,245,244,244,240,242,244,239,242,239,249,29,0,0,0,0,0,0,0,0,0,0,0,2,0,0,223,250,237,245,245,244,242,244,245,245,241,238,255,31,0,0,0,0,0,0,0,0,0,0,0,4,0,0,255,250,237,244,244,244,244,244,244,243,243,230,255,79,0,0,0,0,0,0,0,0,0,0,0,2,0,3,255,243,241,246,243,244,244,244,244,244,245,232,255,164,0,0,0,0,0,0,0,0,0,0,0,5,0,73,255,238,246,245,243,244,244,244,244,245,245,236,248,245,0,0,0,0,0,0,0,0,0,0,0,0,0,177,255,237,247,243,246,244,244,244,244,244,242,241,239,255,8,0,0,0,0,0,0,0,0,0,1,0,0,255,245,243,245,243,246,245,245,245,246,243,242,242,231,255,83,0,0,0,0,0,0,0,0,0,7,0,78,255,240,245,244,244,244,245,245,245,246,243,244,241,234,255,122,0,0,0,0,0,0,0,0,0,0,0,203,252,240,244,244,244,244,245,245,245,246,244,239,243,231,255,127,0,0,0,0,0,0,0,0,1,0,34,255,236,247,243,244,244,244,246,244,245,245,242,239,243,227,255,110,0,0,0,0,0,0,0,0,0,0,168,254,237,245,244,244,244,243,243,249,242,246,241,237,242,241,255,32,5,0,0,0,0,0,0,1,0,18,255,241,245,242,244,244,245,243,241,243,246,235,246,246,245,235,217,0,1,0,1,0,5,2,9,0,0,226,250,239,249,245,244,244,244,243,245,241,241,255,255,229,203,204,220,0,1,0,6,3,0,0,0,0,149,255,241,243,243,243,244,244,244,247,234,255,255,164,92,211,206,217,220,0,0,0,0,0,0,18,96,199,255,244,239,243,240,246,244,244,246,237,255,255,46,0,95,243,200,218,212,0,1,0,12,172,247,255,255,255,245,241,248,246,246,246,247,243,237,253,249,0,0,0,139,239,204,217,205,0,0,40,232,255,247,240,232,235,243,246,245,245,245,243,246,243,252,252,0,0,0,0,140,235,206,220,198,0,0,174,255,230,242,243,243,244,243,245,245,245,245,244,247,243,255,16,0,4,0,0,148,215,208,223,193,0,0,226,255,246,240,242,238,241,243,245,246,246,244,244,238,255,94,0,0,0,0,0,214,215,209,227,205,0,0,84,204,244,255,255,249,243,238,242,237,238,245,243,255,207,0,0,0,0,8,0,131,255,234,241,202,0,0,0,0,32,134,207,255,255,255,255,255,255,255,255,209,0,0,0,0,0,2,0,4,94,51,37,0,0,0,1,0,0,0,0,0,35,69,108,128,123,91,36,0,0,0,0,0,0,0,1,0,0,0,0,0,0,0,0,0,0,0,0,0,0,0,0,0,0,0,0,0,0,0,0,0,0,0,0,0,0,0,0,0,0,6
0,0,0,0,0,0,0,0,0,0,0,0,0,0,0,0,0,0,0,0,0,0,0,0,0,0,0,0,0,0,0,0,0,0,0,0,0,0,0,0,0,0,0,0,0,0,0,0,0,0,0,0,0,0,0,0,0,0,0,0,0,0,0,0,0,0,0,0,0,0,0,0,0,0,0,0,0,0,0,0,0,0,0,0,0,0,0,0,0,0,0,0,0,0,0,0,0,0,0,0,0,0,0,0,0,0,0,0,0,0,0,0,0,0,0,0,0,0,0,0,0,0,0,0,0,0,0,0,0,0,0,0,0,0,0,0,0,0,0,0,0,0,0,0,0,0,0,0,0,0,0,0,0,0,0,0,0,0,0,0,0,0,0,0,0,0,0,0,0,0,0,0,0,0,0,0,0,0,0,0,0,0,0,0,74,121,26,0,0,0,0,0,1,5,1,0,0,0,0,0,0,0,0,0,0,0,0,0,0,2,0,92,147,176,196,107,27,49,15,0,0,0,0,1,0,0,0,0,0,0,0,0,0,0,0,0,1,0,0,200,164,234,231,223,196,180,156,108,68,58,3,0,0,0,0,0,0,0,0,0,0,0,0,0,2,0,0,143,176,227,217,246,249,242,239,237,219,234,89,0,0,0,0,0,0,0,0,0,0,0,0,0,5,0,176,207,167,219,205,209,219,232,236,238,234,224,141,185,0,0,0,0,0,0,0,0,1,0,1,6,0,0,164,136,181,220,255,236,224,223,220,219,215,214,213,78,0,0,0,0,0,0,0,0,0,2,0,0,25,180,164,123,124,141,183,203,207,199,194,190,184,204,161,0,0,0,0,0,0,0,1,2,8,0,0,55,114,160,140,157,180,170,162,175,174,184,218,204,203,222,30,0,1,2,3,2,2,3,0,0,0,0,66,183,166,116,156,179,174,179,199,185,193,205,223,239,214,223,140,0,0,0,0,0,0,0,0,12,34,122,161,89,117,137,142,133,142,151,146,164,213,223,231,219,217,218,177,0,0,69,106,131,133,133,142,154,159,162,159,186,171,154,161,167,176,184,180,198,227,222,222,220,217,217,185,0,60,195,169,143,133,132,136,140,145,162,174,185,198,203,205,212,218,222,219,218,220,219,222,219,214,212,200,20,16,121,171,200,201,201,201,209,201,194,204,213,223,233,236,238,238,241,238,236,241,247,248,243,236,229,218,37,37,0,0,36,85,119,145,166,175,188,199,205,209,208,208,205,196,190,183,176,164,155,143,128,113,94,103,7,89,150,119,71,27,15,0,0,0,8,0,0,0,0,0,0,0,0,0,0,0,0,1,8,20,23,42,25,0,20,87,148,172,171,176,156,143,155,126,116,106,104,99,97,109,109,131,128,130,140,151,151,145,138,142,68,2,0,0,0,0,0,36,58,77,87,84,95,95,103,100,88,106,106,103,100,106,100,87,80,70,64,66,3,0,0,0,0,0,0,0,0,0,0,0,0,0,0,0,0,0,0,0,0,0,0,0,0,0,0,0,0,0,0,0,0,0,0,0,0,0,0,0,0,0,0,0,0,0,0,0,0,0,0,0,0,0,0,0,0,0,0,0,0,0,0,0,0,0,0,0,0,0,0,0,0,0,0,0,0,0,0,0,0,0,0,0,0,0,0,0,0,0,0,0,0,0,0,0,0,0,0,0,0,0,0,0,0,0,0,0,0,0,0,0,0,0,0,0,0,0,0,0,0,0,0,0,0,0,0,0,0,0,0,0,0,0,0,0,0,0,0,0,0,6
0,0,0,0,0,0,0,0,0,0,0,0,0,0,0,0,0,0,0,0,0,0,0,0,0,0,0,0,0,0,0,0,0,0,0,0,0,0,0,0,0,0,0,0,0,0,0,0,0,0,0,0,0,0,0,0,0,0,0,0,0,0,0,0,0,0,0,0,0,0,0,0,0,0,0,0,0,0,0,0,0,0,0,0,0,0,0,0,0,0,0,0,0,0,0,0,0,0,0,0,0,0,0,0,0,0,0,0,0,0,0,0,0,0,0,0,0,0,0,0,0,0,0,0,0,0,0,0,0,0,0,0,0,0,0,0,0,0,3,153,0,0,0,0,0,0,0,0,0,0,0,0,0,0,2,0,84,188,178,172,163,141,108,49,23,0,0,255,0,0,0,0,0,0,0,0,0,0,0,0,0,0,0,0,193,255,238,237,239,243,242,249,255,255,179,160,0,0,0,0,0,0,0,0,0,0,0,0,0,0,0,0,220,239,216,217,215,215,226,232,233,243,214,143,0,0,0,0,0,0,0,0,0,0,0,0,0,2,0,0,255,229,221,229,233,236,240,246,228,243,200,115,0,0,0,0,0,0,0,0,0,0,0,0,0,3,0,69,255,219,231,218,220,229,234,239,234,236,200,86,0,0,0,0,0,0,0,0,0,0,0,0,0,0,0,64,254,242,230,224,227,231,223,233,247,226,215,90,0,0,0,0,0,0,0,0,0,3,2,0,4,0,78,237,124,255,235,238,249,233,221,236,254,195,220,117,0,0,0,0,0,0,0,0,0,0,0,2,0,0,145,253,171,158,218,214,230,227,226,220,213,117,255,85,0,0,0,0,0,0,0,0,0,0,0,0,0,129,71,74,255,200,176,168,177,192,189,176,206,255,255,29,0,0,0,0,0,0,0,0,3,0,0,67,94,39,61,125,255,255,254,255,252,255,255,255,242,130,104,42,0,0,0,0,1,3,2,0,0,0,33,215,115,78,129,47,143,255,254,238,240,218,162,204,105,58,229,158,0,3,10,0,0,0,0,0,0,148,150,155,163,207,170,111,55,74,111,174,242,216,198,196,192,237,255,196,0,0,0,0,0,0,0,69,243,255,189,165,116,205,235,255,255,202,163,225,237,231,192,188,224,212,236,224,0,7,151,201,212,245,187,88,59,204,255,255,255,253,244,234,230,247,253,242,230,225,221,232,231,246,252,199,0,183,255,252,252,249,241,167,154,123,253,199,222,235,234,247,242,243,252,255,254,255,255,255,252,244,243,165,0,182,220,220,241,250,254,254,255,255,255,249,243,237,252,234,225,231,225,220,204,185,168,162,158,145,137,120,0,122,176,189,197,206,215,219,220,225,233,235,229,218,211,218,203,181,169,130,117,148,137,138,139,134,146,106,0,0,5,67,152,175,186,193,191,186,191,193,181,170,149,96,34,5,0,0,50,227,180,183,183,176,203,84,0,0,0,0,0,0,0,27,42,56,49,32,18,0,0,0,0,0,0,0,36,145,114,124,125,123,160,37,0,0,0,0,0,0,0,0,0,0,0,0,0,0,0,0,0,0,0,0,0,0,0,0,0,0,0,0,0,0,0,0,0,0,0,0,0,0,0,0,0,0,0,0,0,0,0,0,0,0,0,0,0,0,0,0,0,0,0,0,0,0,0,0,0,0,0,0,0,0,0,0,0,0,0,0,0,0,0,0,0,0,0,0,0,0,0,0,0,0,0,0,0,0,0,0,0,0,0,0,0,0,0,0,0,0,0,0,0,0,0,0,6
0,0,0,0,0,0,0,0,0,0,0,0,0,0,0,0,0,0,0,0,0,0,0,0,0,0,0,0,0,0,0,0,0,0,0,0,0,0,0,0,0,0,0,0,0,0,0,0,0,0,0,0,0,0,0,0,0,0,0,0,0,0,0,0,0,0,0,0,0,0,0,0,0,0,0,0,0,0,0,0,0,0,0,0,0,0,0,0,0,0,0,0,0,0,0,0,0,0,1,0,0,1,26,0,0,0,2,1,2,0,0,0,0,0,0,0,0,0,0,0,0,0,0,0,1,0,1,0,3,45,85,62,0,0,0,0,0,0,0,0,0,0,0,0,0,0,0,0,0,0,0,0,1,0,2,0,75,99,110,196,205,149,104,42,0,0,0,0,0,0,0,0,0,0,0,0,0,0,0,0,0,1,0,25,150,39,114,228,240,245,242,240,221,199,104,0,0,0,0,0,0,0,0,0,0,0,0,0,0,3,0,36,153,54,135,238,223,224,223,226,223,248,162,0,0,0,0,0,0,0,0,0,0,0,0,0,1,6,0,52,90,44,143,244,235,232,230,226,220,233,101,0,0,0,0,0,0,0,0,0,0,0,0,0,1,6,0,98,108,87,84,152,205,227,250,254,228,248,84,0,0,0,0,0,0,0,0,0,0,0,1,0,0,0,2,86,86,113,105,84,66,72,82,109,131,188,26,0,0,0,0,0,0,0,0,0,0,0,1,0,1,0,45,140,72,87,91,107,115,109,110,127,113,127,6,0,0,0,0,0,0,0,0,0,1,1,0,1,0,1,90,58,80,101,97,95,99,103,109,137,74,144,20,0,2,2,0,1,1,2,1,0,0,0,0,3,0,20,111,89,119,103,95,97,98,99,104,138,139,138,20,0,1,0,0,1,1,0,0,0,0,2,1,0,12,114,63,90,87,98,99,101,101,102,104,107,114,119,46,0,0,0,0,0,0,1,0,0,0,0,0,24,57,78,81,96,89,84,96,102,104,101,101,107,113,117,58,0,0,0,0,0,0,0,0,1,1,0,14,95,85,79,97,96,102,91,86,86,89,95,103,93,121,125,74,0,0,0,1,2,4,2,0,0,0,10,91,63,64,81,78,82,92,98,99,98,104,109,99,102,90,113,113,0,0,0,0,0,0,0,0,8,43,78,76,80,103,93,95,96,101,101,98,101,97,92,90,89,92,97,125,9,0,0,6,20,32,46,63,68,79,80,87,96,92,92,90,91,96,98,101,99,93,87,82,81,113,98,122,28,1,44,82,84,73,72,80,78,67,64,74,84,84,91,97,107,121,116,104,107,105,105,108,103,119,114,123,36,21,66,60,49,52,55,58,66,67,66,72,78,84,95,103,110,109,107,103,97,95,95,96,93,93,89,107,38,32,75,67,70,64,66,63,66,66,68,75,76,84,79,75,79,80,82,85,85,87,91,96,95,97,90,105,36,37,102,84,85,75,70,73,75,76,79,82,84,86,93,90,87,90,93,95,96,97,96,92,91,93,87,104,37,2,44,60,80,91,95,109,111,107,109,110,109,111,111,110,111,116,110,104,108,105,103,111,111,114,108,121,45,0,0,0,0,7,15,26,37,46,57,57,58,60,52,50,46,44,39,37,36,32,28,28,25,22,19,18,0,0,0,0,0,0,0,0,0,0,0,0,0,0,0,0,0,0,0,0,0,0,0,0,0,0,0,0,0,0,0,0,0,0,0,0,0,0,0,0,0,0,0,0,0,0,0,0,0,0,0,0,0,0,0,0,0,6
0,0,0,0,0,0,0,0,0,0,0,0,0,0,0,0,0,0,0,0,0,0,0,0,0,0,0,0,0,0,0,0,0,0,0,0,0,0,0,0,0,0,0,0,0,0,0,0,0,0,0,0,0,0,0,0,0,0,0,0,0,0,0,0,0,0,0,0,0,0,0,0,0,0,0,0,0,0,0,0,0,0,0,0,0,0,0,0,0,0,0,0,0,0,0,0,0,0,0,0,0,0,0,0,0,0,0,0,0,0,0,0,0,0,0,0,0,0,0,0,0,0,0,0,0,0,2,0,18,44,36,57,26,5,0,0,0,0,0,0,0,0,0,0,0,0,0,0,0,0,0,0,0,0,3,0,85,154,117,109,105,110,124,117,103,105,43,0,0,0,0,0,0,0,0,0,0,0,0,0,0,1,0,0,137,156,105,113,125,147,158,149,146,178,73,0,0,0,0,0,0,0,0,0,0,0,0,0,1,3,0,0,162,139,103,129,124,125,138,147,149,158,0,0,0,0,0,0,0,0,0,0,0,0,0,0,2,4,0,0,172,125,103,126,136,143,151,160,169,156,0,0,0,0,0,0,0,0,0,0,0,0,0,0,1,4,0,78,162,106,119,133,130,134,155,148,168,134,0,0,0,0,0,0,0,0,0,0,0,0,0,0,0,7,0,149,148,90,121,128,125,123,137,129,159,113,0,0,0,0,0,0,0,0,0,0,0,0,0,0,5,0,38,174,124,108,113,120,131,134,144,139,171,109,0,0,0,1,0,0,0,0,1,1,0,0,0,2,0,0,146,164,114,115,126,131,133,129,141,139,159,139,0,0,1,1,0,1,0,0,0,0,0,1,2,0,2,117,168,111,99,127,133,134,135,139,146,144,148,180,0,0,0,0,0,0,0,1,1,2,3,9,0,6,123,151,100,104,133,138,133,133,135,138,143,150,151,178,12,0,0,2,4,3,2,0,0,0,0,0,0,130,149,84,114,138,145,145,138,140,143,143,147,151,153,187,75,0,0,0,0,0,0,0,0,1,12,67,123,85,78,124,154,154,140,144,138,143,145,139,143,144,149,181,147,0,1,0,77,104,109,118,118,116,125,118,107,118,106,141,127,121,130,125,129,145,138,134,138,140,149,174,195,0,0,49,172,124,90,89,108,84,83,63,70,119,115,107,113,114,120,145,160,155,136,134,144,149,149,159,167,0,15,151,155,128,99,90,78,54,82,84,72,74,69,94,133,141,145,126,130,141,115,119,125,121,120,128,135,0,83,229,206,161,140,140,116,76,76,76,87,93,106,133,116,116,123,124,147,160,181,179,188,187,202,200,253,24,0,27,150,202,198,176,162,137,131,109,111,144,149,139,155,175,196,255,247,209,180,180,179,167,161,156,154,6,0,0,0,17,136,204,194,192,208,198,195,191,195,202,221,180,114,43,0,137,217,174,186,181,188,185,238,45,0,1,0,0,0,0,18,80,124,162,170,171,149,108,13,0,0,0,0,37,185,123,147,149,126,90,70,0,0,0,0,0,0,0,0,0,0,0,0,0,0,0,0,0,0,0,0,0,0,0,0,0,0,0,0,0,0,0,0,0,0,0,0,0,0,0,0,0,0,0,0,0,0,0,0,0,0,0,0,0,0,0,0,0,0,0,0,0,0,0,0,0,0,0,0,0,0,0,0,0,0,0,0,0,0,0,0,0,0,0,0,0,0,0,0,0,0,0,0,0,0,0,0,0,0,0,0,0,0,0,0,0,0,0,0,0,0,0,0,0,6
0,0,0,0,0,0,0,0,0,0,0,0,0,0,0,0,0,0,0,0,0,0,0,0,0,0,0,0,0,0,0,0,0,0,0,0,0,0,0,0,0,0,0,0,0,0,0,0,0,0,0,0,0,0,0,0,0,0,0,0,0,0,0,0,0,0,0,0,0,0,2,0,58,106,109,155,24,42,22,0,0,0,0,0,0,0,0,0,0,0,0,0,0,0,0,0,0,1,0,0,187,237,226,239,233,255,255,252,205,197,209,103,0,0,0,0,0,0,0,0,0,0,0,0,0,2,0,0,192,212,215,214,228,222,220,228,230,221,243,71,0,0,0,0,0,0,0,0,0,0,0,0,0,1,0,0,183,220,218,222,213,216,222,224,223,216,231,45,0,0,0,0,0,0,0,0,0,0,0,0,0,1,0,0,206,225,219,227,228,226,222,221,225,220,218,0,0,0,0,0,0,0,0,0,0,0,0,0,0,0,0,0,192,225,211,213,218,220,221,227,222,226,240,0,0,0,0,0,0,0,0,0,0,0,0,0,0,0,0,0,195,226,210,216,216,218,224,227,220,231,227,0,0,0,0,0,0,0,0,0,0,0,0,0,0,1,0,0,189,226,214,222,225,227,224,223,219,236,199,0,0,0,0,0,0,0,0,0,0,0,0,0,0,0,0,0,177,224,204,216,219,221,223,226,221,242,151,0,0,0,0,0,0,0,0,0,1,1,0,0,0,2,0,0,211,221,205,214,220,221,224,225,221,245,102,0,0,0,0,0,0,0,0,0,0,0,1,0,0,3,0,102,221,210,214,215,223,221,221,221,218,241,79,0,0,0,0,0,0,0,0,0,0,1,0,0,6,0,24,246,205,214,205,211,222,220,219,221,216,235,58,0,0,0,0,0,0,0,0,0,0,0,0,10,0,0,216,202,207,205,205,210,222,221,219,221,213,236,73,0,0,0,0,0,0,0,0,0,0,2,0,0,0,181,205,194,219,218,219,217,221,217,220,222,212,236,160,0,0,0,2,5,5,5,5,6,1,0,0,2,195,204,188,201,219,214,211,212,222,216,217,223,215,229,188,0,1,2,0,0,0,0,0,0,0,0,73,223,201,186,203,204,210,207,218,220,216,219,221,217,212,226,176,0,1,0,0,12,12,7,2,64,151,217,211,198,186,189,206,198,205,206,201,210,219,214,216,217,215,218,201,0,0,27,171,212,206,204,204,205,207,201,188,179,164,180,208,204,207,210,222,224,216,210,217,213,215,212,222,0,0,165,218,180,192,205,205,188,171,176,166,177,192,196,215,216,207,210,216,214,212,204,215,208,209,208,217,0,0,179,210,200,195,192,186,192,178,170,189,200,210,214,212,212,211,217,204,208,213,235,237,231,218,215,224,0,144,203,177,195,204,206,214,209,203,213,221,224,223,219,211,204,207,205,211,208,208,214,208,209,207,198,235,38,28,155,209,204,197,191,188,190,190,187,198,200,201,200,211,213,218,213,234,213,191,184,180,179,183,185,196,66,0,0,42,92,194,229,237,238,231,228,228,225,209,236,206,142,85,45,0,139,245,208,228,220,220,206,215,112,0,0,0,0,0,0,23,66,71,113,111,111,134,51,0,0,0,0,0,0,196,160,94,169,138,105,107,0,0,0,0,0,0,0,0,0,0,0,0,0,0,0,0,0,0,0,0,0,0,0,0,0,0,0,0,0,0,0,0,0,0,0,0,0,0,0,0,0,0,0,0,0,0,0,0,0,0,0,0,0,0,0,0,0,6
0,0,0,0,0,0,0,0,0,0,0,0,0,0,0,0,0,0,0,0,0,0,0,0,0,0,0,0,0,0,0,0,0,0,0,0,0,0,0,0,0,0,0,0,0,0,0,0,0,0,0,0,0,0,0,0,0,0,0,0,0,0,0,0,0,0,0,0,0,0,0,0,0,0,0,0,0,0,0,0,0,0,0,0,0,0,0,0,0,0,0,0,0,0,0,0,0,0,0,0,0,0,0,0,0,0,0,0,0,0,0,0,0,0,0,0,0,0,0,0,0,0,0,0,0,0,0,0,0,0,6,0,0,0,0,143,44,0,5,0,0,0,0,0,0,0,0,0,0,0,0,0,0,0,0,4,0,1,0,4,89,93,140,193,110,0,0,1,0,0,0,0,0,0,0,0,0,0,0,0,0,0,0,0,0,0,8,199,159,192,185,159,156,37,0,2,0,0,0,0,0,0,0,0,0,1,0,0,0,59,119,19,0,0,110,177,141,149,182,162,64,0,2,1,0,0,0,0,0,0,0,0,0,0,5,0,32,131,126,184,66,0,187,152,165,143,219,69,0,0,0,2,0,0,0,0,0,0,0,0,0,1,0,0,110,131,130,135,162,218,189,151,190,241,157,0,0,0,0,0,0,0,0,0,0,0,0,0,0,4,0,62,133,134,154,170,155,150,201,209,206,23,0,0,66,76,100,45,0,0,0,0,0,0,0,0,2,0,14,124,123,143,171,191,206,167,141,191,34,0,113,192,175,182,171,64,0,0,0,0,0,0,1,0,1,0,0,53,147,163,183,194,194,199,209,165,117,255,224,185,179,174,158,33,0,0,0,0,0,0,0,0,0,1,0,0,69,177,197,196,201,201,191,199,230,166,104,177,186,177,188,29,0,0,0,0,4,1,1,2,1,0,1,0,0,35,196,199,197,186,203,217,50,0,0,223,177,176,182,15,0,0,0,0,0,0,0,0,0,0,0,0,0,0,0,103,180,196,186,0,0,0,54,218,173,176,172,11,0,0,0,0,0,0,5,54,27,0,2,0,0,0,0,93,199,149,0,0,7,0,77,189,179,175,171,9,0,0,1,0,8,81,120,131,134,8,0,1,0,0,52,213,148,0,0,1,0,0,94,189,175,178,170,2,2,4,4,0,0,127,134,134,156,102,0,0,0,23,177,180,0,0,2,0,0,0,115,189,175,179,161,0,0,0,0,0,0,73,157,154,161,197,32,0,72,168,201,107,0,6,0,0,0,0,128,183,172,177,157,0,70,86,39,23,13,41,160,184,187,206,185,133,189,182,189,0,0,4,0,0,1,0,139,184,173,175,156,0,79,146,162,167,198,192,170,187,187,183,193,178,183,227,141,0,0,0,2,0,0,0,158,182,178,171,148,0,0,108,133,148,145,137,139,145,164,167,182,192,216,196,0,0,3,0,0,3,0,0,170,179,176,175,140,0,4,140,176,159,180,186,179,170,189,204,208,207,202,48,0,0,0,0,1,2,0,0,201,185,183,182,134,0,0,0,20,40,67,98,112,132,156,154,157,138,17,0,0,0,0,0,0,4,0,0,176,169,164,162,117,0,0,0,0,0,0,0,0,0,0,0,0,0,0,0,0,0,0,0,0,0,0,0,0,0,0,0,0,0,0,0,0,0,0,0,0,0,0,0,0,0,0,0,0,0,0,0,0,0,0,0,0,0,0,0,0,0,0,0,0,0,0,0,0,0,0,0,0,0,0,0,0,0,0,0,0,0,0,0,0,0,0,0,0,0,6
0,0,0,0,0,0,0,0,0,0,0,0,0,0,0,0,0,0,0,0,0,0,0,0,0,0,0,0,0,0,0,0,0,0,0,0,0,0,0,0,0,0,0,0,0,0,0,0,0,0,0,0,0,0,0,0,0,0,0,0,0,0,0,0,0,0,0,0,0,0,0,0,0,0,0,0,0,0,0,0,0,0,0,0,0,0,0,0,0,0,0,0,0,0,0,0,0,0,0,0,0,0,0,0,0,0,0,0,0,0,0,0,0,0,0,0,0,0,0,0,0,0,0,0,0,0,0,0,0,0,0,0,0,0,0,0,0,0,0,0,0,0,0,0,0,0,0,0,0,0,0,0,0,0,3,0,0,0,60,1,0,2,1,2,1,1,0,0,0,0,0,0,0,0,0,0,0,0,0,0,0,0,0,4,0,21,185,199,0,0,0,0,0,0,1,0,0,0,0,0,0,0,0,0,0,0,0,0,0,0,1,0,0,155,213,208,62,0,0,0,0,0,0,0,0,0,0,0,0,0,0,0,0,0,0,0,0,0,3,0,21,204,196,222,226,255,251,182,165,138,0,0,0,0,0,0,0,0,0,0,0,0,0,0,0,0,1,0,94,228,206,225,221,222,213,203,204,180,0,0,0,0,0,0,0,0,0,0,0,0,0,0,0,0,0,0,179,198,206,234,206,176,181,192,196,139,0,0,0,0,0,0,0,0,0,0,0,0,0,0,0,2,0,18,230,163,216,225,235,227,232,217,222,208,0,0,0,0,0,0,0,0,0,0,0,3,1,0,5,0,0,209,207,179,226,224,216,215,214,213,224,208,0,0,0,0,0,0,0,0,0,0,0,0,0,4,0,0,169,223,154,219,213,228,217,214,212,211,209,232,31,0,0,0,0,0,0,0,0,0,0,1,5,0,8,186,206,152,207,193,223,226,216,220,216,217,210,235,83,0,0,0,0,0,0,0,1,1,4,0,0,54,188,181,157,195,188,218,232,225,226,229,227,227,225,220,174,0,0,4,1,0,1,2,0,0,0,0,64,192,177,170,202,205,248,252,242,240,232,216,215,218,208,186,208,9,0,0,0,0,0,0,0,0,32,159,197,171,192,186,189,200,172,172,173,171,171,177,193,193,177,183,215,32,0,41,97,110,144,139,149,178,161,166,158,150,176,190,195,183,196,206,214,221,227,232,217,215,210,193,229,54,0,143,140,93,79,64,129,162,81,135,203,205,192,194,206,215,230,225,227,218,206,202,209,211,195,185,209,30,4,179,202,192,170,119,140,164,145,177,180,180,194,207,212,217,215,209,207,207,212,220,219,213,223,206,216,11,32,137,179,200,215,219,218,210,202,204,198,212,221,219,220,213,213,217,246,231,190,177,169,160,150,136,151,20,0,0,45,120,163,190,195,205,233,234,232,228,224,216,203,180,152,117,61,96,188,160,167,170,173,170,196,49,0,0,0,0,0,31,72,107,124,137,133,116,105,74,35,4,0,0,0,0,149,155,130,113,101,96,89,14,0,0,0,0,0,0,0,0,0,0,0,0,0,0,0,0,0,0,0,0,0,0,0,0,0,0,0,0,0,0,0,0,0,0,0,0,0,0,0,0,0,0,0,0,0,0,0,0,0,0,0,0,0,0,0,0,0,0,0,0,0,0,0,0,0,0,0,0,0,0,0,0,0,0,0,0,0,0,0,0,0,0,0,0,0,0,0,0,0,0,0,0,0,0,0,0,0,0,0,0,0,0,0,0,0,0,0,0,0,0,0,0,6
0,0,0,0,0,0,0,0,0,0,0,0,0,0,0,0,0,0,0,0,0,0,0,0,0,0,0,0,0,0,0,0,0,0,0,0,0,0,0,0,0,0,0,0,0,0,0,0,0,0,0,0,0,0,0,0,0,0,0,0,0,0,0,0,0,0,0,0,0,0,71,193,141,128,114,102,40,0,0,0,0,0,60,28,0,0,0,0,0,0,0,0,0,0,0,3,0,12,207,148,166,196,184,238,236,199,177,166,147,157,185,97,0,0,0,0,0,0,0,0,0,0,0,4,0,7,183,168,168,152,141,188,182,160,157,151,148,182,0,0,0,0,0,0,0,0,0,0,0,0,0,5,0,62,207,158,180,151,163,206,181,151,146,147,155,179,0,0,0,0,0,0,0,0,0,0,0,0,0,4,0,182,166,144,178,147,175,197,179,152,144,139,164,166,0,0,0,0,0,0,0,0,0,0,0,1,0,3,0,58,205,169,154,161,176,201,177,146,147,131,161,159,0,0,0,0,0,0,0,0,0,0,0,0,0,0,0,24,195,156,164,175,178,197,172,147,149,132,153,151,0,0,0,0,0,0,0,0,0,0,0,1,1,0,0,202,187,136,178,173,176,194,171,150,153,137,142,162,0,0,0,0,0,0,0,0,0,0,0,1,1,0,0,200,190,147,167,178,167,195,174,145,137,158,178,232,0,0,0,0,0,0,0,0,0,0,0,0,1,0,0,222,178,139,171,186,163,204,161,156,197,201,152,203,21,0,0,0,0,0,0,0,0,0,0,0,4,0,13,240,150,157,182,172,168,210,187,199,192,160,106,205,51,0,1,1,1,1,0,0,0,0,0,3,0,0,159,225,152,178,182,168,193,184,182,194,177,189,149,174,145,0,0,0,0,0,0,0,0,0,0,5,0,90,244,149,154,170,180,173,199,177,187,191,193,184,160,144,205,0,0,0,0,0,0,0,0,0,4,0,11,211,177,148,165,181,182,192,171,154,204,187,184,172,154,135,206,43,0,0,0,0,0,1,0,0,0,0,227,180,157,177,180,184,169,195,144,187,181,168,155,164,152,122,210,58,0,1,6,5,4,1,4,0,0,166,217,131,170,178,175,172,196,170,151,213,176,178,183,175,180,164,218,7,1,0,0,0,0,0,0,0,77,217,143,141,168,176,172,182,183,131,203,202,189,199,194,203,201,177,219,0,0,0,25,25,1,0,4,137,249,146,152,164,166,183,177,171,177,175,216,251,229,225,213,228,207,177,211,0,0,208,224,214,199,215,235,211,187,184,179,178,176,177,177,192,185,208,255,131,0,230,227,213,197,181,197,0,82,219,173,170,180,190,186,161,158,149,157,173,183,180,185,191,222,178,5,0,0,243,222,220,199,190,159,0,175,223,180,155,139,132,143,138,153,162,175,181,179,187,190,204,122,0,0,0,0,215,228,212,193,196,109,0,25,180,197,204,193,186,187,175,166,179,188,185,188,193,236,76,0,0,2,0,0,176,244,229,205,218,62,0,0,0,7,69,142,189,209,226,239,244,235,222,216,239,47,0,2,1,3,0,0,155,177,147,158,178,20,0,1,0,0,0,0,0,0,31,45,60,67,42,31,2,0,0,0,0,0,0,0,0,0,0,0,0,0,0,0,0,0,0,0,0,0,0,0,0,0,0,0,0,0,0,0,0,0,0,0,0,0,0,0,0,0,0,0,0,0,0,0,0,0,0,0,0,0,0,0,0,0,0,0,0,0,0,0,0,0,0,0,0,0,0,6
0,0,0,0,0,0,0,0,0,0,0,0,0,0,0,0,0,0,0,0,0,0,0,0,0,0,0,0,0,0,0,0,0,0,0,0,0,0,0,0,0,0,0,0,0,0,0,0,0,0,0,0,0,0,0,0,0,0,0,0,0,0,0,0,0,0,0,0,0,0,0,0,0,0,0,0,0,0,0,0,0,0,0,0,0,0,0,0,0,0,0,0,0,0,0,0,0,0,0,0,0,0,0,0,0,0,0,0,0,0,0,0,0,0,0,0,0,0,0,0,0,0,0,0,0,0,0,0,0,0,0,0,0,0,0,0,0,0,0,0,0,0,0,0,0,0,0,0,0,0,0,0,0,0,0,0,0,0,0,0,0,0,0,0,0,0,0,0,0,0,0,0,0,0,0,0,0,0,0,0,0,0,0,0,0,0,0,0,0,0,0,0,0,0,0,0,0,0,0,0,0,0,0,0,0,0,0,0,0,4,0,0,0,48,0,0,0,0,0,0,0,253,137,0,0,0,0,0,0,0,0,0,0,0,0,0,0,0,7,0,168,255,238,216,106,0,0,0,0,240,45,0,0,0,0,0,0,0,0,0,0,0,0,0,0,4,0,14,233,233,233,234,255,249,246,252,217,225,0,0,0,0,0,0,0,0,0,0,0,0,0,0,0,0,0,190,247,225,237,230,230,255,255,248,249,244,13,0,0,0,0,0,0,0,0,0,0,1,0,0,3,0,64,255,217,227,227,220,235,242,235,243,231,253,33,0,0,0,0,0,0,0,0,0,0,0,0,2,0,0,249,215,181,230,227,219,235,246,241,243,234,255,122,0,0,0,0,0,0,0,0,0,0,3,1,0,1,143,250,154,171,204,216,218,239,245,246,240,239,250,243,0,0,0,2,3,4,5,1,0,0,0,0,45,122,166,224,149,174,190,192,210,250,242,240,242,235,236,255,13,1,0,0,0,0,0,0,0,0,2,104,166,176,234,177,158,167,174,167,180,249,244,242,245,245,237,255,71,0,0,0,17,36,39,62,100,138,192,193,169,230,190,157,151,155,159,175,207,248,245,241,240,243,230,255,111,0,146,226,148,178,190,209,215,216,208,216,220,172,151,166,185,214,230,251,238,247,247,239,242,243,231,255,97,113,255,239,238,240,235,233,226,215,217,207,177,185,195,215,230,227,226,217,233,247,244,250,246,249,243,255,45,66,204,248,246,243,246,236,236,232,226,222,229,232,234,238,242,248,255,255,255,255,229,230,228,229,224,255,51,0,0,48,135,219,251,255,255,255,255,255,255,255,255,250,213,138,60,14,0,169,255,255,255,255,255,255,61,0,0,0,0,0,0,0,37,64,81,89,67,53,9,0,0,0,0,0,0,0,29,25,8,0,0,0,0,0,0,0,0,0,0,0,0,0,0,0,0,0,0,0,0,0,0,0,0,0,0,0,0,0,0,0,0,0,0,0,0,0,0,0,0,0,0,0,0,0,0,0,0,0,0,0,0,0,0,0,0,0,0,0,0,0,0,0,0,0,0,0,0,0,0,0,0,0,0,0,0,0,0,0,0,0,0,0,0,0,0,0,0,0,0,0,0,0,0,0,0,0,0,0,0,0,0,0,0,0,0,0,0,0,0,0,0,0,0,0,0,0,0,0,0,0,0,0,0,0,0,0,0,0,0,0,0,0,0,0,0,0,0,0,0,0,0,0,0,0,0,0,0,0,0,0,0,0,0,0,0,0,0,0,0,0,0,0,0,0,0,0,0,0,0,0,0,6
0,0,0,0,0,0,0,0,0,0,0,0,0,0,0,0,0,0,0,0,0,0,0,0,0,0,0,0,0,0,0,0,0,0,0,0,0,0,0,0,0,0,0,0,0,0,0,0,0,0,0,0,0,0,0,0,0,0,0,0,0,0,0,0,0,0,0,0,0,0,0,0,0,0,0,0,0,0,0,0,0,0,0,0,0,0,0,0,0,0,0,0,0,0,0,0,0,0,0,0,0,0,0,0,0,0,0,0,0,0,0,0,0,0,0,0,0,0,0,0,0,0,0,0,0,1,0,0,1,0,1,0,0,0,0,0,0,0,90,67,0,0,0,0,0,0,0,0,0,0,0,0,1,0,4,8,0,0,0,0,0,0,0,29,158,146,47,15,0,0,0,0,0,0,0,0,0,0,0,0,5,0,67,183,0,0,0,0,0,0,0,199,215,112,0,0,0,0,0,0,0,0,0,0,0,0,0,0,0,0,95,221,164,108,140,129,134,117,149,214,163,0,0,1,0,0,0,0,0,0,0,0,0,0,0,0,0,0,144,210,192,175,179,175,177,174,188,203,180,0,0,0,0,0,0,0,0,0,0,0,0,0,0,0,0,0,182,214,219,233,233,239,238,222,219,206,154,0,0,0,0,0,0,0,0,0,0,0,0,0,0,1,0,5,213,217,217,212,207,213,210,212,217,202,142,0,0,0,0,0,0,0,0,0,0,0,0,0,0,0,0,78,235,219,223,218,217,216,215,215,217,202,127,0,1,0,0,0,0,0,0,0,0,0,0,1,0,0,0,181,216,218,218,214,214,216,216,217,221,208,136,0,0,0,0,0,0,0,0,0,0,0,0,0,0,0,103,225,226,219,216,218,217,217,216,216,219,208,165,0,0,0,0,0,0,0,0,0,0,0,0,4,0,41,201,211,227,206,221,215,217,216,212,214,223,206,189,0,0,1,0,0,0,0,0,0,0,0,0,0,0,187,184,224,224,212,218,216,218,221,232,240,211,202,210,9,0,2,2,0,0,0,0,0,0,0,0,0,150,183,198,225,220,218,221,226,221,228,199,167,166,205,217,63,0,1,1,7,3,1,4,3,0,0,0,102,207,163,233,207,214,90,95,193,186,181,131,141,228,204,184,100,0,0,0,0,0,0,0,0,0,0,100,228,172,231,192,202,211,190,155,201,211,215,237,246,234,193,191,115,0,0,0,46,60,60,69,79,100,164,92,24,243,11,93,239,219,238,255,250,238,224,232,222,224,189,186,106,0,0,82,185,162,129,99,92,99,113,87,153,15,54,253,224,225,225,211,202,201,205,208,209,205,191,191,97,0,1,143,185,189,191,186,179,191,218,237,216,208,255,235,224,211,193,192,184,173,155,134,121,129,114,118,51,0,0,56,94,117,131,149,173,205,222,220,210,203,190,182,176,146,110,91,64,57,54,52,56,54,51,73,37,0,0,0,44,54,60,68,67,74,71,73,71,68,72,67,2,0,0,0,0,114,107,108,104,108,95,111,43,0,1,0,0,0,0,18,17,30,37,47,46,41,40,24,0,0,0,0,0,43,18,30,20,26,14,21,6,0,0,0,0,0,0,0,0,0,0,0,0,0,0,0,0,0,0,0,0,0,0,0,0,0,0,0,0,0,0,0,0,0,0,0,0,0,0,0,0,0,0,0,0,0,0,0,0,0,0,0,0,0,0,0,0,0,0,0,0,0,0,0,0,0,0,0,0,0,0,0,0,0,0,0,0,0,0,0,0,0,0,0,0,0,0,6
0,0,0,0,0,0,0,0,0,0,0,0,0,0,0,0,0,0,0,0,0,0,0,0,0,0,0,0,0,0,0,0,0,0,0,0,0,0,0,0,0,0,0,0,0,0,0,0,0,0,0,0,0,0,0,0,0,0,0,0,0,0,0,0,0,0,0,0,0,0,0,0,0,0,0,0,0,0,0,0,0,0,0,0,0,0,0,0,0,0,0,0,0,0,0,0,0,0,0,0,0,0,0,0,0,0,0,0,0,0,0,0,0,0,0,0,0,0,0,0,0,0,0,0,0,0,0,0,0,0,0,0,0,0,0,0,0,0,0,0,0,0,0,0,0,0,0,0,0,0,0,0,0,0,0,0,1,0,0,0,0,0,0,0,0,0,92,8,0,0,0,0,0,0,0,0,0,0,0,0,0,0,0,0,141,113,79,12,7,14,3,25,73,67,87,0,0,0,0,0,0,0,0,0,0,0,0,0,0,3,0,26,175,134,190,210,205,215,210,174,182,180,27,0,0,0,0,0,0,0,0,0,0,1,0,0,1,8,0,75,162,116,173,208,206,215,208,159,159,155,1,0,0,0,0,0,0,0,0,0,0,0,0,0,3,0,0,141,154,124,207,210,212,224,209,150,160,186,0,0,0,0,0,0,0,0,0,0,0,0,0,0,4,0,54,172,130,134,217,212,216,224,200,144,162,181,0,0,1,0,0,0,0,0,0,0,0,1,1,3,0,0,153,153,123,162,221,211,212,225,206,143,166,155,0,0,1,0,0,0,0,0,0,0,0,2,2,4,0,88,147,123,135,182,223,212,212,226,198,144,159,180,11,0,0,0,0,0,0,0,0,0,0,4,0,0,61,133,117,151,139,201,224,211,214,228,187,152,152,189,53,0,0,0,0,0,0,0,1,2,0,0,0,86,134,132,152,146,143,221,217,212,214,230,181,158,155,173,128,0,1,1,3,2,1,0,0,0,0,32,111,116,116,142,143,136,160,230,208,214,214,229,169,154,165,157,181,0,2,0,0,0,0,0,0,35,95,125,113,105,131,143,146,141,172,225,198,208,207,228,167,153,161,151,190,25,0,0,40,63,91,108,113,126,116,110,132,142,137,143,155,149,184,241,220,224,224,194,164,181,175,163,186,16,0,149,144,106,82,58,90,112,128,139,143,150,154,160,170,173,163,173,158,140,139,129,143,153,152,162,181,0,44,191,171,150,125,96,111,148,151,157,162,172,173,165,146,126,122,133,128,169,178,180,200,202,220,203,234,35,73,194,209,203,186,171,159,160,156,156,158,152,140,151,172,195,216,255,249,229,214,197,198,190,186,169,193,45,0,0,71,148,207,229,241,233,228,233,229,233,243,246,224,165,78,25,0,50,225,193,195,206,212,207,222,72,0,0,0,0,0,12,38,55,75,88,114,102,69,21,0,0,0,0,0,9,157,120,121,107,80,56,32,0,0,0,0,0,0,0,0,0,0,0,0,0,0,0,0,0,0,0,0,0,0,0,0,0,0,0,0,0,0,0,0,0,0,0,0,0,0,0,0,0,0,0,0,0,0,0,0,0,0,0,0,0,0,0,0,0,0,0,0,0,0,0,0,0,0,0,0,0,0,0,0,0,0,0,0,0,0,0,0,0,0,0,0,0,0,0,0,0,0,0,0,0,0,0,0,0,0,0,0,0,0,0,0,0,0,0,0,0,0,0,0,0,0,0,0,0,0,0,0,0,0,0,0,0,0,0,0,0,0,0,0,0,0,0,0,0,0,0,0,0,6
0,0,0,0,0,0,0,0,0,0,0,0,0,0,0,0,0,0,0,0,0,0,0,0,0,0,0,0,0,0,0,0,0,0,0,0,0,0,0,0,0,0,0,0,0,0,0,0,0,0,0,0,0,0,0,0,0,0,0,0,0,0,0,0,0,0,0,0,0,0,0,0,47,83,99,115,89,64,33,0,0,0,0,0,0,0,0,0,0,0,0,0,1,1,2,0,36,178,209,224,240,221,254,224,231,237,231,247,166,39,0,0,0,0,0,0,0,0,0,0,0,0,7,0,81,227,186,189,178,166,206,163,203,185,181,211,222,226,238,63,0,0,0,0,0,0,0,0,0,0,4,0,44,205,178,167,144,136,174,199,156,149,188,212,209,203,230,84,0,0,0,0,0,0,0,0,0,0,2,0,25,200,180,209,222,233,220,195,209,196,228,212,217,212,238,0,0,0,0,0,0,0,0,0,0,0,3,0,98,195,181,210,189,166,163,180,184,216,185,195,212,225,182,0,0,0,0,0,0,0,0,0,0,1,0,0,0,224,220,205,172,165,172,168,132,142,185,225,197,214,183,0,0,0,0,0,0,0,0,0,0,1,1,0,13,205,187,163,186,179,174,174,192,204,202,185,196,218,53,0,0,0,0,0,0,0,0,0,0,0,2,0,0,233,207,207,226,229,245,229,227,229,227,232,206,250,51,0,0,0,0,0,0,0,0,0,0,0,1,0,0,136,245,217,218,222,218,242,229,220,222,196,213,187,0,0,0,0,0,0,0,0,0,0,0,1,0,0,0,0,198,189,183,230,234,191,210,215,196,195,214,135,0,0,0,0,0,0,0,0,0,0,0,0,0,0,0,109,168,107,103,162,118,112,164,217,221,222,255,82,0,0,0,0,0,0,0,0,0,0,0,0,1,0,0,226,208,198,186,188,81,225,185,122,188,126,144,123,0,0,0,0,0,0,0,0,0,0,0,0,0,0,67,209,215,231,255,246,138,186,195,168,196,134,143,166,0,0,0,0,0,0,0,0,0,0,0,0,0,0,129,167,138,217,240,138,133,117,182,255,253,245,239,255,69,0,0,0,0,0,0,0,0,0,0,5,0,24,196,193,183,167,189,192,194,194,162,250,253,237,231,248,62,0,0,0,0,0,0,0,0,2,0,0,6,185,180,183,228,215,218,192,180,128,189,208,188,186,191,199,25,0,0,1,5,3,3,2,0,0,0,29,172,191,160,173,175,186,206,222,225,198,189,187,179,173,177,238,80,0,0,0,0,0,0,0,0,0,104,180,180,163,173,178,180,180,181,170,169,194,199,186,192,189,192,200,92,0,0,0,57,81,81,73,121,189,181,162,167,179,178,186,185,186,198,192,188,197,199,202,208,210,195,205,88,0,0,130,160,144,164,186,185,160,149,157,168,175,181,188,189,188,193,199,206,217,212,205,196,180,175,181,47,0,80,197,177,157,132,128,123,148,155,163,171,180,187,190,197,215,254,244,189,189,156,144,142,142,147,185,14,0,2,100,162,194,199,185,173,170,159,167,182,195,203,211,241,184,97,0,0,180,158,142,155,149,163,176,0,0,0,0,0,40,119,178,218,230,239,236,243,237,213,145,17,0,0,0,0,230,194,180,198,196,218,155,0,0,0,0,0,0,0,0,0,34,73,85,86,49,0,0,0,0,1,0,0,82,55,37,44,37,27,6,0,0,0,0,0,0,0,0,0,0,0,0,0,0,0,0,0,0,0,0,0,0,0,0,0,0,0,0,0,0,6
0,0,0,0,0,0,0,0,0,0,0,0,0,0,0,0,0,0,0,0,0,0,0,0,0,0,0,0,0,0,0,0,0,0,0,0,0,0,0,0,0,0,0,0,0,0,0,0,0,0,0,0,0,0,0,0,0,0,0,0,0,0,0,0,0,0,0,0,0,0,0,0,0,0,0,0,0,0,0,0,0,0,0,0,0,0,0,0,0,0,0,0,0,0,0,0,0,0,0,0,0,0,0,0,0,0,0,0,0,0,0,0,0,0,0,0,0,0,0,0,0,0,0,0,1,0,15,16,22,51,57,62,55,39,17,20,0,0,21,48,0,0,0,0,0,0,0,0,0,0,0,0,0,0,173,207,207,219,224,248,232,230,210,226,195,143,67,158,0,0,0,0,0,0,0,0,0,0,0,0,5,0,119,216,207,210,216,203,205,219,220,221,225,216,153,41,0,0,0,0,0,0,0,0,0,0,0,0,6,0,84,208,199,206,214,205,218,226,221,228,222,239,134,0,0,0,0,0,0,0,0,0,0,0,0,0,6,0,48,206,193,209,218,196,200,220,225,226,232,211,0,0,0,0,0,0,0,0,0,0,0,0,0,0,7,0,48,199,191,208,218,196,216,219,226,225,237,227,0,0,0,0,0,0,0,0,0,0,0,0,0,0,3,0,49,199,197,205,191,199,239,222,229,224,234,211,0,0,0,0,0,0,0,0,0,0,0,0,0,0,2,0,56,211,173,170,177,212,229,230,227,223,225,222,0,0,1,0,0,0,0,0,0,0,4,0,0,5,0,0,159,193,150,178,196,223,233,237,230,230,227,220,5,0,1,0,0,0,0,0,0,0,0,0,5,0,0,90,238,160,190,208,205,220,225,221,230,226,225,239,35,0,0,0,1,1,2,1,2,3,4,2,0,0,97,226,165,199,202,214,204,225,227,224,231,228,223,242,78,0,0,3,0,0,0,0,0,0,0,0,38,137,215,163,195,211,211,213,208,245,246,243,242,238,226,239,127,0,3,0,0,0,0,0,0,5,51,137,148,110,152,135,175,177,195,211,208,241,235,234,232,224,220,238,161,0,0,23,144,194,194,168,165,175,164,112,43,80,171,141,179,203,218,216,207,218,223,224,236,233,223,239,178,0,0,140,132,84,133,159,145,135,113,92,104,138,165,210,217,222,221,199,212,226,229,214,232,232,225,236,174,0,42,166,199,171,146,146,141,118,109,111,151,174,171,201,220,215,212,204,238,248,248,255,255,243,238,244,188,0,107,108,123,149,175,195,205,200,193,202,212,221,226,208,223,215,201,204,223,199,172,155,138,127,116,129,123,9,2,59,98,107,105,114,126,138,148,165,179,179,174,166,149,143,131,112,95,92,97,100,113,112,115,113,147,24,0,0,0,7,33,58,94,108,115,117,119,113,114,115,106,89,46,1,97,209,189,191,186,183,181,155,177,17,2,2,1,0,0,0,0,0,0,12,13,18,20,0,0,0,0,0,22,80,53,60,62,58,57,60,59,0,0,0,0,0,0,0,0,0,0,0,0,0,0,0,0,0,0,0,0,0,0,0,0,0,0,0,0,0,0,0,0,0,0,0,0,0,0,0,0,0,0,0,0,0,0,0,0,0,0,0,0,0,0,0,0,0,0,0,0,0,0,0,0,0,0,0,0,0,0,0,0,0,0,0,0,0,0,0,0,0,0,0,0,0,0,0,0,0,0,0,0,0,0,0,0,0,0,0,0,0,0,0,0,0,0,0,0,0,0,0,0,0,6
0,0,0,0,0,0,0,0,0,0,0,0,0,0,0,0,0,0,0,0,0,0,0,0,0,0,0,0,0,0,0,0,0,0,0,0,0,0,0,0,0,0,0,0,0,0,0,0,0,0,0,0,0,0,0,0,0,0,0,0,0,0,0,0,0,0,0,0,0,0,0,0,0,0,0,0,0,0,0,0,0,0,0,0,0,0,0,0,0,0,0,0,0,0,0,0,0,0,0,0,0,0,0,0,0,0,0,0,0,0,0,0,0,0,0,0,0,0,0,0,0,0,0,0,0,0,0,0,0,0,0,0,0,0,0,0,0,0,0,0,0,0,0,0,0,0,0,0,0,0,0,0,0,0,4,0,9,142,104,87,60,49,22,0,0,0,0,0,0,0,0,0,0,0,0,0,0,0,0,0,0,1,0,0,183,199,205,255,255,255,255,245,219,172,208,30,0,0,0,0,0,0,0,0,0,0,0,0,0,4,0,21,199,184,198,215,220,218,215,207,203,206,206,17,0,0,0,0,0,0,0,0,0,0,0,0,0,4,0,145,189,190,210,222,218,221,211,201,199,203,178,0,0,0,0,0,0,0,0,0,0,0,0,0,1,0,0,190,193,196,221,226,224,220,201,200,201,199,230,0,0,0,0,0,0,0,0,0,0,0,0,0,5,0,46,225,189,200,219,220,219,215,204,202,199,198,200,0,0,0,0,0,0,0,0,0,0,0,0,0,0,0,139,208,184,216,229,225,220,210,204,200,199,203,185,0,0,0,0,0,0,0,0,0,0,0,0,12,0,28,246,176,187,218,225,222,215,205,200,203,206,208,201,34,0,0,0,0,0,0,0,0,0,0,5,0,23,215,190,181,203,229,223,216,208,205,206,206,200,221,131,22,0,0,0,0,0,0,0,0,0,5,0,25,206,191,167,200,222,224,217,212,209,211,200,202,197,211,182,50,0,0,0,0,0,1,2,3,1,0,16,210,183,159,208,216,221,219,219,216,211,208,202,201,203,201,230,89,0,5,1,0,0,0,0,0,0,25,104,152,152,194,199,205,210,221,219,214,210,208,212,211,210,200,228,83,0,0,0,0,0,0,9,59,115,102,139,159,174,171,190,200,199,202,206,213,215,214,212,203,215,205,217,30,0,60,133,122,122,129,136,127,104,103,194,194,203,217,227,228,223,219,218,222,222,222,225,214,211,202,232,61,0,169,179,132,79,61,66,119,160,182,193,213,221,214,213,216,215,208,204,208,212,212,213,216,206,202,220,40,18,156,202,204,193,179,165,160,159,171,201,201,202,214,216,211,200,202,217,197,182,182,180,181,181,171,206,39,54,125,151,174,193,203,208,198,196,207,214,218,220,216,206,200,221,207,136,174,182,177,182,189,193,194,222,23,0,12,75,119,157,169,186,206,217,213,215,211,198,198,189,141,53,0,0,180,249,201,217,212,202,192,227,28,2,0,0,0,20,49,90,122,126,139,136,127,119,70,2,0,0,0,0,145,205,183,189,191,189,189,202,21,0,0,0,0,0,0,0,0,0,0,0,0,0,0,0,0,0,0,0,0,0,0,0,0,0,0,0,0,0,0,0,0,0,0,0,0,0,0,0,0,0,0,0,0,0,0,0,0,0,0,0,0,0,0,0,0,0,0,0,0,0,0,0,0,0,0,0,0,0,0,0,0,0,0,0,0,0,0,0,0,0,0,0,0,0,0,0,0,0,0,0,0,0,0,0,0,0,0,0,0,0,0,0,0,0,0,0,0,0,0,0,0,6
0,0,0,0,0,0,0,0,0,0,0,0,0,0,0,0,0,0,0,0,0,0,0,0,0,0,0,0,0,0,0,0,0,0,0,0,0,0,0,0,0,0,0,0,0,0,0,0,0,0,0,0,0,0,0,0,0,0,0,0,0,0,0,0,0,0,0,0,0,0,0,0,0,0,0,0,0,0,0,0,0,0,0,0,0,0,0,0,0,0,0,0,0,0,0,0,0,0,0,0,0,0,0,0,0,0,0,0,0,0,0,0,0,0,0,0,0,0,0,0,0,0,0,0,0,0,0,0,0,0,0,28,138,1,0,0,0,0,3,2,0,0,0,0,0,0,0,0,0,0,0,0,0,0,0,0,0,52,181,161,178,168,19,0,0,0,0,0,0,0,0,0,0,0,0,0,0,0,0,0,0,0,5,0,57,196,160,140,135,156,204,121,151,180,65,0,0,0,0,0,0,0,0,0,0,0,0,0,0,1,0,0,171,198,128,138,135,138,149,179,156,147,176,126,0,0,0,0,0,0,0,0,0,0,0,0,0,3,0,7,194,147,142,133,142,142,144,131,145,145,158,54,0,0,0,0,0,0,0,0,0,0,0,0,0,2,0,90,228,90,125,135,137,133,141,132,137,171,154,0,0,0,0,0,0,0,0,0,0,0,0,0,1,0,0,151,197,180,146,139,134,132,121,114,163,182,82,0,0,0,0,0,0,0,0,0,0,0,0,1,0,0,228,214,190,165,128,143,124,126,118,145,190,183,13,0,0,0,0,0,0,0,0,0,1,1,0,3,0,41,208,182,204,154,126,130,133,135,142,182,153,126,0,0,0,0,0,0,0,0,0,0,0,0,5,0,9,234,173,184,195,181,219,199,181,170,192,189,170,239,15,0,0,0,1,0,0,0,0,0,0,2,0,0,193,175,180,166,115,163,172,194,220,223,216,173,164,210,0,0,0,0,0,0,0,0,0,0,5,0,1,219,189,164,173,121,142,145,151,146,144,163,128,130,166,164,0,0,0,1,3,4,4,3,6,0,0,0,177,196,138,183,132,128,139,135,139,144,154,144,162,172,144,158,0,0,0,0,0,0,0,0,0,0,24,176,182,155,143,153,132,135,139,131,142,137,166,145,168,156,91,195,20,0,0,0,4,0,5,3,54,135,194,163,144,167,177,174,165,161,154,141,132,123,180,164,157,124,118,184,64,0,28,194,208,171,184,197,201,188,124,126,129,151,140,134,138,150,167,170,137,125,167,162,140,143,95,203,72,0,114,255,204,184,172,163,176,156,138,146,137,128,129,139,144,154,171,197,208,206,219,207,210,219,174,216,37,0,176,200,177,178,166,151,153,139,145,156,151,171,174,175,187,184,178,181,173,166,182,171,168,163,141,170,103,0,95,173,194,185,176,172,172,183,197,189,182,180,171,165,165,171,200,189,193,182,168,160,164,164,139,158,113,0,0,0,38,114,179,183,203,192,175,168,171,179,182,192,163,112,46,0,87,248,193,214,200,209,176,186,162,0,0,0,0,0,0,0,51,67,102,115,77,64,37,1,0,0,0,0,0,132,147,105,116,97,70,62,35,0,0,0,0,0,0,0,0,0,0,0,0,0,0,0,0,0,0,0,0,0,0,0,0,0,0,0,0,0,0,0,0,0,0,0,0,0,0,0,0,0,0,0,0,0,0,0,0,0,0,0,0,0,0,0,0,0,0,0,0,0,0,0,0,0,0,0,0,0,0,0,0,0,0,0,0,0,0,0,0,0,0,0,0,0,6
0,0,0,0,0,0,0,0,0,0,0,0,0,0,0,0,0,0,0,0,0,0,0,0,0,0,0,0,0,0,0,0,0,0,0,0,0,0,0,0,0,0,0,0,0,0,0,0,0,0,0,0,0,0,0,0,0,0,0,0,0,0,0,0,0,0,0,0,0,0,0,0,0,0,0,0,0,0,0,0,0,0,0,0,0,0,0,0,0,0,0,0,0,0,0,0,0,0,0,0,0,0,0,0,0,0,0,0,0,0,0,0,0,0,0,0,0,0,0,0,0,0,0,0,0,0,0,0,59,140,0,0,0,0,0,1,0,3,0,0,0,0,0,0,0,0,0,0,0,0,0,0,0,0,0,64,206,255,66,0,0,0,0,0,0,0,0,0,0,0,0,0,0,0,0,0,0,0,0,0,1,0,0,240,212,198,254,255,225,192,158,132,121,75,0,0,0,0,0,0,0,0,0,0,0,0,0,0,1,0,62,251,155,209,215,216,235,238,248,222,225,214,0,0,0,0,0,0,0,0,0,0,0,0,0,0,0,0,151,228,197,237,235,234,222,218,215,199,202,208,0,0,0,0,0,0,0,0,0,0,0,0,0,2,0,10,244,177,216,239,230,223,227,225,219,220,217,228,7,0,0,0,0,0,0,0,0,0,0,0,0,0,0,129,209,190,244,232,230,229,230,225,224,237,220,246,119,0,0,0,0,0,0,0,0,0,0,0,0,0,0,208,187,237,238,233,229,231,229,227,235,225,205,222,209,0,0,0,0,0,0,0,0,0,0,0,0,0,105,210,210,232,239,235,232,235,237,235,226,205,205,213,221,8,0,0,0,0,0,0,0,0,0,1,0,37,204,198,218,236,238,236,236,240,237,219,199,211,199,208,234,50,0,0,0,0,0,0,0,0,0,0,0,181,209,201,226,236,233,241,236,225,210,200,215,229,222,218,231,86,0,0,0,0,0,0,0,0,0,0,120,221,177,204,235,240,235,234,216,207,204,227,235,232,228,215,230,94,0,0,4,5,1,0,2,0,0,76,212,196,186,225,236,241,228,218,216,233,221,209,204,193,194,196,236,52,2,0,0,0,0,0,0,0,103,246,166,160,213,222,218,218,217,231,236,225,215,216,203,204,192,224,132,0,0,0,60,23,2,15,44,161,231,113,10,106,214,214,219,219,217,216,216,238,209,171,201,167,201,167,0,0,0,163,212,217,238,231,234,184,41,56,222,244,230,224,225,221,213,228,239,113,0,0,194,192,217,21,0,2,0,197,187,165,125,126,151,72,0,115,196,134,165,217,226,229,253,198,11,0,0,0,203,215,189,0,0,0,98,216,210,213,207,187,191,218,255,254,233,199,207,214,219,254,97,0,0,1,0,0,188,228,179,0,0,0,9,94,165,192,223,240,214,215,208,211,220,225,216,215,246,66,0,0,0,0,0,0,208,242,212,27,0,4,0,0,0,0,15,39,63,108,135,156,169,168,165,123,8,0,0,1,0,1,0,0,55,59,60,5,0,1,2,4,0,0,0,0,0,0,0,0,0,0,0,0,0,0,0,0,0,0,0,0,0,0,0,0,3,0,0,0,0,0,0,0,0,0,0,0,0,0,0,0,0,0,0,0,0,0,0,0,0,0,0,0,0,0,0,0,0,0,0,0,0,0,0,0,0,0,0,0,0,0,0,0,0,0,0,0,0,0,0,0,0,0,0,0,0,0,0,0,0,0,0,0,0,0,0,0,0,0,0,0,0,0,0,0,0,0,0,0,0,0,6
0,0,0,0,0,0,0,0,0,0,0,0,0,2,0,0,0,39,78,104,104,78,45,0,0,0,0,0,0,0,0,0,0,0,0,0,0,0,0,0,0,3,0,18,227,225,232,255,255,255,233,214,99,0,4,0,0,0,0,0,0,0,0,0,0,0,0,0,0,5,0,32,229,215,218,215,223,227,220,252,137,0,2,0,0,0,0,0,0,0,0,0,0,0,0,0,0,5,0,0,217,225,223,225,232,233,226,239,63,0,3,0,0,0,0,0,0,0,0,0,0,0,0,0,0,4,0,2,255,222,222,225,231,234,224,240,74,0,4,0,0,0,0,0,0,0,0,0,0,0,0,0,0,3,0,10,255,221,223,227,234,235,225,229,46,0,3,0,0,0,0,0,0,0,0,0,0,0,0,0,0,3,0,35,255,220,226,230,233,234,228,255,8,0,1,0,0,0,0,0,0,0,0,0,0,0,0,0,0,3,0,52,231,221,231,232,231,231,232,254,0,0,0,0,0,0,0,0,0,0,0,0,0,0,0,0,0,1,0,94,231,221,230,235,232,228,229,253,0,0,1,0,0,0,0,0,0,0,0,0,0,0,0,0,0,2,0,112,234,222,230,234,231,227,231,255,0,0,0,0,0,0,0,0,0,0,0,0,0,0,0,0,0,1,0,128,235,224,231,232,230,225,230,252,0,0,0,0,0,0,0,0,0,0,0,0,0,0,0,0,0,0,0,183,235,226,233,230,229,228,224,255,23,0,1,0,0,0,0,0,0,0,0,0,0,0,0,0,1,0,49,255,219,230,230,228,226,228,215,243,154,0,0,0,0,0,0,0,0,0,0,0,0,0,0,0,0,0,183,229,216,234,227,227,225,227,224,235,255,0,0,0,0,0,0,0,0,0,0,0,0,0,0,1,0,0,245,221,226,232,226,227,226,226,221,225,248,130,0,0,0,0,0,0,0,0,0,0,0,0,0,1,0,102,255,210,234,226,229,228,229,224,229,234,237,255,0,0,0,0,0,0,0,0,0,0,0,0,0,0,0,224,220,213,219,224,228,231,232,227,230,233,228,255,63,0,0,0,0,0,0,0,0,0,0,0,0,0,113,255,208,219,218,225,226,228,229,229,232,230,225,255,107,0,0,0,0,0,0,0,0,0,0,0,0,11,250,210,218,217,230,228,225,228,230,229,230,226,223,255,129,0,0,0,0,0,0,0,0,0,1,0,0,202,224,205,218,224,230,223,228,231,233,223,226,229,227,255,113,0,0,0,0,0,0,0,0,1,0,0,174,255,212,215,219,224,224,227,235,230,220,239,244,225,218,236,0,0,0,0,4,4,0,0,0,0,0,182,254,214,217,222,225,229,230,230,225,238,255,227,192,195,201,185,0,0,0,0,0,0,0,0,0,85,222,244,209,215,219,218,220,228,228,233,245,234,98,0,83,213,208,167,0,0,0,0,9,95,148,196,238,245,216,207,216,219,222,224,227,226,236,255,127,0,0,0,117,214,211,122,0,0,0,65,212,226,219,211,201,198,204,213,222,219,221,232,228,242,234,31,0,0,5,0,110,210,212,84,0,0,0,106,215,210,215,218,218,221,227,228,231,237,240,226,239,186,0,0,0,1,5,0,107,208,207,66,0,0,0,0,126,189,209,227,227,214,219,221,213,211,213,246,145,0,0,0,0,0,4,0,110,226,218,60,0,0,0,0,0,0,17,55,88,119,142,164,183,185,190,105,0,0,1,0,1,2,4,0,41,120,111,10,0,0,6
0,0,0,0,0,0,0,0,0,0,0,0,0,0,0,0,0,0,0,0,0,0,0,0,0,0,0,0,0,0,0,0,0,0,0,0,0,0,0,0,0,0,0,0,0,0,0,0,0,0,0,0,0,0,0,0,0,0,0,0,0,0,0,0,0,0,0,0,0,2,2,0,0,3,6,0,0,15,179,155,0,0,1,0,0,0,0,0,0,0,0,0,0,0,0,0,0,0,0,7,0,0,0,0,110,207,217,223,99,0,3,0,0,0,0,0,0,0,0,0,0,0,0,0,0,0,3,0,0,35,115,215,214,202,189,196,211,6,0,2,0,0,0,0,0,0,0,0,0,0,0,0,0,3,0,12,137,228,232,215,193,186,198,203,88,0,2,0,0,0,0,0,0,0,0,0,0,0,0,0,2,0,0,182,198,172,214,215,207,223,191,55,0,0,1,0,0,0,0,0,0,0,0,0,0,0,0,3,0,0,197,111,122,173,214,215,198,158,1,0,2,3,0,0,0,0,0,0,0,0,0,0,0,0,0,0,0,133,204,158,138,255,168,81,29,0,0,7,1,0,3,1,0,0,0,0,0,0,0,0,0,0,2,0,14,157,175,226,203,49,0,0,0,0,6,0,3,3,6,0,0,0,0,0,0,0,0,0,0,0,8,0,52,185,212,159,42,0,0,4,1,1,0,1,0,0,0,0,0,0,0,0,0,0,0,0,0,1,0,0,189,223,219,110,0,0,0,0,0,0,1,0,0,0,122,199,0,0,0,0,0,0,0,0,0,8,0,21,201,198,196,244,222,15,0,0,1,0,0,0,82,196,238,178,0,0,0,0,0,0,0,0,0,10,0,59,203,197,206,201,222,255,81,0,0,0,39,221,239,219,206,131,0,0,0,0,0,0,0,0,0,6,0,92,221,195,206,221,210,221,238,159,0,152,235,221,205,213,232,108,0,0,0,0,0,0,0,0,0,3,0,4,198,219,206,212,218,219,217,224,229,255,70,188,224,209,243,88,0,0,0,0,0,0,0,3,1,0,5,0,32,208,224,212,218,221,216,227,255,34,0,230,223,214,249,60,0,0,0,0,0,2,5,4,2,7,0,0,0,10,235,232,222,213,227,233,10,0,0,229,223,215,246,44,0,0,0,1,4,0,0,0,0,0,0,0,2,0,0,153,209,221,250,0,0,0,0,223,221,216,242,26,0,0,0,0,0,0,52,147,192,24,0,0,0,0,0,0,199,227,25,0,8,0,0,218,218,217,236,12,1,1,0,0,78,165,198,162,187,222,83,0,0,0,0,155,247,39,0,0,0,0,0,217,218,217,230,0,5,15,0,59,214,160,153,176,193,200,236,88,0,0,129,250,106,0,0,1,1,0,0,217,221,218,227,0,0,0,0,107,193,172,187,204,214,218,213,213,0,118,245,135,0,0,2,0,1,0,0,216,224,221,218,0,40,162,114,178,228,220,221,219,224,225,229,191,187,238,120,0,0,6,0,0,1,0,0,180,224,220,205,0,32,182,171,161,160,174,211,220,224,198,191,177,191,43,0,0,3,0,0,0,1,0,0,226,233,230,215,0,0,0,0,0,0,0,0,0,0,3,0,0,0,0,0,1,0,0,0,0,1,0,0,136,166,179,148,0,0,0,0,0,0,0,0,0,0,0,0,0,0,0,0,0,0,0,0,0,0,0,0,0,0,0,0,0,0,0,0,0,0,0,0,0,0,0,0,0,0,0,0,0,0,0,0,0,0,0,0,0,0,0,0,0,6
0,0,0,0,0,0,0,0,0,0,0,0,0,0,0,0,0,0,0,0,0,0,0,0,0,0,0,0,0,0,0,0,0,0,0,0,0,0,0,0,0,0,0,0,0,0,0,0,0,0,0,0,0,0,0,0,0,0,0,0,0,0,0,0,0,0,0,0,0,0,0,0,0,0,0,0,0,0,0,0,0,0,0,0,0,0,0,0,0,0,0,0,0,0,0,0,0,0,0,0,0,0,0,0,0,0,0,0,0,0,0,0,0,0,0,0,0,0,0,0,0,0,0,0,0,0,0,0,0,0,0,0,0,0,0,0,0,0,0,0,0,0,0,0,0,0,0,0,0,0,0,0,0,0,0,0,0,0,0,0,0,0,0,0,0,0,0,0,0,0,0,0,0,0,0,0,0,0,0,0,0,0,0,0,69,90,25,0,0,0,0,0,0,0,0,0,0,0,0,0,0,0,0,0,0,0,0,0,0,4,0,16,159,212,120,0,0,0,0,0,0,0,0,0,0,0,0,0,0,0,0,0,0,0,0,0,0,6,0,86,160,156,171,186,213,198,195,200,186,192,161,0,0,0,0,0,0,0,0,0,0,0,0,0,2,0,2,147,158,155,202,249,240,248,246,250,246,254,220,0,0,0,0,0,0,0,0,0,0,0,0,0,0,0,100,161,163,165,184,232,228,232,233,228,198,179,212,29,0,0,0,0,0,0,0,0,0,1,1,4,0,54,161,144,176,162,191,246,233,231,250,219,165,150,239,40,0,1,0,0,0,0,0,0,0,3,3,0,33,144,134,137,167,147,187,250,228,244,239,166,193,186,173,0,0,0,0,0,0,0,0,1,2,0,0,27,142,122,126,149,174,150,197,253,233,250,172,163,179,174,171,0,1,0,1,2,3,3,3,2,0,0,43,139,117,115,146,167,175,151,176,247,240,176,137,167,151,158,200,21,1,0,0,0,0,0,0,0,0,93,139,110,100,136,155,166,168,151,171,251,181,147,165,154,144,183,203,62,0,0,25,45,38,40,42,53,139,136,99,107,132,150,163,165,164,165,184,193,156,173,168,175,186,214,213,69,0,115,142,123,128,128,131,127,107,87,101,139,151,167,177,184,191,202,189,185,187,178,184,176,173,192,198,42,74,186,136,119,89,83,74,98,102,110,137,159,173,193,196,191,188,181,183,188,177,178,186,175,169,181,208,22,78,187,195,190,175,161,158,160,158,162,165,181,196,192,184,188,202,239,238,209,197,201,192,191,184,184,188,0,0,13,120,162,192,200,203,200,197,195,193,200,201,208,201,217,167,116,8,211,209,179,180,179,178,207,153,0,0,0,0,0,26,66,117,169,200,208,211,198,187,104,22,0,0,0,0,67,246,215,216,215,196,154,33,0,0,0,1,0,0,0,0,0,0,0,0,0,0,0,0,0,0,0,0,0,0,0,0,0,0,0,0,0,0,0,0,0,0,0,0,0,0,0,0,0,0,0,0,0,0,0,0,0,0,0,0,0,0,0,0,0,0,0,0,0,0,0,0,0,0,0,0,0,0,0,0,0,0,0,0,0,0,0,0,0,0,0,0,0,0,0,0,0,0,0,0,0,0,0,0,0,0,0,0,0,0,0,0,0,0,0,0,0,0,0,0,0,0,0,0,0,0,0,0,0,0,0,0,0,0,0,0,0,0,0,0,0,0,0,0,0,0,0,0,0,0,0,0,0,0,0,0,0,0,0,0,0,0,0,0,0,0,0,0,0,0,0,0,0,0,0,0,0,6
0,0,0,0,0,0,0,0,0,0,0,0,0,0,0,0,0,0,0,0,0,0,0,0,0,0,0,0,0,0,0,0,0,0,0,0,0,0,0,0,0,0,0,0,0,0,0,0,0,0,0,0,0,0,0,0,0,0,0,0,0,0,0,0,0,0,0,0,0,0,0,0,0,0,0,0,0,0,0,0,0,0,0,0,0,0,0,0,0,0,0,0,0,0,0,0,0,0,0,0,0,0,0,0,0,0,0,0,0,0,0,0,0,0,0,0,0,0,0,0,0,0,0,0,0,0,0,0,0,41,64,52,66,67,0,0,0,0,0,0,0,0,0,0,0,0,0,0,0,0,0,0,0,0,0,0,0,82,129,152,145,202,59,0,1,0,1,0,0,0,0,0,0,0,0,0,0,0,0,0,0,0,0,0,0,107,153,158,124,141,55,0,0,0,0,0,0,0,0,0,0,0,0,0,0,0,0,0,0,3,0,23,109,118,109,138,164,149,127,67,39,4,0,0,0,0,0,0,0,0,0,0,0,0,0,0,0,3,0,53,130,119,145,179,145,167,205,141,152,135,127,66,0,0,0,0,0,0,0,0,0,0,0,0,0,3,0,38,155,135,129,136,132,132,164,133,152,139,125,69,0,0,0,0,0,0,0,0,0,0,0,0,0,0,0,0,175,213,219,201,202,156,165,119,141,110,116,19,0,0,0,0,0,0,0,0,0,0,0,0,0,0,0,61,138,185,227,187,170,162,165,119,141,115,136,12,0,0,0,0,0,0,0,0,0,0,0,0,0,0,89,75,173,165,208,205,147,175,182,104,172,124,121,10,0,0,0,0,0,0,0,0,0,0,0,0,59,178,84,67,69,101,101,130,149,188,173,124,122,159,162,3,0,0,0,0,0,1,0,0,0,0,33,41,255,170,86,70,135,156,152,155,149,145,139,159,109,107,105,0,0,0,0,0,0,0,0,0,0,50,99,39,36,81,196,213,202,173,105,170,187,132,159,139,127,124,124,55,0,0,0,0,0,0,15,46,55,136,113,87,196,130,142,196,175,138,139,156,138,144,178,125,133,110,129,82,0,0,26,43,67,89,101,99,121,73,156,244,190,127,153,129,129,152,168,150,129,170,150,129,142,119,145,67,0,104,133,118,115,107,110,93,62,99,167,147,135,168,161,149,139,115,127,145,139,161,125,153,145,118,170,81,46,86,69,99,122,130,130,122,122,139,127,149,145,119,119,138,176,153,112,135,145,107,125,147,133,118,139,86,86,89,78,64,59,70,86,112,147,119,96,121,162,175,149,152,150,178,164,152,125,133,167,149,167,147,147,76,67,138,127,121,115,99,92,82,72,86,98,98,79,121,145,102,115,129,145,185,182,136,112,112,121,92,104,61,0,27,87,130,150,150,138,132,138,139,133,136,121,89,87,95,90,76,73,90,95,86,87,87,81,76,79,59,0,0,0,0,36,93,141,170,172,164,158,144,122,121,121,115,116,122,127,121,121,127,129,129,125,116,119,79,0,1,0,0,0,0,0,7,30,50,76,90,87,81,78,75,75,75,75,79,75,66,59,56,47,36,26,0,0,0,0,0,0,0,0,0,0,0,0,0,0,0,0,0,0,0,0,0,0,0,0,0,0,0,0,0,0,0,0,0,0,0,0,0,0,0,0,0,0,0,0,0,0,0,0,0,0,0,0,0,0,0,0,0,0,0,0,0,0,0,0,0,0,0,0,0,0,0,0,0,0,0,0,0,0,0,0,0,0,0,0,0,6
0,0,0,0,0,0,0,0,0,0,0,0,0,0,0,0,0,0,0,0,0,0,0,0,0,0,0,0,0,0,0,0,0,0,0,0,0,0,0,0,0,0,0,0,0,0,0,0,0,0,0,0,0,0,0,0,0,0,0,0,0,0,0,0,0,0,0,0,0,0,0,0,0,0,0,0,0,0,0,0,0,0,0,0,0,0,0,0,0,0,0,0,0,0,0,0,0,0,0,0,0,0,0,0,0,0,0,0,0,0,0,0,0,0,0,0,0,0,0,0,0,1,0,4,0,77,184,123,79,0,0,0,0,0,0,0,0,0,0,0,0,0,0,0,0,0,0,0,0,0,0,7,0,126,216,147,212,205,155,75,12,121,199,207,203,176,200,0,0,0,0,0,0,0,0,0,0,1,3,1,0,119,202,115,128,151,213,255,254,227,235,228,168,182,211,0,0,0,0,0,0,0,0,0,0,0,2,0,0,221,194,130,149,171,188,211,203,213,224,204,154,232,100,0,0,0,0,0,0,0,0,0,0,0,4,0,20,229,179,160,161,196,223,234,224,223,237,165,196,251,68,0,0,0,0,0,0,0,0,0,0,0,3,0,57,231,167,175,181,223,224,186,205,230,227,205,193,168,194,0,0,0,0,0,0,0,0,0,0,0,2,0,94,236,136,168,199,220,200,216,222,196,216,220,166,152,217,0,0,0,0,0,0,0,0,0,0,1,0,0,197,194,123,138,183,222,227,234,218,213,214,219,205,146,191,0,0,0,0,0,0,0,0,0,0,3,0,2,255,164,125,158,216,216,195,161,174,198,217,239,197,85,218,18,0,0,0,0,0,0,0,0,0,7,0,107,226,143,133,188,209,176,180,174,174,185,221,216,205,138,194,113,0,0,0,0,0,0,0,0,0,0,0,255,199,128,141,161,165,157,181,203,217,226,218,213,236,149,138,172,0,0,0,0,0,0,0,0,0,0,156,234,143,129,149,151,150,183,194,207,223,209,209,210,176,84,133,206,0,0,2,0,1,1,2,0,0,98,244,194,133,160,161,156,185,198,143,154,206,187,191,184,161,87,144,210,0,8,5,6,1,0,0,0,133,255,213,179,135,164,169,172,174,141,155,179,212,211,222,232,241,170,250,127,0,0,0,0,0,0,58,233,246,215,186,156,152,165,168,169,162,189,219,229,242,250,239,236,235,231,255,0,0,33,149,166,163,221,240,230,202,196,182,150,146,159,170,192,216,209,228,255,255,237,239,228,220,240,157,0,0,212,253,242,244,239,234,217,209,193,194,187,179,173,186,190,212,241,255,166,0,133,255,226,221,255,45,0,32,232,179,162,132,132,158,203,205,213,206,199,193,195,183,216,246,203,1,0,0,65,245,218,230,225,0,0,2,209,243,219,207,178,149,156,165,166,177,192,200,208,238,255,90,0,0,0,0,3,239,216,246,103,0,0,0,16,142,222,255,255,255,255,254,245,255,255,255,255,244,27,0,0,2,5,0,4,218,219,238,7,0,1,0,0,0,0,0,35,58,123,157,173,168,148,134,102,0,0,0,0,0,2,0,0,18,0,0,0,0,0,0,0,0,0,0,0,0,0,0,0,0,0,0,0,0,0,0,0,0,0,0,0,0,0,0,0,0,0,0,0,0,0,0,0,0,0,0,0,0,0,0,0,0,0,0,0,0,0,0,0,0,0,0,0,0,0,0,0,0,0,0,0,0,0,0,0,0,0,0,0,0,0,0,0,0,0,0,0,0,0,0,0,0,0,6
0,0,0,0,0,0,0,0,0,0,0,0,0,0,0,0,0,0,0,0,0,0,0,0,0,0,0,0,0,0,0,0,0,0,0,0,0,0,0,0,0,0,0,0,0,0,0,0,0,0,0,0,0,0,0,0,0,0,0,0,0,0,0,0,0,0,0,0,0,0,0,0,0,0,0,0,0,0,0,0,0,0,0,0,0,0,0,0,0,0,0,0,0,0,0,0,0,0,0,0,0,0,0,0,0,0,0,0,0,0,0,0,0,0,0,0,0,0,0,0,0,0,0,0,0,0,0,0,0,0,0,0,0,0,0,0,0,0,0,0,0,0,0,0,0,0,0,0,0,0,0,0,0,4,0,30,133,161,91,0,171,83,0,98,89,86,81,0,0,0,0,0,0,0,0,0,0,0,0,0,0,7,0,69,201,201,171,86,255,171,58,253,207,227,210,5,0,0,0,0,0,0,0,0,0,0,0,0,0,7,0,67,191,189,132,66,240,156,42,240,207,214,155,0,0,0,0,0,0,0,0,0,0,0,0,0,0,9,0,83,192,179,173,188,210,178,184,241,216,224,147,0,0,0,0,0,0,0,0,0,0,0,0,0,0,7,0,114,186,174,175,207,208,165,206,234,195,201,78,0,0,0,0,0,0,0,0,0,0,0,0,0,1,0,0,164,180,184,186,204,202,179,223,208,124,203,166,0,0,0,0,0,0,0,0,0,0,0,0,0,4,0,10,199,173,187,192,209,204,183,240,196,194,233,229,10,0,0,0,0,0,0,0,0,0,1,0,1,0,0,116,194,150,183,173,198,207,175,249,244,195,162,100,0,0,0,0,0,0,0,0,0,0,0,1,4,0,69,189,184,176,183,173,201,194,177,228,188,169,186,93,0,0,0,0,0,0,0,0,0,0,2,1,0,58,192,191,189,206,193,194,215,205,181,242,180,205,229,167,0,0,0,0,0,0,0,0,2,3,0,0,70,165,163,185,174,196,186,195,214,201,185,243,219,183,162,81,0,1,1,4,0,2,0,1,0,0,2,110,134,93,156,174,167,189,161,191,220,188,178,202,226,216,196,170,0,2,0,0,0,0,0,0,5,76,140,124,119,157,162,173,161,199,175,212,231,190,192,204,197,205,205,201,0,0,0,71,116,134,145,156,147,139,102,133,179,177,205,219,215,228,114,205,231,118,181,225,217,205,195,165,0,0,113,177,110,71,79,75,87,131,186,199,195,213,213,208,207,203,196,196,198,193,207,206,204,204,210,174,0,0,160,191,194,187,180,189,194,204,195,209,209,206,205,200,201,208,213,221,207,217,203,196,198,212,202,200,69,126,203,182,189,172,175,192,199,202,203,204,207,205,207,216,223,222,247,192,193,191,196,190,199,200,193,204,73,16,125,150,176,229,219,215,218,218,216,219,225,237,238,204,150,76,15,0,234,222,246,251,252,218,212,214,99,0,0,0,0,26,53,84,116,136,137,139,113,86,16,0,0,0,0,0,112,95,81,75,70,62,63,47,0,0,0,0,0,0,0,0,0,0,0,0,0,0,0,0,0,0,0,0,0,0,0,0,0,0,0,0,0,0,0,0,0,0,0,0,0,0,0,0,0,0,0,0,0,0,0,0,0,0,0,0,0,0,0,0,0,0,0,0,0,0,0,0,0,0,0,0,0,0,0,0,0,0,0,0,0,0,0,0,0,0,0,0,0,0,0,0,0,0,0,0,0,0,0,0,0,0,0,0,0,0,0,0,0,0,0,0,0,0,0,0,0,6
0,0,0,0,0,0,0,0,0,0,0,0,0,0,0,0,0,0,0,0,0,0,0,0,0,0,0,0,0,0,0,0,0,0,0,0,0,0,0,0,0,0,0,0,0,0,0,0,0,0,0,0,0,0,0,0,0,0,0,0,0,0,0,0,0,0,0,0,0,0,0,0,0,0,0,0,0,0,0,0,0,0,0,0,0,0,0,0,0,0,0,0,0,0,0,0,0,0,0,0,0,0,0,0,0,0,0,0,0,0,0,0,0,0,0,0,0,0,0,0,0,0,0,0,0,0,0,0,0,0,0,0,0,0,0,0,0,0,0,0,0,0,0,0,0,0,0,0,0,0,0,0,0,0,1,0,0,0,0,0,0,0,0,0,0,0,119,0,0,0,0,0,0,0,0,0,0,0,0,0,0,6,0,0,230,219,249,255,255,255,253,238,183,173,255,0,0,0,0,0,0,0,0,0,0,0,0,0,0,2,0,0,229,238,229,229,229,228,228,232,242,255,130,0,0,0,0,0,0,0,0,0,0,0,0,0,0,4,0,0,219,225,224,223,222,222,220,218,221,246,114,0,0,0,0,0,0,0,0,0,0,0,0,0,0,3,0,17,255,218,223,223,223,223,224,231,225,252,122,0,0,0,0,0,0,0,0,0,0,0,0,0,0,0,0,129,255,216,225,225,225,226,227,224,225,250,148,0,0,0,0,0,0,0,0,0,0,0,0,0,0,0,0,237,230,226,222,223,225,225,226,224,225,248,152,0,1,1,1,1,0,0,0,0,0,3,0,1,0,0,159,251,216,222,228,224,224,226,227,225,222,250,138,0,1,1,0,1,0,0,0,0,1,6,2,0,0,70,255,213,226,218,223,221,220,222,224,229,213,246,138,0,0,0,0,1,1,1,2,2,2,0,0,0,81,254,211,226,216,219,217,224,229,227,221,219,201,231,146,0,2,8,0,0,0,0,0,0,0,0,0,145,249,212,228,207,218,222,229,224,215,210,200,200,203,226,174,0,0,0,0,0,0,0,21,55,107,167,247,217,193,193,217,232,229,224,207,204,201,196,220,216,197,220,197,0,0,99,159,191,194,198,208,214,218,215,197,192,195,193,187,195,208,195,193,195,215,253,177,208,226,218,209,63,0,128,121,111,194,229,222,215,205,194,206,213,197,186,189,207,204,213,209,213,251,43,0,0,98,59,0,25,25,0,0,0,0,84,109,56,28,10,11,125,255,255,255,214,209,210,210,255,51,0,9,1,0,0,6,0,1,51,69,57,12,0,0,0,0,0,0,0,6,70,100,232,241,236,254,172,0,12,8,10,17,21,11,21,0,0,9,38,51,39,58,64,38,13,24,26,0,0,0,134,190,153,193,42,0,16,23,22,5,35,43,26,2,2,0,0,5,5,13,34,42,20,27,47,47,27,33,0,0,0,0,33,36,22,57,44,29,30,19,4,0,0,0,0,0,0,0,0,0,0,0,0,0,0,0,0,0,0,0,0,0,0,0,0,0,0,0,0,0,0,0,0,0,0,0,0,0,0,0,0,0,0,0,0,0,0,0,0,0,0,0,0,0,0,0,0,0,0,0,0,0,0,0,0,0,0,0,0,0,0,0,0,0,0,0,0,0,0,0,0,0,0,0,0,0,0,0,0,0,0,0,0,0,0,0,0,0,0,0,0,0,0,0,0,0,0,0,0,0,0,0,0,0,0,0,0,0,0,0,0,0,0,0,0,0,0,0,0,0,0,0,0,0,0,0,0,0,0,0,0,6
0,0,0,0,0,0,0,0,0,0,0,0,0,0,0,0,0,0,0,0,0,0,0,0,0,0,0,0,0,0,0,0,0,0,0,0,0,0,0,0,0,0,0,0,0,0,0,0,0,0,0,0,0,0,0,0,0,0,0,0,0,0,0,0,0,0,0,0,0,0,0,0,0,0,0,0,0,0,0,0,0,0,0,0,0,0,0,0,0,0,0,0,0,0,0,0,0,0,0,0,0,0,0,0,0,0,0,0,0,0,0,0,0,0,0,0,0,0,0,0,0,0,0,0,0,0,0,0,0,0,0,0,0,0,0,0,0,0,0,0,0,0,0,0,0,0,0,0,0,0,0,0,0,0,0,0,0,0,0,0,0,0,0,0,0,0,0,0,0,0,0,0,0,0,0,0,0,0,0,0,0,0,0,0,0,0,0,0,0,0,0,0,0,37,0,0,0,0,0,0,0,0,0,0,0,0,0,0,0,2,0,4,0,35,81,0,0,0,0,42,116,173,0,0,0,0,0,0,0,0,0,0,0,0,0,0,0,3,6,0,0,195,229,172,185,172,187,241,255,202,0,0,0,0,0,0,0,0,0,0,0,0,0,0,0,0,9,0,110,237,213,207,231,227,221,219,232,197,0,0,0,0,0,0,0,0,0,0,0,0,0,1,0,6,0,31,255,227,221,189,198,195,197,232,239,206,0,0,0,0,0,0,0,0,0,0,0,0,0,0,0,0,0,235,228,232,223,191,207,207,214,230,236,253,0,0,1,0,0,0,0,0,0,0,1,0,2,4,0,0,223,235,221,233,211,195,200,204,216,235,231,255,9,0,1,1,0,1,0,0,0,0,0,2,0,0,24,237,234,219,228,230,211,196,204,207,212,241,226,244,60,0,0,1,0,0,0,0,5,1,3,0,0,73,255,226,215,227,223,228,207,197,206,210,211,235,227,243,169,0,3,5,0,0,0,0,0,0,0,9,171,255,225,218,219,227,224,225,198,193,203,203,208,230,230,232,253,0,0,0,0,0,0,0,3,55,151,241,232,217,216,222,225,221,230,224,192,190,198,190,196,229,236,231,255,39,0,106,224,214,217,230,248,255,231,222,212,224,222,218,230,229,228,210,183,181,191,188,197,232,232,226,255,66,113,242,226,226,228,228,219,217,215,219,223,222,222,230,233,227,229,228,204,212,206,220,219,235,234,226,255,84,159,242,222,224,220,222,219,221,222,222,220,224,229,227,231,229,230,229,235,237,239,240,235,234,236,229,255,52,19,100,214,216,229,235,234,231,227,226,227,229,231,236,239,241,244,239,255,232,207,209,200,192,201,193,224,42,0,0,0,16,76,143,198,228,242,250,253,249,243,231,208,179,139,98,1,163,255,249,255,255,254,234,255,86,0,0,0,0,0,0,0,0,0,11,17,13,8,0,0,0,0,0,0,22,83,49,50,49,46,39,47,0,0,0,0,0,0,0,0,0,0,0,0,0,0,0,0,0,0,0,0,0,0,0,0,0,0,0,0,0,0,0,0,0,0,0,0,0,0,0,0,0,0,0,0,0,0,0,0,0,0,0,0,0,0,0,0,0,0,0,0,0,0,0,0,0,0,0,0,0,0,0,0,0,0,0,0,0,0,0,0,0,0,0,0,0,0,0,0,0,0,0,0,0,0,0,0,0,0,0,0,0,0,0,0,0,0,0,0,0,0,0,0,0,0,0,0,0,0,0,0,0,0,0,0,0,0,0,0,0,0,0,0,0,0,0,0,0,0,0,0,0,6
0,0,0,0,0,0,0,0,0,0,0,0,0,0,0,0,0,0,0,0,0,0,0,0,0,0,0,0,0,0,0,0,0,0,0,0,0,0,0,0,0,0,0,0,0,0,0,0,0,0,0,0,0,0,0,0,0,0,0,0,0,0,0,0,0,0,0,0,0,0,0,0,0,0,0,0,0,0,0,0,0,0,0,0,0,0,0,0,0,0,0,0,0,0,0,0,0,0,0,0,0,0,0,0,0,0,0,0,0,0,0,0,0,0,0,0,0,0,0,0,0,0,0,0,1,0,0,0,0,0,0,0,0,0,0,0,0,0,0,0,0,0,0,0,0,0,0,0,0,0,0,0,0,0,175,220,178,164,88,40,0,0,232,233,193,173,124,0,0,0,0,0,0,0,0,0,0,1,0,0,0,0,178,255,243,251,245,237,229,207,233,204,171,161,167,0,0,0,0,0,0,0,0,0,0,2,0,3,0,0,208,189,210,222,224,234,237,229,178,169,136,154,150,0,0,0,0,0,0,0,0,0,0,0,0,2,0,71,255,64,136,208,199,201,254,219,186,199,138,143,160,0,0,0,0,0,0,0,0,0,0,0,0,0,0,221,212,93,139,215,203,205,140,152,209,223,158,128,188,0,0,0,0,0,0,0,0,0,0,0,2,0,38,229,159,111,146,224,203,200,185,194,195,205,181,131,194,0,0,0,0,0,0,0,0,0,0,0,0,0,199,200,152,144,156,226,192,209,231,208,200,187,180,127,191,48,0,0,0,0,0,0,0,0,0,9,0,53,235,184,166,119,173,216,191,218,226,198,201,205,193,137,171,95,0,0,0,0,0,0,0,0,3,0,0,213,223,186,140,120,204,207,186,220,224,210,209,214,215,178,142,154,0,0,0,0,0,0,2,0,0,0,242,235,194,133,98,160,217,191,189,217,225,215,218,224,232,176,120,173,0,0,2,3,2,0,0,0,17,255,232,190,144,104,118,175,201,184,203,218,224,206,214,220,196,99,128,200,0,0,0,0,0,0,0,133,255,230,200,155,105,115,139,185,191,199,200,211,207,204,212,210,181,102,187,167,0,0,0,0,42,152,255,242,219,204,202,180,131,118,151,183,183,203,200,203,214,226,223,229,236,207,255,61,106,196,213,231,238,240,221,208,207,201,185,195,181,144,175,189,180,205,222,255,255,244,242,214,208,200,243,0,202,239,192,193,202,222,230,236,215,198,178,170,177,184,199,203,229,252,255,157,8,26,250,214,203,213,197,0,155,246,200,166,108,93,111,105,114,141,168,182,196,208,217,245,255,120,0,0,0,0,255,216,198,224,90,0,0,162,213,236,236,221,223,208,200,193,210,227,235,247,244,145,0,0,0,0,0,0,217,235,225,225,9,0,0,0,0,18,104,165,208,231,255,255,225,217,239,171,32,0,0,7,0,0,0,0,178,169,163,142,0,0,0,0,0,0,0,0,0,0,0,0,0,0,0,0,0,0,0,0,0,0,0,0,0,0,0,0,0,0,0,0,0,0,0,0,0,0,0,0,0,0,0,0,0,0,0,0,0,0,0,0,0,0,0,0,0,0,0,0,0,0,0,0,0,0,0,0,0,0,0,0,0,0,0,0,0,0,0,0,0,0,0,0,0,0,0,0,0,0,0,0,0,0,0,0,0,0,0,0,0,0,0,0,0,0,0,0,0,0,0,0,0,0,0,0,0,0,0,0,0,0,0,0,0,0,0,0,0,0,0,0,0,0,0,0,0,0,0,0,0,0,6
0,0,0,0,0,0,0,0,0,0,0,0,0,0,0,0,0,0,0,0,0,0,0,0,0,0,0,0,0,0,0,0,0,0,0,0,0,0,0,0,3,0,170,196,229,239,243,238,233,232,213,168,155,0,0,1,0,0,0,0,0,0,0,0,0,0,0,0,6,0,174,246,227,227,223,225,227,228,233,251,209,0,0,1,0,0,0,0,0,0,0,0,0,0,0,0,0,0,126,240,220,224,228,223,216,214,206,232,147,0,4,0,0,0,0,0,0,0,0,0,0,0,0,0,1,0,151,241,220,225,227,228,228,235,207,231,128,0,0,0,0,0,0,0,0,0,0,0,0,0,0,0,0,0,163,240,215,223,227,226,226,226,225,241,94,0,1,0,0,0,0,0,0,0,0,0,0,0,0,0,0,0,181,235,213,227,225,225,225,225,214,237,110,0,0,0,0,0,0,0,0,0,0,0,0,0,0,0,0,0,208,236,211,226,225,225,225,227,217,238,162,0,0,0,0,0,0,0,0,0,0,0,0,1,0,0,0,0,221,233,217,227,225,225,226,226,227,226,208,0,0,2,0,0,0,0,0,0,0,0,0,0,0,2,0,0,248,225,220,224,225,225,225,226,235,220,243,63,0,0,0,0,0,0,0,0,0,0,0,0,0,0,0,107,254,221,224,225,224,224,225,224,227,217,225,193,0,0,0,0,0,0,0,0,0,0,0,0,1,0,0,254,213,218,222,225,223,224,225,225,228,231,197,218,114,0,0,0,0,0,0,0,0,0,0,0,2,0,58,231,215,222,221,222,221,225,230,227,231,206,176,170,199,0,0,0,0,0,0,0,0,0,0,0,2,0,161,235,209,214,215,217,225,225,221,216,193,176,176,168,221,52,0,0,0,0,0,0,0,0,0,2,0,0,255,221,207,212,216,223,225,213,213,186,180,203,227,223,255,130,0,0,0,0,0,0,0,0,0,0,0,109,236,208,216,223,224,222,206,197,206,216,230,241,239,223,255,113,0,0,0,0,0,2,0,0,0,0,0,215,226,204,214,209,202,195,198,212,228,238,226,220,222,210,255,66,0,0,0,0,0,0,3,0,1,0,39,255,206,206,203,195,199,206,221,233,231,215,205,213,222,214,255,59,0,0,0,0,0,1,1,1,0,0,154,232,200,194,193,207,219,228,234,223,196,200,225,222,228,222,255,46,0,0,0,0,0,0,0,4,0,17,244,217,215,205,213,224,229,231,216,205,237,231,224,225,226,216,255,37,0,1,5,3,1,0,0,0,0,186,241,216,224,207,229,230,228,210,214,240,96,239,224,224,225,218,255,28,0,0,0,0,0,0,0,0,140,255,209,222,224,223,210,224,220,197,255,25,0,255,219,223,223,218,254,17,0,0,69,101,138,147,116,137,215,207,216,222,226,226,225,216,211,255,101,0,8,255,218,222,223,221,250,7,0,57,230,203,176,168,170,143,146,219,221,222,226,223,225,219,236,166,0,0,4,252,222,219,221,221,242,0,0,149,233,223,217,209,202,210,216,225,225,225,224,228,216,234,190,0,0,0,12,255,217,220,222,223,237,0,0,14,149,187,221,231,235,232,224,222,221,218,221,220,239,252,0,0,4,0,9,215,215,216,214,218,238,0,0,0,0,0,28,84,133,177,214,239,250,255,255,255,205,14,0,0,0,0,0,254,239,230,230,232,212,0,0,1,0,0,0,0,0,0,0,0,20,38,49,39,0,0,0,0,2,0,0,81,94,72,59,64,17,0,6
0,0,0,0,0,0,0,0,0,0,0,0,0,0,0,0,0,0,0,0,0,0,0,0,0,0,0,0,0,0,0,0,0,0,0,0,0,0,0,0,0,0,0,0,0,0,0,0,0,0,0,0,0,0,0,0,0,0,0,0,0,0,0,0,0,0,0,0,0,0,0,0,0,0,0,0,0,0,0,0,0,0,0,0,0,0,0,0,0,0,0,0,0,0,0,135,138,132,164,187,188,194,196,209,226,229,222,216,224,5,0,0,0,0,0,0,0,0,0,0,4,0,0,225,208,220,254,253,242,239,224,238,240,223,225,197,248,93,0,1,0,0,0,0,0,0,0,0,2,0,0,179,196,201,230,223,217,214,210,231,222,230,219,186,213,160,0,0,0,0,0,0,0,0,0,0,1,0,0,174,200,211,242,235,234,221,230,230,216,228,213,201,219,205,0,0,0,0,0,0,0,0,0,0,1,0,0,178,200,212,234,232,240,227,233,219,220,229,223,204,215,229,94,0,0,0,0,0,0,0,0,0,1,0,0,189,196,219,235,229,238,238,232,216,237,223,144,155,209,224,188,0,0,0,0,0,0,0,0,0,2,0,0,200,195,227,237,228,236,242,228,223,246,160,85,100,183,218,221,13,0,0,0,0,0,0,0,0,4,0,19,215,194,227,236,228,237,239,226,230,215,133,62,7,141,219,222,66,0,0,0,0,0,0,0,0,1,0,56,227,196,223,236,230,239,238,221,217,176,142,45,47,213,217,198,110,0,0,0,0,0,0,0,0,0,0,100,220,188,214,223,230,241,224,209,207,189,177,187,245,236,199,201,130,0,0,0,0,0,0,0,0,0,0,155,197,185,198,215,233,236,215,214,203,210,246,255,226,205,196,232,108,0,0,0,0,0,0,0,2,0,0,199,201,186,206,230,238,222,208,223,238,255,227,174,178,200,183,181,56,0,0,0,0,0,0,0,0,0,55,214,191,190,221,237,228,207,213,244,249,174,176,222,215,158,127,121,16,0,0,0,0,0,0,0,0,0,130,212,189,190,225,240,220,214,254,232,159,204,234,95,73,162,116,135,11,0,0,0,0,3,0,2,0,22,210,190,190,197,228,231,216,252,232,156,233,187,0,0,0,168,123,113,0,0,0,1,2,2,5,0,0,168,199,180,190,205,231,228,236,241,155,234,157,0,0,0,0,149,115,116,0,2,0,0,0,0,0,3,167,234,192,194,181,209,231,234,236,173,227,155,0,0,0,0,0,133,130,119,0,0,0,0,0,8,37,114,141,169,179,177,194,229,245,239,196,196,198,0,0,0,2,0,0,116,135,108,0,0,90,157,171,187,164,44,59,176,174,191,224,241,246,226,186,253,17,0,2,0,1,0,0,135,136,36,0,110,204,191,192,187,194,207,207,191,203,231,241,241,247,194,210,135,0,0,0,0,0,0,0,149,145,42,0,159,208,196,195,194,191,183,190,198,215,225,231,242,216,202,228,0,0,0,0,0,0,0,0,112,155,34,0,75,181,183,201,242,241,241,238,226,228,230,227,213,223,245,28,0,0,0,0,0,0,0,0,129,171,8,0,0,0,0,19,47,80,117,158,195,209,204,196,171,111,0,0,0,0,0,0,0,1,0,0,156,178,0,0,0,0,0,0,0,0,0,0,0,0,0,0,0,0,0,0,0,0,0,0,0,0,0,0,0,0,0,0,0,0,0,0,0,0,0,0,0,0,0,0,0,0,0,0,0,0,0,0,0,0,0,0,0,0,0,0,6
0,0,0,0,0,0,0,0,0,0,0,0,0,0,0,0,0,0,0,0,0,0,0,0,0,0,0,0,0,0,0,0,0,0,0,0,0,0,0,0,0,0,0,0,0,0,0,0,0,0,0,0,0,0,0,0,0,0,0,0,0,0,0,0,0,0,0,0,0,0,0,0,0,0,0,0,0,0,0,0,0,0,0,0,0,0,0,0,0,0,0,0,0,0,0,0,0,0,0,0,0,0,0,0,0,0,0,0,0,0,0,0,0,0,0,0,0,0,0,0,0,0,0,0,0,0,0,3,0,0,0,0,0,0,0,0,0,0,0,0,0,0,0,0,0,0,0,0,0,0,0,0,0,2,0,0,13,179,30,3,26,31,48,50,70,53,0,1,0,0,0,0,0,0,0,0,0,0,0,0,0,0,0,72,179,214,214,215,220,224,222,215,230,148,0,0,0,0,0,0,0,0,0,0,0,0,0,0,5,0,78,216,195,195,219,226,223,214,210,201,208,150,0,0,0,0,0,0,0,0,0,0,0,1,0,1,0,0,200,205,190,225,206,211,212,217,221,205,202,171,0,0,0,0,0,0,0,0,0,0,0,1,0,4,0,72,199,205,180,213,208,204,200,202,211,192,192,216,0,0,0,0,0,0,0,0,0,0,0,0,4,0,0,170,191,204,194,219,216,211,212,215,220,197,199,191,0,0,0,0,0,0,0,0,0,0,0,1,0,0,215,193,193,232,222,228,234,228,230,223,220,208,200,199,5,0,0,0,0,0,0,0,0,0,0,0,0,112,220,188,208,205,224,207,216,212,195,197,199,196,197,208,47,0,0,0,0,0,0,0,0,1,0,0,0,191,197,167,222,228,241,223,208,193,197,191,185,203,200,205,112,0,0,0,0,0,0,0,1,0,0,53,133,203,198,202,187,175,235,244,253,217,117,190,201,204,195,203,166,0,0,0,0,0,0,4,0,0,85,205,179,170,191,185,237,219,202,214,230,254,174,192,207,198,190,200,202,0,0,2,6,1,0,0,0,95,243,130,129,177,241,0,52,253,226,192,229,204,227,199,187,187,177,193,182,0,4,0,0,0,0,44,87,191,173,152,195,193,255,253,0,0,192,200,195,198,175,182,189,198,196,207,188,0,0,0,60,107,126,99,117,178,187,218,207,191,208,254,255,0,0,161,212,205,201,219,215,219,217,207,255,70,0,155,162,143,143,92,147,166,142,226,186,206,223,195,220,213,246,231,229,253,227,208,206,201,201,196,230,46,26,194,187,190,196,220,205,201,164,186,229,206,203,217,201,218,226,216,220,77,160,237,201,215,215,195,231,40,74,207,195,198,195,198,207,212,216,218,221,201,196,213,223,195,115,13,0,0,190,217,205,207,206,193,225,33,97,201,207,214,220,211,210,206,208,209,223,251,241,220,106,0,0,0,0,11,255,224,225,241,236,208,255,39,0,9,57,101,149,171,182,188,193,189,169,119,56,0,0,0,0,3,0,3,142,112,136,141,150,145,156,9,0,0,0,0,0,0,0,0,0,0,0,0,0,0,0,0,0,0,0,0,0,0,0,0,0,0,0,0,0,0,0,0,0,0,0,0,0,0,0,0,0,0,0,0,0,0,0,0,0,0,0,0,0,0,0,0,0,0,0,0,0,0,0,0,0,0,0,0,0,0,0,0,0,0,0,0,0,0,0,0,0,0,0,0,0,0,0,0,0,0,0,0,0,0,0,0,0,0,0,0,0,0,0,0,0,0,0,0,0,0,0,0,6
0,0,0,0,0,0,0,0,0,0,0,0,0,0,0,0,0,0,0,0,0,0,0,0,0,0,0,0,0,0,0,0,0,0,0,0,0,0,0,0,0,0,0,0,0,0,0,0,0,0,0,3,0,2,0,0,0,0,0,0,0,0,0,0,0,0,0,3,0,0,212,228,216,233,244,247,250,254,255,252,221,219,41,0,0,0,0,0,0,0,0,0,0,0,0,4,0,0,238,252,238,239,243,242,240,240,235,215,173,201,10,0,0,0,0,0,0,0,0,0,0,0,0,5,0,0,228,240,233,244,241,238,244,239,239,203,171,188,0,0,0,0,0,0,0,0,0,0,0,0,0,3,0,11,255,241,224,240,240,245,241,243,236,175,190,175,0,0,0,0,0,0,0,0,0,0,0,0,0,3,0,18,255,221,212,213,207,227,248,249,237,178,181,177,0,0,0,0,0,0,0,0,0,0,2,1,0,5,0,43,252,227,238,251,251,221,191,211,238,191,183,164,0,0,0,0,0,0,0,0,0,0,0,2,0,3,0,84,252,252,242,191,157,170,213,245,243,166,192,140,0,0,0,0,0,0,0,0,0,0,0,0,0,0,0,137,249,187,193,183,209,250,246,249,143,149,189,197,0,0,0,0,0,0,0,0,0,0,0,0,0,0,0,226,237,191,215,213,231,218,249,189,149,254,205,224,17,0,0,0,0,0,0,0,0,0,0,2,3,0,34,255,249,248,184,210,227,247,245,175,239,239,199,226,35,0,0,0,0,0,0,0,0,0,0,4,0,0,148,251,211,190,211,253,250,251,189,209,233,226,238,221,91,0,0,0,0,0,0,0,0,0,0,5,0,0,254,240,192,212,255,240,252,224,171,247,235,244,253,238,150,0,0,0,0,0,0,0,0,0,0,0,0,109,255,239,249,247,240,247,242,177,229,249,252,252,214,191,193,1,0,0,0,0,0,0,0,0,0,0,0,252,242,238,241,245,241,243,168,217,252,227,199,142,124,183,204,41,0,0,0,0,0,0,0,0,0,0,132,255,233,244,240,241,246,233,217,250,175,222,225,223,252,246,194,65,0,0,0,0,0,0,0,0,0,0,252,243,229,242,235,243,246,242,245,237,243,251,253,250,243,227,206,52,0,0,0,0,0,0,0,2,0,143,255,228,241,236,243,242,235,228,248,252,241,204,179,171,161,174,192,22,0,0,1,3,0,0,0,0,17,255,236,237,235,241,246,242,250,249,237,176,163,172,177,203,215,234,242,33,0,0,0,0,0,0,0,18,226,251,229,233,240,238,229,230,235,182,162,224,221,216,252,247,232,240,250,39,0,0,0,47,92,117,148,210,223,227,230,227,226,232,246,198,150,195,255,183,0,197,254,210,206,216,247,33,0,95,157,180,185,188,189,229,221,232,236,235,246,252,215,156,232,224,43,0,0,255,218,197,201,203,235,25,128,251,233,233,234,235,230,237,238,241,235,244,245,204,147,236,172,0,0,0,74,255,192,203,206,205,239,23,11,148,198,214,221,227,239,242,243,242,241,238,220,176,243,153,0,0,1,0,104,240,171,189,187,188,218,13,0,0,0,43,115,176,217,235,250,251,252,251,248,249,131,0,0,3,0,38,255,245,231,246,243,245,255,46,1,0,0,0,0,0,0,22,51,86,117,114,97,25,0,0,0,0,0,0,98,121,145,151,148,151,178,15,0,0,0,0,0,0,0,0,0,0,0,0,0,0,0,0,0,0,0,0,0,0,0,0,0,0,0,0,6
0,0,0,0,0,0,0,0,0,0,0,0,0,0,0,0,0,0,0,0,0,0,0,0,0,0,0,0,0,0,0,0,0,0,0,0,0,0,0,0,0,0,0,0,0,0,0,0,0,0,0,0,0,0,0,0,0,0,0,0,0,0,0,0,0,0,0,0,0,0,0,0,0,0,0,0,0,0,0,0,0,0,0,0,0,0,0,0,0,0,0,0,0,0,0,0,0,0,0,0,0,0,0,0,0,0,0,0,0,0,0,0,0,0,0,0,0,0,0,0,0,0,0,0,0,0,4,0,20,126,98,42,0,1,0,2,1,0,0,0,0,0,0,0,0,0,0,0,0,0,0,0,0,0,8,0,69,200,209,185,0,0,0,0,0,0,67,17,0,0,0,0,0,0,0,0,0,0,0,0,0,0,2,0,109,202,177,182,129,133,108,89,92,132,171,27,0,0,0,0,0,0,0,0,0,0,0,0,0,0,0,0,154,195,189,205,219,222,223,217,209,223,55,0,0,0,0,0,0,0,0,0,0,0,0,0,0,1,0,0,218,193,181,219,233,199,191,188,189,205,23,0,0,0,0,0,0,0,0,0,0,0,0,0,0,2,0,50,248,172,197,212,202,190,197,206,196,210,22,0,0,0,0,0,0,0,0,0,0,0,0,0,0,0,0,117,220,169,210,197,191,208,205,203,203,205,12,0,0,0,0,0,0,0,0,0,1,1,0,0,0,0,6,224,196,178,224,229,211,186,194,200,200,234,17,0,0,0,0,0,0,0,0,0,0,0,0,4,0,0,191,212,183,184,231,232,211,212,219,212,185,249,34,0,0,0,0,0,0,0,0,0,0,0,2,0,0,136,234,180,192,193,230,235,230,229,234,198,179,220,78,0,0,0,0,0,0,0,0,0,0,1,0,0,108,238,181,190,203,198,229,227,225,228,214,192,189,213,157,0,0,0,0,0,0,0,0,0,4,0,0,96,237,186,179,204,234,211,200,215,233,229,218,233,197,203,223,0,0,0,0,0,1,0,5,0,0,0,61,208,180,174,192,229,240,233,220,202,200,213,226,238,218,200,240,46,0,3,3,1,0,0,0,0,1,143,221,190,179,194,228,220,214,215,224,234,223,204,201,207,216,206,239,76,0,0,0,0,0,0,6,86,172,176,176,174,189,203,205,213,214,233,243,254,255,255,253,240,201,174,219,91,0,14,100,107,118,128,183,200,168,149,157,165,177,191,211,240,242,234,219,199,193,182,188,196,187,183,212,48,24,178,187,170,158,162,177,177,178,185,192,216,239,225,217,204,178,165,166,182,182,193,195,199,199,200,226,37,96,207,189,196,200,198,189,186,195,214,220,220,215,209,206,208,242,253,253,221,210,201,207,208,201,191,217,33,42,178,175,188,222,223,230,231,231,230,231,223,207,188,166,127,88,64,14,82,225,176,182,187,186,182,218,33,0,0,0,31,58,78,99,104,100,77,57,18,0,0,0,0,0,0,0,27,157,116,131,134,126,123,120,4,0,0,0,0,0,0,0,0,0,0,0,0,0,0,0,0,0,0,0,0,0,0,0,0,0,0,0,0,0,0,0,0,0,0,0,0,0,0,0,0,0,0,0,0,0,0,0,0,0,0,0,0,0,0,0,0,0,0,0,0,0,0,0,0,0,0,0,0,0,0,0,0,0,0,0,0,0,0,0,0,0,0,0,0,0,0,0,0,0,0,0,0,0,0,0,0,0,0,0,0,0,0,0,0,0,0,0,0,0,0,0,0,6
0,0,0,0,0,0,0,0,0,0,0,0,0,0,0,0,0,0,0,0,0,0,0,0,0,0,0,0,0,0,0,0,0,0,0,0,0,0,0,0,0,0,0,0,0,0,0,0,0,0,0,0,0,0,0,0,0,0,0,0,0,0,0,0,0,0,0,0,0,0,0,0,0,0,0,0,0,0,0,0,0,0,0,0,0,0,0,0,0,0,0,0,0,0,0,4,0,11,177,171,174,161,155,162,145,150,150,132,117,90,0,0,0,0,0,0,0,0,0,0,0,0,0,5,0,81,177,169,185,155,155,193,229,171,192,187,203,213,0,0,0,0,0,0,0,0,0,0,0,0,0,3,0,147,162,164,152,166,158,125,174,159,175,182,176,151,0,0,0,0,0,0,0,0,0,0,0,0,0,4,0,135,175,164,188,216,222,202,244,194,195,189,186,206,3,0,0,0,0,0,0,0,0,0,0,0,0,4,0,128,162,142,154,168,108,127,219,177,192,191,200,163,0,0,0,0,0,0,0,0,0,0,0,0,0,0,0,140,152,144,166,168,121,175,201,177,184,191,193,173,0,0,0,0,0,0,0,0,0,0,0,0,2,0,0,156,143,143,162,153,148,184,199,187,193,200,183,179,9,0,0,0,0,0,0,0,0,0,0,0,4,0,47,159,132,157,166,137,135,164,197,174,161,173,168,191,69,0,0,0,0,0,0,0,0,0,0,0,4,0,107,158,141,157,160,117,180,151,174,172,159,159,148,174,158,0,0,0,0,0,0,0,0,0,0,4,0,13,146,136,139,152,133,148,198,152,163,189,154,149,150,160,197,25,0,0,0,0,0,0,0,0,0,7,0,70,147,129,143,160,98,190,181,146,140,186,147,140,150,147,204,60,0,0,0,0,0,0,0,0,1,0,0,144,138,145,146,154,132,211,166,171,156,184,151,131,145,161,182,86,0,0,0,0,0,0,0,0,4,0,66,158,135,143,144,141,161,163,179,234,199,173,168,167,180,180,210,90,0,0,1,0,0,0,0,0,0,0,123,138,134,143,145,143,147,137,152,183,196,182,185,180,172,181,221,26,2,0,0,0,0,0,0,5,0,50,148,132,140,144,148,152,148,154,163,178,179,176,181,176,201,223,254,0,0,1,2,4,3,5,7,0,7,137,124,126,134,145,149,148,152,164,178,181,218,213,189,224,224,233,209,0,0,5,0,0,0,0,0,1,118,130,116,127,147,148,151,155,173,184,180,203,200,0,67,234,218,228,210,0,0,0,0,0,22,35,64,124,132,107,125,142,151,157,160,176,183,180,204,144,0,0,89,234,219,228,244,0,0,28,100,122,123,129,134,123,104,114,135,146,158,166,173,182,178,206,93,0,0,0,74,236,220,229,239,0,13,130,137,127,125,118,113,117,121,133,145,151,167,168,169,170,216,92,0,0,10,0,72,239,220,231,241,0,81,167,137,145,142,127,123,134,138,136,143,142,140,140,170,218,105,0,0,3,5,0,61,239,222,228,233,0,69,185,205,205,190,194,182,177,168,153,143,148,165,191,255,82,0,0,0,0,7,0,63,240,224,235,255,0,0,0,41,73,124,165,185,197,204,218,222,210,199,155,24,0,0,0,0,0,7,0,89,224,199,202,204,0,0,0,0,0,0,0,0,0,0,0,0,0,0,0,0,0,0,0,0,0,0,0,0,0,0,0,0,0,0,0,0,0,0,0,0,0,0,0,0,0,0,0,0,0,0,0,0,0,0,0,0,0,0,0,0,0,6
0,0,0,0,0,0,0,0,0,0,0,0,0,0,0,0,0,0,0,0,0,0,0,0,0,0,0,0,0,0,0,0,0,0,0,0,0,0,0,0,0,0,0,0,0,0,0,0,0,0,0,0,0,0,0,0,0,0,0,0,0,0,0,0,0,0,0,0,0,0,0,0,0,0,0,0,0,0,0,0,0,0,0,0,0,0,0,0,0,0,0,0,0,0,0,0,0,0,0,0,0,0,0,0,0,0,0,0,0,0,0,0,0,0,0,0,0,0,0,0,0,0,0,0,0,0,0,0,0,0,0,0,0,0,0,0,0,0,0,0,0,0,0,0,0,0,0,0,0,0,0,0,0,0,0,0,0,0,0,0,0,0,0,0,0,0,0,0,0,0,0,0,0,0,0,0,0,0,0,0,0,0,0,0,0,112,112,0,0,0,0,0,0,0,0,0,0,0,0,0,0,0,0,0,0,0,0,0,0,1,0,6,156,192,182,213,178,122,48,9,13,0,0,0,0,0,0,0,0,0,0,0,0,0,0,0,1,0,0,200,204,184,206,222,231,224,207,187,190,155,0,0,0,0,0,0,0,0,0,0,0,0,0,0,0,0,90,187,189,203,218,218,214,208,198,193,192,206,19,0,0,0,0,0,0,0,0,0,0,1,0,1,0,2,193,195,172,216,221,220,220,210,222,204,196,188,12,0,0,0,0,0,0,0,0,0,0,0,0,0,0,192,239,214,224,206,214,210,213,204,205,220,214,188,0,0,0,0,0,0,0,0,0,0,0,6,0,0,179,182,143,186,226,255,222,211,219,207,205,219,204,219,49,0,1,1,2,4,6,2,0,0,0,0,0,132,242,141,162,214,225,236,232,227,198,209,188,192,217,228,115,0,0,0,0,0,0,0,0,0,0,12,135,215,132,185,221,216,206,228,222,205,200,222,177,195,211,227,172,0,0,0,14,99,100,87,91,123,158,197,222,96,100,218,206,208,220,205,217,207,219,202,150,232,196,231,214,0,0,0,149,170,187,229,206,184,152,113,165,197,232,215,222,209,194,210,213,210,208,215,216,206,203,229,237,0,0,103,203,143,110,145,134,129,151,152,196,211,208,210,238,250,240,225,218,216,221,216,222,216,211,227,217,26,17,136,211,218,195,190,190,192,199,199,200,204,215,216,211,207,207,198,199,192,196,203,222,215,211,228,221,36,37,101,134,181,220,230,226,221,213,209,211,211,209,207,208,214,216,216,235,215,205,216,240,232,215,215,190,39,0,7,55,79,120,151,167,188,200,207,217,214,210,207,204,216,198,203,204,190,172,161,162,122,108,111,115,77,0,0,0,2,22,52,66,79,104,109,133,145,144,134,115,100,82,60,83,121,112,114,122,120,131,132,119,55,0,1,0,0,0,0,0,3,6,12,16,17,15,11,8,2,0,0,3,38,25,26,32,19,13,13,7,0,0,0,0,0,0,0,0,0,0,0,0,0,0,0,0,0,0,0,0,0,0,0,0,0,0,0,0,0,0,0,0,0,0,0,0,0,0,0,0,0,0,0,0,0,0,0,0,0,0,0,0,0,0,0,0,0,0,0,0,0,0,0,0,0,0,0,0,0,0,0,0,0,0,0,0,0,0,0,0,0,0,0,0,0,0,0,0,0,0,0,0,0,0,0,0,0,0,0,0,0,0,0,0,0,0,0,0,0,0,0,0,0,0,0,0,0,0,0,0,0,0,0,0,0,0,0,0,0,0,0,0,0,0,0,0,0,0,0,0,0,6
0,0,0,0,0,0,0,0,0,0,1,0,0,57,0,0,0,0,0,0,8,37,91,37,0,2,0,0,0,0,0,0,0,0,0,0,0,0,3,0,0,220,174,172,142,152,187,220,242,201,193,50,0,3,0,0,0,0,0,0,0,0,0,0,0,0,1,0,0,145,182,190,201,208,208,199,190,193,172,4,0,2,0,0,0,0,0,0,0,0,0,0,0,0,1,1,0,151,175,176,179,179,192,199,189,186,192,0,0,0,0,0,0,0,0,0,0,0,0,0,0,0,0,1,0,142,193,179,183,193,194,192,195,188,178,0,0,0,0,0,0,0,0,0,0,0,0,0,0,0,0,2,0,128,190,187,185,190,195,195,188,186,149,0,0,0,0,0,0,0,0,0,0,0,0,0,0,0,0,2,0,116,193,186,182,188,190,194,189,190,125,0,0,0,0,0,0,0,0,0,0,0,0,0,0,0,0,2,0,117,193,187,179,194,195,194,188,189,160,0,0,0,0,0,0,0,0,0,0,0,0,0,0,0,0,1,0,124,183,180,174,189,195,200,187,181,218,22,0,2,0,0,0,0,0,0,0,0,0,0,0,0,0,2,0,121,183,176,178,186,199,202,182,175,203,110,0,0,0,0,0,0,0,0,0,0,0,0,0,0,0,1,0,133,179,174,180,187,203,201,178,172,178,190,1,0,0,0,0,0,0,0,0,0,0,0,0,0,1,0,0,154,172,174,183,189,206,200,185,190,178,204,100,0,0,0,0,0,0,0,0,0,0,0,0,0,3,1,0,173,170,176,183,182,199,199,187,193,179,186,180,0,0,0,0,0,0,0,0,0,0,0,0,0,2,0,9,178,165,183,180,186,193,200,200,190,182,180,207,33,0,0,0,0,0,0,0,0,0,0,0,0,3,0,50,199,173,187,182,189,185,196,207,195,193,171,203,78,0,0,0,0,0,0,0,0,0,0,0,0,5,0,91,222,192,192,190,192,182,189,210,193,202,194,223,86,0,0,0,0,0,0,0,0,0,0,0,0,0,0,140,196,194,193,193,193,183,193,210,188,208,202,243,83,0,0,0,0,0,0,0,0,0,0,0,2,0,16,196,170,165,176,185,190,187,201,206,217,222,207,232,78,0,0,0,0,0,0,0,0,0,0,0,1,0,116,207,186,190,193,187,183,185,195,231,192,221,204,229,80,0,0,0,0,0,1,1,2,0,0,4,0,13,197,180,180,189,195,190,185,183,255,124,31,255,206,236,81,0,0,0,0,0,2,0,2,3,4,0,0,123,172,157,178,186,186,192,180,227,203,0,34,252,201,236,83,0,0,0,0,0,0,4,1,0,0,0,87,164,146,175,190,189,189,197,204,243,0,0,52,251,200,238,89,0,0,0,0,0,2,0,0,17,80,154,171,163,182,189,189,186,194,199,221,85,0,0,27,251,200,238,87,0,0,0,0,0,0,12,136,181,178,160,164,171,176,182,186,194,190,211,195,0,0,0,0,170,174,199,59,0,0,0,0,0,29,153,171,167,167,170,179,176,182,182,181,188,188,210,37,0,1,0,0,164,163,197,65,0,0,0,0,0,130,202,193,190,182,182,180,180,178,168,180,182,217,170,0,0,1,0,0,153,151,166,61,0,0,0,0,0,0,98,138,157,179,196,197,199,210,218,223,206,203,1,0,2,2,0,0,196,174,192,107,0,0,0,0,0,0,0,0,0,0,0,0,0,1,22,44,50,0,0,1,0,1,0,0,90,119,94,12,0,0,6
0,0,0,0,0,0,0,0,0,0,0,0,0,0,0,0,0,0,0,0,0,0,0,0,0,0,0,0,0,0,0,0,0,0,0,0,0,0,0,0,0,0,0,0,0,0,0,0,0,0,0,0,0,0,0,0,0,0,0,0,0,0,0,0,0,0,0,0,0,0,0,0,0,0,0,0,0,0,0,0,0,0,0,0,0,0,0,0,0,0,0,0,0,0,0,0,0,0,0,0,0,0,0,0,0,0,0,0,0,0,0,0,0,0,0,0,0,0,0,0,0,0,0,0,0,0,0,0,0,0,0,0,0,1,0,0,5,0,0,0,0,0,0,0,0,0,0,0,0,0,0,0,0,0,0,2,3,2,0,0,0,0,3,0,74,67,0,2,0,0,0,0,0,0,0,0,0,0,0,0,0,0,0,0,0,0,4,3,0,0,2,0,6,26,0,0,0,0,0,0,0,0,0,0,0,1,0,0,0,0,0,1,14,16,0,0,0,0,0,11,60,49,0,0,0,0,0,0,0,0,0,0,0,0,0,0,0,6,0,122,178,161,124,80,109,96,87,191,211,150,0,1,0,0,0,0,0,0,0,0,0,0,0,0,0,7,0,135,180,168,202,210,218,221,218,193,196,137,0,0,0,0,0,0,0,0,0,0,0,0,0,0,1,1,0,159,162,164,192,196,205,208,202,188,198,153,0,0,0,0,0,0,0,0,0,0,0,1,0,0,2,0,3,169,133,173,203,205,209,220,208,185,195,158,0,0,1,1,0,0,0,0,0,0,0,1,0,0,4,0,27,152,138,194,203,208,208,213,206,178,197,139,0,0,1,1,0,0,0,0,0,0,1,2,0,1,1,0,116,172,171,201,206,207,206,214,208,183,199,130,0,0,0,0,0,0,0,0,0,0,0,0,0,5,0,49,170,152,191,211,203,208,208,216,208,181,191,171,0,0,0,0,0,0,0,0,0,0,0,1,6,0,0,168,136,119,190,213,205,211,209,216,209,186,185,222,13,0,1,0,0,1,0,0,0,0,3,1,0,0,129,144,105,147,208,203,209,211,209,217,205,197,182,193,96,0,1,0,2,4,2,4,6,1,0,0,10,109,150,149,154,197,215,205,212,218,223,214,185,200,188,191,172,0,1,3,0,0,0,0,0,0,9,78,132,140,132,168,196,202,197,197,197,199,177,151,176,200,197,189,201,19,2,0,9,49,70,78,115,148,112,65,115,152,164,197,201,198,195,200,207,203,205,213,219,206,184,182,209,50,0,71,151,125,74,74,53,27,29,55,125,173,204,213,212,209,203,197,189,172,171,169,175,175,171,180,194,18,41,180,172,166,164,149,126,141,180,203,197,218,229,197,171,170,162,147,159,174,185,195,200,213,213,201,224,33,72,196,201,187,183,188,199,215,217,211,208,194,179,172,182,206,212,251,255,235,206,207,210,207,204,196,203,53,0,27,147,199,196,209,212,210,207,203,202,207,224,245,255,213,178,143,52,147,227,214,251,248,217,208,255,80,0,0,0,0,25,58,110,145,179,180,200,184,176,122,65,0,0,0,0,55,181,96,90,67,52,42,31,0,0,0,0,0,0,0,0,0,0,0,0,0,0,0,0,0,0,0,0,0,0,0,0,0,0,0,0,0,0,0,0,0,0,0,0,0,0,0,0,0,0,0,0,0,0,0,0,0,0,0,0,0,0,0,0,0,0,0,0,0,0,0,0,0,0,0,0,0,0,0,0,0,0,0,0,0,0,0,0,0,0,0,0,0,6
0,0,0,0,0,0,0,0,0,0,0,0,0,0,0,0,0,0,0,0,0,0,0,0,0,0,0,0,0,0,0,0,0,0,0,0,0,0,0,0,0,0,0,0,0,0,0,0,0,0,0,0,0,0,0,0,0,0,0,0,0,0,0,0,0,0,0,0,0,0,0,0,0,0,0,0,0,0,0,0,0,0,0,0,0,0,0,0,0,0,0,0,0,0,0,0,0,0,0,0,0,0,0,0,0,0,0,0,0,0,0,0,0,0,0,0,0,0,0,0,0,0,0,0,0,0,0,0,0,0,0,0,0,0,0,0,0,0,0,0,0,0,0,0,0,0,0,0,0,0,0,0,0,0,0,0,0,0,0,0,0,0,0,0,73,162,3,0,0,0,0,0,0,0,0,0,0,0,0,1,2,0,54,128,156,170,169,163,173,241,254,193,229,208,29,0,0,0,0,0,0,0,0,0,0,1,2,2,1,0,146,201,150,147,154,178,135,100,57,99,229,182,4,0,0,0,0,0,0,0,0,0,0,1,0,1,3,0,70,158,152,54,0,0,0,0,0,29,234,198,6,0,0,0,0,0,0,0,0,0,0,0,0,1,0,1,0,6,108,221,238,218,103,8,0,131,234,214,79,0,0,0,0,0,0,0,0,0,0,1,2,0,16,0,0,0,0,0,12,140,248,253,186,192,216,215,162,0,0,0,0,0,0,0,0,0,0,1,5,0,166,206,137,36,0,0,0,0,0,43,199,223,208,223,160,0,0,0,0,1,4,2,1,0,0,2,3,0,8,113,199,227,176,75,0,0,0,0,107,234,198,211,235,23,0,1,2,1,1,4,2,1,2,2,1,1,0,0,0,87,186,235,186,69,0,0,238,216,179,206,231,70,0,3,3,2,2,2,0,2,3,4,1,1,5,8,1,0,0,66,199,235,214,144,226,194,198,207,235,116,0,3,1,1,1,2,3,2,0,0,0,3,0,2,2,5,0,0,0,40,174,226,208,221,219,221,236,76,0,0,2,1,2,6,0,0,93,153,0,2,1,2,0,1,2,1,0,0,0,233,222,222,223,222,236,13,0,1,1,0,3,0,2,111,171,190,140,0,0,2,1,4,0,0,0,86,181,231,215,224,221,227,238,0,2,0,0,2,0,8,118,184,178,146,189,138,0,4,6,0,3,156,245,238,184,222,230,233,224,223,237,0,0,1,0,0,0,207,92,176,160,196,56,248,132,0,0,93,205,196,84,0,162,222,207,216,216,220,238,8,3,5,8,1,0,215,103,144,152,173,171,11,250,78,141,215,115,0,0,0,194,215,197,211,213,216,235,18,0,0,0,0,0,167,164,18,233,17,220,33,125,244,181,18,0,0,0,2,209,196,204,208,204,215,234,27,78,159,141,153,151,173,231,125,228,170,194,245,253,145,0,0,4,2,0,13,242,211,222,229,227,216,250,44,40,113,115,123,128,101,117,167,130,167,170,106,11,0,0,4,1,4,0,0,96,130,123,121,114,116,124,0,0,0,0,0,0,0,0,0,0,0,0,0,0,0,0,0,0,0,0,0,0,0,0,0,0,0,0,0,0,0,0,0,0,0,0,0,0,0,0,0,0,0,0,0,0,0,0,0,0,0,0,0,0,0,0,0,0,0,0,0,0,0,0,0,0,0,0,0,0,0,0,0,0,0,0,0,0,0,0,0,0,0,0,0,0,0,0,0,0,0,0,0,0,0,0,0,0,0,0,0,0,0,0,0,0,0,0,0,0,0,0,0,6
0,0,0,0,0,0,0,0,0,0,0,0,0,0,0,0,0,0,0,0,0,0,0,0,0,0,0,0,0,0,0,0,0,0,0,0,0,0,0,0,0,0,0,0,0,0,0,0,0,0,0,0,0,0,0,0,0,0,0,0,0,0,0,0,0,0,0,0,0,0,0,0,0,0,0,0,0,0,0,0,0,0,0,0,0,0,0,0,0,0,0,0,0,0,0,0,0,0,0,0,0,0,0,0,0,0,0,0,0,0,0,0,0,0,0,0,0,0,0,0,0,0,0,0,0,0,0,0,0,0,0,0,0,0,0,0,0,0,0,0,0,0,0,0,0,0,0,0,0,0,0,0,0,0,0,0,0,0,0,0,0,0,0,0,0,0,0,0,0,0,0,0,0,0,0,0,0,0,0,0,0,0,0,0,0,0,0,0,0,35,75,104,103,116,40,0,0,0,0,0,0,0,0,0,0,0,0,0,0,0,0,0,0,0,9,147,230,254,241,204,189,201,70,0,0,0,0,0,0,0,0,0,0,0,0,0,0,0,0,0,0,68,213,198,192,191,189,176,177,191,0,0,0,0,0,0,0,0,0,0,0,0,0,0,0,0,0,0,83,222,192,159,173,191,171,178,185,151,0,0,0,0,0,0,0,0,0,0,0,0,0,0,0,0,0,141,223,206,167,156,162,206,189,170,174,143,0,0,0,0,0,0,0,0,0,0,0,0,0,0,0,0,147,184,170,192,167,189,186,182,159,148,164,216,4,0,0,0,1,1,3,2,0,0,0,1,0,0,0,64,188,174,169,197,206,200,200,188,159,152,161,201,35,0,0,0,1,0,1,0,2,0,2,0,0,0,145,216,154,179,184,206,196,205,205,175,181,179,169,186,72,0,0,0,0,0,0,2,0,1,0,0,11,151,178,138,174,159,176,177,182,196,188,154,164,179,166,177,131,0,2,2,0,0,0,0,0,0,0,103,203,191,177,174,168,154,173,185,196,193,170,166,173,175,174,163,168,0,0,0,0,0,0,0,0,71,171,212,137,146,143,154,182,152,152,184,176,173,161,164,183,177,170,156,189,11,0,20,96,96,99,102,121,214,175,155,167,170,185,181,176,178,177,173,161,159,169,168,170,175,163,156,188,21,35,166,130,118,125,123,135,192,166,155,163,155,184,174,179,196,189,171,164,146,170,184,170,174,171,167,213,49,92,188,170,161,155,144,124,173,185,176,173,175,168,161,179,188,193,197,192,190,196,191,184,184,186,182,229,87,46,170,177,186,189,183,170,183,183,184,185,191,184,192,183,184,169,163,156,141,130,126,129,128,125,118,176,95,0,20,77,132,177,186,189,193,190,185,186,184,181,178,166,175,167,159,163,162,156,153,152,152,161,167,223,79,0,0,0,0,0,2,23,44,57,56,61,64,63,70,68,81,87,83,75,69,68,71,56,53,85,94,84,0,0,0,0,0,0,0,0,0,0,0,0,0,0,0,0,0,0,0,0,0,0,0,0,0,0,0,0,0,0,0,0,0,0,0,0,0,0,0,0,0,0,0,0,0,0,0,0,0,0,0,0,0,0,0,0,0,0,0,0,0,0,0,0,0,0,0,0,0,0,0,0,0,0,0,0,0,0,0,0,0,0,0,0,0,0,0,0,0,0,0,0,0,0,0,0,0,0,0,0,0,0,0,0,0,0,0,0,0,0,0,0,0,0,0,0,0,0,0,0,0,0,0,0,0,0,0,0,0,0,0,0,0,0,0,0,0,0,0,0,0,6
0,0,0,0,0,0,0,0,0,0,0,0,0,2,1,4,0,16,89,0,0,0,2,1,0,0,0,0,0,0,0,0,0,0,0,0,0,0,0,0,0,0,0,2,0,145,182,129,10,0,0,0,0,0,0,0,0,0,0,0,0,0,0,0,0,0,0,0,0,0,5,0,25,180,168,197,198,95,37,0,0,0,0,0,0,0,0,0,0,0,0,0,0,0,0,0,0,1,0,0,167,180,175,194,217,235,216,197,181,48,0,0,0,0,0,0,0,0,0,0,0,0,0,0,0,6,0,93,236,169,187,200,219,207,197,196,218,56,0,0,0,0,0,0,0,0,0,0,0,0,0,0,0,7,0,129,202,161,193,207,225,203,204,202,196,14,0,0,0,0,0,0,0,0,0,0,0,0,0,0,0,0,0,148,183,164,195,213,207,204,196,202,185,0,0,0,0,0,0,0,0,0,0,0,0,0,0,0,3,0,10,248,160,186,207,216,201,203,197,210,196,0,0,0,0,0,0,0,0,0,0,0,0,0,0,0,8,0,93,194,175,192,208,211,212,200,201,213,200,0,0,0,0,0,0,0,0,0,0,0,0,0,0,0,0,0,199,173,179,195,209,210,211,208,212,204,217,0,0,0,0,0,0,0,0,0,0,0,0,0,0,5,0,120,176,168,193,204,210,209,213,215,207,200,207,42,0,0,0,0,0,0,0,0,0,0,0,0,1,0,0,184,196,159,196,207,207,206,205,202,204,202,215,100,0,0,0,0,0,0,0,0,0,0,0,0,8,0,62,190,171,202,205,209,208,208,199,194,219,199,203,210,0,0,0,0,0,0,0,0,0,0,0,0,0,0,175,189,166,183,205,206,199,202,193,204,208,194,205,231,25,0,0,0,0,0,0,0,0,0,0,4,0,117,193,150,177,186,204,193,199,200,195,198,184,197,198,220,99,0,0,0,0,0,0,0,0,0,1,0,14,219,155,182,193,206,200,195,193,189,204,206,197,197,189,228,132,0,0,0,0,0,0,2,1,0,5,0,56,197,167,194,191,200,206,193,186,202,208,200,188,210,206,226,173,0,0,0,0,5,7,6,5,0,0,0,122,187,178,186,205,203,186,201,209,200,215,229,219,212,205,211,145,0,0,0,0,0,0,0,0,0,6,116,186,167,175,197,214,208,196,205,215,225,214,202,187,199,191,213,125,0,0,0,0,24,110,135,145,149,177,195,173,182,189,205,199,200,218,231,215,217,198,186,189,193,192,217,111,0,0,0,46,191,195,191,183,188,186,178,190,190,194,204,207,208,224,204,228,183,187,216,202,201,194,225,91,0,0,0,163,193,185,196,194,195,193,193,200,193,193,201,214,218,202,245,187,0,152,234,198,205,188,230,77,0,0,0,158,191,187,184,189,185,183,182,181,193,200,200,212,200,214,172,0,0,181,206,190,199,193,232,65,0,0,0,108,182,185,194,190,194,203,210,212,209,209,209,193,207,186,0,0,0,188,206,191,197,196,228,55,0,0,0,122,188,171,188,178,180,189,202,198,198,205,195,208,220,0,0,0,0,197,202,194,198,189,225,44,0,0,0,85,194,203,196,183,184,185,193,184,197,190,211,211,9,0,1,0,0,164,196,191,204,191,198,38,0,0,0,0,10,101,161,221,233,230,238,224,200,207,247,35,0,1,0,0,0,190,208,204,209,204,255,24,0,0,0,0,0,0,0,0,26,56,114,124,148,138,50,0,0,2,0,0,0,96,158,115,153,131,133,0,0,6
0,0,0,0,0,0,0,0,0,0,0,0,0,0,0,0,0,0,0,0,0,0,0,0,0,0,0,0,0,0,0,0,0,0,0,0,0,0,0,0,0,0,0,0,0,0,0,0,0,0,0,0,0,0,0,0,0,0,0,0,0,0,0,0,0,0,0,0,0,0,0,0,0,0,0,0,0,0,0,0,0,0,0,0,0,0,0,0,0,0,0,0,0,0,0,0,0,0,0,0,0,0,0,0,0,0,0,0,0,0,0,0,0,0,0,0,0,0,0,0,0,4,0,0,0,3,0,0,0,1,1,0,0,0,73,35,170,178,0,0,0,0,0,0,0,0,0,0,1,0,3,1,4,0,0,4,0,0,3,0,0,148,242,244,247,244,96,0,0,0,0,0,0,0,0,0,0,1,0,4,0,20,0,0,0,0,0,0,38,255,237,235,227,252,169,0,0,0,0,0,0,0,0,0,0,0,5,0,13,224,203,0,0,0,0,92,224,234,228,233,255,167,0,0,0,0,0,0,0,0,0,0,0,5,0,3,202,236,240,255,29,0,206,251,234,248,246,246,218,0,0,0,0,0,0,0,0,0,0,0,0,5,0,169,243,224,222,239,252,255,254,233,254,228,37,67,0,0,0,0,0,0,0,0,0,0,0,0,8,0,85,242,218,227,233,231,229,230,232,255,122,0,0,0,0,0,152,54,0,0,0,0,0,0,0,0,4,0,18,204,239,216,233,232,232,220,255,83,0,0,0,13,147,207,255,70,0,0,0,0,0,0,0,0,0,3,0,0,238,238,206,239,233,240,205,221,53,0,174,255,252,246,240,33,0,0,0,0,0,0,0,0,0,0,5,0,0,209,239,216,232,236,211,203,255,255,253,236,235,234,245,35,0,0,0,0,0,0,0,0,0,1,0,5,0,0,188,255,222,227,231,245,255,45,47,253,232,234,255,37,0,0,0,0,0,1,3,7,6,3,0,0,5,0,0,145,225,216,253,209,10,0,106,255,230,230,255,34,0,0,0,0,6,0,0,0,0,0,0,1,0,1,0,0,161,254,134,0,0,0,110,252,231,232,255,43,0,0,0,0,0,0,26,86,170,5,0,3,0,5,0,35,239,135,0,0,5,0,112,252,233,234,255,51,4,8,2,0,90,223,224,234,247,133,0,1,0,0,0,207,164,0,0,0,4,0,116,254,233,235,255,56,0,0,0,0,166,255,214,233,208,221,0,0,0,0,166,213,0,0,3,0,2,0,121,255,234,235,255,61,72,173,139,94,171,234,225,223,216,198,0,0,0,140,255,59,0,11,0,0,10,0,123,255,234,236,255,67,101,253,235,247,239,228,237,219,234,140,64,119,195,255,206,0,0,1,0,0,8,0,134,255,234,233,250,86,0,222,247,229,236,236,234,245,246,255,255,249,238,253,110,0,7,0,0,0,7,0,141,255,233,231,251,112,0,85,206,255,255,255,255,248,245,236,236,236,249,255,0,0,3,0,0,0,7,0,139,255,240,241,255,126,0,0,0,0,44,92,154,198,225,231,227,209,180,20,0,0,0,0,0,0,3,0,19,80,54,45,36,0,0,0,0,0,0,0,0,0,0,0,0,0,0,0,0,0,0,0,0,0,0,0,0,0,0,0,0,0,0,0,0,0,0,0,0,0,0,0,0,0,0,0,0,0,0,0,0,0,0,0,0,0,0,0,0,0,0,0,0,0,0,0,0,0,0,0,0,0,0,0,0,0,0,0,0,0,0,0,0,0,0,0,0,0,6
0,0,0,0,0,0,0,0,0,0,0,0,0,0,0,0,0,0,0,0,0,0,0,0,0,0,0,0,0,0,0,0,0,0,0,0,0,0,0,0,0,0,0,0,0,0,0,0,0,0,0,0,0,0,0,0,0,0,0,0,0,0,0,0,0,0,0,0,1,0,0,158,75,0,0,0,0,0,0,0,2,35,0,1,0,0,0,0,0,0,0,0,0,0,0,0,4,0,34,199,221,244,73,0,10,13,19,0,128,160,0,5,0,0,0,0,0,0,0,0,0,0,0,0,2,0,135,202,209,225,230,219,227,234,229,220,229,59,0,0,0,0,0,0,0,0,0,0,0,0,0,2,0,0,215,201,218,225,224,230,223,224,227,218,236,120,0,0,0,0,0,0,0,0,0,0,0,0,2,7,0,86,195,197,219,228,228,219,230,225,229,224,229,187,0,0,0,0,0,0,0,0,0,0,0,0,2,3,0,157,199,197,218,229,226,230,227,228,227,229,217,226,60,0,0,0,0,0,0,0,0,0,0,0,3,0,9,222,194,194,215,230,225,227,229,222,204,196,198,217,166,0,0,0,0,0,0,0,0,0,0,0,6,0,87,198,183,197,218,232,226,225,229,222,201,199,209,215,231,0,0,0,0,0,0,0,0,0,0,0,0,0,181,185,177,205,221,228,227,223,227,224,217,210,210,219,236,37,0,0,0,0,0,0,0,0,0,5,0,24,208,168,182,215,223,228,227,225,231,230,207,151,211,222,232,89,0,0,0,0,0,0,0,0,0,6,0,117,197,168,189,219,227,228,222,234,237,183,149,151,222,209,229,120,0,0,0,0,0,0,0,0,3,0,0,187,186,186,203,223,224,226,227,223,219,226,220,225,209,187,222,126,0,0,0,0,0,0,0,1,0,0,121,188,179,207,228,229,223,223,222,231,223,214,204,199,187,211,228,147,0,0,1,2,2,0,4,0,0,79,196,185,202,225,239,228,228,246,238,201,201,201,202,208,204,198,216,172,1,1,0,0,0,0,0,0,77,203,188,200,226,234,232,231,230,221,182,200,226,234,222,218,206,194,213,161,0,0,2,12,6,0,3,95,179,182,195,222,231,234,231,217,197,180,219,255,244,209,213,218,208,199,222,149,0,99,135,98,77,79,150,178,183,199,224,240,240,230,200,185,211,224,238,232,103,217,218,211,208,196,224,130,16,184,183,165,154,156,182,195,211,225,242,238,224,198,183,213,229,225,175,0,0,241,210,208,206,194,225,112,16,186,190,200,210,205,211,227,235,245,235,224,207,199,213,223,220,108,0,0,0,240,213,209,207,192,227,91,51,182,176,186,185,201,208,222,228,228,221,203,201,204,214,221,68,0,0,0,0,199,213,209,207,196,226,85,46,190,194,192,184,183,185,188,196,197,199,201,203,217,215,54,0,0,0,0,0,190,208,203,201,194,200,80,0,41,131,159,198,214,217,224,231,235,235,231,229,180,27,0,0,1,1,0,0,205,227,219,219,217,223,105,0,0,0,0,12,53,93,139,128,152,94,135,33,0,0,2,1,1,0,0,0,114,110,100,112,108,94,7,1,4,1,0,0,0,0,0,0,0,0,0,0,0,4,0,0,0,1,1,0,0,0,0,0,0,0,0,0,0,0,0,0,0,0,0,0,0,0,0,0,0,0,0,0,0,0,0,0,0,0,0,0,0,0,0,0,0,0,0,0,0,0,0,0,0,0,0,0,0,0,0,0,0,0,0,0,0,0,0,0,0,0,0,6
0,0,0,0,0,0,0,0,0,0,0,0,0,0,0,0,0,0,0,0,0,0,0,0,0,0,0,0,0,0,0,0,0,0,0,0,0,0,0,0,0,0,0,0,0,0,0,0,0,0,0,0,0,0,0,0,0,0,0,0,0,0,0,0,0,0,0,0,0,0,0,0,0,0,0,0,0,0,0,0,0,0,0,0,0,0,0,0,0,0,0,0,0,0,0,0,0,0,0,0,0,0,0,0,0,0,0,0,0,0,0,0,0,0,0,0,0,0,0,0,0,0,0,0,0,0,0,0,0,0,0,0,1,3,26,22,63,30,0,1,0,0,0,0,0,0,0,0,0,0,0,1,0,94,151,164,177,193,205,215,230,236,244,208,230,97,0,3,0,0,0,0,0,0,0,0,0,0,0,1,0,152,180,185,190,191,194,203,205,203,202,203,215,49,0,1,0,0,0,0,0,0,0,0,0,1,1,2,0,140,164,172,184,182,185,202,206,199,197,207,214,39,0,1,0,0,0,0,0,0,0,0,0,1,1,0,0,165,172,166,185,189,198,216,212,206,208,210,222,52,0,1,0,0,0,0,0,0,0,0,0,0,2,0,7,186,177,178,194,193,202,215,207,208,208,219,219,93,0,0,0,0,0,0,0,0,0,0,0,0,5,0,47,197,177,180,194,186,191,211,214,222,226,208,215,177,0,0,0,0,0,0,0,0,0,0,0,1,0,0,131,186,184,181,190,186,193,212,226,214,211,205,210,248,14,0,0,0,0,0,0,0,0,1,0,5,0,22,174,160,174,184,193,199,205,215,218,202,201,205,201,219,135,0,0,0,0,0,0,0,0,0,0,1,0,106,182,143,173,187,194,198,195,205,219,212,216,214,203,205,223,0,1,1,0,0,0,0,0,0,3,0,23,191,164,166,181,195,194,203,205,202,210,201,195,203,202,197,245,27,0,0,1,0,0,0,1,2,0,0,161,181,155,172,182,194,201,201,197,193,176,166,194,208,207,186,219,42,2,0,1,0,0,1,5,0,0,98,181,139,170,182,185,189,191,185,191,190,164,176,212,208,197,178,218,44,1,0,1,0,2,5,0,0,90,174,157,162,184,189,197,199,198,197,216,206,195,191,197,199,202,201,231,39,0,1,3,2,0,0,1,124,165,147,174,187,189,185,203,199,197,207,206,190,203,223,199,211,208,187,215,30,2,0,0,0,1,52,148,174,155,169,186,185,187,185,193,186,187,205,219,255,194,145,218,185,172,187,220,31,0,0,36,84,139,166,145,149,164,174,185,194,186,190,191,187,205,227,203,111,0,69,235,193,195,207,227,40,1,93,143,148,152,159,166,172,166,181,185,186,187,189,199,226,241,89,0,0,0,126,243,198,205,199,216,55,81,169,155,173,168,162,161,164,173,177,174,185,185,212,227,161,1,0,0,3,0,136,203,193,195,197,202,80,17,118,155,186,201,210,222,215,205,212,228,243,241,189,46,0,0,2,0,2,0,184,212,198,228,195,245,76,0,0,0,0,0,3,32,51,55,59,55,34,2,0,0,0,0,0,2,0,0,60,69,48,46,42,27,0,0,0,0,0,0,0,0,0,0,0,0,0,0,0,0,0,0,0,0,0,0,0,0,0,0,0,0,0,0,0,0,0,0,0,0,0,0,0,0,0,0,0,0,0,0,0,0,0,0,0,0,0,0,0,0,0,0,0,0,0,0,0,0,0,0,0,0,0,0,0,0,0,0,0,0,0,0,0,0,0,0,0,0,0,6
0,0,0,0,0,0,0,0,0,0,0,0,0,0,0,0,0,0,0,0,0,0,0,0,0,0,0,0,0,0,0,0,0,0,0,0,0,0,0,0,0,0,0,0,0,0,0,0,0,0,0,0,0,0,0,0,0,0,0,0,0,0,0,0,0,0,0,0,0,0,0,0,0,0,0,0,0,0,0,0,0,0,0,0,0,0,0,0,0,0,0,0,0,0,0,0,0,0,0,0,0,0,0,0,0,0,0,0,0,0,0,0,0,0,0,0,0,0,0,0,0,0,0,0,0,0,0,0,0,0,2,2,0,0,0,0,0,0,0,0,0,0,0,0,0,0,0,0,0,0,0,0,0,0,0,0,3,0,0,0,0,34,148,255,51,0,4,0,0,0,0,0,0,0,0,0,0,0,0,0,0,0,0,1,0,0,0,112,241,247,249,255,183,0,0,0,0,0,0,0,0,0,0,0,0,0,0,0,0,2,0,0,0,151,255,254,242,239,232,230,236,16,0,0,0,0,0,0,0,0,0,0,0,0,0,0,0,0,0,81,255,253,243,236,244,243,238,232,245,193,0,0,0,0,0,0,0,0,0,0,0,0,0,0,0,0,180,249,237,233,239,245,242,239,234,236,226,255,66,0,0,0,0,0,0,0,0,0,0,0,3,0,0,205,248,226,236,237,244,241,240,236,233,239,225,239,213,0,0,0,0,0,0,0,0,0,0,1,0,0,176,249,225,232,236,238,241,238,236,238,238,232,231,223,255,6,0,0,0,0,0,0,0,0,0,2,0,77,247,227,232,232,237,238,234,234,235,233,230,234,230,216,255,92,0,0,0,0,0,0,0,0,1,0,0,241,239,225,232,234,230,231,234,235,234,234,231,230,239,225,255,115,0,0,0,0,0,0,0,0,0,0,94,244,225,239,235,235,234,231,230,233,234,233,235,231,231,232,255,68,0,0,0,0,0,0,0,3,0,0,254,227,225,233,231,230,225,225,227,234,235,232,244,255,247,232,255,40,0,0,0,0,0,1,0,0,0,177,241,229,229,234,233,230,225,223,240,226,238,255,255,181,182,237,235,28,0,0,0,0,0,1,14,0,23,255,226,227,227,233,226,221,230,237,230,244,255,129,0,0,0,218,240,0,0,6,8,0,0,0,0,0,115,255,215,230,227,226,222,232,234,228,247,228,19,0,0,0,0,180,244,0,0,0,0,0,0,0,8,112,255,231,225,224,221,225,234,235,230,251,209,0,0,2,1,0,0,185,238,0,0,10,124,191,216,237,255,255,226,222,229,227,228,230,239,233,254,211,0,0,6,0,0,0,0,181,234,0,91,221,227,223,222,227,224,219,233,231,229,235,235,238,234,249,230,0,0,1,0,0,3,1,0,179,234,0,153,254,239,238,230,231,228,224,222,221,226,230,225,229,244,255,0,0,0,0,0,0,0,0,0,175,229,0,0,68,154,214,253,255,255,255,255,255,253,251,254,255,255,24,0,2,0,0,0,0,0,14,0,177,238,0,0,0,0,0,0,0,27,64,93,142,172,181,177,109,0,0,0,0,0,0,0,0,0,10,0,94,118,0,0,0,0,0,0,0,0,0,0,0,0,0,0,0,0,0,0,0,0,0,0,0,0,0,0,0,0,0,0,0,0,0,0,0,0,0,0,0,0,0,0,0,0,0,0,0,0,0,0,0,0,0,0,0,0,0,0,0,0,0,0,0,0,0,0,0,0,0,0,0,0,0,0,0,0,0,0,0,0,0,0,0,0,0,6
0,0,0,0,0,0,0,0,0,0,1,0,0,47,71,115,155,176,168,161,169,82,0,0,0,0,0,0,0,0,0,0,0,0,0,0,0,0,7,0,29,255,239,255,255,255,255,238,255,219,0,0,0,0,0,0,0,0,0,0,0,0,0,0,0,0,4,0,2,229,227,230,232,234,234,231,247,176,0,0,0,0,0,0,0,0,0,0,0,0,0,0,0,0,4,0,0,252,232,231,230,234,238,233,248,186,0,0,0,0,0,0,0,0,0,0,0,0,0,0,0,0,2,0,0,231,235,232,237,236,238,236,243,227,0,0,2,0,0,0,0,0,0,0,0,0,0,0,0,0,1,0,0,234,234,232,236,235,235,236,241,254,0,0,2,0,0,0,0,0,0,0,0,0,0,0,0,0,1,0,0,234,235,233,237,238,236,237,238,255,0,0,2,0,0,0,0,0,0,0,0,0,0,0,0,0,1,0,0,233,236,233,237,239,238,238,233,255,47,0,4,0,0,0,0,0,0,0,0,0,0,0,0,0,1,0,0,230,241,232,236,237,236,238,228,255,161,0,0,0,0,0,0,0,0,0,0,0,0,0,0,0,1,0,0,236,245,241,243,240,238,239,238,238,255,138,0,0,0,0,0,0,0,0,0,0,0,0,0,0,3,0,0,255,238,234,234,235,236,239,240,235,236,255,198,0,0,0,0,0,0,0,0,0,0,0,0,0,5,0,27,255,231,229,229,236,240,241,242,239,242,234,255,79,0,0,0,0,0,0,0,0,0,0,0,0,1,0,100,243,227,229,232,235,239,238,235,239,246,238,249,231,0,0,0,0,0,0,0,0,0,0,0,0,0,0,186,243,227,234,235,237,240,239,236,242,243,241,240,255,0,0,0,0,0,0,0,0,0,0,0,3,0,0,255,233,236,241,242,241,242,239,240,242,241,239,236,247,111,0,0,0,0,0,0,0,0,0,0,6,0,66,240,227,236,236,238,240,238,232,234,239,240,236,237,255,135,0,0,0,0,0,0,0,0,0,0,0,0,151,241,224,233,229,231,235,231,229,235,232,236,247,240,222,0,0,0,0,0,0,0,0,0,0,2,0,0,238,234,226,237,239,237,229,227,234,237,237,240,227,224,178,0,0,0,0,0,0,0,0,0,0,2,0,47,255,227,229,229,233,231,228,232,229,246,254,235,215,232,199,3,0,0,0,0,0,0,0,0,0,0,0,175,242,227,233,230,231,233,235,226,255,249,180,255,222,226,200,6,0,0,0,0,0,0,5,8,0,0,48,255,226,233,235,233,232,235,230,255,255,0,70,255,215,224,201,13,0,0,0,0,4,0,0,0,0,22,254,232,228,232,231,230,237,232,239,255,0,0,140,255,212,223,204,18,0,0,0,0,0,0,0,68,154,255,242,223,228,226,223,234,232,235,255,48,0,0,162,237,212,224,208,24,0,0,0,0,0,192,226,241,241,224,224,227,225,223,235,232,229,252,152,0,0,0,185,231,208,221,207,30,0,0,0,18,202,237,218,210,207,200,212,217,217,223,227,228,237,255,0,0,0,0,204,225,215,222,209,47,0,0,0,154,251,220,224,224,220,220,214,209,206,219,225,235,249,57,0,0,0,0,208,218,207,216,203,46,0,0,0,26,183,184,246,255,255,255,255,255,255,255,239,255,110,0,0,0,0,0,243,213,208,213,237,73,0,0,0,0,0,0,0,0,0,33,57,75,88,76,72,8,0,0,0,1,0,0,137,148,163,155,153,32,0,6
0,0,0,0,0,0,0,0,0,0,0,0,0,0,0,0,0,0,0,0,0,0,0,0,0,0,0,0,0,0,0,0,0,0,0,0,0,0,0,0,0,0,0,0,0,0,0,0,0,0,0,0,0,0,0,0,0,0,0,0,0,0,0,0,0,0,0,0,0,0,0,0,0,0,0,0,0,37,62,0,0,1,2,0,0,0,0,0,0,0,0,0,0,0,0,0,0,1,0,0,0,1,8,0,27,172,175,128,0,0,1,0,0,0,0,0,0,0,0,0,0,1,0,0,0,0,0,0,0,0,8,0,75,213,157,186,92,0,5,0,0,0,0,0,0,0,0,0,0,0,0,0,0,0,2,2,2,0,0,0,17,148,140,170,165,0,1,0,0,0,0,0,0,0,0,0,0,0,0,0,0,0,0,2,0,0,15,85,162,166,132,187,184,0,0,2,0,0,0,0,0,0,0,0,0,0,1,5,0,49,30,0,11,97,141,153,199,155,202,199,175,48,0,4,0,0,0,0,0,0,0,0,0,0,2,1,0,141,153,81,155,177,187,180,95,2,220,154,135,153,0,0,0,0,0,0,0,0,0,0,0,0,2,0,37,144,150,162,175,165,121,57,0,0,187,133,102,175,71,0,0,0,0,0,0,0,0,0,0,4,0,0,108,129,140,169,70,0,0,0,0,0,147,139,102,141,158,0,0,0,0,0,0,0,0,0,0,5,0,81,190,144,205,6,0,0,4,2,0,0,110,125,133,151,187,31,0,0,0,0,0,1,0,0,0,5,0,90,155,113,132,0,1,0,0,2,0,0,151,161,150,158,195,75,0,0,0,0,0,0,0,0,2,0,5,103,96,107,89,0,0,1,0,1,0,0,151,164,158,175,217,75,0,0,0,0,0,0,0,0,0,0,181,177,104,186,90,122,11,0,0,0,0,31,184,175,172,169,212,78,0,0,0,0,0,0,0,1,0,4,161,128,148,124,119,95,176,62,0,35,136,183,184,180,190,184,232,100,0,0,0,1,1,2,2,0,0,97,136,144,154,6,53,158,180,213,164,191,172,186,197,198,188,179,212,103,0,0,0,0,0,0,0,0,99,146,146,75,52,165,0,0,129,166,170,199,237,241,217,191,159,179,210,115,0,1,0,0,0,59,126,153,111,0,0,114,20,192,63,63,219,168,220,230,147,0,147,226,159,181,206,118,1,0,4,0,66,124,129,135,75,8,0,51,121,144,205,164,170,239,206,6,0,0,173,228,179,183,201,124,0,0,0,0,30,119,92,146,33,215,0,0,180,164,146,159,234,159,0,0,2,0,173,212,184,177,206,125,35,129,63,49,78,192,175,220,45,206,188,60,165,124,158,227,141,0,0,2,0,0,198,213,186,172,208,137,51,166,141,136,102,90,99,107,136,130,139,110,115,175,206,172,0,0,0,0,0,0,202,198,170,157,201,139,62,190,202,215,202,179,170,165,154,154,162,195,212,176,187,35,0,9,0,2,0,0,168,201,188,150,191,136,0,19,74,151,179,205,228,231,246,252,254,216,169,226,139,0,4,4,0,2,0,9,241,179,208,181,201,175,0,0,0,0,0,8,28,53,60,59,68,56,41,39,0,0,2,1,1,4,0,4,108,63,74,75,77,56,0,0,0,0,0,0,0,0,0,0,0,0,0,0,0,0,0,0,0,0,0,0,0,0,0,0,0,0,0,0,0,0,0,0,0,0,0,0,0,0,0,0,0,0,0,0,0,0,0,0,0,0,0,0,0,0,6
0,0,0,0,0,0,0,0,0,0,0,0,0,0,0,0,0,0,0,0,0,0,0,0,0,0,0,0,0,0,0,0,0,0,0,0,0,0,0,0,0,0,0,0,0,0,0,0,0,0,0,0,0,0,0,0,0,0,0,0,0,0,0,0,0,0,0,0,0,0,0,0,0,0,0,0,0,0,0,0,0,0,0,0,0,0,0,0,0,0,0,0,0,0,0,0,0,0,0,0,0,0,0,0,0,0,0,0,0,0,0,0,0,0,0,0,0,0,0,0,0,0,0,0,0,0,0,0,0,0,0,0,0,0,0,0,0,0,0,0,0,0,0,0,0,0,0,0,0,0,0,0,0,1,0,0,191,115,63,1,0,0,0,0,0,0,0,0,0,0,0,0,0,0,0,0,0,0,0,0,2,0,16,209,200,190,176,255,186,127,76,30,6,0,0,0,0,0,0,0,0,0,0,0,0,0,0,0,2,0,0,192,212,179,182,223,228,233,234,225,212,178,1,0,0,0,0,0,0,0,0,0,0,0,0,0,0,0,119,209,208,143,202,232,214,209,208,202,204,195,0,0,0,0,0,0,0,0,0,0,0,0,0,0,0,0,157,226,195,191,181,206,230,235,232,218,191,182,146,0,0,0,0,0,0,0,0,0,0,0,1,0,0,129,189,210,204,186,187,180,165,178,210,214,197,214,172,0,0,0,0,0,0,0,0,0,0,2,3,0,0,234,185,136,162,208,200,187,172,170,161,161,161,184,76,0,0,0,0,0,0,0,0,0,0,1,0,0,163,210,184,171,177,149,180,209,204,190,183,178,164,174,107,0,0,0,0,0,1,1,1,1,0,0,62,246,197,160,128,177,217,228,176,151,168,172,183,186,171,173,122,0,1,3,1,1,1,0,0,0,0,132,200,163,77,116,165,185,186,193,230,223,186,164,147,168,163,168,165,0,0,0,0,0,0,0,0,0,25,162,107,62,151,182,178,181,190,193,189,197,201,205,181,184,179,170,192,0,0,53,114,127,120,119,131,142,161,132,122,172,186,186,194,205,200,209,196,190,187,176,195,200,191,174,195,31,84,130,95,104,122,134,135,74,120,176,162,170,179,175,175,175,178,175,178,193,175,167,194,192,183,172,182,64,65,122,135,107,87,104,110,100,96,147,167,178,183,189,193,199,200,200,205,204,186,190,198,194,190,179,180,84,2,7,80,156,163,181,191,190,189,193,197,209,207,207,206,205,196,187,205,206,190,191,183,167,150,124,107,26,22,20,3,1,4,33,88,111,128,132,129,123,104,81,69,58,45,38,29,27,21,13,10,5,4,3,3,5,0,8,26,35,32,17,3,0,0,0,0,0,0,0,0,2,7,14,18,21,24,28,38,38,35,33,35,12,0,0,0,0,6,14,27,25,28,28,26,27,26,22,20,18,23,18,12,15,14,15,12,9,6,5,4,0,0,0,0,0,0,0,0,0,0,0,0,0,0,0,0,0,0,0,0,0,0,0,0,0,0,0,0,0,0,0,0,0,0,0,0,0,0,0,0,0,0,0,0,0,0,0,0,0,0,0,0,0,0,0,0,0,0,0,0,0,0,0,0,0,0,0,0,0,0,0,0,0,0,0,0,0,0,0,0,0,0,0,0,0,0,0,0,0,0,0,0,0,0,0,0,0,0,0,0,0,0,0,0,0,0,0,0,0,0,0,0,0,0,0,0,0,0,0,0,0,0,0,0,0,0,0,0,0,0,0,0,0,0,0,0,0,0,0,0,0,6
0,0,0,0,0,0,0,0,0,0,0,0,0,0,0,0,0,0,0,0,0,0,0,0,0,0,0,0,0,0,0,0,0,0,0,0,0,0,0,0,0,0,0,0,0,0,0,0,0,0,0,0,0,0,0,0,0,0,0,0,0,0,0,0,0,0,0,0,0,0,0,0,0,0,0,0,0,0,0,0,0,0,0,0,0,0,0,0,0,0,0,0,0,0,0,0,0,0,0,0,0,0,0,0,0,0,0,0,0,0,0,0,0,0,0,0,0,0,0,0,0,0,0,0,0,2,0,2,1,0,42,192,0,0,0,0,2,3,0,0,0,0,0,0,0,0,0,0,0,0,0,0,0,2,2,3,0,62,151,195,147,0,0,0,0,0,0,0,0,0,0,0,0,0,0,0,0,0,0,0,0,2,0,2,0,84,230,172,194,246,209,147,62,13,0,0,0,0,0,0,0,0,0,0,0,0,0,0,0,1,1,0,0,188,215,224,214,234,235,241,232,223,28,0,0,0,0,0,0,0,0,0,0,0,0,0,0,0,0,0,34,229,197,197,230,238,223,215,216,235,105,0,0,0,0,0,0,0,0,0,0,0,0,0,1,5,0,0,236,216,216,212,243,233,220,221,220,236,96,0,0,0,0,0,0,0,0,0,0,0,0,0,0,0,32,40,199,219,247,222,233,238,227,225,221,234,119,0,0,0,0,0,0,0,0,0,0,0,0,0,0,120,174,255,228,229,217,219,217,207,220,222,221,239,147,86,0,0,0,0,0,0,0,0,1,0,0,0,20,255,204,195,202,234,224,222,214,209,199,199,189,212,111,3,0,0,0,0,0,0,0,0,0,0,0,255,189,187,191,245,196,199,222,219,216,213,205,207,196,221,111,0,0,0,0,0,0,2,3,1,0,65,218,192,174,254,197,213,230,228,215,219,220,219,207,207,205,206,90,0,0,2,3,5,0,0,0,0,3,183,163,200,170,198,207,210,210,213,210,217,203,203,215,206,200,209,133,0,0,0,0,0,0,0,25,57,149,212,114,178,173,181,176,174,174,180,185,184,192,200,212,202,199,207,155,0,0,14,92,119,141,156,146,142,116,141,173,162,178,183,197,214,213,209,213,221,221,217,217,205,204,205,159,0,0,100,158,113,85,95,91,100,121,154,163,184,189,207,216,220,219,215,207,198,197,207,208,207,198,198,130,0,2,164,216,199,183,164,143,134,141,138,165,186,201,210,209,212,212,213,219,226,232,237,233,232,231,228,198,0,15,101,142,176,207,229,233,237,235,229,233,232,237,233,229,224,253,239,212,186,165,142,119,95,81,46,5,0,32,105,79,80,58,69,78,84,101,109,110,116,98,95,92,72,50,20,5,0,0,0,0,0,0,8,63,37,0,0,43,93,81,108,140,90,114,121,78,90,120,92,60,41,38,11,122,206,131,179,219,133,185,185,112,17,0,2,0,0,0,0,3,0,10,30,7,14,45,19,0,0,0,0,0,0,0,2,16,0,0,0,0,0,0,0,0,0,0,0,0,0,0,0,0,0,0,0,0,0,0,0,0,0,0,0,0,0,0,0,0,0,0,0,0,0,0,0,0,0,0,0,0,0,0,0,0,0,0,0,0,0,0,0,0,0,0,0,0,0,0,0,0,0,0,0,0,0,0,0,0,0,0,0,0,0,0,0,0,0,0,0,0,0,0,0,0,0,0,0,0,0,0,0,0,0,0,0,0,0,0,0,0,0,0,0,0,0,0,0,0,0,0,0,0,0,6
0,0,0,0,0,0,0,0,0,0,0,0,0,0,0,0,0,0,0,0,0,0,0,0,0,0,0,0,0,0,0,0,0,0,0,0,0,0,0,0,0,0,0,0,0,0,0,0,0,0,0,0,0,0,0,0,0,0,0,0,0,0,0,0,0,0,0,0,0,0,0,0,0,0,0,0,0,0,0,0,0,0,0,0,0,0,0,0,0,0,0,0,0,0,0,0,0,0,0,0,0,0,0,0,0,0,0,0,0,0,0,0,0,0,0,0,0,0,0,0,0,0,0,1,1,7,0,105,116,0,0,0,1,0,1,0,0,0,0,0,0,0,0,0,0,0,0,0,0,0,0,1,1,3,0,163,126,0,0,5,1,3,0,36,190,0,0,1,0,0,0,0,0,0,0,0,0,0,0,0,0,5,0,108,189,169,0,0,0,0,0,0,160,52,0,3,0,0,0,0,0,0,0,0,0,0,0,0,0,2,0,114,199,185,180,151,159,140,85,159,217,21,0,1,0,0,0,0,0,0,0,0,0,0,0,0,0,3,0,145,187,175,237,239,248,249,252,199,202,22,0,1,0,0,0,0,0,0,0,0,0,0,0,0,2,0,0,198,160,174,228,222,229,229,229,193,190,15,0,1,0,0,0,0,0,0,0,0,0,0,0,0,0,0,65,216,146,190,244,226,237,237,236,197,212,3,0,1,0,0,0,0,0,0,0,0,0,0,0,1,0,0,165,174,139,209,243,227,236,234,244,182,227,7,0,1,0,0,0,0,0,0,0,0,1,2,0,1,0,26,216,130,149,227,229,223,236,244,246,172,244,74,0,0,0,0,0,0,0,0,0,0,2,2,1,0,0,160,163,116,173,236,228,227,234,239,244,173,209,169,0,0,0,0,1,2,3,2,2,0,2,2,0,0,123,203,115,158,185,243,223,229,233,234,234,175,206,231,0,0,0,2,1,0,0,0,0,0,0,0,6,174,195,153,177,165,182,254,219,222,223,237,219,184,207,217,20,0,0,0,0,0,0,0,0,0,16,135,231,144,77,146,173,182,179,229,238,231,237,238,194,187,202,223,85,0,0,7,158,173,212,173,155,175,231,185,164,125,124,143,160,184,178,177,185,198,202,178,180,180,207,223,153,0,0,100,189,146,189,180,182,189,169,143,153,189,180,173,177,185,195,195,187,207,204,200,200,188,208,219,182,0,35,178,197,168,141,160,136,178,183,183,165,157,154,177,194,207,202,199,193,206,199,211,222,217,200,209,180,0,31,130,159,206,222,218,209,170,155,170,179,180,139,143,180,206,199,192,182,207,199,197,211,213,212,228,188,0,0,38,87,103,123,154,183,200,200,203,203,211,222,209,211,218,226,226,226,233,232,254,247,241,211,199,189,40,0,0,3,37,81,95,116,130,141,158,169,182,188,193,195,170,170,163,151,140,106,90,89,79,86,92,119,59,0,0,0,0,0,0,17,38,61,75,80,92,77,71,66,62,61,90,123,110,113,124,130,129,125,125,99,23,0,0,0,1,0,0,0,0,0,0,0,0,0,0,0,0,0,1,30,7,6,7,11,3,0,0,0,0,0,0,0,0,0,0,0,0,0,0,0,0,0,0,0,0,0,0,0,0,0,0,0,0,0,0,0,0,0,0,0,0,0,0,0,0,0,0,0,0,0,0,0,0,0,0,0,0,0,0,0,0,0,0,0,0,0,0,0,0,0,0,0,0,0,0,0,0,0,0,0,0,0,0,0,0,0,0,0,0,0,0,0,0,6
0,0,0,0,0,0,0,0,0,0,0,0,0,0,0,0,0,0,0,0,0,0,0,0,0,0,0,0,0,0,0,0,0,0,0,0,0,0,0,0,0,0,0,0,0,0,0,0,0,0,0,0,0,0,0,0,0,0,0,0,0,0,0,0,0,0,0,0,0,0,0,0,0,0,0,0,0,0,0,0,0,0,0,0,0,0,0,0,0,0,0,0,0,0,0,0,0,0,0,0,0,0,0,0,0,0,0,0,0,0,0,0,0,0,0,0,0,0,0,0,0,0,0,6,0,56,196,176,146,161,150,125,101,84,58,53,45,39,28,0,0,0,0,0,0,0,0,0,0,0,0,8,0,100,233,215,225,225,229,229,227,235,255,255,228,222,219,48,0,0,0,0,0,0,0,0,0,0,0,3,0,121,226,201,207,216,215,210,206,204,210,206,209,208,224,40,0,0,0,0,0,0,0,0,0,1,0,3,0,103,228,209,227,225,224,226,223,225,218,210,211,209,211,27,0,0,0,0,0,0,0,0,1,3,0,0,0,150,223,213,214,223,222,220,223,224,219,219,209,226,145,0,0,0,0,0,0,0,0,0,2,0,2,0,0,197,218,217,215,214,219,224,223,221,222,214,205,230,77,0,0,0,0,0,0,0,0,0,0,1,1,0,0,166,226,209,247,229,216,202,214,222,221,213,207,229,57,0,0,0,0,0,0,0,0,0,0,0,3,0,0,198,213,222,159,167,211,237,222,214,209,214,209,219,17,0,0,0,0,0,0,0,0,0,1,0,1,0,98,217,214,161,125,197,183,207,214,226,214,217,212,232,81,0,0,0,0,0,0,0,0,0,2,2,0,0,212,210,210,128,167,220,255,155,205,235,213,215,210,226,153,0,0,0,0,0,0,0,0,0,2,4,0,37,209,212,222,140,218,230,225,162,236,220,212,203,212,226,184,0,0,1,3,4,4,5,7,3,0,0,40,236,212,212,225,192,168,185,196,176,232,214,216,206,212,216,217,0,2,0,0,0,0,0,0,0,0,120,255,159,122,198,205,215,244,241,239,237,231,218,200,204,212,215,228,0,0,0,0,10,7,22,56,153,237,250,87,0,152,203,205,215,210,219,222,221,220,227,234,231,212,211,233,0,0,148,183,186,190,241,255,195,78,21,36,148,239,217,216,223,224,217,216,214,213,215,222,224,208,206,215,0,7,212,197,164,106,90,41,10,21,88,209,234,212,218,226,217,208,206,206,208,206,207,208,210,208,216,199,0,80,205,207,209,185,109,91,161,214,234,221,216,222,221,221,208,205,207,218,220,218,217,208,203,203,205,240,7,183,225,204,205,215,224,226,228,223,218,218,217,217,217,209,215,226,255,239,215,211,212,207,211,208,202,192,9,42,162,219,227,219,216,209,206,211,211,212,216,217,225,235,211,182,79,43,227,212,210,210,211,208,199,190,12,0,0,19,113,189,222,216,223,224,225,224,216,242,187,87,0,0,0,0,255,227,223,255,255,214,206,255,50,3,0,0,0,0,0,10,42,58,59,44,12,0,0,0,0,0,0,0,123,103,81,68,53,38,34,15,0,0,0,0,0,0,0,0,0,0,0,0,0,0,0,0,0,0,0,0,0,0,0,0,0,0,0,0,0,0,0,0,0,0,0,0,0,0,0,0,0,0,0,0,0,0,0,0,0,0,0,0,0,0,0,0,0,0,0,0,0,0,0,0,0,0,0,0,0,0,0,0,0,0,0,0,0,0,0,0,0,0,0,0,0,6
0,0,0,0,0,0,0,0,0,0,0,0,0,0,0,0,0,0,0,0,0,0,0,0,0,0,0,0,0,0,0,0,0,0,0,0,0,0,0,0,0,0,0,0,0,0,0,0,0,0,0,0,0,0,0,0,0,0,0,0,0,0,0,0,0,0,0,0,0,0,0,0,0,0,0,0,0,0,0,0,0,0,0,0,0,0,0,0,0,0,0,0,0,0,0,0,0,0,0,0,0,0,0,0,0,0,0,0,0,0,0,0,0,0,0,0,0,0,0,0,0,0,0,0,0,0,73,0,0,0,0,0,0,0,0,0,0,0,0,0,0,0,0,0,0,0,0,0,0,0,0,0,60,166,233,226,67,17,15,5,0,0,0,0,0,0,0,0,0,0,0,0,0,0,0,0,0,1,0,0,199,211,179,173,203,210,207,203,200,198,185,184,196,32,0,3,0,0,0,0,0,0,0,0,0,6,0,0,162,215,204,194,209,205,208,210,211,209,209,207,225,129,0,0,0,0,0,0,0,0,0,0,0,3,0,0,82,231,177,186,193,191,181,179,176,175,172,183,190,158,0,0,0,0,0,0,0,0,0,0,0,0,0,154,221,131,148,175,173,178,184,191,195,196,194,196,205,236,0,0,0,0,0,0,0,0,0,0,4,0,80,193,176,191,212,224,215,227,224,223,217,213,212,219,210,235,150,0,0,0,0,0,0,0,0,0,4,0,37,174,154,248,194,208,215,220,228,214,221,224,212,216,215,210,241,12,0,0,0,0,0,0,0,0,3,0,5,230,183,169,249,225,221,208,214,223,214,208,221,225,196,189,247,62,0,0,0,0,0,0,0,0,3,0,0,217,233,167,234,211,194,191,183,204,219,201,222,205,192,202,245,61,0,0,0,0,0,0,0,1,0,0,48,168,189,187,212,196,199,187,189,199,208,234,205,207,207,189,235,93,0,0,0,1,1,2,1,0,0,112,209,210,233,226,224,192,196,210,192,219,201,200,199,217,204,193,255,85,0,2,9,0,0,0,0,0,39,184,169,190,230,211,211,213,203,220,196,204,216,195,212,206,206,208,246,8,2,0,0,0,0,0,21,118,200,176,205,179,156,185,196,202,211,210,194,203,202,203,207,207,210,206,236,0,0,0,98,143,179,184,184,214,172,174,196,201,191,193,198,198,203,209,208,208,200,216,209,201,202,201,229,0,0,162,204,176,174,166,164,176,172,184,194,207,213,210,207,199,201,208,209,209,211,221,219,221,215,223,251,0,9,141,183,198,195,203,203,193,194,200,201,186,190,215,213,214,230,252,246,229,227,213,207,190,169,161,159,3,42,88,95,115,122,146,175,188,206,213,221,245,234,243,241,217,184,151,114,94,89,76,74,71,80,81,124,28,0,18,50,68,75,85,88,90,96,102,116,123,128,117,104,92,87,95,108,115,123,129,131,133,140,144,122,2,2,0,0,0,0,0,18,29,42,56,62,67,70,80,80,77,77,68,61,55,43,38,31,29,22,19,0,0,0,0,0,0,0,0,0,0,0,0,0,0,0,0,0,0,0,0,0,0,0,0,0,0,0,0,0,0,0,0,0,0,0,0,0,0,0,0,0,0,0,0,0,0,0,0,0,0,0,0,0,0,0,0,0,0,0,0,0,0,0,0,0,0,0,0,0,0,0,0,0,0,0,0,0,0,0,0,0,0,0,0,0,0,0,0,0,0,0,0,0,0,0,0,0,0,0,0,0,0,0,0,0,0,0,0,0,0,0,0,0,0,6
0,0,0,0,0,0,0,0,0,0,0,0,0,0,0,0,0,0,0,0,0,0,0,0,0,0,0,0,0,0,0,0,0,0,0,0,0,0,0,0,0,0,0,0,0,0,0,0,0,0,0,0,0,0,0,0,0,0,0,0,0,0,0,0,0,0,0,0,0,0,0,0,0,0,0,0,0,0,0,0,0,0,0,0,0,0,0,0,0,0,0,0,0,0,0,0,0,0,0,0,0,0,0,0,0,0,0,0,0,0,0,0,0,0,0,0,0,0,0,0,0,0,1,0,0,1,0,8,49,60,76,51,47,35,54,71,60,42,17,0,0,0,0,0,0,0,0,0,0,0,1,0,0,0,0,104,155,111,121,163,201,166,155,185,191,182,183,55,0,0,0,0,0,0,0,0,0,0,0,0,1,0,0,107,68,51,71,126,158,118,120,138,144,123,129,28,0,0,0,0,0,0,0,0,0,0,0,0,2,0,0,104,166,205,238,161,147,149,194,160,150,148,174,29,0,0,0,0,0,0,0,0,0,0,0,0,2,0,0,100,75,52,73,155,175,145,118,157,165,146,89,0,0,0,0,0,0,0,0,0,0,0,0,0,3,0,16,170,177,168,155,186,200,167,124,124,106,187,71,0,0,0,0,0,0,0,0,0,0,0,0,0,3,0,36,140,91,71,74,139,154,148,133,144,112,120,46,0,0,0,0,0,0,1,0,0,2,1,1,1,2,0,23,125,99,87,129,177,171,145,132,133,124,116,0,0,0,1,1,0,0,0,0,0,0,0,0,1,0,0,85,106,69,111,154,188,176,164,123,129,127,92,0,0,0,0,1,1,0,0,0,1,0,0,1,2,0,34,121,104,140,146,136,177,185,174,119,111,117,109,0,0,1,0,0,0,0,0,1,2,1,0,1,0,8,104,131,114,119,95,119,178,183,156,117,130,131,146,8,0,0,0,0,0,0,0,0,1,2,0,0,21,81,121,89,11,4,71,165,189,166,147,148,123,141,175,35,0,0,3,2,2,4,1,0,0,0,0,45,75,87,77,112,142,154,168,164,143,130,135,104,125,161,165,95,0,1,0,0,0,0,0,0,0,22,65,82,59,11,72,124,133,135,142,148,151,159,156,156,161,175,177,140,0,0,14,95,110,78,49,45,62,80,76,42,0,44,128,141,136,159,169,165,169,182,187,180,177,197,188,160,0,0,124,128,53,70,85,63,63,47,7,5,89,165,160,153,174,185,161,155,160,154,162,162,163,179,179,130,0,48,177,174,150,105,53,35,36,52,84,161,191,169,177,172,161,149,146,159,173,179,188,190,189,190,201,187,0,49,136,176,202,211,202,181,170,167,168,168,168,170,170,178,193,207,214,255,234,202,193,194,183,188,184,183,17,0,0,26,104,147,182,200,200,199,202,205,206,207,214,251,211,152,114,66,95,205,193,195,194,206,190,220,37,0,0,0,0,0,0,29,65,89,101,108,102,95,52,17,0,0,0,0,0,147,155,140,126,104,81,68,0,0,0,0,0,0,0,0,0,0,0,0,0,0,0,0,0,0,0,0,0,0,0,0,0,0,0,0,0,0,0,0,0,0,0,0,0,0,0,0,0,0,0,0,0,0,0,0,0,0,0,0,0,0,0,0,0,0,0,0,0,0,0,0,0,0,0,0,0,0,0,0,0,0,0,0,0,0,0,0,0,0,0,0,0,0,0,0,0,0,0,0,0,0,0,0,0,0,0,0,0,0,0,0,0,0,0,0,0,0,0,0,0,6
0,0,0,0,0,0,0,0,0,0,0,0,24,63,89,119,145,150,148,164,155,122,105,0,0,1,0,0,0,0,0,0,0,0,0,0,0,4,0,51,191,191,193,224,225,232,242,254,231,224,218,31,0,4,0,0,0,0,0,0,0,0,0,0,0,4,0,48,177,170,198,198,204,219,216,213,211,218,197,4,0,2,0,0,0,0,0,0,0,0,0,0,0,3,0,32,156,179,203,202,229,216,213,217,212,215,184,0,0,1,0,0,0,0,0,0,0,0,0,0,0,3,0,27,179,178,195,219,225,216,215,210,218,211,192,0,0,2,0,0,0,0,0,0,0,0,0,0,0,3,0,28,190,173,197,211,206,216,213,202,216,212,220,34,0,3,0,0,0,0,0,0,0,0,0,0,0,4,0,37,177,175,189,198,217,220,217,211,215,204,210,109,0,0,0,0,0,0,0,0,0,0,0,0,0,4,0,30,176,175,169,196,197,203,210,213,212,205,209,198,0,0,0,0,0,0,0,0,0,0,0,0,0,3,0,27,173,172,151,166,179,197,213,210,209,216,207,217,45,0,0,0,0,0,0,0,0,0,0,0,0,4,0,34,173,169,183,190,203,206,211,202,202,222,203,215,164,0,0,0,0,0,0,0,0,0,0,0,0,4,0,50,180,179,205,205,197,188,196,207,205,196,203,198,231,25,0,0,0,0,0,0,0,0,0,0,0,4,0,75,185,190,206,203,200,193,202,206,166,183,218,199,206,101,0,0,0,0,0,0,0,0,0,0,0,2,0,97,175,186,210,198,195,200,204,179,170,216,206,190,202,105,0,0,0,0,0,0,0,0,0,0,0,0,0,112,169,192,210,203,193,183,188,176,199,196,164,200,242,68,0,0,0,0,0,0,0,0,0,0,1,0,0,135,176,197,204,168,157,175,180,195,185,186,207,216,240,57,0,0,0,0,0,0,0,0,0,0,2,0,0,170,197,203,171,135,169,192,196,197,205,224,217,207,254,50,0,0,0,0,0,0,0,0,0,0,4,0,29,199,206,177,119,146,186,197,200,244,224,220,210,197,242,38,0,0,0,0,0,0,0,0,1,2,8,0,143,212,186,152,156,185,186,200,231,170,23,245,206,198,227,37,0,0,0,0,0,0,2,0,0,0,0,0,185,152,141,169,158,179,180,217,230,0,8,254,213,203,209,31,0,0,0,0,0,0,0,0,0,2,12,139,146,135,166,186,170,171,190,238,0,0,23,243,216,210,205,18,0,0,0,0,0,0,47,81,116,141,153,155,155,188,185,185,164,178,217,45,0,0,15,207,213,215,226,16,0,0,0,0,0,75,144,137,121,104,152,150,156,172,183,165,156,207,189,0,0,0,16,216,215,213,230,17,0,0,0,0,0,84,185,177,162,132,143,164,171,169,156,145,177,227,52,0,2,0,4,218,217,216,233,17,0,0,0,0,0,58,193,188,196,205,184,172,188,175,165,180,207,179,0,0,1,0,0,212,218,216,232,23,0,0,0,0,0,17,180,183,180,193,204,204,200,196,198,195,219,97,0,5,1,0,0,202,217,210,222,30,0,0,0,0,0,0,152,195,190,195,203,200,200,200,196,200,203,0,0,2,1,0,0,204,215,212,207,32,0,0,0,0,0,0,0,65,163,217,233,207,219,220,220,231,109,0,3,0,2,0,0,209,222,212,217,50,0,0,0,0,0,1,0,0,0,0,51,102,148,169,149,66,0,0,2,0,3,0,0,186,199,186,186,0,0,0,6
0,0,0,0,0,0,0,0,0,0,0,0,0,0,0,0,0,0,0,0,0,0,0,0,0,0,0,0,0,0,0,0,0,0,0,0,0,0,0,0,0,0,0,0,0,0,0,0,0,0,0,0,0,0,0,0,0,0,0,0,0,0,0,0,0,0,0,0,0,0,0,0,0,0,0,0,0,0,0,0,0,0,0,0,0,0,0,0,0,0,0,0,0,0,0,0,0,0,0,0,0,0,0,0,0,0,0,0,0,0,0,0,0,0,0,0,0,0,0,0,0,0,0,5,0,64,197,138,194,175,215,177,199,196,175,148,107,87,1,0,0,0,0,0,0,0,0,0,0,0,0,6,0,82,203,183,207,178,228,155,254,197,248,255,241,255,49,0,0,0,0,0,0,0,0,0,0,0,0,6,0,161,250,233,248,244,241,212,244,158,239,117,169,184,10,0,0,0,0,0,0,0,0,0,0,0,0,5,0,87,190,186,214,234,242,251,255,255,255,240,235,205,6,0,0,0,0,0,0,0,0,0,0,0,0,5,0,145,209,157,151,155,149,136,143,173,190,196,206,255,4,0,0,0,0,0,0,0,0,0,0,0,0,0,0,128,224,223,247,255,254,255,243,231,204,181,160,160,0,0,0,0,0,0,0,0,0,0,0,0,0,0,0,129,154,127,107,109,136,148,161,163,172,189,242,232,0,0,0,0,0,0,0,0,0,0,2,2,0,0,0,232,242,252,247,239,211,196,194,187,169,132,123,134,0,0,0,0,0,0,0,0,0,0,1,0,3,0,0,241,227,217,231,245,255,252,252,255,255,255,249,255,0,0,0,0,0,0,0,0,0,0,0,0,4,0,151,231,221,227,226,245,196,135,195,234,233,228,217,236,47,0,0,0,0,0,0,0,0,0,0,2,0,24,255,224,224,243,195,212,106,166,254,206,215,224,225,238,168,0,0,0,0,0,0,0,0,5,0,0,0,230,218,219,235,239,237,255,150,148,222,208,203,215,237,230,246,0,0,1,8,7,11,3,0,0,0,40,232,238,211,219,223,229,227,236,243,178,194,249,252,240,229,226,255,28,2,0,0,0,0,0,0,13,137,255,215,213,221,220,221,222,222,220,240,255,255,243,234,231,231,226,255,71,0,0,52,93,100,120,179,243,254,210,210,217,217,217,220,220,221,227,226,223,225,234,229,229,233,227,255,73,0,186,227,224,226,225,219,212,203,212,220,222,220,217,217,217,222,232,234,238,244,239,230,221,215,207,242,41,34,231,218,213,209,212,208,207,220,216,214,215,219,220,230,231,232,233,248,228,216,207,203,207,212,206,227,34,97,225,217,219,220,220,225,222,220,221,220,225,226,229,231,235,236,255,204,223,222,222,224,226,228,219,211,48,7,139,216,248,252,245,238,232,233,231,238,249,253,255,232,185,99,29,0,210,255,255,255,255,255,210,252,94,0,0,0,20,63,93,130,163,179,185,177,138,92,37,0,0,0,0,0,81,79,47,42,26,9,0,0,0,0,0,0,0,0,0,0,0,0,0,0,0,0,0,0,0,0,0,0,0,0,0,0,0,0,0,0,0,0,0,0,0,0,0,0,0,0,0,0,0,0,0,0,0,0,0,0,0,0,0,0,0,0,0,0,0,0,0,0,0,0,0,0,0,0,0,0,0,0,0,0,0,0,0,0,0,0,0,0,0,0,0,0,0,0,0,0,0,0,0,0,0,0,0,0,0,0,0,0,0,0,0,0,0,0,0,0,0,0,0,0,0,6
0,0,0,0,0,0,0,0,0,0,0,0,0,0,0,0,0,0,0,0,0,0,0,0,0,0,0,0,0,0,0,0,0,0,0,0,0,0,0,0,0,0,0,0,0,0,0,0,0,0,0,0,0,0,0,0,0,0,0,0,0,0,0,0,0,0,0,0,0,0,0,0,0,0,0,0,0,0,0,0,0,0,0,0,0,0,0,0,0,0,0,0,0,0,0,0,0,0,0,0,0,0,0,0,0,0,0,0,0,0,0,0,0,0,0,0,0,0,0,0,0,1,0,0,0,0,0,0,0,1,0,1,1,3,0,0,59,0,0,0,0,0,0,0,0,0,0,0,0,1,1,1,1,1,1,1,1,1,1,0,1,0,0,130,227,164,0,0,0,0,0,0,0,0,0,0,0,0,0,2,6,0,0,0,0,0,2,2,0,0,169,217,199,221,95,0,0,0,0,0,0,0,0,0,0,0,1,0,0,0,0,0,0,0,0,0,8,220,221,192,208,205,228,0,0,0,0,0,0,0,0,0,0,5,0,49,143,153,143,122,191,140,130,95,182,203,178,200,213,207,234,47,0,0,0,0,0,0,0,0,0,8,0,88,227,209,176,141,199,151,216,228,210,201,206,201,208,203,223,108,0,0,0,0,0,0,0,0,0,6,0,0,32,6,0,0,5,0,37,68,204,223,208,198,202,189,219,108,0,0,1,0,0,0,0,0,0,0,1,0,0,0,0,0,0,0,0,0,59,181,205,193,199,196,227,41,0,0,1,0,0,0,0,0,7,4,2,3,2,0,1,1,0,0,0,0,36,208,218,208,212,212,235,16,0,0,0,1,0,0,1,0,0,0,0,0,0,0,1,0,0,0,0,146,255,207,204,219,206,206,227,2,2,1,0,1,0,1,0,0,48,149,180,139,6,0,1,2,0,6,179,251,92,0,185,219,197,211,215,0,0,1,0,1,2,0,0,113,232,195,211,242,0,0,2,0,0,193,193,4,0,0,186,223,204,210,210,0,4,1,1,0,0,1,100,226,187,197,215,201,48,0,0,0,229,194,0,0,1,0,179,224,201,211,194,0,2,0,0,7,95,195,227,207,191,212,240,237,232,233,137,161,219,8,0,1,0,0,178,211,200,213,178,0,0,0,88,207,210,211,198,190,198,234,226,194,199,207,216,231,85,0,0,0,1,0,175,211,199,216,150,0,37,126,183,191,189,198,93,198,218,233,203,211,210,205,220,180,0,0,0,1,0,0,172,212,199,218,130,0,147,220,192,201,209,222,169,198,217,209,206,209,195,203,251,24,0,1,0,1,0,0,171,212,198,219,108,0,42,216,201,209,218,218,225,227,211,205,204,201,205,230,116,0,0,0,0,1,0,0,180,214,194,219,95,0,0,0,59,134,185,205,218,236,240,237,238,244,245,143,0,0,0,0,0,2,1,0,196,205,192,219,90,0,1,0,0,0,0,0,0,10,32,56,78,77,32,0,0,1,2,0,0,0,2,0,4,11,2,24,0,0,0,0,0,0,0,0,0,0,0,0,0,0,0,0,0,0,0,0,0,0,0,0,0,0,0,0,0,0,0,0,0,0,0,0,0,0,0,0,0,0,0,0,0,0,0,0,0,0,0,0,0,0,0,0,0,0,0,0,0,0,0,0,0,0,0,0,0,0,0,0,0,0,0,0,0,0,0,0,0,0,0,0,0,0,0,0,0,0,0,0,0,0,0,0,0,0,0,0,0,0,0,0,0,0,0,0,0,0,0,0,0,0,6
0,0,0,0,0,0,0,0,0,0,0,0,0,0,0,0,0,0,0,0,0,0,0,0,0,0,0,0,0,0,0,0,0,0,0,0,0,0,0,0,0,0,0,0,0,0,0,0,0,0,0,0,0,0,0,0,0,0,0,0,0,0,0,0,0,0,0,0,0,0,0,0,0,0,0,0,0,0,0,0,0,0,0,0,0,0,0,0,0,0,0,0,0,0,0,0,0,0,0,0,0,0,0,0,0,0,0,0,0,0,0,0,0,0,0,0,0,0,0,0,0,0,0,0,0,0,0,0,0,0,0,0,0,0,0,0,137,60,0,0,0,0,0,0,0,0,0,0,0,0,0,0,0,0,0,3,0,0,0,0,11,0,8,211,244,193,1,0,0,0,0,0,0,0,0,0,0,0,0,0,0,0,0,0,0,17,186,188,218,222,254,222,198,228,60,0,0,0,0,0,0,0,0,0,0,0,0,0,0,3,0,16,116,172,216,210,226,180,210,215,208,229,72,0,0,0,0,0,0,0,0,0,0,0,0,0,0,11,0,122,228,206,183,223,246,168,131,245,217,233,39,0,0,0,0,0,0,0,0,0,0,0,0,0,0,5,0,39,201,175,191,180,104,0,91,255,200,221,67,0,0,0,0,0,0,0,0,0,0,0,0,0,0,1,0,0,38,0,0,0,0,0,210,208,177,215,185,0,0,0,0,0,0,0,0,0,0,0,0,0,0,0,0,0,0,0,0,0,0,0,198,139,147,215,238,3,0,0,0,0,0,0,0,0,0,0,0,0,0,0,0,1,4,1,0,1,0,57,160,99,153,214,239,50,1,0,0,0,0,0,0,0,0,0,0,0,0,0,0,0,0,0,0,0,0,113,186,168,217,210,236,74,0,0,0,0,0,0,0,0,0,0,0,0,0,0,0,0,0,0,0,0,0,240,224,237,234,207,234,80,0,0,0,0,0,0,1,0,0,0,0,0,0,0,0,0,0,0,4,0,44,255,217,208,200,200,233,34,0,0,0,0,0,2,0,0,0,0,0,0,0,0,0,0,0,0,0,0,146,237,177,199,203,219,226,0,0,0,0,0,1,1,5,5,1,0,0,0,0,0,0,3,0,0,41,182,233,208,209,219,197,217,183,0,0,0,0,0,4,4,0,0,0,0,0,0,0,0,0,0,0,158,255,254,207,208,201,197,194,240,123,0,0,0,0,0,0,0,11,63,0,0,1,0,0,0,0,24,237,228,203,180,202,198,202,200,189,253,57,0,2,4,2,0,34,147,172,193,89,0,1,0,0,0,45,255,217,188,197,208,205,204,199,198,202,240,10,0,0,0,0,0,63,156,17,145,202,0,0,0,0,67,255,213,190,206,203,199,206,202,206,206,210,197,0,0,36,75,28,20,20,169,164,190,153,0,0,0,121,255,210,187,206,198,199,201,199,202,207,195,216,151,0,0,71,245,178,221,191,249,220,214,195,157,183,238,255,207,202,219,209,222,217,231,233,217,212,205,255,67,0,1,0,0,44,64,96,117,144,165,206,206,206,180,185,191,188,188,180,167,163,146,130,177,187,199,201,0,0,1,0,0,0,0,0,0,0,0,0,0,0,0,0,0,0,0,0,0,0,0,0,0,0,0,0,0,0,0,0,0,0,0,0,0,0,0,0,0,0,0,0,0,0,0,0,0,0,0,0,0,0,0,0,0,0,0,0,0,0,0,0,0,0,0,0,0,0,0,0,0,0,0,0,0,0,0,0,0,0,0,0,0,0,0,6
0,0,0,0,0,0,0,0,0,0,0,0,0,0,0,0,0,0,0,0,0,0,0,0,0,0,0,0,0,0,0,0,0,0,0,0,0,0,0,0,0,0,0,0,0,0,0,0,0,0,0,0,0,0,0,0,0,0,0,0,0,0,0,0,0,0,0,0,0,0,0,0,0,0,0,0,0,0,0,0,0,0,0,0,0,0,0,0,0,0,0,0,0,0,0,0,0,0,0,0,0,0,0,0,0,0,0,0,0,0,0,0,0,0,0,0,0,0,0,0,0,0,0,0,0,0,0,0,0,0,0,0,0,0,0,0,0,0,0,0,0,0,0,0,0,0,0,0,0,0,0,0,0,0,0,1,2,0,0,4,1,0,0,2,0,1,50,0,0,0,0,0,0,0,0,0,0,0,0,0,0,1,0,5,0,20,22,0,0,0,2,2,0,144,99,0,0,0,0,0,0,0,0,0,0,0,0,0,0,0,0,3,0,127,210,115,0,0,0,0,0,190,119,0,0,0,0,0,0,0,0,0,0,0,0,0,0,0,6,0,53,168,149,192,137,61,87,66,19,144,176,16,0,0,0,0,0,0,0,0,0,0,0,0,0,1,0,0,158,148,137,188,208,209,248,205,190,186,0,0,0,0,0,0,0,0,0,0,0,0,0,0,0,0,0,70,212,172,173,206,202,205,205,116,166,172,0,0,0,0,0,0,0,0,0,0,0,0,0,0,4,0,0,195,175,169,207,199,192,218,212,221,197,207,0,0,0,0,0,0,0,0,0,0,0,0,0,4,0,0,175,204,170,189,215,186,197,188,188,208,191,224,0,0,0,0,0,0,0,0,0,0,0,0,6,0,0,125,158,136,181,235,178,195,211,187,205,212,180,248,28,0,0,0,1,1,0,0,0,1,3,2,0,0,115,148,58,134,206,209,175,214,197,194,217,204,176,209,135,0,0,2,0,0,2,5,5,0,0,0,38,126,94,79,169,191,217,193,209,213,212,207,194,203,184,205,198,0,0,0,0,0,0,0,0,0,49,134,136,69,125,199,205,203,213,183,200,177,160,158,179,203,204,212,231,0,0,64,142,137,146,101,83,138,112,46,93,164,168,169,197,199,187,186,166,133,115,142,206,179,204,209,245,32,0,166,198,59,63,154,177,41,19,60,125,156,177,212,218,193,218,208,208,228,228,236,225,209,218,203,255,46,166,206,207,220,173,148,171,110,144,143,145,157,163,196,207,226,210,196,191,186,173,184,186,210,210,206,241,29,84,197,222,213,215,215,213,209,193,190,196,207,223,205,199,195,190,209,235,230,228,237,226,237,236,221,255,79,0,0,103,211,208,217,227,223,211,206,196,195,193,190,199,238,225,203,169,211,199,192,192,184,181,184,204,118,0,0,0,0,17,68,140,197,236,243,238,233,203,174,131,63,10,0,0,189,252,212,208,207,209,205,230,141,0,1,0,0,0,0,0,0,0,8,2,0,0,0,0,0,0,0,0,56,75,76,74,74,71,69,77,25,0,0,0,0,0,0,0,0,0,0,0,0,0,0,0,0,0,0,0,0,0,0,0,0,0,0,0,0,0,0,0,0,0,0,0,0,0,0,0,0,0,0,0,0,0,0,0,0,0,0,0,0,0,0,0,0,0,0,0,0,0,0,0,0,0,0,0,0,0,0,0,0,0,0,0,0,0,0,0,0,0,0,0,0,0,0,0,0,0,0,0,0,0,0,0,0,0,0,0,0,0,0,0,0,0,0,0,0,0,0,0,0,6
0,0,0,0,0,0,0,0,0,0,0,0,0,0,0,0,0,0,0,0,0,0,0,0,0,0,0,0,0,0,0,0,0,0,0,0,0,0,0,2,0,44,135,137,173,168,173,163,148,150,168,200,36,0,4,0,0,0,0,0,0,0,0,0,0,0,0,3,0,117,201,204,247,197,212,235,208,191,189,196,52,0,5,0,0,0,0,0,0,0,0,0,0,1,0,2,0,83,198,141,100,157,171,191,127,181,184,216,109,0,4,0,0,0,0,0,0,0,0,0,0,0,0,2,0,95,249,66,225,255,246,240,183,141,183,215,120,0,8,0,0,0,0,0,0,0,0,0,0,1,0,3,0,131,170,148,251,213,221,183,220,163,147,210,127,0,7,0,0,0,0,0,0,0,0,0,0,0,0,3,0,140,147,166,233,228,226,222,231,168,129,206,112,0,5,0,0,0,0,0,0,0,0,0,0,0,0,7,0,162,183,162,243,227,226,152,219,134,147,218,3,0,4,0,0,0,0,0,0,0,0,0,0,0,1,1,0,208,190,128,239,245,237,197,210,78,195,221,1,0,3,0,0,0,0,0,0,0,0,0,0,0,2,0,15,208,197,156,84,188,171,138,81,164,195,207,33,0,3,0,0,0,0,0,0,0,0,0,0,0,3,0,42,172,188,197,219,132,112,126,184,198,176,189,106,0,2,0,0,1,1,0,1,0,0,0,0,1,3,0,44,187,194,193,247,247,251,213,195,181,168,179,190,0,0,1,0,1,1,0,1,0,1,0,0,0,2,0,116,207,185,206,237,228,231,173,175,181,170,195,196,85,0,1,1,0,0,0,0,1,0,0,1,1,2,0,170,209,175,219,239,224,227,225,191,156,208,222,198,165,0,2,0,0,1,1,0,0,0,1,0,2,0,39,172,181,183,175,210,228,222,228,213,179,227,220,200,184,60,0,0,0,0,0,0,0,0,1,1,1,0,135,213,165,147,159,225,227,226,226,225,225,224,225,207,163,168,0,2,1,1,0,0,3,0,0,2,0,67,208,193,165,195,226,233,229,224,224,224,226,225,173,169,171,185,23,0,0,0,1,0,0,1,7,0,15,208,194,166,181,238,229,221,224,226,235,232,224,202,169,171,183,160,0,0,0,0,1,0,0,9,0,1,198,204,181,159,171,203,212,229,234,237,188,148,123,125,135,139,208,140,0,0,0,0,2,3,1,0,10,196,189,173,198,232,203,189,228,231,187,150,119,152,197,198,228,185,185,145,0,1,1,0,0,0,0,50,134,195,171,171,163,183,166,203,238,160,119,154,243,216,84,209,232,197,173,165,0,0,0,0,17,51,92,121,142,178,166,159,150,134,154,238,170,115,212,241,84,0,0,238,225,197,175,177,0,0,36,84,122,129,145,171,22,142,160,134,144,183,235,176,112,229,179,0,0,0,154,232,221,203,172,185,0,76,170,166,168,171,172,169,156,200,144,179,237,238,173,114,228,139,0,0,4,0,229,227,227,198,170,203,14,66,179,187,188,184,181,190,200,215,220,226,204,160,127,235,132,0,0,0,0,72,232,219,227,212,153,210,27,0,9,71,134,176,193,195,196,194,209,179,154,179,220,127,0,0,1,0,0,200,229,214,227,207,142,200,47,0,0,0,0,0,1,41,67,85,108,129,131,125,48,0,0,1,3,0,17,219,214,216,225,221,198,237,82,0,0,0,0,0,0,0,0,0,0,0,0,0,0,0,0,0,0,0,0,0,0,0,0,0,0,0,0,6
0,0,0,0,0,0,0,0,0,0,0,0,0,0,0,0,0,0,0,0,0,0,0,0,0,0,0,0,0,0,0,0,0,0,0,0,0,0,0,0,0,0,0,0,0,0,0,0,0,0,0,0,0,0,0,0,0,0,0,0,0,0,0,0,0,0,0,0,0,0,0,0,0,0,0,0,0,0,0,0,0,0,0,0,0,0,0,0,0,0,0,0,0,0,0,0,0,0,0,0,0,0,0,0,0,0,0,0,0,0,0,0,0,0,0,0,0,0,0,0,0,0,0,0,0,0,0,0,0,0,0,0,0,0,0,0,0,0,0,0,0,0,0,0,0,0,0,0,0,0,0,2,0,48,95,106,135,163,176,171,170,188,190,185,180,190,153,0,0,0,0,0,0,0,0,0,0,0,0,4,0,119,194,180,189,184,178,185,186,203,187,183,180,196,148,0,0,0,0,0,0,0,0,0,0,0,0,5,0,56,193,175,174,156,169,173,179,186,187,174,170,196,128,0,0,0,0,0,0,0,0,0,0,0,0,1,0,45,190,135,133,175,195,208,219,220,210,193,185,197,73,0,0,0,0,0,0,0,0,0,0,0,0,0,0,102,146,119,150,167,164,160,153,145,154,180,181,208,119,0,0,0,0,0,0,0,0,0,0,0,3,0,43,192,140,147,135,123,125,128,129,120,113,139,135,162,141,0,0,0,0,0,0,0,0,0,0,0,5,0,83,171,153,184,206,228,234,235,222,220,215,212,210,212,216,0,0,0,0,0,0,0,0,0,0,1,0,0,102,171,156,186,164,156,204,211,253,228,231,233,208,200,229,4,0,0,0,0,0,0,0,0,1,3,0,17,154,189,152,142,211,181,153,31,96,227,162,163,161,172,197,0,0,0,0,0,0,0,1,4,0,0,39,148,175,165,207,197,171,174,249,112,19,227,181,195,196,187,204,10,0,0,1,3,3,4,1,0,0,65,149,142,166,152,156,221,209,165,221,8,126,253,191,184,177,169,207,48,1,1,0,0,0,0,0,12,111,131,116,145,154,144,154,153,199,185,202,202,218,179,167,164,166,164,219,81,0,0,11,33,37,46,89,146,111,62,96,154,164,151,165,157,164,153,160,224,169,178,183,181,182,176,194,36,0,86,142,120,126,126,108,92,86,104,128,146,154,153,172,185,189,208,229,170,170,176,182,176,166,142,179,50,21,154,141,127,103,78,71,102,122,138,140,145,150,159,170,176,172,34,19,222,219,203,204,197,201,192,232,75,86,180,170,173,163,155,149,139,127,124,125,148,167,177,193,194,211,211,161,171,150,195,188,191,192,185,189,51,0,81,151,162,179,185,193,181,185,176,187,211,228,229,194,140,65,37,12,0,93,213,193,218,223,200,255,80,0,0,0,0,42,96,144,162,173,176,175,139,87,24,0,0,0,0,0,0,41,181,140,129,106,90,79,0,0,0,0,0,0,0,0,0,0,0,0,0,0,0,0,0,0,0,0,0,0,0,0,0,0,0,0,0,0,0,0,0,0,0,0,0,0,0,0,0,0,0,0,0,0,0,0,0,0,0,0,0,0,0,0,0,0,0,0,0,0,0,0,0,0,0,0,0,0,0,0,0,0,0,0,0,0,0,0,0,0,0,0,0,0,0,0,0,0,0,0,0,0,0,0,0,0,0,0,0,0,0,0,0,0,0,0,0,0,0,0,0,0,0,0,0,0,0,0,0,0,0,0,0,0,0,0,0,0,0,0,0,0,0,0,0,0,0,0,0,6
0,0,0,0,0,0,0,0,0,0,0,0,4,5,0,0,0,0,0,0,4,38,62,126,133,0,0,0,0,0,0,0,0,0,0,0,0,0,0,0,0,0,0,21,51,89,133,170,209,229,221,200,206,0,0,0,0,0,0,0,0,0,0,0,0,1,0,0,53,111,149,195,199,206,216,194,192,200,190,192,203,0,0,0,0,0,0,0,0,0,0,0,0,3,0,35,206,164,168,160,166,168,180,183,187,193,198,204,207,0,0,0,0,0,0,0,0,0,0,0,0,4,0,35,160,155,163,168,179,165,178,194,191,205,205,211,213,0,0,0,0,0,0,0,0,0,0,0,0,5,0,37,200,164,169,180,183,176,179,192,205,215,209,209,199,0,0,0,0,0,0,0,0,0,0,0,0,5,0,42,200,142,166,170,190,183,189,207,212,216,212,201,181,0,0,0,0,0,0,0,0,0,0,0,0,5,0,41,186,145,171,177,196,183,192,200,193,205,215,210,201,1,0,0,0,0,0,0,0,0,0,0,0,5,0,41,192,165,156,171,198,193,191,196,201,205,214,196,205,86,0,0,0,0,0,0,0,0,0,0,0,5,0,41,200,160,158,190,206,194,183,194,211,211,188,166,163,167,0,0,0,0,0,0,0,0,0,0,0,4,0,44,188,168,170,181,189,181,181,195,198,188,171,157,141,194,40,0,0,0,0,0,0,0,0,0,0,4,0,68,200,169,177,179,195,200,195,193,175,182,180,144,136,180,116,0,0,0,0,0,0,0,0,0,0,2,0,106,190,161,180,195,206,201,192,187,178,191,167,134,153,180,153,0,0,0,0,0,0,0,0,0,0,1,0,141,176,177,186,188,182,170,154,188,187,163,159,172,182,204,143,0,0,0,0,0,0,0,0,0,2,0,5,181,172,180,180,188,187,170,136,182,154,157,181,191,175,187,140,0,0,0,0,0,0,0,0,0,3,0,35,189,171,180,172,187,200,187,180,168,143,182,183,184,181,206,144,0,0,0,0,0,0,0,0,0,2,0,85,179,169,186,191,199,203,178,163,158,186,187,166,199,201,234,96,0,0,0,0,0,0,0,0,0,0,0,144,172,184,179,168,159,181,177,155,194,198,207,216,212,199,222,68,0,0,0,0,0,0,0,0,2,0,24,178,152,161,147,159,138,167,160,177,216,235,149,215,194,186,226,55,0,0,0,0,0,0,0,0,0,0,105,169,143,159,157,164,159,152,165,213,251,78,0,215,196,182,221,45,0,0,0,0,1,4,6,1,0,20,184,148,157,178,163,156,152,157,194,249,39,0,0,222,195,187,222,29,0,0,3,4,0,0,0,0,42,174,176,151,167,164,168,170,178,180,254,73,0,0,0,210,193,188,226,14,0,0,0,0,2,38,79,124,209,182,145,151,179,168,180,168,158,207,130,0,0,0,0,209,204,192,223,0,0,0,16,112,166,178,163,151,132,151,158,170,175,187,178,153,191,217,0,0,2,0,0,194,203,193,203,0,0,0,134,182,156,143,135,132,156,147,145,158,166,177,169,179,235,9,0,4,0,0,0,184,205,198,206,0,0,0,99,190,198,194,192,186,182,176,158,146,155,178,195,241,25,0,4,0,0,0,0,170,201,199,202,0,0,0,0,19,75,137,178,196,204,223,228,226,225,209,163,17,0,4,0,0,0,4,0,175,215,209,214,0,0,0,0,0,0,0,0,0,0,0,10,16,9,0,0,0,3,0,0,0,0,2,0,72,100,68,60,0,0,6
0,0,0,0,0,0,0,0,0,0,0,0,0,0,0,0,0,0,0,0,0,0,0,1,1,0,0,0,0,0,0,0,0,0,0,0,0,0,0,22,21,26,16,1,0,0,0,0,0,0,0,0,0,0,74,0,0,0,0,0,0,0,0,0,2,0,0,254,215,211,242,237,235,224,195,163,161,212,185,38,0,131,116,76,0,0,0,0,0,0,0,0,2,0,0,194,220,216,220,230,235,236,252,255,235,234,244,240,218,22,0,130,0,0,0,0,0,0,0,0,1,0,0,212,219,221,222,223,221,220,222,225,223,224,234,226,255,112,112,28,0,0,0,0,0,0,0,0,1,0,0,214,223,221,221,221,220,220,232,228,236,221,239,168,63,183,0,0,0,0,0,0,0,0,0,0,1,0,0,216,230,221,218,218,221,220,226,222,228,230,247,206,0,200,0,0,0,0,0,0,0,0,0,0,1,0,0,225,229,216,217,218,222,224,221,223,227,230,225,255,0,187,41,0,0,0,0,0,0,0,0,0,1,0,0,234,216,209,222,222,221,223,221,222,225,227,227,254,170,182,38,0,0,0,0,0,0,0,0,0,1,0,0,232,217,216,222,217,217,221,221,224,225,224,222,215,249,209,15,0,0,0,0,0,0,0,0,0,2,0,0,233,216,218,219,213,215,222,221,223,223,218,225,222,208,254,127,0,0,0,0,0,0,0,0,0,2,0,0,231,216,218,216,209,215,226,224,221,221,221,220,224,216,231,181,0,0,0,0,0,0,0,0,0,3,0,0,226,213,216,215,213,219,222,223,221,215,218,216,211,229,187,195,0,0,0,0,0,0,0,0,0,3,0,66,253,209,212,210,214,223,225,216,210,215,217,215,214,248,129,116,0,0,0,0,0,0,0,0,0,1,0,115,251,201,215,214,216,219,219,212,217,222,218,221,222,213,255,100,0,0,0,0,0,0,0,0,1,0,0,189,228,199,214,213,211,209,209,216,221,216,209,213,217,205,255,61,0,0,0,0,0,0,0,0,0,0,45,247,210,192,203,207,210,208,211,227,215,216,242,229,224,219,251,24,0,0,0,0,0,0,0,2,0,0,189,224,193,188,205,211,216,216,222,213,238,255,180,222,215,220,250,0,0,0,0,0,0,0,1,0,0,96,234,183,197,203,213,213,216,219,210,247,239,31,0,209,223,221,231,0,0,0,0,2,4,0,0,0,58,230,183,195,210,204,208,214,215,211,251,239,0,0,0,220,231,221,216,0,0,2,0,0,0,0,0,72,216,178,187,193,196,207,216,215,213,232,251,16,0,1,0,219,226,226,194,0,0,0,0,0,45,66,136,221,179,191,206,208,214,215,214,217,208,255,74,0,0,0,0,207,224,226,177,0,0,0,150,186,193,179,168,167,191,203,205,209,213,216,217,212,243,190,0,0,0,0,0,204,225,227,163,0,0,104,219,193,185,185,178,182,206,206,207,210,213,214,216,213,255,28,0,0,2,0,0,199,226,229,139,0,0,102,226,213,210,211,210,208,208,214,216,218,219,220,208,234,167,0,0,0,1,0,0,168,222,229,123,0,0,0,115,202,247,221,225,224,217,219,215,211,212,211,228,255,5,0,1,0,0,2,0,222,249,241,115,0,2,0,0,0,10,66,133,186,229,254,255,255,255,255,237,34,0,0,0,0,0,2,0,63,105,79,14,0,2,2,0,0,0,0,0,0,0,4,32,37,31,28,0,0,0,0,0,0,0,0,0,0,0,0,0,3,0,6
0,0,0,0,0,0,0,0,0,0,0,0,0,0,0,0,0,0,0,0,0,0,0,0,0,0,0,0,0,0,0,0,0,0,0,0,0,0,0,0,0,0,0,0,0,0,0,0,0,0,0,0,0,0,0,0,0,0,0,0,0,0,0,0,0,0,0,0,0,0,0,0,0,0,0,0,0,0,0,0,0,0,0,0,0,0,0,0,0,0,0,0,0,0,0,0,0,0,0,0,0,0,0,0,0,0,0,0,0,0,0,0,0,0,0,0,0,0,0,0,0,0,0,0,0,0,0,0,0,0,0,0,0,0,0,0,0,0,0,0,0,0,0,0,0,0,0,0,0,0,0,0,0,0,0,0,0,0,0,0,0,0,0,0,0,0,0,0,0,0,0,0,0,0,0,0,0,0,0,0,0,0,1,0,0,0,67,43,0,0,0,0,0,74,133,0,0,0,0,0,0,0,0,0,0,0,0,0,0,0,0,0,63,154,142,170,164,147,187,171,177,177,126,0,0,0,0,0,0,0,0,0,0,0,0,0,0,4,0,76,157,142,159,173,187,180,181,179,173,183,86,0,0,0,0,0,0,0,0,0,0,0,0,0,4,0,16,153,133,160,168,177,178,172,175,178,177,194,74,0,0,0,0,0,0,0,0,0,0,0,0,2,0,7,126,136,161,172,171,180,178,177,180,183,179,194,97,0,0,0,0,0,0,0,0,0,0,0,0,0,30,132,135,145,171,178,179,185,178,179,173,178,180,192,145,0,0,0,0,0,0,0,0,0,1,0,0,47,144,125,134,165,177,187,180,178,175,181,179,180,178,176,167,0,0,0,0,0,0,0,0,1,2,0,92,170,121,145,167,166,174,187,181,175,179,180,181,179,175,170,191,13,1,1,1,2,2,3,2,0,0,25,138,97,134,162,159,162,171,182,179,177,185,182,177,175,173,165,174,48,0,0,0,0,0,0,0,0,33,118,120,108,147,159,151,161,171,172,176,180,176,172,163,167,172,154,201,82,0,0,1,10,2,22,74,87,105,128,146,131,142,168,163,165,164,170,172,179,161,153,156,160,160,149,186,44,0,80,120,112,108,112,131,94,103,122,144,149,161,165,166,168,161,165,168,162,152,139,138,135,136,143,200,43,22,135,129,123,119,125,143,123,146,139,146,148,147,157,156,159,166,156,153,150,161,177,188,202,213,205,218,90,106,185,151,146,131,124,148,126,139,148,156,153,146,136,153,165,194,211,221,220,209,215,220,223,219,216,233,92,67,199,209,199,180,163,159,119,116,134,140,144,163,182,210,227,219,189,161,134,223,223,225,232,234,229,238,74,0,9,116,156,192,209,214,214,209,205,208,213,219,220,208,115,10,0,0,0,239,239,242,243,242,234,255,75,0,0,0,0,0,35,85,133,157,164,161,135,115,43,0,0,0,0,0,0,197,193,172,180,176,177,135,0,0,0,0,0,0,0,0,0,0,0,0,0,0,0,0,0,0,0,0,0,0,0,0,0,0,0,0,0,0,0,0,0,0,0,0,0,0,0,0,0,0,0,0,0,0,0,0,0,0,0,0,0,0,0,0,0,0,0,0,0,0,0,0,0,0,0,0,0,0,0,0,0,0,0,0,0,0,0,0,0,0,0,0,0,0,0,0,0,0,0,0,0,0,0,0,0,0,0,0,0,0,0,0,0,0,0,0,0,0,0,0,0,0,0,0,0,0,0,0,0,0,0,0,0,0,0,0,0,0,0,0,0,0,0,0,0,0,0,0,0,6
0,0,0,0,0,0,0,0,0,0,0,0,0,0,0,0,0,0,0,0,0,0,0,0,0,0,0,0,0,0,0,0,0,0,0,0,0,0,0,0,0,0,0,0,0,0,0,0,0,0,0,0,0,0,0,0,0,0,0,0,0,0,0,0,0,0,0,0,0,0,0,0,0,0,0,0,0,0,0,0,0,0,0,0,0,0,0,0,0,0,0,0,0,0,0,0,0,0,0,0,0,0,0,0,0,0,0,0,0,0,0,0,0,0,0,0,0,0,0,0,0,0,0,0,0,0,0,0,0,0,0,0,0,0,0,0,0,0,0,0,0,0,0,0,0,0,0,0,0,0,0,0,0,0,0,0,0,55,143,50,0,0,1,1,0,0,0,0,0,0,0,0,0,0,0,0,0,0,0,0,0,0,0,0,0,189,203,212,5,0,0,0,0,2,1,0,0,0,0,0,0,0,0,0,0,0,0,0,0,1,6,0,49,207,170,210,255,154,11,0,0,0,0,0,0,0,0,0,0,0,0,0,0,0,0,0,0,0,0,0,152,205,198,229,228,254,247,253,162,67,0,0,0,0,0,0,0,0,0,0,0,0,0,0,0,1,0,0,214,203,242,252,237,234,236,245,253,254,228,0,0,0,0,0,0,0,0,0,0,0,0,0,0,2,0,59,242,213,255,243,233,244,238,231,229,250,182,0,0,0,0,0,0,0,0,0,0,0,0,0,0,0,0,133,231,216,250,232,211,207,228,213,205,235,123,0,0,0,0,0,0,0,0,0,1,4,0,0,2,0,0,235,207,234,223,219,231,224,218,212,195,250,42,0,0,0,0,0,0,0,0,0,0,1,6,0,0,0,170,190,213,238,226,206,231,225,228,222,216,252,62,0,0,0,0,0,0,0,0,2,3,0,0,0,14,157,208,218,236,217,227,223,220,220,213,238,222,221,107,0,0,0,0,0,0,0,3,0,0,0,49,129,191,163,233,243,204,205,214,215,217,217,230,250,213,221,177,0,0,0,3,2,4,0,0,0,81,145,175,143,189,208,208,218,228,222,223,222,220,215,227,228,204,211,227,0,3,7,0,0,0,0,13,200,156,131,184,211,213,210,236,242,255,253,221,213,217,201,174,235,218,207,242,40,0,0,0,2,51,127,151,132,180,190,193,210,211,206,238,252,239,224,221,214,217,207,196,227,207,197,213,80,0,136,184,211,206,161,111,208,198,161,125,157,200,231,249,249,238,232,238,239,244,243,243,242,254,229,223,119,0,50,100,135,165,154,204,197,174,244,225,221,229,228,212,193,188,173,149,148,141,135,124,113,114,93,72,13,37,6,0,0,0,0,0,0,0,0,0,0,0,0,0,0,0,0,0,0,0,0,0,0,0,0,3,20,17,40,55,57,65,53,44,38,27,22,20,25,28,31,34,36,38,41,42,45,47,46,46,56,59,54,48,36,0,0,0,3,12,14,20,25,27,25,21,21,18,20,20,18,16,15,13,13,12,9,6,6,6,5,4,0,0,0,0,0,0,0,0,0,0,0,0,0,0,0,0,0,0,0,0,0,0,0,0,0,0,0,0,0,0,0,0,0,0,0,0,0,0,0,0,0,0,0,0,0,0,0,0,0,0,0,0,0,0,0,0,0,0,0,0,0,0,0,0,0,0,0,0,0,0,0,0,0,0,0,0,0,0,0,0,0,0,0,0,0,0,0,0,0,0,0,0,0,0,0,0,0,0,0,0,0,0,0,0,0,0,0,0,0,0,0,0,0,6
0,0,0,0,0,0,0,0,0,0,0,0,0,0,0,0,0,0,0,0,0,0,0,0,0,0,0,0,0,0,0,0,0,0,0,0,0,0,0,0,0,0,0,0,0,0,0,0,0,0,0,0,0,0,0,0,0,0,0,0,0,0,0,0,0,0,0,0,0,0,0,0,0,0,0,0,0,0,0,0,0,0,0,0,0,0,0,0,0,0,0,0,0,0,0,0,0,0,0,0,0,0,0,0,48,40,1,0,0,0,2,0,0,0,0,0,0,0,0,0,0,0,0,0,1,0,12,160,135,167,169,140,210,219,200,7,1,0,0,0,0,0,0,0,0,0,0,0,0,0,0,0,4,0,17,210,219,228,243,244,226,212,225,238,219,197,137,0,0,0,0,0,0,0,0,0,0,0,0,0,6,0,15,186,199,209,219,211,218,227,216,210,216,219,171,0,0,0,0,0,0,0,0,0,0,0,0,0,1,0,66,195,155,178,220,218,189,193,214,216,206,218,60,0,0,0,0,0,0,0,0,0,0,0,0,0,0,0,123,226,186,187,216,210,193,170,187,208,209,211,17,0,0,0,0,0,0,0,0,0,0,0,0,4,0,48,214,172,169,228,243,238,248,247,244,218,215,210,36,0,0,0,0,0,0,0,0,0,0,0,0,4,0,28,184,188,221,232,239,236,210,197,211,219,230,219,1,0,0,0,0,0,0,0,0,0,0,0,1,0,0,145,211,196,214,236,214,211,219,227,227,228,215,216,58,0,0,0,0,0,0,0,0,0,2,0,0,0,0,157,174,157,206,239,230,218,227,220,214,218,214,220,185,0,0,0,0,0,0,0,0,0,1,0,8,0,25,213,190,213,207,160,194,217,206,203,229,219,206,213,255,22,0,0,0,0,0,0,0,0,0,1,0,0,139,210,197,224,236,230,209,198,201,203,193,184,197,207,222,33,0,0,0,0,0,0,0,0,2,0,0,128,208,205,217,235,228,228,233,236,228,219,213,203,182,197,246,76,0,0,0,0,0,0,0,2,0,0,119,210,186,214,225,228,237,233,230,234,222,235,212,200,208,204,230,51,0,0,1,1,0,3,10,0,0,117,206,133,198,227,224,233,228,234,219,176,233,238,245,249,246,203,235,59,3,0,0,2,5,0,0,0,137,176,97,151,216,222,215,224,224,225,233,195,246,234,208,190,195,199,235,47,0,0,0,0,0,0,75,190,150,42,141,232,242,224,217,228,230,234,230,201,186,195,192,194,195,189,201,0,39,168,182,172,167,208,190,38,26,174,246,242,244,236,224,235,226,207,197,232,229,217,202,196,183,189,143,0,164,162,98,75,50,4,0,45,203,250,229,231,237,235,236,216,205,218,225,136,0,65,219,183,181,192,64,0,168,202,183,165,155,156,201,253,229,225,234,241,245,239,213,202,243,131,0,0,0,12,224,190,189,183,0,0,144,199,190,196,202,222,238,235,231,236,245,236,229,204,205,245,27,0,0,8,0,0,194,193,190,173,0,0,0,102,173,196,207,199,203,220,216,211,204,197,190,237,221,1,0,2,0,0,0,0,171,209,213,126,0,1,0,0,0,0,42,77,123,158,182,189,194,199,195,137,0,0,7,2,0,1,0,0,155,173,154,48,0,0,0,0,0,0,0,0,0,0,0,0,0,0,0,0,0,0,0,0,0,0,0,0,0,0,0,0,0,0,0,0,0,0,0,0,0,0,0,0,0,0,0,0,0,0,0,0,0,0,0,0,0,0,0,0,0,0,6
0,0,0,0,0,0,0,0,0,0,0,0,0,0,0,0,0,0,0,0,0,0,0,0,0,0,0,0,0,0,0,0,0,0,0,0,0,0,0,0,0,0,0,13,38,47,73,83,95,102,105,114,129,71,0,0,0,0,0,0,0,0,0,0,0,0,0,5,0,82,141,161,182,212,198,204,203,195,212,192,204,141,0,0,0,0,0,0,0,0,0,0,0,0,0,4,0,96,164,158,163,158,162,160,175,172,180,179,183,76,0,0,0,0,0,0,0,0,0,0,0,0,0,7,0,78,171,158,158,151,164,182,187,190,193,186,187,65,0,0,0,0,0,0,0,0,0,0,0,0,0,6,0,60,187,179,182,176,180,196,213,205,223,196,181,0,0,0,0,0,0,0,0,0,0,0,0,0,0,4,0,79,176,171,159,167,195,202,192,183,186,200,200,119,0,0,0,0,0,0,0,0,0,0,0,1,0,5,0,111,211,202,205,200,197,207,214,213,200,192,220,169,0,0,0,0,0,0,0,0,0,0,0,0,1,0,0,147,179,171,190,231,247,226,208,213,198,180,211,146,0,0,0,0,0,0,0,0,0,0,0,0,2,0,0,179,156,181,228,200,183,195,201,193,185,178,176,200,13,0,0,0,0,0,0,0,0,0,0,0,2,0,0,178,209,227,201,191,185,204,209,211,218,205,168,190,103,0,0,0,0,0,0,0,0,0,0,2,4,0,35,175,191,208,208,187,187,197,208,202,189,192,168,173,191,0,0,0,0,0,0,0,0,0,0,2,0,0,128,176,174,187,200,201,189,193,205,203,192,182,182,175,223,23,0,0,0,0,0,0,0,0,0,3,0,10,176,160,172,189,189,201,208,196,190,190,209,200,180,181,216,118,0,0,0,0,0,0,0,0,0,0,0,108,179,176,178,171,171,192,211,205,178,179,182,176,168,181,174,160,0,0,0,0,0,0,0,0,3,0,42,172,158,153,160,163,168,171,200,209,180,175,167,173,208,215,157,172,0,0,0,0,0,0,0,3,0,25,183,179,172,180,174,176,190,200,212,212,246,234,233,253,254,189,165,149,0,0,0,0,0,0,0,0,0,156,169,159,172,164,162,171,175,167,164,178,194,187,165,136,126,139,186,128,0,0,0,0,0,1,1,0,0,167,129,135,134,130,135,167,185,183,180,171,174,148,126,178,206,204,203,126,0,0,2,3,0,0,0,2,111,142,150,139,165,179,174,184,190,182,179,180,224,231,218,236,178,174,189,126,1,0,0,0,0,6,64,138,125,135,178,145,159,168,162,175,184,179,200,203,146,0,53,205,175,183,185,129,0,0,19,70,123,135,153,142,128,135,169,178,140,148,176,178,180,220,202,8,0,0,96,194,180,187,190,131,0,113,130,139,136,137,131,134,148,146,162,209,175,164,172,182,214,104,0,0,2,0,98,195,175,178,191,136,81,143,122,142,149,152,147,140,154,163,163,186,197,174,189,195,40,0,0,1,1,0,91,191,180,178,181,141,70,161,162,169,176,173,169,158,158,161,160,164,191,216,183,1,0,2,0,1,3,0,103,181,165,172,163,135,0,7,57,96,158,158,176,197,205,203,205,208,202,161,0,0,0,0,0,0,7,0,118,208,203,204,196,200,0,0,0,0,0,0,0,14,38,56,54,56,0,0,0,4,0,0,0,0,3,0,19,102,74,62,67,8,0,0,0,0,0,0,0,0,0,0,0,0,0,0,0,0,0,0,0,0,0,0,0,0,0,0,0,0,6
0,0,0,0,0,0,0,0,0,0,0,0,0,0,0,0,0,0,0,0,0,0,0,0,0,0,0,0,0,0,0,0,0,0,0,0,0,0,0,0,0,0,0,0,0,0,0,0,0,0,0,0,0,0,0,0,0,0,0,0,0,0,0,0,0,0,0,0,0,0,0,0,0,0,0,0,0,0,0,0,0,0,0,0,0,0,0,0,0,0,0,0,0,0,0,0,0,0,0,0,0,0,0,0,0,0,0,0,0,0,0,0,0,0,0,0,0,0,0,0,0,0,0,0,0,0,0,0,0,0,0,0,0,0,0,0,0,0,0,0,0,0,0,0,0,0,0,0,0,1,2,0,0,111,168,44,0,0,0,0,0,6,5,0,6,1,0,0,0,0,0,0,0,0,0,0,0,0,1,0,0,255,240,241,209,0,0,0,0,0,0,23,0,2,0,0,0,0,0,0,0,0,0,0,0,0,6,0,27,238,222,226,253,215,0,0,0,28,172,209,0,0,3,0,0,0,0,0,0,0,0,0,0,3,0,66,211,240,229,235,227,255,158,0,179,224,203,255,164,0,9,0,0,0,0,0,0,0,0,0,0,6,0,124,241,173,217,186,233,211,225,255,242,206,230,162,27,0,1,0,0,0,0,0,0,0,0,0,0,0,0,121,101,132,95,108,255,224,233,233,249,218,58,0,0,0,0,0,0,0,0,0,0,0,0,0,0,0,0,202,255,233,200,218,239,244,255,217,251,73,0,0,0,0,0,0,0,0,0,0,0,0,0,0,0,0,0,230,230,225,243,235,245,177,232,225,247,255,140,0,0,0,0,0,0,0,0,0,0,0,0,0,0,0,103,255,205,218,224,232,235,245,237,238,239,246,255,255,240,248,228,58,0,0,0,0,0,0,0,0,0,0,247,223,220,225,236,233,226,238,228,232,238,242,238,241,240,220,220,99,0,0,0,0,0,0,0,0,0,130,255,207,222,229,230,233,231,235,239,229,244,243,230,206,204,187,223,90,0,0,0,1,8,4,0,0,34,255,229,226,227,233,230,230,239,231,242,255,255,203,213,205,229,209,233,93,1,4,5,0,0,0,0,64,242,221,221,223,233,228,234,236,231,245,255,200,0,111,255,209,224,203,230,93,0,0,0,0,48,139,216,255,229,221,216,223,231,229,230,234,255,219,36,0,0,129,255,209,231,204,230,93,0,22,157,200,228,232,222,215,220,228,236,223,221,230,238,255,155,0,0,0,0,131,231,209,220,195,230,98,58,236,238,225,218,222,225,228,230,222,216,228,233,240,255,91,0,0,2,6,0,124,225,202,203,185,224,91,112,198,195,214,255,255,255,255,255,255,255,255,255,200,30,0,0,0,0,4,0,156,237,216,247,234,255,113,0,0,12,20,42,50,60,80,92,107,106,62,24,0,0,0,0,0,0,4,0,63,125,92,99,98,93,18,0,0,0,0,0,0,0,0,0,0,0,0,0,0,0,0,0,0,0,0,0,0,0,0,0,0,0,0,0,0,0,0,0,0,0,0,0,0,0,0,0,0,0,0,0,0,0,0,0,0,0,0,0,0,0,0,0,0,0,0,0,0,0,0,0,0,0,0,0,0,0,0,0,0,0,0,0,0,0,0,0,0,0,0,0,0,0,0,0,0,0,0,0,0,0,0,0,0,0,0,0,0,0,0,0,0,0,0,0,0,0,0,0,0,0,0,0,0,0,0,0,0,0,0,0,0,0,0,0,0,0,0,0,0,0,0,0,0,0,0,6
0,0,0,0,0,0,0,0,0,0,0,0,0,2,0,18,84,115,145,140,122,101,69,39,14,0,0,0,0,0,0,0,0,0,0,0,0,0,0,0,0,3,0,40,124,129,143,149,160,171,177,187,191,166,101,0,0,0,0,0,0,0,0,0,0,0,0,0,0,3,0,33,129,149,159,147,146,150,149,159,157,160,161,27,0,0,0,0,0,0,0,0,0,0,0,0,0,3,0,36,128,124,143,162,150,151,156,157,152,155,138,0,0,0,0,0,0,0,0,0,0,0,0,0,0,4,0,44,138,122,138,156,147,145,144,156,151,152,128,0,0,0,0,0,0,0,0,0,0,0,0,0,0,3,0,56,147,138,148,143,146,146,140,154,154,159,89,0,0,0,0,0,0,0,0,0,0,0,0,0,0,3,0,59,142,143,153,147,151,152,146,153,162,170,35,0,0,0,0,0,0,0,0,0,0,0,0,0,0,1,0,68,141,151,154,152,157,152,143,150,154,157,15,0,0,0,0,0,0,0,0,0,0,0,0,0,1,0,0,75,128,134,148,152,142,158,152,142,145,162,1,0,0,0,0,0,0,0,0,0,0,0,0,0,1,0,0,81,126,153,157,149,150,158,153,147,145,144,0,0,0,0,0,0,0,0,0,0,0,0,0,0,1,0,6,90,118,161,156,148,152,156,146,151,152,128,0,0,0,0,0,0,0,0,0,0,0,1,0,0,2,0,28,109,106,144,152,153,154,157,153,165,152,149,0,0,0,0,0,0,0,0,0,0,0,1,0,1,1,0,75,115,112,137,144,149,151,143,157,154,117,146,15,0,0,0,0,0,0,0,0,0,0,0,0,2,0,6,116,100,112,146,137,142,145,146,151,118,113,155,24,0,0,0,0,0,0,0,0,0,0,0,3,2,0,44,133,115,119,145,144,149,157,169,152,119,109,136,91,0,0,0,0,0,0,0,0,0,0,0,3,0,0,79,127,107,137,133,140,156,161,162,136,127,126,108,122,0,0,0,0,0,0,0,0,0,0,4,0,0,47,93,114,111,131,144,148,138,153,153,129,130,124,110,123,35,0,0,0,0,0,0,0,0,1,0,0,55,96,89,134,133,137,153,155,154,173,157,138,139,127,119,143,73,0,0,0,0,0,0,0,1,0,0,46,100,87,94,116,132,137,143,161,156,156,141,122,114,126,114,112,72,0,0,0,0,0,0,4,0,0,53,105,102,104,117,118,124,136,147,146,136,161,143,125,108,106,89,124,72,0,0,0,1,2,0,0,0,46,106,94,97,120,110,127,145,142,147,158,156,135,112,119,143,164,188,248,73,0,2,0,0,0,0,21,85,104,101,103,102,126,139,125,142,156,155,124,147,211,183,239,229,227,229,217,54,0,0,0,0,37,76,117,114,104,106,112,124,120,131,136,129,137,146,178,219,104,10,218,228,218,220,244,56,0,17,67,98,101,105,99,101,113,117,110,118,111,128,141,135,161,187,110,0,0,0,255,222,218,216,249,56,4,94,94,90,90,93,103,106,100,101,117,115,120,122,135,181,221,27,0,0,0,28,228,217,218,220,243,56,105,159,127,116,105,71,78,91,90,79,83,98,145,179,202,162,0,0,0,6,0,30,229,213,213,212,216,54,108,175,186,197,197,193,194,190,216,217,192,204,201,192,41,0,0,6,0,8,0,73,242,222,225,221,228,96,0,0,0,10,42,49,64,90,97,96,89,55,18,0,0,0,3,3,0,3,0,0,73,47,50,49,67,4,6
0,0,0,0,0,0,0,0,0,0,0,0,0,0,0,0,0,0,0,0,0,0,0,0,0,0,0,0,0,0,0,0,0,0,0,0,0,0,0,0,0,0,0,0,0,0,0,0,0,0,0,0,119,140,93,0,0,0,0,0,0,0,0,0,0,0,0,0,0,2,0,0,129,97,87,66,71,48,24,60,154,178,99,0,0,0,0,0,0,0,0,0,0,0,0,0,0,0,0,0,142,130,106,123,140,145,174,151,147,161,73,0,0,0,0,0,0,0,0,0,0,0,0,0,0,0,0,0,123,147,112,106,138,148,140,128,147,165,66,0,0,0,0,0,0,0,0,0,0,0,0,0,0,0,0,0,106,144,149,143,140,132,153,156,152,182,26,0,0,0,0,0,0,0,0,0,0,0,0,0,0,2,0,0,155,135,133,142,144,156,146,154,171,185,13,0,0,0,0,0,0,0,0,0,0,0,0,0,0,2,0,0,175,163,120,141,138,149,154,159,183,165,3,0,0,0,0,0,0,0,0,0,0,0,0,0,0,8,0,67,219,176,150,143,147,156,157,158,166,167,0,0,0,0,0,0,0,0,0,0,0,0,0,0,0,0,0,140,130,156,174,146,143,150,156,160,168,184,16,0,0,0,0,0,0,0,0,0,0,0,0,0,3,0,43,163,82,129,159,183,138,154,172,170,159,209,21,0,0,0,0,0,0,0,0,0,0,2,0,0,5,0,104,141,123,109,154,221,139,158,152,157,176,202,1,0,0,0,0,0,0,0,0,0,0,1,0,4,0,0,123,116,121,103,145,219,131,143,159,156,181,192,38,0,0,0,0,0,0,0,0,0,0,0,0,0,0,130,130,105,109,106,124,225,147,133,195,135,182,188,100,0,0,0,0,0,0,0,0,0,0,0,7,0,83,137,118,113,111,97,128,219,196,141,155,142,223,176,146,0,0,0,0,0,0,0,0,0,0,3,0,0,144,118,108,108,106,93,150,230,234,190,121,178,211,139,184,35,0,0,0,0,0,0,0,0,4,0,0,116,144,119,116,109,105,116,130,146,204,255,120,178,199,109,190,67,0,0,0,0,0,0,0,5,0,0,133,152,123,123,111,104,112,136,132,124,129,214,170,168,173,111,179,72,0,0,2,5,5,0,0,0,0,150,150,124,132,115,115,116,122,131,137,156,115,123,183,182,146,133,183,76,0,3,0,0,0,0,0,34,166,143,126,126,125,116,123,131,124,129,143,146,134,112,159,184,135,150,192,126,2,0,0,53,93,111,120,139,140,131,125,120,114,120,124,128,124,137,147,143,139,131,157,181,167,178,170,101,0,58,154,156,144,139,134,125,121,130,126,118,118,125,124,124,135,143,152,155,132,125,150,160,145,128,139,102,0,152,143,112,97,103,109,117,120,124,133,133,132,131,129,128,133,145,143,146,149,173,196,140,120,148,158,104,11,156,128,112,103,107,109,111,108,107,119,130,131,124,126,128,129,132,145,156,120,154,200,171,147,137,65,0,139,164,136,129,122,128,130,128,126,122,120,124,120,116,112,123,136,158,166,70,0,0,0,23,0,0,0,0,86,148,160,154,157,146,134,130,131,130,130,138,145,165,175,191,185,148,26,0,0,0,0,0,0,2,6,0,0,0,15,51,85,104,130,141,144,148,150,140,129,103,64,32,0,0,0,0,0,0,3,3,2,0,0,0,0,0,0,0,0,0,0,0,0,0,0,0,0,0,0,0,0,0,0,0,0,0,0,0,0,0,0,0,6
0,0,0,0,0,0,0,0,0,0,0,0,0,0,0,0,0,0,0,0,0,0,0,0,0,0,0,0,0,0,0,0,0,0,0,0,0,0,0,0,0,0,0,0,0,0,0,0,0,0,0,0,0,0,0,0,0,0,0,0,0,0,0,0,0,0,0,0,0,0,0,0,0,0,0,0,0,0,0,0,0,0,0,0,0,0,0,0,0,0,0,0,0,0,0,0,0,0,1,4,0,23,80,0,1,0,0,1,0,0,0,0,0,0,0,0,0,0,0,0,0,0,0,0,0,0,1,3,0,25,119,0,1,0,0,4,0,80,80,0,0,0,0,0,0,0,0,0,0,0,0,0,0,1,1,3,0,47,95,0,3,0,0,4,0,120,98,0,0,0,0,0,0,0,0,0,0,0,0,0,0,1,0,5,0,56,48,0,4,5,2,4,0,130,64,0,0,0,0,0,0,0,0,0,0,0,0,0,0,0,0,8,0,109,143,0,0,0,0,0,0,139,20,0,0,0,0,0,0,0,0,0,0,0,0,0,0,0,0,0,0,135,186,135,97,37,3,0,45,156,15,0,0,0,0,0,0,0,0,0,0,0,0,0,0,0,4,0,0,156,173,215,218,219,211,196,181,198,15,0,0,0,0,0,0,0,0,0,0,0,0,0,0,0,4,0,61,194,172,205,200,201,206,214,184,196,11,0,0,0,0,0,0,0,0,0,0,0,0,0,0,4,0,0,162,152,170,216,205,204,220,198,185,200,12,0,0,0,0,0,0,0,0,0,0,0,0,0,1,8,0,90,191,135,195,219,206,207,220,187,184,205,28,0,0,0,0,0,0,0,0,0,0,0,2,3,0,0,42,186,168,156,208,211,208,209,217,182,184,212,64,0,1,0,0,0,0,0,0,0,1,4,0,0,0,64,177,175,182,162,205,209,214,211,218,177,187,209,110,0,1,0,0,0,0,0,1,3,0,0,0,61,160,212,170,183,178,163,219,208,208,223,200,174,197,203,162,0,0,0,9,6,2,4,0,0,0,62,159,167,177,176,178,180,172,171,219,219,220,219,175,195,209,193,206,0,1,0,0,0,0,0,0,63,159,186,169,176,177,174,178,178,182,172,174,189,187,172,177,189,183,184,224,19,0,0,54,91,109,135,170,194,176,169,175,178,178,176,178,178,182,182,177,176,170,175,186,164,178,195,235,35,0,138,175,162,162,171,164,163,173,185,177,175,179,179,180,176,183,183,184,180,185,187,171,186,199,193,231,20,0,172,179,168,158,168,172,175,181,184,184,174,175,180,182,179,181,179,176,180,190,180,188,193,195,191,225,37,76,198,183,184,182,176,177,180,180,177,174,175,183,186,181,177,176,178,183,204,212,200,204,206,208,200,211,92,91,220,219,213,205,197,186,172,173,174,176,177,183,186,178,194,206,212,218,211,201,200,197,201,204,200,210,66,0,22,107,181,231,213,255,245,224,209,207,201,201,210,240,255,253,213,140,199,225,218,244,242,225,223,255,110,0,0,0,0,0,18,68,120,166,200,214,218,212,201,158,70,2,0,0,1,204,180,162,151,131,95,63,0,0,0,0,0,0,0,0,0,0,0,0,0,0,0,0,0,0,0,0,0,0,0,0,0,0,0,0,0,0,0,0,0,0,0,0,0,0,0,0,0,0,0,0,0,0,0,0,0,0,0,0,0,0,0,0,0,0,0,0,0,0,0,0,0,0,0,0,0,0,0,0,0,0,0,0,0,0,0,0,0,0,0,0,0,6
0,0,0,0,0,0,0,0,0,0,0,0,0,0,0,0,0,0,0,0,0,0,0,0,0,0,0,0,0,0,0,0,0,0,0,0,0,0,0,0,0,0,0,0,0,0,0,0,0,0,0,0,0,0,0,0,0,0,0,0,0,0,0,0,0,0,0,0,3,2,0,0,0,0,0,0,0,0,0,0,7,0,0,1,0,0,0,0,0,0,0,0,0,0,0,0,0,0,0,2,0,0,0,6,3,0,0,110,188,0,0,3,0,0,0,0,0,0,0,0,1,1,0,0,59,0,0,0,0,2,0,0,0,16,226,238,232,21,0,0,0,0,0,0,0,0,0,0,0,3,0,11,197,187,112,0,0,0,0,0,79,235,233,202,227,114,0,3,0,0,0,0,0,0,0,0,0,3,0,23,199,199,236,208,46,94,196,243,255,216,207,217,218,213,0,0,0,0,0,0,0,0,0,0,0,3,0,54,210,192,204,216,242,255,224,218,210,208,219,222,209,255,95,0,0,0,0,0,0,0,0,0,0,2,0,106,215,200,210,200,210,205,206,210,216,221,207,218,210,211,229,0,0,0,0,0,0,0,0,0,0,0,0,159,214,202,207,206,217,216,216,214,212,216,205,210,220,184,254,104,0,0,0,0,0,0,0,0,0,0,0,198,209,211,201,202,214,208,213,213,204,203,200,196,201,193,233,155,0,0,0,0,0,0,0,0,1,0,20,229,204,214,207,213,213,205,207,208,198,198,201,189,197,202,217,184,0,0,0,0,2,0,0,0,1,0,72,216,202,206,208,214,205,200,203,197,195,206,206,217,213,206,241,178,1,1,0,0,2,0,0,0,0,0,169,217,203,204,211,211,204,206,201,198,215,220,211,197,208,204,238,112,0,0,0,0,0,1,0,2,0,14,242,205,196,202,210,210,206,208,211,221,228,217,219,215,214,198,220,76,0,0,0,0,1,0,0,0,0,149,234,196,197,209,206,207,207,215,220,216,228,230,227,212,202,190,226,52,0,0,0,1,0,0,0,0,52,245,199,201,203,207,205,203,206,220,224,227,229,210,200,195,201,195,228,37,3,1,0,0,0,0,0,67,238,207,197,203,201,196,205,209,209,221,224,218,204,196,203,208,205,197,227,23,0,0,0,0,2,74,170,235,198,197,204,206,203,195,204,214,222,228,217,205,199,204,209,207,205,199,219,5,0,44,155,198,230,232,223,193,197,203,204,206,204,210,217,223,230,217,200,202,204,207,208,208,204,202,203,0,7,227,214,198,200,198,196,207,200,204,205,206,207,204,211,219,215,197,202,206,206,206,206,206,202,207,187,0,41,211,193,205,196,197,192,208,206,196,199,201,201,206,228,216,194,199,204,204,204,205,208,206,199,205,171,0,110,212,208,227,220,225,216,211,207,203,197,197,206,210,210,201,196,211,206,205,207,206,207,203,199,208,153,0,83,194,179,191,192,204,206,202,207,211,207,204,207,204,196,197,207,205,198,196,195,192,187,192,192,208,127,0,37,225,205,200,192,188,175,186,184,185,194,199,200,199,199,204,205,209,213,211,211,211,211,215,208,230,128,0,0,0,85,166,232,234,238,221,211,217,217,220,233,244,239,251,218,211,183,170,165,161,154,147,136,140,44,0,0,0,0,0,1,33,109,94,170,125,152,157,96,120,31,20,0,0,0,0,0,0,0,0,0,0,0,0,0,0,0,0,0,0,0,0,0,0,0,0,0,0,0,0,0,0,0,0,0,0,0,0,0,0,0,0,6
0,0,0,0,0,0,0,0,0,0,0,0,0,0,0,0,0,0,0,0,0,0,0,0,0,0,0,0,0,0,0,0,0,0,0,0,0,0,0,0,0,0,0,0,0,0,0,0,0,0,0,0,0,0,0,0,0,0,0,0,0,0,0,0,0,0,0,0,0,0,0,0,0,0,0,0,0,0,0,0,0,0,0,0,0,0,0,0,0,0,0,0,0,0,0,0,0,0,0,0,0,0,0,0,0,0,0,0,0,0,0,0,0,0,0,0,0,0,0,0,0,0,0,0,0,0,0,0,0,0,0,0,0,0,0,0,0,0,0,0,0,0,0,0,0,0,0,0,0,0,0,0,0,0,0,0,59,83,0,0,0,0,0,0,0,0,0,0,0,0,0,0,0,0,0,0,0,0,0,0,0,3,0,35,128,100,105,0,0,2,1,1,0,0,0,0,0,0,0,0,0,0,0,0,1,0,0,0,1,0,0,141,155,101,145,94,0,0,0,0,0,0,1,0,0,0,0,0,0,0,0,0,2,1,0,1,0,5,50,39,0,97,172,139,164,54,10,0,0,0,0,0,0,0,0,0,0,0,0,0,0,0,0,1,0,71,117,174,142,142,119,182,195,184,203,168,140,137,21,0,0,0,0,0,0,0,0,0,0,1,1,0,12,22,0,122,200,116,167,213,200,185,179,179,173,176,77,0,0,0,0,0,0,0,0,0,3,0,0,33,141,139,116,167,119,178,224,202,196,196,196,192,183,186,156,0,0,0,0,1,5,1,6,0,0,0,23,37,81,126,129,87,195,251,237,254,243,225,208,208,203,197,186,0,0,1,1,0,0,0,0,0,26,35,129,144,137,99,118,243,237,161,131,165,200,252,247,225,223,222,217,54,0,0,0,0,0,0,45,137,152,28,115,85,80,181,255,169,84,168,224,142,126,141,222,227,219,170,176,46,0,0,62,107,113,186,181,116,84,188,117,114,231,236,154,156,207,150,176,141,239,164,182,255,143,120,184,50,0,134,211,179,179,175,149,68,113,59,148,231,216,234,115,197,184,188,153,177,139,163,208,201,135,183,195,65,44,153,191,210,209,178,154,96,129,91,214,221,214,229,217,149,123,92,143,117,141,164,241,139,178,168,191,64,131,151,134,161,192,193,194,178,194,139,222,221,219,215,227,218,207,176,164,186,219,238,185,157,189,170,172,60,81,164,156,149,142,123,143,150,168,126,218,213,217,223,223,228,231,226,220,220,216,204,146,157,174,158,169,114,0,104,167,171,174,177,168,157,138,148,151,146,157,159,161,162,152,153,152,157,146,152,158,152,144,144,142,133,0,0,18,108,146,184,205,216,189,166,163,161,162,155,159,163,164,170,168,164,159,156,154,160,171,173,163,80,0,0,0,0,0,0,11,34,65,91,100,100,87,96,89,73,59,57,73,79,90,100,95,76,64,46,19,0,0,0,0,0,0,0,0,0,0,0,0,0,0,0,0,0,0,0,0,0,0,0,0,0,0,0,0,0,0,0,0,0,0,0,0,0,0,0,0,0,0,0,0,0,0,0,0,0,0,0,0,0,0,0,0,0,0,0,0,0,0,0,0,0,0,0,0,0,0,0,0,0,0,0,0,0,0,0,0,0,0,0,0,0,0,0,0,0,0,0,0,0,0,0,0,0,0,0,0,0,0,0,0,0,0,0,0,0,0,0,0,0,0,0,0,0,0,0,0,0,0,0,0,0,0,0,0,0,0,0,0,0,0,0,0,0,0,0,0,0,6
0,0,0,0,0,0,0,0,0,0,0,0,0,0,0,0,0,0,0,0,0,0,0,0,0,0,0,0,0,0,0,0,0,0,0,0,0,0,0,0,0,0,0,0,0,0,0,0,0,0,0,0,0,0,0,0,0,0,0,0,0,0,0,0,0,0,0,0,0,0,0,0,0,0,0,0,0,0,0,0,0,0,0,0,0,0,0,0,0,0,0,0,0,0,0,0,0,0,0,0,0,0,0,0,0,0,0,0,0,0,0,0,0,0,0,0,0,0,0,0,0,0,0,0,0,0,2,3,1,0,0,12,0,0,0,0,22,75,116,29,0,0,0,0,0,0,0,0,0,0,0,0,0,1,1,0,6,0,59,171,0,0,0,0,206,211,182,20,0,0,0,0,0,0,0,0,0,0,0,0,0,0,0,0,0,34,155,207,44,0,0,92,225,181,191,0,0,0,0,0,0,0,0,0,0,0,0,0,0,0,1,0,106,140,147,191,0,0,0,227,199,218,201,0,0,0,0,0,0,0,0,0,0,0,0,0,0,8,0,34,255,175,161,222,169,105,146,227,208,221,149,0,0,0,0,0,0,0,0,0,0,0,0,0,1,0,0,148,187,197,174,221,249,255,246,219,198,202,133,0,0,0,0,0,0,0,0,0,0,0,0,0,0,0,102,227,185,191,211,246,216,222,80,140,238,206,117,0,0,0,0,0,0,0,0,0,1,1,0,2,0,88,213,191,228,203,207,222,228,203,190,101,130,247,113,0,0,0,0,0,0,0,0,0,0,1,6,0,1,208,178,198,211,251,221,224,255,226,235,183,97,206,64,0,0,0,0,0,0,0,0,0,1,5,0,0,172,199,179,178,199,168,99,152,153,198,247,223,173,219,121,0,0,0,0,0,0,0,0,0,4,0,0,138,201,147,194,170,220,136,148,248,217,129,173,255,237,229,207,0,0,0,6,5,6,6,7,0,0,0,86,212,170,192,237,231,203,174,155,163,210,150,141,210,202,193,236,69,4,1,0,0,0,0,0,0,7,142,215,167,175,190,178,158,221,220,245,201,173,151,254,245,232,217,235,51,0,0,43,107,81,63,40,94,236,26,90,187,172,97,180,150,152,191,199,222,215,225,160,172,241,216,231,45,0,108,128,125,204,216,227,207,238,102,104,189,164,169,174,214,207,187,198,188,200,195,197,202,215,197,221,39,22,183,177,125,80,82,106,137,169,226,180,125,158,180,197,215,211,198,211,205,207,199,208,201,197,195,199,9,91,181,183,199,197,203,190,175,167,163,184,211,234,231,212,207,205,209,212,202,200,204,202,198,199,201,194,0,21,166,186,188,186,190,199,201,209,208,207,209,205,203,207,216,244,232,218,195,184,194,189,190,189,187,176,0,0,0,37,121,186,207,224,224,221,217,218,225,224,229,212,167,96,14,61,255,220,224,237,234,204,209,196,0,0,1,0,0,0,0,36,68,95,103,97,79,62,31,0,0,0,0,0,124,89,95,90,92,82,79,39,0,0,0,0,0,0,0,0,0,0,0,0,0,0,0,0,0,0,0,0,0,0,0,0,0,0,0,0,0,0,0,0,0,0,0,0,0,0,0,0,0,0,0,0,0,0,0,0,0,0,0,0,0,0,0,0,0,0,0,0,0,0,0,0,0,0,0,0,0,0,0,0,0,0,0,0,0,0,0,0,0,0,0,0,0,0,0,0,0,0,0,0,0,0,0,0,0,0,0,0,0,0,0,0,0,0,0,0,0,0,0,0,0,6
0,0,0,0,0,0,0,0,0,0,0,0,0,0,0,0,0,0,0,0,0,0,0,0,0,0,0,0,0,0,0,0,0,0,0,0,0,0,0,0,0,0,0,0,0,0,0,0,0,0,0,0,0,0,0,0,0,0,0,0,0,0,0,0,0,0,0,0,0,0,0,0,0,0,0,0,0,0,0,0,0,0,0,0,0,0,0,0,0,0,0,0,0,0,0,0,0,0,0,0,0,0,0,0,0,0,0,0,0,0,0,0,0,0,0,0,0,0,0,0,0,0,0,0,0,0,0,0,0,0,0,0,0,0,0,0,0,0,0,0,0,0,0,0,0,0,0,0,0,0,0,0,0,2,0,3,47,0,0,1,1,0,0,0,0,1,0,0,0,0,0,0,0,0,0,0,0,0,0,0,0,2,0,156,174,22,0,1,2,1,0,0,1,1,0,0,0,0,0,0,0,0,0,0,0,0,0,0,4,0,7,176,162,181,62,0,5,2,2,2,2,1,0,0,0,0,0,0,0,0,0,0,0,0,0,0,2,0,83,173,161,196,221,0,0,2,2,2,0,0,0,0,0,0,0,0,0,0,0,0,0,0,0,1,0,0,196,215,186,169,193,37,0,0,0,9,29,0,0,0,0,0,0,0,0,0,0,0,0,0,1,0,0,14,181,201,181,170,213,102,0,2,0,10,87,17,0,0,0,0,0,0,0,0,0,0,0,0,1,0,0,74,200,198,194,169,205,179,0,0,0,48,90,23,0,0,1,0,1,1,0,0,0,0,1,0,0,0,65,196,200,214,189,187,168,215,90,0,110,199,192,137,0,0,0,0,0,2,3,2,2,1,1,0,0,111,219,187,182,209,163,190,176,173,255,100,180,199,183,175,16,0,0,0,1,5,8,3,1,0,0,9,154,207,161,147,154,153,163,186,195,175,222,233,195,206,194,199,66,0,1,0,0,0,0,0,0,29,110,182,164,135,143,162,189,204,189,189,212,214,206,204,192,186,189,200,98,0,1,0,7,40,64,98,154,195,204,177,154,138,167,177,186,181,196,199,190,208,219,206,188,192,174,186,107,0,0,77,164,193,174,181,177,168,164,177,166,144,160,176,187,190,204,186,205,221,212,195,196,201,188,208,113,0,80,147,139,138,132,135,145,161,158,175,206,189,183,201,196,207,200,209,232,222,193,195,186,182,174,171,149,0,117,148,135,145,153,153,150,162,169,177,195,240,233,192,199,189,181,186,181,173,177,202,198,206,202,164,181,21,29,171,166,153,141,143,148,153,160,154,139,142,150,160,158,158,167,164,162,164,173,169,166,164,171,166,189,64,0,0,91,174,208,204,189,182,183,186,198,205,208,217,209,206,208,214,214,212,206,206,198,202,205,199,212,62,2,0,0,0,26,61,91,103,94,90,91,87,79,67,64,64,66,71,78,87,97,105,110,113,99,81,32,0,0,0,0,0,0,0,0,0,0,0,0,0,0,0,0,0,0,0,0,0,0,0,0,0,0,0,0,0,0,0,0,0,0,0,0,0,0,0,0,0,0,0,0,0,0,0,0,0,0,0,0,0,0,0,0,0,0,0,0,0,0,0,0,0,0,0,0,0,0,0,0,0,0,0,0,0,0,0,0,0,0,0,0,0,0,0,0,0,0,0,0,0,0,0,0,0,0,0,0,0,0,0,0,0,0,0,0,0,0,0,0,0,0,0,0,0,0,0,0,0,0,0,0,0,0,0,0,0,0,0,0,0,0,0,0,0,0,0,0,0,6
0,0,0,0,0,0,0,0,0,0,0,0,0,0,0,0,0,0,0,0,0,0,0,0,0,0,0,0,0,0,0,0,0,0,0,0,0,0,0,0,0,0,0,0,0,0,0,0,0,0,0,0,0,0,0,0,0,0,0,0,0,0,0,0,0,0,0,0,0,0,0,0,0,0,0,0,0,0,0,0,0,0,0,0,0,0,0,0,0,0,0,0,0,0,0,0,0,0,0,0,0,0,0,0,0,0,0,0,0,0,0,0,0,0,0,0,0,0,0,0,0,0,0,0,1,3,0,0,0,0,47,193,155,82,0,0,1,5,0,0,0,0,0,0,0,0,0,0,0,0,0,0,0,0,0,0,0,0,80,204,207,97,0,0,0,0,0,0,0,0,0,0,0,0,0,0,0,0,0,4,0,39,226,181,200,207,212,151,161,200,155,140,122,69,0,0,0,0,0,0,0,0,0,0,0,0,0,3,0,80,202,180,189,197,192,207,212,221,221,195,209,186,0,0,0,0,0,0,0,0,0,0,0,0,0,0,0,145,196,188,190,201,207,210,203,201,204,194,196,176,0,0,0,0,0,0,0,0,0,0,0,0,3,0,0,225,194,202,199,198,188,202,211,202,203,200,204,203,0,0,0,0,0,0,0,0,0,0,0,0,1,0,75,197,189,194,197,185,198,223,210,198,206,205,206,219,0,0,0,0,0,0,0,0,0,0,0,1,0,0,168,198,194,192,192,194,199,216,215,205,209,215,195,216,16,0,0,0,0,0,0,0,0,0,0,4,0,15,212,201,191,191,192,201,213,225,217,210,215,202,161,221,81,0,0,0,0,0,0,0,0,0,0,0,0,107,197,198,185,193,196,201,211,220,224,207,165,185,192,238,130,0,0,0,0,0,0,0,0,0,1,0,0,172,191,192,190,199,195,206,216,220,204,171,163,184,158,174,190,0,0,0,0,0,0,0,0,0,1,0,50,213,183,197,199,197,207,207,200,216,190,176,182,180,143,143,241,36,0,0,0,3,1,1,0,1,0,0,192,207,194,195,202,205,205,200,201,190,197,196,213,215,205,203,240,73,0,6,0,0,0,0,0,0,0,163,218,181,192,197,196,198,199,205,213,220,221,215,220,220,220,208,235,72,0,0,0,0,0,0,0,6,155,210,163,164,181,198,194,199,210,210,208,217,218,207,196,185,186,178,214,41,0,55,134,146,163,176,175,184,179,138,147,162,198,201,205,205,208,227,246,215,183,173,171,166,170,180,192,3,32,191,181,143,130,126,155,137,146,179,196,205,204,207,204,220,255,217,76,120,195,164,179,176,179,188,175,0,153,204,198,204,195,174,168,163,186,200,199,202,208,207,214,217,88,0,0,94,216,181,185,180,168,184,123,0,23,122,164,190,200,205,206,207,208,205,204,206,206,201,155,0,0,0,0,96,188,173,177,181,165,179,39,0,0,0,0,44,108,155,190,204,211,222,227,210,170,54,0,0,2,6,0,103,205,183,221,213,189,169,0,0,0,0,0,0,0,0,0,28,53,49,35,0,0,0,0,2,1,2,0,14,48,34,35,31,37,6,0,0,0,0,0,0,0,0,0,0,0,0,0,0,0,0,0,0,0,0,0,0,0,0,0,0,0,0,0,0,0,0,0,0,0,0,0,0,0,0,0,0,0,0,0,0,0,0,0,0,0,0,0,0,0,0,0,0,0,0,0,0,0,0,0,0,0,0,0,0,0,0,0,0,0,0,0,0,0,0,0,0,0,0,0,0,6
0,0,0,0,0,0,0,0,0,0,0,0,0,0,0,0,0,0,0,0,0,0,0,0,0,0,0,0,0,0,0,0,0,0,0,0,0,0,0,0,0,0,0,0,0,0,0,0,0,0,0,0,0,0,0,0,0,0,0,0,0,0,0,0,0,0,0,0,0,0,0,0,0,0,0,0,0,0,0,0,0,0,0,0,0,0,0,0,0,0,0,0,0,0,0,0,0,0,0,0,0,0,0,0,0,0,0,0,0,0,0,0,0,0,0,0,0,0,0,0,0,0,0,0,0,3,0,52,163,22,0,0,0,0,0,0,0,0,0,1,0,0,0,0,0,0,0,0,0,0,0,0,0,3,0,122,209,188,139,80,16,21,25,25,25,49,0,0,0,0,0,0,0,0,0,0,0,0,0,0,4,0,32,192,187,215,227,226,222,222,228,220,201,193,10,0,0,0,0,0,0,0,0,0,0,0,0,1,5,0,131,202,183,199,212,221,217,214,222,221,190,173,0,0,0,0,0,0,0,0,0,0,0,0,0,1,0,0,166,183,166,161,203,219,212,220,228,229,195,204,0,0,0,0,0,0,0,0,0,0,0,0,0,3,0,0,210,182,174,203,207,167,216,211,233,232,191,218,9,0,0,0,0,0,0,0,0,0,0,0,0,0,0,98,232,176,192,212,200,176,222,216,229,200,187,231,49,0,0,0,0,0,0,0,0,0,0,1,1,0,0,209,164,145,221,239,238,241,226,219,210,211,209,195,121,0,0,0,0,0,0,0,0,0,0,0,8,0,90,217,158,181,179,244,222,214,232,218,216,208,233,196,186,0,0,0,0,0,0,0,0,0,0,8,0,45,232,190,175,187,191,178,129,172,198,188,103,94,200,191,222,35,0,0,0,0,0,0,0,1,4,0,14,203,124,122,199,255,195,198,232,149,81,73,39,133,208,190,214,73,0,0,0,0,1,0,5,0,0,16,138,23,173,151,178,241,233,226,222,205,204,233,241,224,240,188,208,80,0,1,4,4,2,0,0,0,48,176,141,163,152,189,193,143,147,197,223,231,231,228,203,206,201,170,206,57,1,0,0,0,0,0,41,135,181,134,144,203,219,199,151,165,187,248,248,203,171,168,165,168,180,188,228,36,0,0,56,95,131,166,154,137,126,166,186,184,165,206,241,226,232,182,153,179,204,192,191,195,193,188,214,17,0,160,171,146,103,21,110,161,185,180,183,219,217,229,210,178,180,198,253,222,164,205,188,189,185,178,191,0,53,182,172,171,170,172,188,182,171,174,209,224,219,196,184,211,253,170,60,0,24,221,189,188,182,182,175,0,92,200,190,186,189,196,190,188,190,201,212,203,190,200,230,138,6,0,0,0,83,203,184,188,184,189,160,0,0,49,120,162,186,197,208,215,225,233,231,216,202,122,0,0,0,0,5,0,103,196,181,183,175,179,135,0,0,0,0,0,0,0,0,0,12,17,10,0,0,0,0,0,2,0,0,0,0,5,0,0,0,0,0,0,0,0,0,0,0,0,0,0,0,0,0,0,0,0,0,0,0,0,0,0,0,0,0,0,0,0,0,0,0,0,0,0,0,0,0,0,0,0,0,0,0,0,0,0,0,0,0,0,0,0,0,0,0,0,0,0,0,0,0,0,0,0,0,0,0,0,0,0,0,0,0,0,0,0,0,0,0,0,0,0,0,0,0,0,0,0,0,0,0,0,0,0,0,0,0,0,0,0,0,0,0,0,0,0,0,0,0,0,0,0,0,0,6
0,0,0,0,0,0,0,0,0,0,0,0,0,0,0,0,0,0,0,0,0,0,0,0,0,0,0,0,0,0,0,0,0,0,0,0,0,0,0,0,0,0,0,0,0,0,0,0,0,0,0,0,0,0,0,0,0,0,0,0,0,0,0,0,0,0,0,0,0,0,0,0,0,0,0,0,0,0,0,0,0,0,0,0,0,0,0,0,0,0,0,0,0,0,0,0,0,0,0,0,0,0,0,0,0,0,0,0,0,0,0,0,0,0,0,0,0,0,0,0,0,0,0,0,0,0,0,0,0,0,0,0,0,0,0,0,0,0,0,0,0,0,0,0,0,0,0,0,0,0,0,0,0,0,0,0,0,45,60,43,67,67,70,55,33,13,0,0,0,0,0,0,0,0,0,0,0,0,0,0,0,0,0,0,131,114,127,130,134,136,142,145,153,143,0,1,0,0,0,0,0,0,0,0,0,0,0,0,0,0,0,1,130,85,95,111,101,108,112,128,133,115,0,0,0,0,0,0,0,0,0,0,0,0,0,0,0,2,0,0,106,85,121,128,127,134,153,148,150,136,0,0,0,0,0,0,0,0,0,0,0,0,0,0,0,7,0,41,131,76,126,123,126,140,150,136,146,123,0,0,0,0,0,0,0,0,0,0,0,0,0,0,0,4,0,87,134,95,128,126,128,136,124,121,142,111,0,0,0,0,0,0,0,0,0,0,0,1,0,0,0,2,0,121,118,98,109,123,124,123,109,131,146,137,11,0,0,0,0,0,0,0,0,0,0,0,0,0,4,0,61,90,51,101,108,128,127,130,130,140,152,171,41,0,1,0,0,0,0,0,0,0,0,0,0,0,0,49,99,120,118,106,117,127,134,148,158,171,170,184,73,0,0,0,0,0,0,0,0,0,0,1,0,0,49,134,90,105,139,130,126,128,140,167,177,164,152,164,136,0,0,0,0,0,0,0,0,0,1,1,2,118,127,70,120,136,133,133,123,137,161,167,142,117,137,152,165,0,1,1,2,0,1,1,1,0,0,0,30,95,57,134,124,121,130,133,134,139,140,133,112,140,140,145,193,29,0,0,0,0,0,0,0,0,0,48,61,87,126,96,87,96,102,99,114,150,146,115,115,128,123,137,186,54,0,14,71,80,64,61,65,61,77,79,80,95,98,118,111,120,121,120,117,121,142,121,123,134,142,162,177,52,16,96,83,77,92,105,109,87,87,93,99,111,106,118,121,131,139,139,115,140,177,184,212,218,215,205,255,95,48,142,161,133,112,105,99,89,86,98,101,82,74,102,128,149,184,211,216,187,171,172,171,146,108,127,140,93,0,0,65,115,140,145,156,145,167,148,149,168,183,171,177,171,149,146,33,61,200,177,203,194,211,222,203,222,0,0,0,0,0,13,27,45,74,99,108,105,99,65,21,0,0,0,0,14,171,101,98,80,102,121,106,74,0,0,0,0,0,0,0,0,0,0,0,0,0,0,0,0,0,0,0,0,0,0,0,0,0,0,0,0,0,0,0,0,0,0,0,0,0,0,0,0,0,0,0,0,0,0,0,0,0,0,0,0,0,0,0,0,0,0,0,0,0,0,0,0,0,0,0,0,0,0,0,0,0,0,0,0,0,0,0,0,0,0,0,0,0,0,0,0,0,0,0,0,0,0,0,0,0,0,0,0,0,0,0,0,0,0,0,0,0,0,0,0,0,0,0,0,0,0,0,0,0,0,0,0,0,0,0,0,0,0,0,0,0,0,0,0,0,0,0,0,6
0,0,0,0,0,0,0,0,0,0,0,0,0,0,0,0,0,0,0,0,0,0,0,0,0,0,0,0,0,0,0,0,0,0,0,0,0,0,0,0,0,0,0,0,0,0,0,0,0,0,0,0,0,0,0,0,0,0,0,0,0,0,0,0,0,0,0,0,0,0,0,0,0,0,0,0,0,0,0,0,0,0,0,0,0,0,0,0,0,0,0,0,0,0,0,0,0,0,0,0,0,0,0,0,0,0,0,0,0,0,0,0,0,0,0,0,0,0,0,0,0,0,0,0,0,0,0,0,0,0,0,0,0,0,0,0,0,0,0,0,0,0,0,0,0,0,0,0,0,0,0,0,0,0,71,72,56,69,93,58,50,45,44,18,2,0,59,31,0,0,0,0,0,0,0,0,0,0,0,0,0,0,123,144,121,174,239,230,232,233,241,174,138,131,129,29,0,0,0,0,0,0,0,0,0,0,0,0,2,0,91,133,88,173,218,209,214,218,231,157,129,151,32,0,0,0,0,0,0,0,0,0,0,0,0,0,4,0,75,142,108,197,217,213,219,226,224,134,135,137,16,0,0,0,0,0,0,0,0,0,0,0,0,0,2,0,70,148,121,212,214,218,219,227,224,128,142,153,23,0,0,0,0,0,0,0,0,0,0,0,0,1,0,0,97,132,136,219,212,214,217,231,198,134,147,142,32,0,0,0,0,0,0,0,0,0,0,0,0,2,0,65,130,97,161,223,211,214,211,230,161,155,156,153,71,0,0,1,0,1,0,0,0,0,0,5,0,0,44,133,108,107,183,219,210,208,220,254,139,164,146,141,68,0,0,0,0,0,0,0,2,4,1,0,0,45,139,74,104,105,196,215,207,235,213,139,110,141,142,149,85,0,0,1,2,3,1,0,0,0,0,7,73,144,69,104,113,118,221,205,217,163,85,110,126,161,156,155,113,0,0,0,0,0,0,0,13,46,78,90,105,27,45,96,96,130,208,223,248,93,144,177,153,179,159,153,126,0,0,4,68,93,105,107,96,79,91,81,81,56,97,95,79,61,83,117,136,106,141,136,163,163,154,149,142,0,0,75,118,52,58,45,17,40,81,108,93,122,141,149,145,141,126,113,106,134,171,168,160,154,157,142,146,0,30,111,103,98,73,90,104,129,135,137,132,120,149,146,160,159,142,157,142,142,162,146,145,160,155,145,139,0,99,150,151,151,145,144,139,130,147,135,138,105,123,136,138,157,166,184,179,182,198,209,198,203,181,173,195,61,134,151,145,146,155,166,172,173,174,170,176,176,162,182,180,181,183,184,177,173,171,168,167,168,168,164,162,100,43,128,168,176,170,162,150,161,171,166,166,181,170,168,182,183,171,161,169,175,172,184,177,179,183,177,175,120,0,0,6,90,160,162,180,183,154,195,187,166,197,196,128,50,31,0,55,200,186,175,197,190,189,183,175,107,0,0,0,0,0,0,17,31,0,56,54,0,43,40,0,0,0,0,0,74,54,8,65,39,32,32,16,0,0,0,0,0,0,0,0,0,0,0,0,0,0,0,0,0,0,0,0,0,0,0,0,0,0,0,0,0,0,0,0,0,0,0,0,0,0,0,0,0,0,0,0,0,0,0,0,0,0,0,0,0,0,0,0,0,0,0,0,0,0,0,0,0,0,0,0,0,0,0,0,0,0,0,0,0,0,0,0,0,0,0,0,0,0,0,0,0,0,0,0,0,0,0,0,0,0,0,0,0,0,0,0,0,0,0,0,0,0,0,0,0,6
0,0,0,0,0,0,0,0,0,0,0,0,0,0,0,0,0,0,0,0,0,0,0,0,0,0,0,0,0,0,0,0,0,0,0,0,0,0,0,0,0,0,0,0,0,0,0,0,0,0,0,0,0,0,0,0,0,0,0,0,0,0,0,0,0,0,0,0,0,0,0,0,0,0,0,0,0,0,0,0,0,0,0,0,0,0,0,0,0,0,0,0,0,0,1,0,0,0,12,48,0,0,0,0,0,0,0,0,2,0,0,0,0,0,0,0,0,0,0,0,0,0,1,0,3,0,27,89,122,158,158,144,103,50,1,0,0,0,0,0,0,0,0,0,0,0,0,0,0,0,0,0,3,0,83,132,211,247,238,251,255,244,255,232,188,180,237,102,0,0,0,0,0,0,0,0,0,0,0,1,0,9,70,113,241,217,222,224,227,231,232,238,242,238,253,87,0,0,0,0,0,0,0,0,0,0,0,3,0,31,63,201,233,223,239,236,234,237,235,233,229,222,237,62,0,0,0,0,0,0,0,0,0,0,0,4,0,62,71,240,231,246,237,237,235,231,230,234,233,219,255,53,0,0,0,0,0,0,0,0,0,0,0,3,0,102,15,181,247,220,235,239,239,236,232,225,225,214,243,29,0,0,0,0,0,0,0,0,0,0,0,0,0,135,0,200,234,220,230,232,234,233,234,230,226,217,255,110,0,0,0,0,0,0,0,0,0,1,0,0,0,100,114,255,240,244,241,238,236,236,229,231,227,233,236,0,0,0,0,0,0,0,0,0,0,0,3,0,6,164,211,238,229,237,242,242,241,240,236,229,226,226,230,0,0,0,0,0,0,0,0,0,0,1,3,0,0,161,233,225,240,240,239,239,238,236,237,238,231,247,179,0,0,0,0,0,0,0,0,0,0,0,3,0,0,250,226,219,224,235,238,239,238,237,234,232,219,236,207,0,0,0,0,0,0,0,0,0,0,0,0,0,203,248,217,227,231,230,226,231,234,236,232,231,228,236,221,0,1,0,1,0,0,0,1,0,0,0,0,192,255,216,231,228,231,231,233,235,233,236,234,232,227,235,237,0,0,0,7,8,6,0,0,0,0,56,227,253,219,231,226,230,231,232,235,233,229,235,236,228,228,235,254,0,3,0,0,0,0,0,0,62,185,255,234,212,224,230,226,228,230,232,233,229,224,232,231,230,235,232,255,0,0,0,27,78,121,183,245,255,229,222,219,228,229,227,230,231,233,233,237,235,227,226,227,233,229,235,240,0,3,210,229,233,238,230,225,224,222,231,233,232,229,233,233,237,238,238,234,240,235,239,239,240,228,239,209,0,94,244,215,220,220,221,226,233,235,229,228,235,236,240,233,235,236,241,253,253,232,221,218,217,204,210,184,0,97,225,232,238,236,238,236,235,235,235,231,235,237,238,237,233,244,225,174,149,198,182,194,191,186,199,164,0,4,81,151,205,233,243,249,252,254,249,249,250,250,240,212,147,70,20,0,48,246,188,202,201,197,202,185,0,0,0,0,1,11,33,65,86,108,125,121,110,101,55,3,0,0,0,0,0,215,189,187,186,177,197,143,0,0,0,0,0,0,0,0,0,0,0,0,0,0,0,0,0,0,0,0,0,0,0,0,0,0,0,0,0,0,0,0,0,0,0,0,0,0,0,0,0,0,0,0,0,0,0,0,0,0,0,0,0,0,0,0,0,0,0,0,0,0,0,0,0,0,0,0,0,0,0,0,0,0,0,0,0,0,0,0,0,0,0,0,0,6
0,0,0,0,0,0,0,0,0,0,0,0,0,0,0,0,0,0,0,0,0,0,0,0,0,0,0,0,0,0,0,0,0,0,0,0,0,0,0,0,0,0,0,0,0,0,0,0,0,0,0,0,0,0,0,0,0,0,0,0,0,0,0,0,0,0,0,0,0,0,0,0,0,0,0,0,0,0,0,0,0,0,0,0,0,0,0,0,0,0,0,0,0,0,0,0,0,0,0,0,0,0,0,0,0,0,0,0,0,0,0,0,0,0,0,0,0,0,0,0,0,0,0,0,0,0,0,0,0,0,0,0,0,0,0,0,0,0,0,0,0,0,0,0,0,0,0,0,0,0,0,0,0,0,0,0,0,0,0,0,0,0,0,0,0,0,0,0,0,0,0,0,0,0,0,0,0,0,0,0,0,0,0,0,0,34,19,0,0,0,0,0,0,0,55,123,0,0,0,0,0,0,0,0,0,0,0,0,0,0,2,0,13,132,85,162,165,124,21,0,9,0,144,55,0,0,0,0,0,0,0,0,0,0,0,0,0,0,6,0,103,149,166,164,208,225,214,182,208,207,169,0,0,0,0,0,0,0,0,0,0,0,0,0,0,7,0,23,143,138,160,176,206,200,208,221,205,211,149,0,0,0,0,0,0,0,0,0,0,0,0,0,2,0,0,121,89,120,156,184,219,208,210,211,197,208,136,0,0,0,0,0,0,0,0,0,0,0,0,1,0,0,70,153,146,182,196,212,216,209,211,222,191,202,102,0,0,0,0,1,0,0,0,1,0,1,6,0,0,64,138,158,195,215,219,214,205,207,217,224,201,209,93,0,0,0,0,0,0,0,0,1,4,2,0,0,106,87,147,199,203,203,201,207,204,202,204,215,208,214,111,0,1,4,6,6,4,5,0,0,0,0,23,142,74,34,195,211,193,205,206,207,202,205,205,204,211,219,162,0,1,0,0,0,0,0,0,0,25,111,160,90,52,147,166,178,187,197,205,208,204,202,211,205,205,215,218,0,0,14,94,100,96,98,119,153,166,151,113,136,170,176,192,193,195,194,204,212,209,201,212,206,189,197,210,19,35,143,113,149,171,168,164,160,157,150,166,167,154,160,182,189,195,198,201,220,203,201,199,216,223,211,217,50,105,168,154,150,176,166,151,141,141,138,135,138,137,155,173,187,194,201,201,213,207,201,190,189,179,163,204,70,79,118,141,159,174,181,179,173,172,160,163,169,170,193,203,210,218,218,205,225,240,220,225,190,157,176,255,54,0,26,88,130,136,148,147,152,157,160,181,207,223,217,205,196,187,180,173,188,192,176,175,184,181,160,141,53,0,0,0,1,37,91,133,149,151,146,132,122,121,128,126,127,130,128,123,128,120,126,122,126,125,126,156,95,1,2,0,0,0,0,0,0,30,60,91,107,114,104,92,84,87,100,121,124,125,125,126,120,116,94,68,0,0,0,0,0,0,0,0,0,0,0,0,0,0,0,0,0,0,0,0,0,0,0,0,0,0,0,0,0,0,0,0,0,0,0,0,0,0,0,0,0,0,0,0,0,0,0,0,0,0,0,0,0,0,0,0,0,0,0,0,0,0,0,0,0,0,0,0,0,0,0,0,0,0,0,0,0,0,0,0,0,0,0,0,0,0,0,0,0,0,0,0,0,0,0,0,0,0,0,0,0,0,0,0,0,0,0,0,0,0,0,0,0,0,0,0,0,0,0,0,0,0,0,0,0,0,0,0,0,0,0,0,0,0,0,0,0,0,0,0,0,6
0,0,0,0,0,0,0,0,0,0,0,0,0,0,0,0,0,0,0,0,0,0,0,0,0,0,0,0,0,0,0,0,0,0,0,0,0,0,0,0,0,0,0,0,0,0,0,0,0,0,0,0,0,0,0,0,0,0,0,0,0,0,0,0,0,0,0,0,0,0,0,0,0,0,0,0,0,0,0,0,0,0,0,0,0,0,0,0,0,0,0,0,0,1,0,0,0,3,1,2,0,51,0,0,0,3,0,0,1,1,1,0,0,0,0,0,0,0,0,0,0,1,0,0,0,0,0,0,0,186,141,77,0,0,1,0,0,0,0,0,0,0,0,0,0,0,0,0,0,0,0,0,0,0,6,0,40,208,204,196,161,0,0,0,0,1,0,0,0,0,0,0,0,0,0,0,0,0,0,0,0,0,0,0,136,221,197,192,214,232,51,0,0,8,0,0,0,0,0,0,0,0,0,0,0,0,0,0,0,3,0,47,195,214,201,191,196,207,219,139,0,0,1,0,0,0,0,0,0,0,0,0,0,0,0,0,1,0,0,176,196,214,200,183,201,208,200,221,201,4,0,0,0,0,0,0,0,0,0,0,0,0,0,0,0,0,54,198,187,250,216,219,218,215,212,201,224,192,0,0,0,0,0,0,0,0,0,0,0,0,0,0,0,0,184,194,167,149,131,145,211,235,227,217,212,214,21,0,0,0,0,0,0,0,0,0,0,1,0,6,0,59,199,184,173,84,180,164,163,182,178,221,216,219,14,0,0,0,0,0,0,0,0,0,1,3,0,0,0,201,193,195,209,83,182,189,208,180,145,186,201,219,28,0,0,0,0,0,0,0,0,0,0,1,5,0,52,201,194,197,245,180,132,170,213,191,172,198,196,222,51,0,0,0,0,0,0,0,0,0,0,2,0,0,109,130,188,209,229,249,241,238,234,233,236,220,208,225,117,0,0,0,0,0,0,0,0,0,0,0,0,67,130,93,138,81,172,207,223,215,218,226,235,227,216,212,174,0,0,0,0,0,0,0,0,1,0,0,44,226,185,180,78,134,136,154,232,240,227,232,215,209,208,209,205,0,0,0,3,6,5,1,0,0,0,1,221,205,212,234,107,206,189,185,203,212,224,206,196,197,204,204,231,7,1,4,0,0,0,0,0,0,0,147,220,188,191,192,209,141,174,190,177,155,196,219,210,212,208,207,241,51,0,0,1,42,67,96,113,152,208,233,199,175,211,244,248,240,230,224,195,190,184,213,206,197,199,205,238,88,0,113,184,199,204,200,196,195,200,199,199,223,232,214,208,199,207,215,225,225,207,203,180,183,203,205,237,94,33,198,197,187,185,188,190,198,209,216,216,228,218,214,206,197,200,204,209,208,203,215,210,210,216,211,248,60,77,185,181,196,197,198,200,202,204,200,199,210,210,208,215,215,215,220,244,228,213,211,207,206,203,192,229,55,9,115,155,174,183,189,200,205,209,213,211,217,215,211,218,244,208,183,126,181,190,170,174,173,172,172,190,38,0,0,14,63,123,150,181,198,202,202,209,216,206,192,101,23,0,0,0,153,255,222,232,228,226,219,251,78,0,0,0,0,0,0,3,31,51,72,74,63,47,0,0,0,0,0,0,62,91,76,78,75,71,66,75,7,0,0,0,0,0,0,0,0,0,0,0,0,0,0,0,0,0,0,0,0,0,0,0,0,0,0,0,0,0,0,0,0,0,0,0,0,0,0,0,0,0,0,0,0,0,0,0,0,0,0,0,0,0,0,0,0,6
0,0,0,0,0,0,0,0,0,0,0,0,0,0,0,0,0,0,0,0,0,0,0,0,0,0,0,0,0,0,0,0,0,0,0,0,0,0,0,0,0,0,0,0,0,0,0,0,0,0,0,0,0,0,0,0,0,0,0,0,0,0,0,0,0,0,0,0,0,0,0,0,0,0,0,0,0,0,0,0,0,0,0,0,0,0,0,0,0,0,0,0,0,0,0,0,0,0,0,0,0,0,0,0,0,0,0,0,0,0,0,0,0,0,0,0,0,0,0,0,0,0,0,0,0,0,0,0,0,0,0,0,0,0,0,0,0,0,0,0,0,0,0,0,0,0,0,0,0,0,0,0,0,0,0,0,0,0,0,0,0,0,0,0,0,0,0,0,0,0,0,0,0,0,0,0,0,0,0,0,0,0,0,0,0,0,0,0,0,0,0,0,0,0,0,0,0,0,0,0,0,0,0,0,0,0,0,0,0,0,2,0,45,176,0,0,0,0,0,0,1,1,2,1,0,0,0,0,0,0,0,0,0,0,0,0,0,0,0,0,199,234,240,196,114,3,0,0,0,0,0,0,0,0,0,0,0,0,0,0,0,0,0,0,1,0,0,202,242,209,215,244,243,255,244,206,164,151,118,0,0,0,0,0,0,0,0,0,0,0,0,0,0,0,22,221,215,219,234,228,232,238,238,245,244,255,206,0,0,0,0,0,1,0,0,0,0,0,1,0,0,47,237,228,217,221,237,231,233,234,226,227,225,235,211,0,0,0,0,0,0,0,0,0,2,0,0,0,7,232,221,204,222,227,225,229,226,224,228,235,226,238,118,0,0,0,0,0,2,6,1,0,0,0,14,138,241,211,212,229,223,214,223,227,225,221,216,217,205,231,83,0,0,3,5,4,0,0,0,0,55,175,228,220,210,215,232,224,203,216,223,224,221,217,224,232,216,227,195,0,0,0,0,0,6,44,90,178,211,218,216,205,221,222,204,217,212,216,223,218,213,216,220,200,192,214,195,0,0,3,80,107,163,188,205,202,209,209,206,199,187,189,200,220,223,222,224,220,219,222,222,206,216,214,218,0,0,203,191,134,118,105,155,201,214,215,187,200,217,223,225,227,226,224,219,219,220,220,240,233,224,212,223,0,154,180,167,183,197,225,220,206,218,224,215,228,230,224,221,221,224,225,219,222,223,225,219,210,214,211,217,0,190,213,210,199,194,189,190,187,211,212,204,198,204,213,214,217,223,223,215,218,217,217,208,207,216,210,210,69,0,88,163,214,245,255,255,255,255,255,255,255,254,252,252,252,248,249,255,255,255,254,255,255,255,222,255,120,0,0,0,0,0,15,49,65,91,119,140,161,171,173,173,170,167,157,135,133,126,125,105,88,72,49,50,0,0,0,0,0,0,0,0,0,0,0,0,0,0,0,0,0,0,0,0,0,0,0,0,0,0,0,0,0,0,0,0,0,0,0,0,0,0,0,0,0,0,0,0,0,0,0,0,0,0,0,0,0,0,0,0,0,0,0,0,0,0,0,0,0,0,0,0,0,0,0,0,0,0,0,0,0,0,0,0,0,0,0,0,0,0,0,0,0,0,0,0,0,0,0,0,0,0,0,0,0,0,0,0,0,0,0,0,0,0,0,0,0,0,0,0,0,0,0,0,0,0,0,0,0,0,0,0,0,0,0,0,0,0,0,0,0,0,0,0,0,0,0,0,0,0,0,0,0,0,0,0,0,0,0,0,0,0,0,0,0,0,0,0,0,0,0,0,0,6
0,0,0,0,0,0,0,0,0,0,0,0,0,0,0,0,0,0,0,0,0,0,0,0,0,0,0,0,0,0,0,0,0,0,0,0,0,0,0,0,0,0,0,0,0,0,0,0,0,0,0,0,0,0,0,0,0,0,0,0,0,0,0,0,0,0,0,0,0,0,0,0,0,0,0,0,0,0,0,0,0,0,0,0,0,0,0,0,0,0,0,0,0,0,0,0,0,0,0,0,0,0,0,0,0,0,0,0,0,0,0,0,0,0,0,0,0,0,0,0,0,0,0,0,0,0,0,0,7,186,151,0,0,0,0,0,0,0,0,0,0,0,0,0,0,0,0,0,0,0,0,1,1,0,0,0,144,226,235,206,7,0,1,0,0,0,0,0,0,0,0,0,0,0,0,0,0,0,0,1,0,0,157,62,224,211,213,255,185,0,0,0,3,1,1,0,0,0,0,0,0,0,0,0,0,1,2,1,0,32,250,162,170,198,210,243,134,0,0,0,0,0,0,0,0,0,0,0,0,0,0,0,0,0,1,0,36,29,113,228,154,206,216,241,123,2,138,206,13,11,7,0,0,0,0,0,0,0,0,0,0,0,5,0,58,20,126,121,221,215,205,231,250,255,223,252,132,64,127,0,0,0,0,0,0,0,0,0,0,0,3,3,55,147,167,84,151,225,196,219,227,226,226,228,205,13,153,0,0,0,0,0,0,1,0,0,0,2,0,7,156,167,157,109,168,245,224,235,239,247,232,235,190,88,87,0,0,0,1,1,0,2,1,7,4,0,0,145,206,100,143,131,153,175,200,222,189,191,243,232,177,121,0,0,1,0,0,0,0,0,0,0,0,0,82,199,152,129,118,151,163,141,146,155,173,170,199,168,163,82,0,0,0,1,3,5,4,0,28,106,172,175,158,129,131,119,185,214,162,151,159,168,167,148,163,146,172,159,0,0,1,0,0,0,0,0,0,71,154,111,114,117,147,211,243,241,243,202,158,164,169,146,147,168,160,208,0,0,0,0,0,30,42,69,85,88,134,127,126,203,247,234,207,219,225,245,244,224,173,162,148,167,195,212,11,0,0,92,168,166,197,224,255,184,112,100,192,239,213,219,210,207,220,228,255,200,155,175,164,216,216,229,48,0,0,192,214,188,158,110,95,91,117,112,204,242,209,228,239,242,238,213,176,131,137,189,223,226,211,238,89,0,83,223,199,210,217,224,182,115,150,137,136,229,223,215,194,166,145,134,147,149,145,228,225,226,218,212,204,0,114,209,204,205,213,211,251,212,117,143,129,133,144,130,134,138,152,177,196,178,215,236,223,208,196,189,195,54,0,192,197,190,191,192,187,208,164,147,162,163,184,186,194,218,221,195,199,210,207,193,192,169,166,171,200,114,0,0,62,189,205,208,198,205,198,182,192,195,193,204,216,188,180,209,208,197,201,196,193,182,190,218,205,40,0,0,0,0,25,97,207,186,222,255,192,206,214,206,98,0,0,57,215,214,230,239,236,231,245,202,35,0,2,3,1,0,0,0,0,0,0,45,8,29,46,0,0,0,0,0,0,31,14,26,30,0,0,0,0,0,0,0,0,0,0,0,0,0,0,0,0,0,0,0,0,0,0,0,0,0,0,0,0,0,0,0,0,0,0,0,0,0,0,0,0,0,0,0,0,0,0,0,0,0,0,0,0,0,0,0,0,0,0,0,0,0,0,0,0,0,0,0,0,0,0,0,0,0,0,0,0,0,0,0,0,0,0,0,0,0,0,0,0,0,6
0,0,0,0,0,0,0,0,0,0,0,0,0,0,0,0,0,0,0,0,0,0,0,0,0,0,0,0,0,0,0,0,0,0,0,0,0,0,0,0,0,0,0,0,0,0,0,0,0,0,0,0,0,0,0,0,0,0,0,0,0,0,0,0,0,0,0,0,0,0,0,0,0,0,0,0,0,0,0,0,0,0,0,0,0,0,0,0,0,0,0,0,0,0,0,0,0,0,0,0,0,0,0,0,0,0,0,0,0,0,0,0,0,0,0,0,0,0,0,0,0,0,0,0,0,0,0,0,0,0,0,0,0,0,0,0,0,0,0,0,0,0,0,0,0,0,0,0,0,0,0,0,0,0,0,0,52,104,0,0,0,0,2,0,9,0,0,1,0,0,0,0,0,0,0,0,0,0,0,0,0,0,0,0,148,249,106,0,0,0,0,0,87,175,0,4,0,0,0,0,0,0,0,0,0,0,0,0,0,6,0,25,200,202,215,210,164,109,72,25,15,168,0,0,0,0,0,0,0,0,0,0,0,0,0,0,0,3,0,144,197,193,220,223,228,228,226,222,220,184,0,0,0,0,0,0,0,0,0,0,0,0,0,0,1,0,0,210,201,207,214,206,210,204,213,207,219,161,0,0,0,0,0,0,0,0,0,0,0,0,0,0,0,0,46,230,199,225,212,213,218,211,209,203,208,162,0,0,0,0,0,0,0,0,0,0,0,0,0,2,0,0,216,206,202,223,222,220,225,222,223,209,206,171,0,0,0,0,0,0,0,0,0,0,0,0,0,0,0,0,196,197,219,219,221,220,222,221,222,213,203,184,0,0,0,0,0,0,0,0,0,0,0,0,0,0,0,155,212,204,225,220,219,218,221,219,215,212,203,208,0,0,0,0,0,0,0,0,0,0,0,1,0,0,144,192,184,219,221,220,216,216,219,218,216,210,202,240,29,0,0,2,6,5,8,3,2,1,0,0,0,139,210,177,224,225,218,219,219,218,220,219,209,206,202,234,83,0,0,0,0,0,0,0,0,0,0,0,113,206,189,222,222,219,218,217,218,217,219,222,214,213,206,210,137,0,0,0,106,118,103,78,59,99,129,149,181,192,227,222,221,221,211,213,215,219,222,221,212,213,209,211,178,0,0,176,227,140,151,174,186,196,178,158,171,206,210,194,180,200,205,218,219,218,216,216,218,223,230,213,189,0,59,214,217,230,206,191,169,176,184,202,199,206,199,205,206,226,222,208,205,216,219,220,220,217,217,201,222,20,106,234,200,192,207,221,232,251,229,208,213,214,239,235,228,206,198,202,209,205,196,180,166,164,160,150,180,36,0,145,224,224,205,195,189,192,190,192,184,184,190,194,191,211,223,215,191,182,142,151,169,155,152,164,179,80,0,0,9,78,189,220,247,241,235,231,229,228,235,222,156,95,54,18,0,163,255,229,219,253,236,229,232,90,0,0,0,0,0,0,20,68,85,113,101,92,103,0,0,0,0,0,0,0,97,48,0,47,9,0,0,0,0,0,0,0,0,0,0,0,0,0,0,0,0,0,0,0,0,0,0,0,0,0,0,0,0,0,0,0,0,0,0,0,0,0,0,0,0,0,0,0,0,0,0,0,0,0,0,0,0,0,0,0,0,0,0,0,0,0,0,0,0,0,0,0,0,0,0,0,0,0,0,0,0,0,0,0,0,0,0,0,0,0,0,0,0,0,0,0,0,0,0,0,0,0,0,0,0,0,0,0,0,0,0,0,0,0,0,0,0,0,0,0,6
0,0,0,0,0,0,0,0,0,0,0,0,0,0,0,0,0,0,0,0,0,0,0,0,0,0,0,0,0,0,0,0,0,0,0,0,0,0,0,0,0,0,0,0,0,0,0,0,0,0,0,0,0,0,0,0,0,0,0,0,0,0,0,0,0,0,0,0,0,0,0,0,0,0,0,0,0,0,0,0,0,0,0,0,0,0,0,0,0,0,0,0,0,0,0,0,0,0,0,0,0,0,0,0,0,0,0,0,0,0,0,0,0,0,0,0,0,0,0,0,0,0,0,0,0,0,1,0,1,0,0,0,1,2,2,0,35,73,0,0,0,0,0,0,0,0,0,0,0,0,0,0,0,1,0,0,0,0,0,0,0,0,0,0,0,120,0,0,0,0,0,0,0,0,0,0,0,0,0,0,1,0,0,153,126,160,191,130,82,108,93,89,134,132,0,0,0,0,0,0,0,0,0,0,0,2,0,0,0,0,49,187,157,202,187,198,220,254,228,231,222,138,0,0,0,0,0,0,0,0,0,0,0,0,0,1,0,0,149,112,181,234,203,178,215,220,217,209,200,135,0,0,0,0,0,0,0,0,0,0,0,0,0,0,0,101,197,200,225,196,187,218,250,207,229,206,194,186,0,0,0,0,0,0,0,0,0,0,0,0,0,0,7,172,204,214,226,228,240,233,205,202,209,212,186,230,36,0,0,0,0,0,0,0,0,0,0,0,0,0,159,204,182,178,204,239,245,181,185,189,217,245,178,208,132,0,0,0,0,0,1,1,0,0,0,2,0,102,218,186,165,207,193,231,222,192,214,182,229,244,181,175,206,0,0,0,0,0,0,0,0,0,1,0,12,244,190,168,185,226,218,214,183,192,175,204,169,185,184,189,235,38,0,0,0,0,0,0,0,0,0,0,178,197,160,181,217,216,228,160,204,212,222,180,158,217,171,206,214,100,0,0,0,0,0,0,0,0,0,102,228,164,176,212,218,212,228,216,178,122,236,214,208,205,195,205,204,120,0,0,2,3,3,0,0,0,80,189,183,193,201,212,222,236,202,186,156,151,253,234,193,200,233,194,202,104,1,1,0,0,0,0,16,101,183,209,194,186,214,214,205,190,174,176,153,176,211,206,162,160,174,195,190,18,0,0,0,31,51,129,198,202,184,183,187,183,193,111,167,163,219,129,152,165,172,209,162,206,194,214,229,10,0,82,157,167,165,170,180,191,173,173,191,185,185,197,240,137,184,185,215,230,179,224,214,207,197,184,193,0,63,187,159,159,158,143,143,171,217,197,146,191,167,183,145,178,218,127,80,4,0,153,213,194,195,195,194,0,127,211,184,198,200,197,193,205,207,192,233,209,113,163,176,109,2,0,0,0,0,107,211,203,183,170,138,0,14,125,183,212,228,219,230,212,150,204,195,187,240,175,13,0,0,1,1,7,0,150,229,205,197,205,225,6,0,0,0,0,34,57,73,92,123,160,125,127,42,0,0,0,0,2,0,0,0,93,165,128,132,117,69,0,0,0,0,0,0,0,0,0,0,0,0,0,0,0,0,0,0,0,0,0,0,0,0,0,0,0,0,0,0,0,0,0,0,0,0,0,0,0,0,0,0,0,0,0,0,0,0,0,0,0,0,0,0,0,0,0,0,0,0,0,0,0,0,0,0,0,0,0,0,0,0,0,0,0,0,0,0,0,0,0,0,0,0,0,0,0,0,0,0,0,0,0,0,0,0,0,0,0,0,0,0,0,0,0,0,0,0,0,0,0,0,0,6
0,0,0,0,0,0,0,0,0,0,0,0,0,0,0,0,0,0,0,0,0,0,0,0,0,0,0,0,0,0,0,0,0,0,0,0,0,0,0,0,0,0,0,0,0,0,0,0,0,0,0,0,0,0,0,0,0,0,0,0,0,0,0,0,0,0,0,0,0,0,0,0,0,0,0,0,0,0,0,0,0,0,0,0,0,0,0,0,0,0,0,0,0,0,0,0,0,0,0,0,0,0,0,0,0,0,0,0,0,0,0,0,0,0,0,0,0,0,0,0,0,0,0,0,0,0,0,0,0,1,1,0,1,0,0,0,0,1,0,0,0,0,0,0,0,0,0,0,0,0,0,0,0,0,0,0,0,0,0,0,0,0,55,131,0,0,1,0,0,0,0,0,0,0,0,0,0,0,0,0,0,0,0,4,6,2,1,0,0,78,228,248,106,0,6,0,0,0,0,0,0,0,0,0,0,0,0,0,2,7,0,0,0,0,0,0,67,234,232,220,157,0,3,0,0,0,0,0,0,0,0,0,0,0,0,0,0,0,0,40,78,70,0,4,255,234,205,94,0,0,1,1,0,0,0,0,0,0,0,0,0,0,1,0,0,156,135,158,223,226,223,219,229,223,84,43,0,1,5,1,0,0,0,0,0,0,0,0,0,0,7,0,57,255,208,190,220,218,202,228,232,143,30,0,0,0,0,0,0,0,0,0,0,0,0,0,0,0,5,0,50,184,97,92,88,35,150,248,255,61,0,0,0,0,48,0,1,0,0,0,0,0,0,0,0,0,0,0,0,0,0,0,0,0,216,255,143,0,2,96,188,232,226,0,1,0,0,0,0,2,6,4,1,0,0,0,1,9,3,3,0,0,255,240,175,195,255,250,237,242,168,0,0,1,1,5,5,0,0,0,0,3,0,1,0,1,5,0,0,48,255,225,242,254,227,226,222,229,224,0,1,1,0,0,0,22,144,132,0,0,1,0,0,0,0,0,123,230,230,244,254,218,241,115,94,229,255,0,1,0,10,53,132,164,137,195,136,15,0,0,1,0,0,197,248,230,246,231,0,127,229,57,0,74,249,4,1,0,37,186,186,122,67,118,133,111,22,0,0,0,235,243,228,233,128,0,0,230,241,65,23,175,199,7,0,0,38,155,88,45,135,138,216,84,109,0,0,246,244,219,240,71,0,0,0,169,100,63,164,254,199,0,58,183,187,135,96,110,141,170,45,114,5,55,255,239,218,251,100,0,0,0,24,115,148,214,104,253,246,0,97,239,223,246,122,51,237,85,0,89,235,255,235,215,249,169,0,0,0,0,6,255,55,81,92,6,200,52,0,223,218,234,235,190,255,143,130,197,255,226,224,237,252,0,0,1,1,0,23,241,238,247,0,0,174,73,0,199,253,232,234,234,225,246,253,246,219,226,225,255,68,0,0,0,3,0,68,240,221,230,42,0,237,7,0,0,86,197,249,255,255,255,253,250,254,255,255,146,0,0,0,0,8,0,110,253,226,241,255,255,188,0,0,0,0,0,0,27,64,120,152,164,151,137,58,0,0,0,0,0,4,0,19,73,45,28,23,22,0,0,0,0,0,0,0,0,0,0,0,0,0,0,0,0,0,0,0,0,0,0,0,0,0,0,0,0,0,0,0,0,0,0,0,0,0,0,0,0,0,0,0,0,0,0,0,0,0,0,0,0,0,0,0,0,0,0,0,0,0,0,0,0,0,0,0,0,0,0,0,0,0,0,0,0,0,0,0,0,0,0,0,0,0,0,6
0,0,0,0,0,0,0,0,0,0,0,0,0,0,0,0,0,0,0,0,0,0,0,0,0,0,0,0,0,0,0,0,0,0,0,0,0,0,0,0,0,0,0,0,0,0,0,0,0,0,0,0,0,0,0,0,0,0,0,0,0,0,0,0,0,0,0,0,0,1,0,56,99,0,10,0,0,0,0,0,0,0,0,0,0,0,0,0,0,0,0,0,0,0,0,0,2,0,6,203,255,255,255,255,240,255,247,227,202,158,0,0,0,0,0,0,0,0,0,0,0,0,0,0,7,0,122,190,176,243,230,235,240,243,246,240,254,220,0,0,0,0,0,0,0,0,0,0,0,0,0,0,0,0,202,217,216,243,233,235,232,236,228,233,242,192,0,0,0,0,0,0,0,0,0,0,0,0,0,2,0,0,239,239,234,231,239,236,235,236,240,227,246,201,0,0,0,0,0,0,0,0,0,0,0,0,0,4,0,0,217,238,235,227,237,236,239,238,236,228,248,196,0,0,0,0,0,0,0,0,0,0,0,0,0,3,0,90,212,138,251,238,236,236,238,238,239,232,251,189,0,0,0,0,0,0,0,0,0,0,0,0,0,0,0,127,249,139,250,232,236,236,238,240,239,228,254,187,0,0,0,0,0,0,0,0,0,0,0,0,0,0,0,215,242,231,240,236,236,236,238,239,236,232,247,217,0,0,0,0,0,0,0,0,0,0,0,0,2,0,2,229,227,230,234,231,235,235,238,239,239,234,236,255,13,0,0,0,0,0,0,0,0,0,0,0,7,0,98,219,167,254,230,233,232,234,238,238,236,244,224,254,119,0,0,0,0,0,0,0,0,0,0,2,0,0,157,181,211,242,234,237,233,234,237,236,243,235,233,243,225,0,0,0,0,0,0,0,0,0,0,2,0,76,255,251,241,240,236,234,233,234,237,233,236,242,242,236,255,5,0,0,0,0,0,0,0,0,2,0,28,255,231,225,228,233,236,234,233,234,235,236,236,238,234,233,255,87,4,0,0,1,1,0,0,1,0,0,227,239,226,242,237,238,239,237,233,234,233,233,231,230,235,224,255,109,1,0,0,0,4,3,1,0,0,194,255,225,229,227,231,231,232,233,234,235,235,227,231,232,235,229,255,49,1,1,6,2,0,0,0,9,214,255,222,228,222,230,228,229,229,230,235,227,218,234,236,235,235,239,255,0,0,0,0,0,0,27,159,255,254,218,235,224,232,230,232,231,234,231,225,242,255,255,242,240,238,244,255,0,0,0,23,153,232,255,255,231,219,232,233,231,229,232,233,237,224,238,255,255,127,121,255,235,237,246,249,0,0,135,237,239,233,224,226,232,228,227,225,225,232,240,233,233,255,255,108,0,0,55,255,229,237,248,235,0,106,249,216,220,221,228,228,231,232,227,229,230,235,232,240,255,150,0,0,0,0,99,255,235,236,250,224,0,72,229,241,248,246,238,235,233,222,219,223,228,232,253,255,45,0,0,0,4,0,98,251,231,231,246,212,0,0,1,59,136,200,234,255,255,255,255,255,255,255,189,0,0,7,2,0,4,0,96,255,245,245,255,223,0,0,0,0,0,0,0,0,18,37,64,83,73,23,0,0,0,0,0,1,1,0,0,155,131,124,157,79,0,0,0,0,0,0,0,0,0,0,0,0,0,0,0,0,0,0,0,0,0,0,0,0,0,0,0,0,0,0,0,0,0,0,0,0,0,0,0,0,0,0,0,0,0,0,0,0,0,0,0,0,0,0,0,0,0,6
0,0,0,0,0,0,0,0,0,0,0,0,0,0,0,0,0,0,0,0,0,0,0,0,0,0,0,0,0,0,0,0,0,0,0,0,0,0,0,0,0,0,0,0,0,0,0,0,0,0,0,0,0,0,0,0,0,0,0,0,0,0,0,0,0,0,0,0,0,0,0,0,0,0,0,0,0,0,0,0,0,0,0,0,0,0,0,0,0,0,0,0,0,0,0,0,0,0,0,0,0,0,0,0,0,0,0,0,0,0,0,0,0,0,0,0,0,0,0,0,0,0,0,0,0,0,0,0,0,0,0,0,0,0,0,0,0,0,0,0,0,0,0,0,0,0,0,0,0,0,0,0,0,0,0,0,0,0,0,0,0,0,0,0,0,0,0,0,0,0,0,0,0,0,0,0,0,0,0,0,0,0,0,0,0,19,167,0,0,0,2,2,3,3,0,0,0,0,0,0,0,0,0,0,0,0,0,0,0,0,0,0,0,84,218,212,43,0,0,0,0,0,0,0,0,0,0,0,0,0,0,0,0,0,0,0,0,0,0,0,47,192,190,212,255,169,17,11,14,13,0,0,0,0,0,0,0,0,0,0,0,0,0,0,0,1,0,0,236,219,192,193,209,212,250,207,211,202,0,0,0,0,0,0,0,0,0,0,0,0,0,0,0,0,0,0,207,186,177,236,204,210,204,204,206,157,0,0,0,0,0,0,0,0,0,0,0,0,0,0,1,0,0,143,255,188,197,255,184,202,208,208,206,199,0,0,0,0,0,0,0,0,0,0,0,0,0,0,0,0,75,233,193,165,220,255,191,188,193,192,204,228,13,0,0,0,0,0,0,0,0,0,0,0,0,0,0,173,255,184,179,192,233,255,220,177,206,230,216,217,59,0,0,0,0,0,0,0,0,0,0,0,0,50,234,233,180,189,215,242,244,227,195,177,201,218,204,222,108,0,0,0,3,5,2,1,0,0,0,26,190,198,204,187,192,206,248,219,212,211,186,199,186,185,208,220,163,0,0,0,0,0,0,0,0,0,139,220,242,170,186,169,195,239,228,215,209,196,190,187,185,190,208,214,194,0,0,0,15,59,58,67,100,156,141,114,168,184,203,218,252,249,212,208,194,191,175,224,216,188,207,214,209,0,2,143,163,171,147,199,163,165,96,199,193,225,253,252,221,195,180,175,171,169,169,211,199,185,204,211,208,0,79,200,172,172,160,174,164,171,255,255,255,228,196,166,158,161,167,168,173,176,180,169,164,187,200,203,228,42,70,203,208,199,200,187,186,177,184,182,189,172,177,185,192,188,189,190,190,189,190,196,199,195,199,196,212,128,0,40,134,195,232,240,242,231,216,207,210,214,215,217,218,221,224,228,233,235,239,241,247,248,246,211,255,76,0,0,0,0,10,40,76,119,145,158,157,158,159,150,143,136,130,121,112,109,102,98,80,62,46,51,18,0,0,0,0,0,0,0,0,0,0,0,0,0,0,0,0,0,0,0,0,0,0,0,0,0,0,0,0,0,0,0,0,0,0,0,0,0,0,0,0,0,0,0,0,0,0,0,0,0,0,0,0,0,0,0,0,0,0,0,0,0,0,0,0,0,0,0,0,0,0,0,0,0,0,0,0,0,0,0,0,0,0,0,0,0,0,0,0,0,0,0,0,0,0,0,0,0,0,0,0,0,0,0,0,0,0,0,0,0,0,0,0,0,0,0,0,0,0,0,0,0,0,0,0,0,0,0,0,0,0,0,0,0,0,0,0,0,0,0,0,0,6
0,0,0,0,0,0,0,0,0,0,0,0,0,0,0,0,0,0,0,0,0,0,0,0,0,0,0,0,0,0,0,0,0,0,0,0,0,0,0,0,0,0,0,0,0,0,0,0,0,0,0,0,0,0,0,0,0,0,0,0,0,0,0,0,0,0,0,0,0,0,0,2,0,0,0,0,0,0,0,88,49,83,127,0,0,0,0,0,0,0,0,0,0,0,0,0,0,1,1,2,0,0,0,19,71,182,255,236,243,188,242,151,0,0,0,0,0,0,0,0,0,0,0,0,0,0,3,3,0,80,173,224,241,236,220,225,234,178,191,13,0,0,0,0,0,0,0,0,0,0,0,0,0,0,0,6,0,203,245,223,221,222,218,250,226,194,153,0,0,0,0,0,0,0,0,0,0,0,0,0,0,1,0,6,0,0,212,218,205,225,222,224,54,194,254,0,0,0,0,0,0,0,0,0,0,0,0,0,0,0,0,0,0,0,37,186,233,227,235,253,63,101,132,0,0,0,0,0,0,0,0,0,0,0,0,0,0,0,0,0,0,0,132,246,231,227,201,192,223,209,181,0,0,0,0,0,0,0,0,0,0,0,0,0,0,0,0,0,0,0,169,243,211,240,139,192,174,207,255,0,0,0,0,0,0,0,0,0,0,0,0,0,0,0,0,2,0,0,106,220,219,166,228,192,71,47,250,19,0,0,0,0,1,0,0,0,0,0,0,0,0,3,4,0,0,0,138,213,166,70,213,255,107,33,253,25,1,0,0,1,1,0,0,0,0,0,0,0,0,10,0,23,140,220,164,121,123,204,104,223,237,197,147,0,0,0,0,1,0,0,0,0,0,0,0,0,2,0,56,97,29,0,0,150,181,158,69,79,132,178,156,0,1,0,1,0,0,1,0,0,1,0,0,5,0,11,189,0,0,0,0,220,147,141,120,178,125,156,255,0,2,0,1,0,0,0,0,0,0,0,0,0,0,162,153,0,1,0,16,200,162,170,234,243,186,240,205,0,1,0,0,0,2,2,4,6,7,0,9,0,32,240,84,0,0,29,208,249,198,13,144,240,192,173,144,0,1,1,0,0,3,5,0,0,0,0,0,0,157,230,0,0,11,204,254,165,0,62,1,120,190,172,135,0,1,0,0,3,0,0,0,81,71,0,0,9,228,140,0,0,186,254,138,0,0,100,232,119,12,247,161,0,0,0,0,0,0,3,103,172,185,214,255,202,223,143,0,143,255,169,0,0,0,20,154,162,67,134,249,0,1,4,0,27,66,127,184,47,174,171,147,209,216,234,193,226,217,0,0,0,0,168,163,171,255,152,220,0,0,0,44,209,164,103,126,2,152,97,121,151,185,225,219,225,119,0,0,0,0,224,148,179,230,177,138,0,44,65,110,162,203,169,65,193,96,147,247,212,215,196,186,151,0,0,0,0,0,195,210,204,216,221,143,0,101,220,180,129,190,205,0,132,30,29,214,222,199,189,166,13,0,1,0,0,0,181,219,212,211,236,173,0,0,0,33,95,185,238,245,192,232,213,190,161,172,210,29,0,1,3,1,0,0,206,239,228,229,241,216,0,1,0,0,0,0,0,1,28,56,90,81,58,27,0,0,0,0,1,0,0,0,71,75,67,67,82,55,0,0,0,0,0,0,0,0,0,0,0,0,0,0,0,0,0,0,0,0,0,0,0,0,0,0,0,0,0,0,0,0,0,0,0,0,0,0,0,0,0,0,0,0,0,0,0,0,0,0,0,0,0,0,0,0,0,6
0,0,0,0,0,0,0,0,0,0,0,0,0,0,0,0,0,0,0,0,0,0,0,0,0,0,0,0,0,0,0,0,0,0,0,0,0,0,0,0,0,0,0,0,0,0,0,0,0,0,0,0,0,0,0,0,0,0,0,0,0,0,0,0,0,0,0,0,0,0,0,0,0,0,0,0,0,0,0,0,0,0,0,0,0,0,0,0,0,0,0,0,0,0,0,0,0,0,0,0,0,0,0,0,0,0,0,0,0,0,0,0,0,0,0,0,0,0,0,0,0,0,0,0,0,0,0,0,0,0,0,0,0,0,0,0,0,0,0,0,0,0,0,0,0,0,0,0,0,0,0,0,0,0,0,0,0,0,0,0,0,0,0,0,0,0,0,0,0,0,0,0,0,0,0,0,0,0,0,0,3,0,16,105,30,0,0,0,0,0,0,0,18,4,0,1,0,0,0,0,0,0,0,0,0,0,0,0,0,0,118,165,156,193,102,0,0,101,168,189,186,120,0,3,0,0,0,0,0,0,0,0,0,0,0,4,0,30,144,117,146,157,180,197,176,228,219,209,167,90,0,0,0,0,0,0,0,0,0,0,0,0,0,3,0,129,151,125,168,128,173,201,213,193,175,182,182,151,0,0,0,0,0,0,0,0,0,0,0,0,4,0,45,176,105,126,162,141,209,188,196,154,186,197,192,187,22,0,0,0,0,0,0,0,0,0,0,0,0,0,149,136,100,131,159,174,214,187,205,189,198,203,203,183,116,0,0,0,0,0,1,0,1,1,0,8,0,73,172,112,109,159,184,201,204,173,204,184,206,186,171,161,182,10,0,0,0,0,0,1,1,0,5,0,12,168,132,112,142,201,217,217,202,177,211,214,221,206,180,164,158,86,0,0,0,0,2,0,1,3,0,0,135,142,102,118,167,203,210,209,172,189,207,213,236,231,232,222,165,100,0,0,0,0,1,1,5,0,0,100,156,118,109,132,186,207,208,201,207,219,235,218,182,178,190,182,146,79,0,0,3,5,4,0,0,0,104,166,114,92,118,179,201,206,217,216,219,175,97,52,57,85,105,144,201,9,3,0,0,0,0,0,14,135,166,118,94,101,190,209,204,208,195,145,87,79,124,189,219,241,213,217,195,0,0,0,12,52,92,146,170,154,100,77,128,196,206,205,207,132,41,151,209,188,255,206,206,187,195,207,162,0,0,110,139,142,144,139,131,87,92,131,188,200,205,194,89,79,197,204,29,0,235,199,200,198,199,208,131,0,102,170,129,122,118,119,110,117,155,184,197,209,173,73,133,206,87,0,0,0,237,196,197,198,193,207,96,0,51,132,155,167,199,184,179,176,171,173,172,144,130,216,178,0,0,0,0,0,244,194,200,198,196,209,54,0,0,0,0,18,52,77,118,139,154,172,175,170,161,46,0,0,2,0,0,7,186,192,189,183,193,187,24,0,0,0,0,0,0,0,0,0,0,0,0,0,0,0,0,0,0,0,0,0,0,0,0,0,0,0,0,0,0,0,0,0,0,0,0,0,0,0,0,0,0,0,0,0,0,0,0,0,0,0,0,0,0,0,0,0,0,0,0,0,0,0,0,0,0,0,0,0,0,0,0,0,0,0,0,0,0,0,0,0,0,0,0,0,0,0,0,0,0,0,0,0,0,0,0,0,0,0,0,0,0,0,0,0,0,0,0,0,0,0,0,0,0,0,0,0,0,0,0,0,0,0,0,0,0,0,0,0,0,0,0,0,0,0,0,0,0,0,0,0,6
0,0,0,0,0,0,0,0,0,0,0,0,0,0,0,0,0,0,0,0,0,0,0,0,0,0,0,0,0,0,0,0,0,0,0,0,0,0,0,0,0,0,0,0,0,0,0,0,0,0,0,0,0,0,0,0,0,0,0,0,0,0,0,0,0,0,0,0,0,0,0,0,0,0,0,0,0,0,0,0,0,0,0,0,0,0,0,0,0,0,0,0,0,0,0,0,0,0,0,0,0,0,0,0,0,0,0,0,0,0,0,0,0,0,0,0,0,0,0,0,0,0,0,0,0,0,0,2,0,0,84,69,115,209,205,217,218,220,150,0,0,0,0,0,0,0,0,0,0,0,0,0,0,0,1,0,0,205,231,255,252,231,188,213,223,248,212,0,0,0,0,0,0,0,0,0,0,0,0,0,0,0,3,0,0,214,208,176,203,218,173,194,229,246,199,0,0,0,0,0,0,0,0,0,0,0,0,0,0,0,3,0,63,221,215,227,207,217,239,232,229,247,240,0,0,0,0,0,0,0,0,0,0,0,0,0,0,1,0,0,209,219,214,197,255,54,118,243,230,252,192,0,0,0,0,0,0,0,0,0,0,0,0,0,0,3,0,83,225,199,253,100,198,216,201,243,237,253,91,0,0,0,0,0,0,0,0,0,0,0,0,0,0,0,0,255,203,219,232,163,174,231,231,226,235,253,180,0,0,0,0,0,0,0,0,0,0,0,0,4,0,0,211,214,203,235,199,162,214,219,223,232,236,248,239,0,0,0,0,0,0,0,0,0,0,3,5,0,0,153,225,195,220,230,205,201,228,232,221,225,240,242,255,10,0,0,0,0,0,0,0,0,0,7,0,0,145,255,174,222,234,182,215,250,236,234,235,235,236,233,251,66,0,0,0,0,0,0,0,0,0,0,0,190,255,38,167,241,188,150,221,210,223,228,233,234,229,236,255,26,0,0,0,0,0,0,0,0,0,5,242,255,50,137,255,213,169,206,223,219,220,227,231,235,224,231,255,81,1,0,0,0,6,0,0,0,48,255,255,50,161,255,213,200,185,212,226,221,225,231,224,229,246,235,230,140,3,0,3,0,0,0,43,208,239,250,37,148,255,211,217,215,200,207,223,232,235,219,242,250,214,174,184,106,0,3,0,0,31,210,240,224,213,111,91,255,220,215,217,222,201,201,221,231,226,230,213,167,157,191,249,54,0,0,0,177,252,237,201,194,180,167,226,233,216,221,216,214,195,201,232,225,228,202,135,249,234,131,16,0,0,0,187,219,58,83,174,209,227,247,249,242,243,231,215,193,190,219,227,224,184,1,0,34,0,0,0,0,0,138,254,164,156,230,249,235,232,218,193,167,149,151,170,202,219,226,215,137,0,0,0,0,0,7,1,0,32,209,205,230,249,245,238,237,235,231,224,225,230,229,218,222,212,210,81,0,0,0,0,3,1,0,0,0,0,197,193,192,204,212,214,224,222,229,230,231,228,226,214,180,99,6,0,0,2,0,0,0,0,0,0,0,0,0,60,107,140,150,152,158,153,146,139,116,85,56,9,0,0,0,0,1,0,0,1,0,0,0,0,0,0,0,0,0,0,0,0,0,0,0,0,0,0,0,0,0,0,0,0,0,0,0,0,0,0,0,0,0,0,0,0,0,0,0,0,0,0,0,0,0,0,0,0,0,0,0,0,0,0,0,0,0,0,0,0,0,0,0,0,0,0,0,0,0,0,0,0,0,0,0,0,0,0,0,0,0,0,0,0,0,0,0,0,0,6
0,0,0,0,0,0,0,0,0,0,0,1,2,0,0,0,0,0,0,206,135,0,0,0,0,1,0,0,0,0,0,0,0,0,0,0,0,0,1,0,0,0,0,0,0,0,185,255,255,0,0,1,2,0,0,0,0,0,0,0,0,0,0,0,0,1,0,0,108,188,195,198,196,203,255,222,235,250,18,0,0,2,0,0,0,0,0,0,0,0,0,0,0,1,0,0,255,241,235,254,252,253,239,231,219,255,150,0,3,0,1,0,0,0,0,0,0,0,0,0,0,0,0,0,219,218,204,208,216,225,225,227,223,236,209,180,58,23,0,0,0,0,0,0,0,0,0,0,0,0,0,0,230,242,228,234,234,233,241,237,237,234,238,165,18,60,38,0,0,0,0,0,0,0,0,0,0,0,0,0,225,252,228,235,236,239,244,242,235,231,248,150,8,0,79,0,0,0,0,0,0,0,0,0,0,1,0,0,234,243,227,235,240,239,237,239,241,241,229,197,26,0,71,0,0,0,0,0,0,0,0,0,0,1,0,0,255,228,228,234,241,240,237,240,234,236,217,213,167,7,44,0,0,0,0,0,0,0,0,0,0,2,0,24,255,222,233,243,240,241,244,235,234,246,233,223,253,12,0,0,0,0,0,0,0,0,0,0,0,0,0,94,255,225,235,236,235,235,233,239,235,229,236,218,255,0,0,0,0,0,0,0,0,0,0,0,0,0,0,185,255,225,227,232,239,237,232,230,234,236,246,217,255,45,0,0,0,0,0,0,0,0,0,0,1,0,14,255,231,229,238,243,235,226,226,232,228,221,236,198,255,74,0,0,0,0,0,0,0,0,0,0,0,0,140,255,222,238,232,233,237,237,239,236,219,227,244,221,255,137,0,0,0,0,0,0,0,0,0,0,0,0,255,233,225,230,230,239,241,242,233,219,234,232,240,223,255,123,0,0,0,0,0,0,0,0,1,0,0,127,255,209,224,226,226,228,228,224,215,212,223,228,239,223,255,61,0,0,0,1,0,0,0,0,7,0,6,253,211,219,226,219,232,235,226,221,221,248,255,240,231,231,255,38,0,0,0,0,2,2,3,0,0,0,217,246,204,226,215,228,231,221,231,215,255,255,101,224,244,233,253,0,0,0,0,0,0,0,0,0,48,232,247,200,228,223,218,225,224,222,214,255,231,33,0,240,238,240,231,0,0,0,0,0,0,53,133,222,255,237,207,219,226,225,221,222,224,235,255,159,0,0,0,238,237,240,219,0,0,0,0,15,218,247,233,227,205,208,210,215,215,215,224,215,226,255,133,0,0,0,0,235,241,243,222,0,0,0,0,108,255,191,193,207,218,211,198,206,213,212,217,228,255,178,0,0,0,0,0,227,241,245,183,0,0,0,0,94,255,222,234,227,226,220,209,218,216,229,215,229,255,0,0,2,0,0,0,217,241,248,122,0,1,0,0,106,239,219,225,225,229,238,235,235,233,231,231,255,97,0,5,0,0,0,0,210,237,246,99,0,3,0,0,89,255,241,239,232,223,219,229,230,238,227,243,198,0,0,0,0,0,0,0,203,237,243,78,0,4,0,0,0,52,169,244,255,255,251,244,244,235,243,255,16,0,0,0,0,0,0,0,188,247,250,80,0,4,0,0,0,0,0,0,34,93,177,219,237,255,255,89,0,0,0,0,0,0,1,0,172,221,205,59,0,5,0,0,0,2,0,0,0,0,0,0,0,0,0,0,0,0,0,0,0,0,2,0,0,0,0,0,0,0,0,6
0,0,0,0,0,0,0,0,0,0,0,0,0,0,0,0,0,0,0,0,0,0,0,0,0,0,0,0,0,0,0,0,0,0,0,0,0,0,0,0,0,0,0,0,0,0,0,0,0,0,0,0,0,0,0,0,0,0,0,0,0,0,0,0,0,0,0,0,0,0,0,0,0,0,0,0,0,0,0,0,0,0,0,0,0,0,0,0,0,0,0,0,0,0,0,0,0,0,0,0,0,0,0,0,0,0,0,0,0,0,0,0,0,0,0,0,0,0,0,0,0,0,0,0,0,0,0,0,0,0,0,0,0,0,0,0,0,0,0,0,0,0,0,0,0,0,0,0,0,0,0,0,0,0,0,0,0,0,168,144,0,0,0,0,0,0,3,0,0,0,0,0,0,0,0,0,0,0,0,0,0,0,0,0,0,3,137,134,130,0,0,0,0,0,10,68,0,0,0,0,0,0,0,0,0,0,0,0,0,0,0,0,0,141,179,168,168,196,192,144,148,72,93,58,0,0,0,0,0,0,0,0,0,0,0,0,0,0,0,0,0,62,99,134,168,189,217,206,203,234,255,0,0,0,0,0,0,0,0,0,0,0,0,0,0,0,3,0,89,203,134,148,168,151,165,196,175,206,223,0,0,0,0,0,0,0,0,0,0,0,0,0,0,0,0,0,55,155,144,155,172,186,186,192,175,196,213,0,0,0,0,0,0,0,0,0,0,0,0,0,0,0,0,55,110,86,158,186,172,168,182,172,206,192,251,0,0,0,0,0,0,0,0,0,0,0,0,0,0,0,0,58,130,137,186,172,161,189,182,172,192,179,223,0,0,0,0,0,0,0,3,3,3,0,0,0,0,3,75,72,96,175,144,148,141,165,172,172,189,182,234,3,0,0,0,0,0,0,0,0,0,0,0,0,86,65,93,134,137,141,158,165,158,175,179,179,199,186,251,24,0,0,0,3,6,3,0,0,0,0,44,51,62,103,127,141,120,127,168,182,168,182,186,182,199,165,251,51,0,0,0,0,0,0,0,17,58,75,75,110,113,110,124,151,186,182,165,168,182,182,182,179,182,155,223,113,0,0,0,13,51,48,79,106,96,120,110,161,144,110,168,161,175,199,186,186,182,161,182,186,179,179,199,137,0,58,110,120,106,106,134,134,68,48,89,137,158,155,151,134,168,175,141,182,182,189,175,161,168,161,192,141,37,51,62,86,113,82,113,89,99,124,113,117,137,199,186,137,127,130,113,89,144,158,175,189,196,186,199,144,110,58,34,51,48,41,79,106,113,144,182,172,141,172,196,196,182,141,134,124,130,130,148,155,158,134,130,86,17,55,93,106,96,79,62,48,34,41,62,72,68,65,75,93,106,103,89,86,72,68,72,72,75,72,93,79,0,0,0,6,51,62,75,89,96,96,89,89,89,96,82,72,68,79,89,82,89,93,99,96,82,75,72,13,0,0,0,0,0,0,0,0,0,0,0,0,0,0,0,0,0,0,0,0,0,0,0,0,0,0,0,0,0,0,0,0,0,0,0,0,0,0,0,0,0,0,0,0,0,0,0,0,0,0,0,0,0,0,0,0,0,0,0,0,0,0,0,0,0,0,0,0,0,0,0,0,0,0,0,0,0,0,0,0,0,0,0,0,0,0,0,0,0,0,0,0,0,0,0,0,0,0,0,0,0,0,0,0,0,0,0,0,0,0,0,0,0,0,0,0,0,0,0,0,0,0,0,0,0,0,0,0,0,0,0,0,0,0,0,0,0,0,0,0,6
0,0,0,0,0,0,0,0,0,0,0,0,0,0,0,0,0,0,0,0,0,0,0,0,0,0,0,0,0,0,0,0,0,0,0,0,0,0,0,0,0,0,0,0,0,0,0,0,0,0,0,0,0,0,0,0,0,0,0,0,0,0,0,0,0,0,0,0,0,0,0,0,0,0,0,0,0,0,0,0,0,0,0,0,0,0,0,0,0,0,0,0,0,0,0,0,0,0,0,0,0,0,0,0,0,0,0,0,0,0,0,0,0,0,0,0,0,0,0,0,0,0,0,0,0,0,0,41,74,92,107,19,19,29,32,24,42,35,0,0,0,0,0,0,0,0,0,0,0,0,0,1,0,0,85,98,94,99,247,255,252,251,250,206,221,195,0,0,0,0,0,0,0,0,0,0,0,0,0,1,0,8,158,89,96,98,190,199,197,207,212,206,216,153,0,0,0,0,0,0,0,0,0,0,0,0,1,2,0,83,157,98,100,103,138,202,213,206,205,199,209,171,0,0,0,0,0,0,0,0,0,0,0,1,1,1,0,42,111,70,100,132,138,129,147,161,167,157,176,150,0,0,0,0,0,0,0,0,0,0,0,0,1,0,3,151,122,96,121,131,135,134,132,123,128,122,140,144,0,0,0,0,0,0,0,0,0,0,0,1,5,0,62,149,71,104,123,124,128,125,134,138,137,138,145,175,18,0,0,0,0,0,0,0,0,0,0,2,0,21,94,104,59,110,112,131,132,128,131,131,133,132,128,174,76,0,0,0,0,0,3,0,1,1,0,5,0,34,133,99,98,102,112,126,135,139,134,129,125,125,131,152,131,0,1,1,1,0,0,0,2,1,1,2,9,89,94,62,100,102,117,139,137,131,119,114,111,117,147,158,164,2,1,0,0,0,1,1,1,4,0,0,116,144,82,93,99,111,129,136,138,134,132,135,150,156,149,139,155,8,0,0,1,0,0,1,1,0,1,56,114,50,85,104,114,135,142,135,140,145,145,145,141,130,133,161,217,56,1,0,2,3,3,0,0,0,83,182,91,83,110,109,128,144,135,136,143,133,121,133,165,194,213,204,250,60,2,0,0,0,0,0,0,46,133,47,88,111,123,122,139,134,140,135,112,135,189,221,227,220,206,199,229,23,0,0,29,42,50,51,74,83,80,93,116,117,123,132,145,149,131,137,182,227,221,204,199,196,202,203,230,3,0,81,86,52,81,81,81,70,98,123,125,128,125,140,148,118,153,221,224,206,200,206,203,202,202,208,210,0,5,126,111,76,66,80,81,93,116,122,125,122,121,123,119,175,235,207,204,204,206,204,197,208,200,209,177,0,79,177,143,126,116,105,104,105,114,110,107,112,119,153,207,230,198,208,207,204,206,204,204,201,185,211,135,0,59,198,206,193,181,176,167,156,149,154,158,168,198,218,205,188,204,199,198,202,201,198,199,195,193,211,97,0,0,38,153,192,212,218,242,228,224,229,230,228,220,218,237,251,250,247,249,249,243,224,214,207,198,219,62,0,0,0,0,0,52,102,151,184,196,188,203,187,194,184,58,47,50,52,47,51,36,162,183,180,172,206,23,0,0,0,0,0,0,0,0,0,0,0,0,0,0,0,0,0,0,0,0,0,0,0,0,0,0,0,0,0,0,0,0,0,0,0,0,0,0,0,0,0,0,0,0,0,0,0,0,0,0,0,0,0,0,0,0,0,0,0,0,0,0,0,0,0,0,0,0,0,0,0,0,0,0,0,0,0,0,0,0,0,0,0,0,0,6
0,0,0,0,0,0,0,0,0,0,0,0,0,0,0,0,0,0,0,0,0,0,0,0,0,0,0,0,0,0,0,0,0,0,0,0,0,0,0,0,0,0,0,0,0,0,0,0,0,0,0,0,0,0,0,0,0,0,0,0,0,0,0,0,0,0,0,0,0,0,0,0,0,0,0,0,0,0,0,0,0,0,0,0,0,0,0,0,0,0,0,0,0,0,0,0,0,0,0,0,0,0,0,0,0,0,0,0,0,0,0,0,0,0,0,0,0,0,0,0,0,0,0,0,0,0,0,2,0,1,1,3,2,2,0,3,3,0,54,81,0,0,0,0,0,0,0,0,0,0,0,0,0,0,0,0,0,0,0,0,0,0,0,0,0,0,166,45,0,0,0,0,0,0,0,0,0,0,0,0,0,3,0,84,158,116,43,29,26,4,0,0,88,204,124,0,0,0,0,0,0,0,0,0,0,0,0,0,0,0,0,149,206,201,212,245,252,249,254,241,209,219,120,0,0,0,0,0,0,0,0,0,0,0,0,0,0,0,0,152,179,186,196,199,202,209,216,217,188,202,104,0,0,0,0,0,0,0,0,0,0,0,0,0,0,0,0,146,198,197,207,209,209,209,218,211,185,212,66,0,0,0,0,0,0,0,0,0,0,0,0,0,0,0,0,165,191,201,208,209,209,213,224,201,166,244,86,0,0,0,0,0,0,0,0,0,0,0,0,0,0,0,58,228,178,208,212,210,211,225,222,189,178,216,135,0,0,0,0,0,0,0,0,0,0,0,0,0,0,0,146,209,180,209,213,210,213,216,192,189,185,207,180,0,0,0,0,0,0,0,0,0,0,0,0,0,0,64,202,189,184,203,207,209,222,214,202,218,190,204,205,0,0,0,0,0,0,0,0,0,0,0,4,0,20,192,199,183,186,213,210,213,218,230,230,225,220,203,227,16,0,0,0,0,0,0,0,0,0,2,0,0,163,193,177,183,188,217,217,218,231,233,200,203,199,194,231,88,0,0,0,1,0,0,0,3,0,0,0,143,194,176,175,185,202,221,208,212,204,125,11,127,203,207,221,136,0,0,1,3,2,5,0,0,0,1,141,204,172,181,182,194,218,229,201,218,208,195,212,242,235,187,207,152,1,0,0,0,0,0,0,6,62,149,184,170,184,173,193,220,230,224,231,221,216,217,213,185,186,184,213,144,0,0,0,0,26,53,121,142,118,132,171,183,164,189,228,234,212,181,171,185,203,183,175,188,201,210,217,140,0,111,142,143,180,131,29,0,31,161,169,163,199,239,222,171,186,225,253,238,161,220,232,221,214,197,191,141,73,202,199,184,180,177,171,154,178,171,183,211,220,201,193,217,253,169,60,0,0,205,214,204,206,191,197,141,16,85,134,182,196,201,207,200,192,204,222,217,200,212,255,149,0,0,0,0,0,211,204,198,201,192,194,160,0,0,0,2,68,119,160,191,216,234,236,220,202,160,18,0,0,0,4,0,0,206,193,210,211,200,203,129,0,1,0,0,0,0,0,0,0,0,0,0,0,0,0,0,3,0,0,1,0,8,0,0,0,0,0,0,0,0,0,0,0,0,0,0,0,0,0,0,0,0,0,0,0,0,0,0,0,0,0,0,0,0,0,0,0,0,0,0,0,0,0,0,0,0,0,0,0,0,0,0,0,0,0,0,0,0,0,0,0,0,0,0,0,0,0,0,0,0,0,0,0,0,0,0,0,0,0,0,0,0,0,0,0,0,0,0,0,0,0,0,6
0,0,0,0,0,0,0,0,0,0,0,0,0,0,0,0,0,0,0,0,0,0,0,0,0,0,0,0,0,0,0,0,0,0,0,0,0,0,0,0,0,0,0,0,0,0,1,1,0,0,0,4,10,1,0,0,0,0,0,0,0,0,0,0,0,0,0,0,0,0,0,0,0,0,0,0,2,0,0,0,0,2,0,0,0,0,0,0,0,0,0,0,0,0,0,0,0,0,0,0,0,0,0,0,0,0,165,201,0,0,0,1,0,0,0,0,0,0,0,0,0,0,0,0,0,0,0,0,0,0,5,0,0,84,235,202,199,0,0,0,0,0,0,0,0,0,0,0,0,0,0,0,0,0,0,1,1,0,0,0,126,228,124,110,250,143,0,0,0,0,0,0,0,0,0,0,1,1,0,0,5,13,6,0,0,0,0,187,255,211,42,204,233,238,50,0,0,0,0,0,0,0,0,0,0,0,0,7,0,0,0,0,78,169,237,222,127,79,155,247,226,227,238,0,0,0,0,0,0,0,0,0,0,0,0,0,16,94,175,223,207,199,95,0,0,3,180,240,226,209,255,136,0,0,0,0,0,0,0,0,0,4,0,16,195,216,141,94,42,0,0,0,0,108,210,232,224,223,229,217,0,0,0,0,0,0,0,0,0,7,0,46,160,0,12,14,0,0,6,0,0,119,206,238,234,235,255,171,0,0,0,0,0,0,0,0,0,5,0,31,77,132,4,0,0,0,2,0,0,118,198,236,229,229,255,112,0,0,0,0,0,0,0,0,5,0,6,181,1,79,71,0,0,1,2,0,0,1,170,255,246,236,250,88,0,0,0,0,0,0,0,0,0,5,0,174,221,128,109,21,0,0,0,0,30,186,251,191,141,213,255,40,0,0,0,0,0,0,0,0,0,5,0,0,112,228,243,203,93,0,0,64,229,206,45,0,0,130,255,17,0,0,0,0,0,0,0,2,2,0,3,0,0,0,123,235,255,206,138,230,181,0,0,4,0,166,253,8,0,1,1,0,3,9,4,0,0,0,0,0,0,0,0,0,159,239,255,176,0,0,6,0,0,157,236,0,0,0,0,4,0,0,0,0,0,19,28,33,27,9,0,0,0,196,209,0,0,6,0,0,0,160,230,0,1,0,3,0,0,45,171,244,142,89,90,84,85,81,83,0,115,255,19,0,4,0,0,0,0,167,222,0,0,7,0,0,201,221,213,210,209,239,231,221,213,196,202,125,233,128,0,6,0,0,0,0,0,170,205,0,0,0,0,117,248,201,203,205,211,221,234,239,240,241,237,251,214,0,0,2,0,0,0,0,0,171,193,0,0,0,0,195,233,220,233,231,231,228,224,224,226,225,225,248,124,0,0,0,0,0,0,1,0,172,181,0,0,173,217,225,233,232,226,228,235,237,231,230,228,235,226,233,23,0,4,0,0,0,0,0,0,177,169,0,0,132,253,215,228,233,237,235,232,232,234,236,233,223,235,240,0,0,0,0,0,0,0,0,0,177,154,0,0,20,251,243,233,227,229,224,220,218,214,217,229,224,255,127,0,7,0,0,0,0,0,1,0,187,148,0,0,0,161,230,255,255,255,255,255,255,255,255,248,251,240,6,0,3,0,0,0,0,1,0,0,205,125,0,0,0,0,0,0,13,36,64,85,98,101,92,66,52,0,0,5,1,0,0,0,0,1,0,0,62,12,0,0,0,0,0,0,0,0,0,0,0,0,0,0,0,0,0,0,0,0,0,0,0,0,0,0,0,0,0,6
0,0,0,0,0,0,0,0,0,3,0,28,114,0,0,0,0,0,3,3,3,3,3,3,1,0,0,0,0,0,0,0,0,0,0,0,0,6,0,51,218,157,99,5,0,0,0,0,0,0,0,0,0,0,0,0,0,0,0,0,0,0,0,0,0,10,0,61,196,185,184,129,49,40,53,63,61,69,74,111,32,0,2,0,0,0,0,0,0,0,0,0,0,9,0,93,213,194,174,154,178,177,181,184,180,160,156,163,73,0,4,0,0,0,0,0,0,0,0,0,0,6,0,114,210,184,176,153,173,179,183,174,167,162,153,149,80,0,4,0,0,0,0,0,0,0,0,0,0,7,0,141,204,179,149,129,142,132,137,135,130,135,128,146,117,0,0,0,0,0,0,0,0,0,0,0,0,0,0,149,210,173,180,182,186,184,190,193,192,201,196,189,209,0,0,2,0,0,0,0,0,0,0,0,0,0,0,155,201,177,185,182,182,177,180,180,180,182,189,183,196,17,0,3,0,0,0,0,0,0,0,0,0,0,0,177,191,184,182,182,183,179,182,184,181,183,189,181,195,89,0,0,0,0,0,0,0,0,0,0,6,0,36,205,186,190,185,181,178,174,181,186,185,186,185,176,191,161,0,0,0,0,0,0,0,0,0,0,2,0,78,201,190,193,188,186,184,181,186,189,185,187,185,181,185,212,23,0,0,0,0,0,0,0,1,1,0,0,178,203,193,180,182,188,186,185,188,190,191,183,178,185,181,187,126,0,0,0,0,0,0,0,0,0,1,0,114,208,181,188,185,189,187,185,189,194,185,166,179,179,180,176,200,3,0,0,0,0,0,0,0,1,0,0,198,195,186,194,192,192,190,188,186,181,176,165,173,171,184,178,201,58,0,0,0,0,0,0,0,3,0,0,251,189,187,187,191,187,185,187,185,176,173,171,173,174,191,180,198,92,2,1,0,0,1,0,0,2,0,121,200,190,190,193,191,186,184,185,179,183,182,185,188,188,191,174,212,44,1,0,0,0,0,0,2,0,0,180,192,184,184,194,192,189,188,185,188,185,192,195,180,182,185,190,236,26,1,3,3,2,3,3,0,0,43,235,178,187,186,184,186,186,187,189,191,189,176,180,198,213,215,209,232,0,0,1,0,0,0,0,0,45,153,199,186,193,187,183,183,184,184,188,176,199,231,214,214,210,203,206,208,0,0,0,0,21,33,61,136,163,137,162,191,191,191,186,186,189,193,179,239,219,76,218,194,201,203,209,182,0,0,46,139,126,127,145,149,141,161,184,185,196,183,190,190,179,177,255,178,0,0,250,201,208,201,214,145,0,2,201,142,116,113,123,146,164,165,190,197,193,191,189,186,180,215,138,0,0,0,239,203,199,199,212,98,0,18,173,187,168,162,157,156,166,173,193,189,191,188,193,179,212,140,0,0,0,0,234,207,203,200,210,49,0,116,156,144,173,193,222,216,210,208,201,206,193,211,175,193,148,0,0,0,0,0,192,205,203,197,202,29,0,9,203,195,171,154,152,156,156,156,163,175,171,149,178,142,0,0,0,1,0,0,183,201,201,198,191,0,0,0,0,58,187,190,201,204,193,185,182,183,171,215,145,0,0,1,0,2,0,0,198,227,212,213,181,0,0,5,1,0,0,0,27,73,99,164,115,191,48,86,0,0,4,0,0,0,0,0,56,54,35,21,0,0,0,0,0,7,0,0,0,0,0,0,0,0,0,0,0,1,0,0,0,0,1,0,0,0,0,0,0,1,0,6
0,0,0,0,0,0,0,0,0,0,0,0,0,0,0,0,0,0,0,0,0,0,0,0,0,0,0,0,0,0,0,0,0,0,0,0,0,0,0,0,0,0,0,0,0,0,0,0,0,0,0,0,0,0,0,0,0,0,0,0,0,0,0,0,0,0,0,0,0,0,0,0,0,0,0,0,0,0,0,0,0,0,0,0,0,0,0,0,0,0,0,0,0,0,0,0,0,0,0,0,0,0,0,0,0,0,0,0,0,0,0,0,0,0,0,0,0,0,0,0,0,0,0,0,0,0,0,0,0,0,0,0,0,0,0,0,0,0,0,0,0,0,0,0,0,0,0,0,0,0,0,0,2,0,0,169,100,12,0,0,0,0,0,0,0,0,0,0,0,0,0,0,0,0,0,0,0,0,0,0,4,0,0,238,248,255,192,0,0,0,91,186,228,239,50,0,0,0,0,0,0,0,0,0,0,0,0,0,2,0,49,236,220,230,255,231,54,208,255,255,161,179,55,0,0,0,0,0,0,0,0,0,0,0,0,0,1,0,123,247,226,225,220,253,255,255,240,240,201,196,0,0,0,0,0,0,0,0,0,0,0,0,0,0,0,0,225,241,222,233,238,221,193,248,240,242,255,255,0,0,0,0,0,0,0,0,0,0,0,0,0,0,0,74,255,231,231,233,249,230,161,255,245,241,234,255,33,0,0,0,0,0,0,0,0,0,0,3,0,0,0,244,240,228,232,246,230,197,209,250,245,244,230,255,148,0,0,0,0,0,0,0,0,0,0,1,2,0,147,255,227,237,232,244,209,210,188,252,245,246,239,245,246,0,0,0,0,0,0,0,0,0,0,0,0,53,255,228,231,233,233,237,207,241,192,253,244,245,242,235,255,16,0,0,0,0,1,1,1,0,0,0,35,255,244,221,231,226,239,230,222,199,147,255,239,243,238,228,255,59,0,2,8,0,0,0,0,0,0,121,255,246,221,230,235,235,248,220,211,166,127,255,229,248,238,226,255,70,0,0,0,0,0,0,0,67,232,255,237,226,233,233,234,233,249,215,209,189,146,231,231,248,243,240,255,58,0,0,115,173,190,221,241,255,246,223,225,231,230,231,238,235,252,200,196,210,209,229,228,253,233,221,248,102,0,227,246,227,224,226,225,218,225,230,230,233,235,234,238,239,245,204,181,255,215,206,206,191,192,182,205,43,49,234,230,228,231,227,227,227,230,231,234,236,239,238,230,240,249,255,205,115,176,208,244,198,178,187,198,20,78,200,212,224,227,230,230,233,235,236,237,240,242,239,240,255,209,121,178,0,119,201,183,177,178,186,180,0,0,14,100,167,206,228,247,224,230,232,236,236,227,251,227,105,0,84,55,0,71,255,206,208,207,218,150,0,0,0,0,0,0,21,42,77,109,123,137,128,103,42,0,0,0,18,0,0,12,104,73,64,50,63,8,0,1,2,0,0,0,0,0,0,0,0,0,0,0,0,0,3,0,0,5,0,0,0,0,0,0,0,0,1,0,0,0,0,0,0,0,0,0,0,0,0,0,0,0,0,0,0,0,0,0,0,0,0,0,0,0,0,0,0,0,0,0,0,0,0,0,0,0,0,0,0,0,0,0,0,0,0,0,0,0,0,0,0,0,0,0,0,0,0,0,0,0,0,0,0,0,0,0,0,0,0,0,0,0,0,0,0,0,0,0,0,0,0,0,0,0,0,0,0,0,0,0,0,0,0,0,0,0,0,0,0,0,0,0,0,0,0,0,0,0,0,6
0,0,0,0,0,0,0,0,0,0,0,0,0,0,0,0,0,0,0,0,0,0,0,0,0,0,0,0,0,0,0,0,0,0,0,0,0,0,0,0,0,0,0,0,0,0,0,0,0,0,0,0,0,0,0,0,0,0,0,0,0,0,0,0,0,0,0,0,0,0,0,0,0,0,0,0,0,0,0,0,0,0,0,0,0,0,0,0,0,0,0,0,0,3,0,0,0,0,0,0,0,0,0,0,6,45,89,190,54,0,0,0,0,0,0,0,0,0,0,0,0,1,1,2,0,0,213,105,0,106,182,231,255,232,229,244,149,0,0,0,0,0,0,0,0,0,0,0,0,0,0,5,0,51,204,203,212,235,231,227,220,217,217,225,215,1,0,3,0,0,0,0,0,0,0,0,0,3,0,0,0,161,212,199,210,210,213,215,224,230,225,221,236,87,0,0,0,0,0,0,0,0,0,0,0,1,3,0,106,202,174,203,209,229,222,219,225,235,214,215,238,165,0,0,0,0,0,0,0,0,0,0,0,2,0,0,242,180,112,230,218,219,216,225,226,218,215,221,232,216,0,0,0,0,0,0,0,0,0,0,0,0,0,118,206,188,228,220,203,208,216,232,226,201,220,229,221,252,110,0,0,0,0,0,0,0,0,0,4,0,11,233,151,169,229,209,215,221,218,221,217,206,218,226,223,233,219,0,0,0,0,0,0,0,0,0,0,0,178,222,179,213,211,209,226,224,218,205,210,213,215,222,225,222,219,11,0,0,0,0,0,0,0,2,0,73,214,204,221,217,218,220,215,206,201,206,210,211,210,219,223,221,235,66,0,0,0,0,0,0,2,0,0,223,200,199,193,206,212,215,210,201,204,208,206,212,217,231,235,219,222,79,1,2,3,3,3,0,0,0,120,222,205,209,220,218,217,218,212,206,207,210,217,229,218,201,186,194,211,62,1,0,0,0,0,0,0,113,209,208,215,203,210,226,221,217,214,219,224,210,184,166,175,193,210,217,252,22,0,0,0,0,0,22,170,223,205,209,212,212,216,223,214,211,224,218,206,179,193,215,227,228,223,221,228,0,0,135,185,190,188,211,217,205,208,209,219,220,213,215,225,230,195,180,210,226,221,216,219,222,217,226,202,0,39,195,203,205,212,202,205,209,217,214,217,221,215,228,215,182,207,222,222,211,217,220,222,221,212,228,169,0,30,195,204,212,209,210,204,208,205,215,226,213,228,204,175,212,220,217,215,213,215,224,222,215,213,231,121,0,65,180,185,201,224,216,225,228,233,232,232,220,195,185,222,219,219,214,212,215,215,215,220,216,214,230,68,0,76,189,186,182,180,170,174,178,184,186,191,190,201,213,219,213,214,217,214,216,219,217,220,225,223,230,42,0,38,146,151,178,195,200,205,204,211,209,207,213,210,203,203,197,199,201,194,199,200,207,200,197,190,183,26,0,16,141,165,124,96,157,158,168,167,169,160,151,145,141,138,154,134,93,154,132,152,90,134,146,142,134,17,0,0,0,54,40,6,147,154,101,10,158,150,137,143,143,129,138,66,1,129,126,120,0,82,136,116,91,0,0,1,0,0,0,0,0,21,1,0,28,27,10,2,0,0,0,0,0,0,0,0,0,0,0,0,0,0,0,0,0,0,0,0,0,0,0,0,0,0,0,0,0,0,0,0,0,0,0,0,0,0,0,0,0,0,0,0,0,0,0,0,0,0,0,0,0,0,0,0,0,0,0,0,0,0,0,0,0,0,0,0,0,0,0,6
0,0,0,0,0,0,0,0,0,0,0,0,0,0,0,0,0,0,0,0,0,0,0,0,0,0,0,0,0,0,0,0,0,0,0,0,0,0,0,0,0,0,0,0,0,0,0,0,0,0,0,0,0,0,0,0,0,0,0,0,0,0,0,0,0,0,0,0,0,0,0,0,0,0,0,0,0,0,0,0,0,0,0,0,0,0,0,0,0,0,0,0,0,0,0,0,0,0,0,0,0,0,0,0,0,0,0,0,0,0,0,0,0,0,0,0,0,0,0,0,0,1,1,0,0,76,78,51,45,33,20,6,16,64,40,3,130,158,0,0,0,0,0,0,0,0,0,0,0,0,2,0,13,144,165,170,173,171,174,172,156,165,197,166,159,202,80,0,0,0,0,0,0,0,0,0,0,0,0,0,0,21,28,48,66,81,93,92,128,175,153,158,137,189,197,0,0,0,0,0,0,0,0,0,0,0,1,1,0,0,0,0,0,0,0,0,0,0,135,217,225,229,255,0,0,0,0,0,0,0,0,0,0,0,0,0,0,2,4,4,4,5,6,2,0,0,144,197,244,226,243,62,0,0,0,0,0,0,0,0,0,0,0,0,0,0,0,0,0,0,0,1,0,3,164,227,235,226,237,123,0,0,0,0,0,0,0,0,0,0,0,0,0,0,1,1,0,1,0,2,0,57,213,236,227,225,240,125,0,0,0,0,0,0,0,0,0,0,0,0,0,0,0,0,0,0,2,0,0,107,231,233,229,227,255,42,0,0,0,0,1,0,0,1,3,2,0,0,1,2,2,0,6,0,0,0,9,162,225,234,232,236,255,0,0,0,0,0,0,0,7,0,0,0,0,0,0,0,0,6,0,0,28,175,235,232,241,235,233,236,253,0,0,0,1,0,2,0,0,0,45,1,0,2,0,1,0,0,0,163,255,255,202,27,237,239,230,235,234,0,0,0,1,0,0,0,76,168,117,73,0,0,1,0,0,68,226,255,183,27,0,0,255,241,227,238,223,0,3,5,9,0,0,205,221,233,131,90,27,0,0,0,134,247,242,101,0,0,0,0,255,238,229,240,210,0,0,0,0,0,52,184,224,222,208,96,78,0,0,165,250,238,66,0,0,3,0,0,253,237,227,243,199,0,33,59,13,0,0,132,225,226,234,226,172,12,216,247,243,100,0,0,0,1,0,0,250,238,226,244,178,0,135,236,213,235,184,116,195,239,222,248,240,189,237,242,169,0,0,3,0,2,0,0,245,239,224,246,156,0,95,232,223,226,255,193,187,248,228,227,240,231,231,224,0,0,2,1,0,2,0,0,243,240,224,246,140,0,91,234,214,222,223,243,246,237,239,230,235,228,246,167,0,0,0,0,0,1,0,0,241,240,227,247,123,0,42,218,239,228,227,224,220,224,222,232,230,226,246,49,0,2,0,0,0,1,0,0,230,240,222,248,105,0,0,3,143,229,255,255,255,255,255,254,237,255,235,0,0,1,0,0,0,1,0,0,231,245,233,255,86,0,0,0,0,0,13,59,107,140,167,172,171,178,17,0,0,0,0,0,0,1,0,0,199,215,193,196,32,0,0,0,0,0,0,0,0,0,0,0,0,0,0,0,0,0,0,0,0,0,0,0,0,0,0,0,0,0,0,0,0,0,0,0,0,0,0,0,0,0,0,0,0,0,0,0,0,0,0,0,0,0,0,0,0,0,0,0,0,0,0,0,0,0,0,0,0,0,0,0,0,0,0,0,0,0,0,0,0,0,0,0,0,0,6
0,0,0,0,0,0,0,0,0,0,0,0,0,0,0,0,0,0,0,0,0,0,0,0,0,0,0,0,0,0,0,0,0,0,0,0,0,0,0,0,0,0,0,0,0,0,0,0,0,0,0,0,0,0,0,0,0,0,0,0,0,0,0,0,0,0,0,0,0,0,0,0,0,0,0,0,0,0,0,0,0,0,0,0,0,0,0,0,0,0,0,0,0,0,0,0,0,0,0,0,0,0,0,0,0,0,0,0,0,0,0,0,0,0,0,0,0,0,0,0,0,0,0,0,0,0,0,0,0,0,0,0,0,0,0,0,0,0,0,0,0,0,0,0,0,0,0,0,0,0,0,0,0,0,0,3,0,39,161,0,0,3,0,0,0,0,0,0,0,0,0,0,0,0,0,0,0,0,0,0,0,0,0,0,0,211,182,169,0,0,0,0,1,0,0,0,0,0,0,0,0,0,0,0,0,0,0,0,0,0,0,0,153,179,134,238,252,57,0,0,0,0,0,0,0,0,0,0,0,0,0,0,0,0,0,0,0,0,0,109,255,166,233,236,243,250,229,117,0,0,0,0,0,0,0,0,0,0,0,0,0,0,0,0,0,0,0,205,190,209,255,236,240,239,251,253,231,177,39,0,0,0,0,0,0,0,0,0,0,0,0,0,0,0,122,255,151,245,242,235,243,246,242,240,243,255,255,0,0,0,0,0,0,1,1,0,0,1,0,1,0,62,247,177,211,244,238,238,243,241,254,245,241,248,203,0,0,0,0,0,1,1,0,0,0,2,4,0,0,223,217,149,253,240,238,235,235,238,245,242,243,249,252,0,0,0,0,0,1,0,1,3,1,0,0,0,153,228,132,229,248,233,235,234,237,237,238,250,252,245,253,0,0,0,0,0,0,0,6,0,0,0,47,208,162,60,195,253,232,233,234,234,238,240,229,210,208,208,217,53,0,1,2,4,2,0,0,0,5,168,180,149,114,221,255,232,236,235,239,235,237,232,211,213,217,210,228,99,0,0,0,0,0,0,15,151,225,151,83,176,254,248,229,235,235,239,235,233,239,226,213,215,202,209,224,48,0,0,48,89,112,185,255,180,96,101,251,255,224,224,233,234,235,239,234,237,233,222,225,228,229,222,223,53,1,159,168,169,181,215,193,18,64,248,252,218,232,233,229,232,231,234,235,243,226,208,213,212,214,207,216,39,73,210,186,160,136,142,140,109,172,247,233,240,231,236,237,238,237,239,246,236,207,203,206,205,205,201,205,6,88,202,207,217,215,210,209,236,218,223,226,222,229,227,224,226,227,228,224,211,200,206,208,205,207,204,188,0,0,87,170,197,230,237,246,242,237,238,236,236,233,240,247,247,249,250,254,251,251,253,255,249,221,221,198,0,0,0,0,0,19,40,56,91,110,117,111,100,99,76,57,58,53,51,50,50,51,51,56,55,57,54,30,0,0,0,0,0,0,0,0,0,0,0,0,0,0,0,0,0,0,0,0,0,0,0,0,0,0,0,0,0,0,0,0,0,0,0,0,0,0,0,0,0,0,0,0,0,0,0,0,0,0,0,0,0,0,0,0,0,0,0,0,0,0,0,0,0,0,0,0,0,0,0,0,0,0,0,0,0,0,0,0,0,0,0,0,0,0,0,0,0,0,0,0,0,0,0,0,0,0,0,0,0,0,0,0,0,0,0,0,0,0,0,0,0,0,0,0,0,0,0,0,0,0,0,0,0,0,0,0,0,0,0,0,0,0,0,0,0,0,0,0,0,6
0,0,0,0,0,0,0,0,0,0,0,0,0,0,0,0,0,0,0,0,0,0,0,0,0,0,0,0,0,0,0,0,0,0,0,0,0,0,0,0,0,0,0,0,0,0,0,0,0,0,0,0,0,0,0,0,0,0,0,0,0,0,0,0,0,0,0,0,0,0,0,0,0,0,0,0,0,0,0,0,0,0,0,0,0,0,0,0,0,0,0,0,0,0,0,0,0,0,0,0,0,0,0,0,0,0,0,0,0,0,0,0,0,0,0,0,0,0,0,0,0,0,0,0,0,0,0,0,6,109,0,0,0,0,0,0,0,0,0,1,0,0,0,0,0,0,0,0,0,0,0,0,0,0,1,0,145,234,199,82,0,0,0,0,12,47,13,0,0,0,0,0,0,0,0,0,0,0,0,0,0,6,0,106,233,199,204,144,171,169,165,178,178,216,161,0,0,0,0,0,0,0,0,0,0,0,0,1,0,4,0,147,220,210,208,189,214,214,206,203,203,214,148,0,0,0,0,0,0,0,0,0,0,0,0,0,0,0,0,196,201,213,209,187,200,199,202,198,198,208,159,0,0,0,0,0,0,0,0,0,0,1,0,0,0,0,81,255,199,219,224,214,222,214,214,214,208,224,158,0,0,0,0,0,0,0,0,0,0,0,0,1,0,55,255,186,205,208,204,211,230,236,235,238,223,247,157,0,0,0,0,0,0,0,0,0,0,2,0,0,13,228,202,199,210,213,212,207,210,213,218,225,214,242,150,0,0,0,0,0,0,0,0,0,0,0,0,66,234,205,181,212,213,219,214,218,219,220,219,222,214,246,165,0,0,0,0,0,0,0,1,4,0,0,131,255,184,183,211,207,209,210,209,211,213,216,219,217,219,240,193,0,0,0,0,3,6,0,0,0,0,97,236,171,197,208,202,206,211,211,218,217,218,217,218,219,217,225,239,0,0,3,0,0,0,0,0,21,153,230,197,206,215,212,215,219,216,219,215,212,209,207,203,197,197,215,241,0,1,0,0,8,69,108,171,213,199,204,205,211,202,200,197,191,190,190,190,198,204,204,200,201,220,221,242,0,0,0,143,169,181,188,183,176,186,203,194,184,184,190,193,195,199,204,211,212,204,204,204,212,219,213,255,18,0,92,208,179,172,170,190,195,184,196,203,197,195,195,197,197,194,200,207,199,192,201,221,234,239,221,254,0,0,164,213,196,188,182,189,186,174,175,187,181,190,201,210,218,222,225,235,240,234,227,224,205,209,212,221,33,81,182,194,208,227,216,213,209,205,204,212,216,226,222,226,229,228,228,231,198,192,189,195,187,188,185,223,138,164,207,182,177,185,172,177,187,193,202,204,215,206,216,236,198,167,110,121,206,197,198,199,198,194,193,201,115,18,165,243,246,242,236,233,226,222,223,235,221,239,54,16,0,0,0,5,255,211,250,251,253,249,214,255,136,0,0,0,45,80,94,111,125,130,114,80,21,30,0,0,0,0,0,0,75,62,69,71,75,69,70,67,6,0,0,0,0,0,0,0,0,0,0,0,0,0,0,0,0,0,0,0,0,0,0,0,0,0,0,0,0,0,0,0,0,0,0,0,0,0,0,0,0,0,0,0,0,0,0,0,0,0,0,0,0,0,0,0,0,0,0,0,0,0,0,0,0,0,0,0,0,0,0,0,0,0,0,0,0,0,0,0,0,0,0,0,0,0,0,0,0,0,0,0,0,0,0,0,0,0,0,0,0,0,0,0,0,0,0,0,0,0,0,0,0,6
0,0,0,0,0,0,0,0,0,0,0,0,0,0,0,0,0,0,0,0,0,0,0,0,0,0,0,0,0,0,0,0,0,0,0,0,0,0,0,0,0,0,0,0,0,0,0,0,0,0,0,0,0,0,0,0,0,0,0,0,0,0,0,0,0,0,0,0,0,0,0,0,0,0,0,0,0,0,0,0,0,0,0,0,0,0,0,0,0,0,0,0,0,0,0,0,0,0,0,0,0,0,0,0,0,0,0,0,0,0,0,0,0,0,0,0,0,0,0,0,0,0,0,0,0,0,0,0,0,0,0,0,0,0,0,0,0,0,0,0,0,0,0,0,0,0,0,0,0,0,0,0,0,0,0,0,0,0,0,0,0,0,0,0,0,0,0,0,0,0,0,0,0,0,0,0,0,0,0,0,0,0,0,0,0,181,87,0,0,0,0,1,3,1,0,0,0,0,0,0,0,0,0,0,0,0,0,0,0,2,0,0,168,181,183,136,27,0,0,0,0,0,0,0,0,0,0,0,0,0,0,0,0,0,0,0,0,0,0,90,222,172,179,221,228,215,146,75,1,0,0,0,0,0,0,0,0,0,0,0,0,0,0,0,3,0,0,226,176,201,196,210,215,220,227,215,202,195,60,0,0,0,0,0,0,0,0,0,0,1,0,1,0,0,94,189,185,199,203,244,222,213,213,203,192,214,116,0,0,0,0,0,0,0,0,0,0,0,3,0,0,82,209,207,181,214,198,221,241,213,219,201,194,200,152,0,0,0,0,0,0,0,1,1,1,5,0,0,83,223,166,180,223,195,215,203,208,231,213,203,204,211,222,0,0,0,1,2,2,2,4,5,0,0,20,181,209,122,162,194,197,199,214,217,202,213,226,216,201,196,224,36,0,2,0,0,0,0,0,0,0,39,170,166,125,149,180,177,205,220,219,213,219,209,177,174,182,192,237,53,0,0,1,14,8,9,37,94,151,193,152,145,152,180,198,200,196,196,203,202,198,181,177,170,180,193,226,82,0,64,123,158,175,183,182,170,146,103,161,176,170,196,199,188,199,200,196,209,199,181,179,168,180,193,205,122,0,157,140,117,114,124,117,115,117,112,145,173,172,173,177,189,196,198,200,197,194,199,205,205,205,199,208,117,12,168,197,195,186,172,162,161,159,154,160,157,159,180,190,204,215,220,223,224,218,221,225,222,220,215,255,82,43,66,108,149,181,199,207,207,204,201,203,201,203,207,205,220,196,179,162,141,137,140,126,119,121,115,125,32,39,67,55,37,33,46,75,108,128,145,144,145,135,104,75,43,29,23,11,8,4,6,12,17,29,32,52,44,0,8,37,72,86,88,68,49,38,32,34,34,30,46,66,92,103,112,163,227,234,221,226,226,221,215,227,138,1,0,0,0,0,25,47,65,92,97,95,93,93,81,52,24,0,0,0,23,51,48,43,39,32,27,26,0,0,0,0,0,0,0,0,0,0,0,0,0,0,0,0,0,0,0,0,0,0,0,0,0,0,0,0,0,0,0,0,0,0,0,0,0,0,0,0,0,0,0,0,0,0,0,0,0,0,0,0,0,0,0,0,0,0,0,0,0,0,0,0,0,0,0,0,0,0,0,0,0,0,0,0,0,0,0,0,0,0,0,0,0,0,0,0,0,0,0,0,0,0,0,0,0,0,0,0,0,0,0,0,0,0,0,0,0,0,0,0,0,0,0,0,0,0,0,0,0,0,0,0,0,0,0,0,0,0,0,0,0,0,0,0,0,0,0,0,0,6
0,0,0,0,0,0,0,0,0,0,0,0,0,0,0,0,0,0,0,0,0,0,0,0,0,0,0,0,0,0,0,0,0,0,0,0,0,0,0,0,0,0,0,0,0,0,0,0,0,0,0,0,0,0,0,0,0,0,0,0,0,0,0,0,0,0,0,0,0,0,0,0,0,0,0,0,0,0,0,0,0,0,0,0,0,0,0,0,0,0,0,0,0,0,0,0,0,0,0,0,0,0,0,0,0,0,0,0,0,0,0,0,0,0,0,0,0,0,0,0,0,0,0,0,0,0,0,0,0,0,0,0,0,0,0,0,0,0,0,0,0,0,0,0,0,0,0,0,0,0,0,0,0,0,1,0,0,0,0,0,0,0,0,0,0,0,0,0,0,0,0,0,0,0,0,0,0,0,0,0,0,0,0,2,0,69,100,0,0,0,0,59,72,50,0,0,0,0,0,0,0,0,0,0,0,0,0,0,0,1,3,0,0,196,219,164,172,170,189,224,236,185,0,0,0,0,0,0,0,0,0,0,0,0,0,0,0,0,1,0,94,212,194,212,217,219,216,206,200,216,11,0,0,0,0,0,0,0,0,0,0,0,0,0,0,3,0,0,212,199,202,201,193,200,207,207,209,235,75,0,0,0,0,0,0,0,0,0,0,1,1,0,0,0,0,142,232,199,207,208,207,212,213,211,215,209,106,0,0,0,0,0,0,0,0,0,0,0,0,1,0,0,117,234,194,214,205,204,207,207,209,207,214,220,21,0,0,0,0,0,0,0,0,0,0,8,1,0,0,123,229,196,208,210,202,190,197,206,204,200,221,184,0,0,0,0,0,0,0,0,0,2,0,0,0,23,181,235,189,207,212,207,205,205,207,211,204,211,211,255,40,0,0,0,1,3,6,1,0,0,0,11,144,236,203,190,204,209,212,201,204,214,211,211,209,213,214,229,155,0,0,2,0,0,0,0,0,0,92,217,206,193,196,202,204,215,211,211,205,212,206,213,212,210,226,217,238,0,0,0,0,22,44,60,119,221,234,198,193,209,210,201,205,214,219,215,207,203,209,212,207,213,215,210,252,51,0,56,162,178,192,218,198,196,195,194,204,213,209,212,212,210,213,219,220,203,198,210,214,217,206,207,228,66,17,187,194,187,188,188,197,200,202,206,205,212,211,206,207,209,211,210,225,231,220,225,226,221,222,224,230,49,65,180,191,199,200,202,199,190,193,197,186,194,204,206,215,218,216,217,219,219,232,233,237,226,222,207,229,63,44,122,141,167,184,191,194,198,200,194,197,210,207,204,202,199,210,204,197,183,163,150,149,146,146,129,124,68,0,0,22,61,94,126,146,166,192,199,204,197,185,170,143,117,95,64,27,32,148,148,143,158,170,148,144,80,0,0,0,0,0,0,1,12,37,45,40,26,17,1,0,0,0,0,0,0,45,46,42,43,38,31,20,0,0,0,0,0,0,0,0,0,0,0,0,0,0,0,0,0,0,0,0,0,0,0,0,0,0,0,0,0,0,0,0,0,0,0,0,0,0,0,0,0,0,0,0,0,0,0,0,0,0,0,0,0,0,0,0,0,0,0,0,0,0,0,0,0,0,0,0,0,0,0,0,0,0,0,0,0,0,0,0,0,0,0,0,0,0,0,0,0,0,0,0,0,0,0,0,0,0,0,0,0,0,0,0,0,0,0,0,0,0,0,0,0,0,0,0,0,0,0,0,0,0,0,0,0,0,0,0,0,0,0,0,0,0,0,0,0,0,0,0,0,6
0,0,0,0,0,0,0,0,0,0,0,0,0,0,0,0,0,0,0,0,0,0,0,0,0,0,0,0,0,0,0,0,0,0,0,0,0,0,0,0,0,0,0,0,0,0,0,0,0,0,0,0,0,0,0,0,0,0,0,0,0,0,0,0,0,0,0,0,0,0,0,0,0,0,0,0,0,0,0,0,0,0,0,0,0,0,0,0,0,0,0,0,0,0,0,0,0,0,0,0,0,0,0,0,0,0,0,0,0,0,0,0,0,0,0,0,0,0,0,0,0,0,0,0,0,0,0,0,0,0,0,0,0,0,0,0,0,0,0,0,0,0,0,0,0,0,0,0,0,0,0,0,0,0,0,3,0,0,0,136,27,0,0,0,0,0,0,0,0,0,0,0,0,0,0,0,0,0,0,0,0,0,0,2,0,5,170,223,219,92,0,1,0,0,1,0,0,0,0,0,0,0,0,0,0,0,0,0,0,1,0,3,0,79,207,133,219,178,0,0,3,0,0,0,0,0,0,0,0,0,0,0,0,0,0,0,0,0,4,0,33,255,145,175,224,231,84,0,0,0,0,0,0,0,0,0,0,0,0,0,0,0,0,0,0,0,0,7,206,188,138,218,231,230,255,192,62,141,203,32,0,0,0,0,0,0,0,0,0,0,0,0,0,0,28,255,198,136,193,226,236,231,225,236,238,231,242,77,0,0,0,0,0,0,0,0,0,0,0,0,0,0,247,188,121,204,199,221,242,230,237,226,219,224,218,0,0,0,0,1,0,0,0,3,7,0,0,0,185,182,191,113,177,214,201,207,241,241,228,229,224,228,212,0,0,1,5,8,2,0,0,0,0,0,149,171,243,165,132,168,213,200,206,198,199,230,240,235,224,223,255,0,0,0,0,0,0,0,0,55,169,172,251,179,112,135,176,210,216,210,212,208,192,187,191,199,191,171,238,97,0,0,57,102,76,52,99,234,197,140,104,133,165,216,218,214,211,211,215,209,209,201,197,205,201,193,215,127,0,141,140,97,141,195,156,95,135,131,182,210,203,190,202,210,208,204,211,205,202,194,193,189,183,192,205,155,0,155,197,144,140,141,134,189,188,205,204,201,203,186,198,211,211,211,210,205,209,209,203,200,201,194,208,151,131,116,128,177,197,227,204,187,186,192,197,207,204,197,195,193,197,201,198,195,197,198,207,213,214,203,230,110,107,167,159,119,124,142,189,234,233,223,219,216,208,217,224,229,232,231,231,229,221,218,214,208,202,192,203,39,0,0,133,222,199,130,82,92,124,160,200,209,206,193,177,153,130,112,111,125,123,118,119,122,122,109,121,93,0,0,0,0,65,205,230,204,180,142,119,99,113,123,130,146,180,207,218,222,223,220,222,220,218,217,237,172,0,0,0,0,0,0,0,34,129,135,200,214,185,184,207,197,141,116,129,140,107,175,171,131,140,160,153,65,0,0,0,0,0,0,0,0,0,0,0,0,0,0,0,0,0,0,0,0,0,0,0,0,0,0,0,0,0,0,0,0,0,0,0,0,0,0,0,0,0,0,0,0,0,0,0,0,0,0,0,0,0,0,0,0,0,0,0,0,0,0,0,0,0,0,0,0,0,0,0,0,0,0,0,0,0,0,0,0,0,0,0,0,0,0,0,0,0,0,0,0,0,0,0,0,0,0,0,0,0,0,0,0,0,0,0,0,0,0,0,0,0,0,0,0,0,0,0,0,0,0,0,0,0,0,0,0,0,0,0,0,0,0,0,0,0,0,0,0,6
0,0,0,0,0,0,0,0,0,0,0,0,0,0,0,0,0,0,0,0,0,0,0,0,0,0,0,0,0,0,0,0,0,0,0,0,0,0,0,0,0,0,0,0,0,0,0,0,0,0,0,0,0,0,0,0,0,0,0,0,0,0,0,0,0,0,0,0,0,0,0,0,0,0,0,0,0,0,0,0,0,0,0,0,0,0,0,0,0,0,0,0,0,0,0,0,0,0,0,0,0,0,0,0,0,0,0,0,0,0,0,0,0,0,0,0,0,0,0,0,0,0,0,0,0,0,1,0,0,109,43,0,0,0,0,0,0,0,0,0,0,0,0,0,0,0,0,0,0,0,0,0,0,0,8,0,71,255,235,216,231,193,215,197,189,194,133,40,0,0,0,0,0,0,0,0,0,0,0,0,0,0,3,0,143,242,222,234,220,198,239,227,229,229,240,125,0,0,0,0,0,0,0,0,0,0,0,0,0,2,0,0,209,236,218,227,212,181,229,202,213,215,212,0,0,0,0,0,0,0,0,0,0,0,0,0,0,4,0,0,255,227,219,233,255,229,229,210,218,230,194,0,0,0,0,0,0,0,0,0,0,0,0,0,0,5,0,31,237,223,218,234,206,219,226,231,231,229,152,0,0,0,0,0,0,0,0,0,0,0,0,0,0,3,0,111,246,214,217,222,182,216,218,205,213,232,135,0,0,0,0,0,0,0,0,0,0,0,0,0,0,1,0,153,255,217,225,235,180,226,228,207,210,228,139,0,0,0,0,0,0,0,0,0,0,0,0,0,0,0,0,241,249,246,237,228,206,211,208,211,208,227,173,0,0,0,0,0,0,0,0,0,1,1,0,0,0,0,104,255,235,245,246,251,255,255,255,255,242,255,201,0,0,0,0,0,0,0,0,0,0,0,0,0,0,99,255,240,242,240,243,245,242,239,242,245,239,255,194,0,0,0,0,0,0,0,0,0,0,0,0,0,178,255,235,242,248,243,247,244,243,241,244,244,230,251,196,0,0,0,0,1,2,4,4,0,0,0,0,244,248,233,241,240,245,243,246,244,237,247,243,241,235,251,225,0,0,3,4,0,0,0,0,0,0,113,251,246,233,235,242,244,242,244,245,245,245,241,241,242,238,250,254,0,0,0,0,0,0,0,70,168,255,255,234,240,243,241,244,245,245,247,246,242,240,238,239,241,236,241,255,0,0,0,148,240,250,255,247,252,243,238,227,237,242,241,243,243,244,246,243,239,238,240,235,232,225,234,254,0,0,198,255,241,240,240,234,235,241,246,242,240,239,240,237,235,239,245,244,242,247,252,247,242,239,252,245,0,79,236,230,240,247,238,239,239,244,239,238,238,243,243,245,243,240,248,253,235,229,228,230,235,230,222,244,16,117,238,235,222,229,235,242,242,248,250,249,246,242,242,240,241,255,245,200,253,207,209,201,211,201,196,220,17,0,39,192,245,255,253,239,231,232,230,231,235,243,254,211,144,59,2,0,115,255,255,255,255,255,220,255,22,0,0,0,0,55,88,152,187,191,186,176,157,155,25,0,0,0,0,0,0,115,83,99,107,102,98,79,0,0,0,0,0,0,0,0,0,0,0,0,0,0,0,0,0,0,0,0,0,0,0,0,0,0,0,0,0,0,0,0,0,0,0,0,0,0,0,0,0,0,0,0,0,0,0,0,0,0,0,0,0,0,0,0,0,0,0,0,0,0,0,0,0,0,0,0,0,0,0,0,0,0,0,0,0,0,0,0,0,0,0,0,0,6
0,0,0,0,0,0,0,0,0,0,0,0,0,0,0,0,0,0,0,0,0,0,0,0,0,0,0,0,0,0,0,0,0,0,0,0,0,0,0,0,0,0,0,0,0,0,0,0,0,0,0,0,0,0,0,0,0,0,0,0,0,0,0,0,0,0,0,0,0,0,0,0,0,0,0,0,0,0,0,0,0,0,0,0,0,0,0,0,0,0,0,0,0,0,0,0,0,0,0,0,0,0,0,0,0,0,0,0,0,0,0,0,0,0,0,0,0,0,0,0,0,0,0,0,0,0,0,0,0,0,0,0,0,0,0,0,0,0,0,0,0,0,0,0,0,0,0,0,0,0,0,0,0,0,0,1,0,0,125,23,0,0,0,0,0,0,0,1,0,0,0,0,0,0,0,0,0,0,0,0,0,0,2,0,9,153,243,204,113,131,115,105,76,51,5,0,0,0,0,0,0,0,0,0,0,0,0,0,0,0,8,0,83,250,224,208,197,218,227,221,218,229,90,0,0,0,0,0,0,0,0,0,0,0,0,0,0,0,0,0,183,237,232,225,180,209,209,225,215,221,75,0,0,0,0,0,0,0,0,0,0,0,0,0,0,0,0,0,174,233,231,242,193,213,175,225,214,226,108,0,0,0,0,0,0,0,0,0,0,0,0,0,0,0,0,0,212,236,228,248,197,213,252,235,214,229,88,0,0,0,0,0,0,0,0,0,0,0,0,0,0,3,0,10,255,225,230,234,215,177,186,194,190,200,73,0,0,0,0,0,0,0,0,0,0,0,0,0,3,0,0,156,234,225,234,229,235,220,202,204,209,210,30,0,0,0,0,0,0,0,0,0,0,0,0,8,0,0,135,238,220,241,240,246,249,253,246,245,234,240,17,0,0,0,0,0,0,0,0,0,0,4,0,0,0,153,255,206,223,236,243,245,242,243,237,235,219,239,76,0,0,0,0,3,5,5,5,1,0,0,0,22,230,212,197,231,236,243,237,235,234,224,226,223,218,235,200,0,0,3,0,0,0,0,0,0,0,0,133,230,199,205,225,228,231,233,236,240,247,246,228,225,221,221,255,16,0,0,0,29,64,59,44,74,158,239,227,206,212,222,221,228,234,237,235,235,236,235,232,231,227,220,233,90,0,85,137,143,212,189,206,217,220,208,207,212,221,224,229,232,232,236,236,238,241,240,234,228,234,222,218,118,34,196,188,155,164,161,174,186,188,201,217,222,217,226,231,232,234,235,231,235,236,232,237,237,241,229,255,73,84,190,188,213,223,221,212,205,206,208,216,220,220,227,231,233,233,234,235,233,239,251,246,239,230,233,255,42,0,59,143,169,186,201,217,222,223,226,229,230,231,232,239,244,241,232,253,232,198,184,185,167,168,180,196,57,0,0,0,25,111,153,186,215,227,236,235,229,229,236,199,145,82,41,10,93,218,190,193,208,205,188,222,79,1,5,0,0,0,0,0,27,51,68,63,55,59,10,0,0,0,0,0,0,93,87,74,80,61,57,52,1,0,0,0,0,0,0,0,0,0,0,0,0,0,0,0,0,0,0,0,0,0,0,0,0,0,0,0,0,0,0,0,0,0,0,0,0,0,0,0,0,0,0,0,0,0,0,0,0,0,0,0,0,0,0,0,0,0,0,0,0,0,0,0,0,0,0,0,0,0,0,0,0,0,0,0,0,0,0,0,0,0,0,0,0,0,0,0,0,0,0,0,0,0,0,0,0,0,0,0,0,0,0,0,0,0,0,0,0,0,0,0,0,6
0,0,0,0,0,0,0,0,0,0,0,0,0,0,0,0,0,0,0,0,0,0,0,0,0,0,0,0,0,0,0,0,0,0,0,0,0,0,0,0,0,0,0,0,0,0,0,0,0,0,0,0,0,0,0,0,0,0,0,0,0,0,0,0,0,0,0,0,0,0,0,0,0,0,0,0,0,0,0,0,0,0,0,0,0,0,0,0,0,0,0,0,0,0,0,0,0,0,0,0,0,0,0,0,33,0,0,0,1,2,2,0,0,0,0,0,0,0,0,0,0,0,0,0,0,3,0,0,0,0,0,169,232,176,0,0,0,0,0,0,0,0,0,0,0,0,0,0,0,0,0,0,1,0,0,227,188,203,163,220,221,239,243,157,87,84,18,0,0,0,0,0,0,0,0,0,0,0,0,0,2,0,0,197,172,197,229,229,227,213,227,234,231,254,94,0,0,0,0,0,0,0,0,0,0,0,0,0,0,0,0,213,188,218,236,238,238,232,212,223,218,244,115,0,0,0,0,0,0,0,0,0,0,0,0,0,0,0,0,147,221,223,239,235,222,207,241,237,221,246,133,0,0,0,0,0,0,0,0,0,0,0,0,0,0,0,0,140,227,233,235,216,229,230,236,236,225,239,57,0,0,0,0,0,0,0,0,0,0,0,0,0,0,0,0,230,228,224,234,224,204,237,233,231,226,244,61,0,0,0,0,0,0,0,0,0,0,0,0,0,0,0,72,241,229,229,214,212,231,221,231,230,226,248,146,0,0,0,0,0,0,0,0,0,0,0,0,0,0,0,232,232,221,217,215,224,221,231,235,229,223,239,185,0,0,0,0,0,0,0,0,0,0,0,0,0,0,151,235,214,223,222,203,242,235,237,220,226,215,233,202,0,0,0,0,0,0,0,0,0,1,2,0,0,136,255,216,232,173,219,238,220,236,225,231,224,214,230,233,0,0,0,1,5,6,1,1,0,0,0,0,121,255,225,202,196,236,227,223,221,230,229,234,221,216,225,255,22,0,4,0,0,0,0,0,0,0,85,194,249,204,219,232,219,230,214,217,224,232,226,229,222,217,220,255,68,0,0,0,39,100,79,64,100,207,255,226,207,213,213,228,224,222,218,218,227,232,219,220,223,220,219,255,17,0,0,189,230,229,223,225,222,203,214,223,223,221,215,219,222,230,233,232,229,229,227,222,225,226,221,255,93,0,31,242,201,187,208,236,233,225,212,218,224,226,222,226,233,228,226,222,223,229,234,232,230,231,222,235,159,0,172,230,217,165,108,167,208,216,211,213,227,219,215,224,231,228,227,222,224,231,221,211,207,208,208,232,174,23,232,221,214,219,225,214,206,236,228,212,222,229,224,218,225,230,219,221,237,255,237,227,226,233,224,230,67,0,83,207,220,200,196,200,211,218,217,217,223,220,215,217,207,215,229,243,242,61,0,136,180,92,12,0,0,0,0,0,134,193,226,237,219,229,223,222,219,221,224,233,244,250,225,114,0,0,0,0,0,0,0,0,0,0,1,0,0,0,8,47,54,112,138,129,158,169,147,149,112,35,0,0,0,2,0,3,2,3,2,0,0,0,0,0,0,0,0,0,0,0,0,0,0,0,0,0,0,0,0,0,0,0,0,0,0,0,0,0,0,0,0,0,0,0,0,0,0,0,0,0,0,0,0,0,0,0,0,0,0,0,0,0,0,0,0,0,0,0,0,0,0,0,0,0,0,0,0,0,0,0,0,0,0,0,0,0,0,0,0,0,0,0,0,0,0,6
0,0,0,0,0,0,0,0,0,0,0,0,0,0,0,0,0,0,0,0,0,0,0,0,0,0,0,0,0,0,0,0,0,0,0,0,0,0,0,0,0,0,0,0,0,0,0,0,0,0,0,0,0,0,0,0,0,0,0,0,0,0,0,0,0,0,0,0,0,0,0,0,0,0,0,0,0,0,0,0,0,0,0,0,0,0,0,0,0,0,0,0,0,0,0,0,0,0,0,0,0,0,0,0,0,0,0,0,0,0,0,0,0,0,0,0,0,0,0,0,0,0,0,0,0,0,0,0,0,0,0,0,0,0,0,0,0,0,0,0,0,0,0,0,0,0,0,0,0,0,0,0,0,0,0,0,0,0,0,0,0,0,0,0,0,0,0,0,0,0,0,0,0,0,0,0,0,0,0,0,0,0,0,0,0,0,0,0,0,0,0,0,0,0,0,0,0,0,0,0,0,0,0,0,0,0,0,0,0,0,31,178,122,0,104,129,173,157,137,126,101,143,41,0,0,0,0,0,0,0,0,0,0,0,0,1,0,0,250,255,255,218,183,241,246,250,250,253,218,237,91,0,0,0,0,0,0,0,0,0,0,0,0,0,0,176,253,234,248,228,134,223,217,226,230,212,207,224,70,0,0,0,0,0,0,0,0,0,0,0,1,0,0,253,254,237,236,255,236,221,223,233,219,205,205,230,135,0,0,0,0,0,0,0,0,0,0,0,2,0,0,255,248,238,241,243,233,232,241,216,203,215,215,224,193,0,0,0,0,0,0,0,0,0,0,0,0,0,0,245,250,244,195,237,238,236,236,211,204,221,220,218,224,0,0,0,0,0,0,0,0,0,0,1,0,0,21,255,244,236,209,234,234,233,239,229,214,214,220,209,246,15,0,0,0,0,0,0,0,3,0,0,0,126,145,236,254,242,233,238,239,236,238,239,219,211,218,203,250,77,0,0,4,6,1,0,0,0,0,47,173,103,122,255,253,236,224,231,231,233,233,247,223,223,216,209,244,95,3,0,0,0,0,0,0,13,129,122,53,112,228,243,239,239,233,218,202,208,234,234,229,221,213,205,242,59,0,0,37,58,114,143,186,195,82,80,219,255,249,237,236,235,229,205,181,159,166,167,177,183,193,190,229,11,0,133,192,176,166,133,97,110,167,255,245,222,232,235,226,198,169,174,201,233,239,226,219,226,220,215,216,0,24,203,205,197,196,200,216,242,240,219,216,226,235,221,188,211,245,236,184,122,44,115,240,214,208,211,178,0,13,174,182,194,232,235,233,224,241,254,255,255,252,212,202,162,60,0,0,0,0,139,255,228,216,221,163,0,0,0,0,32,67,77,93,101,101,105,100,70,53,21,0,0,0,0,0,0,0,120,175,155,152,182,84,0,0,0,0,0,0,0,0,0,0,0,0,0,0,0,0,0,0,0,0,0,0,0,0,0,0,0,0,0,0,0,0,0,0,0,0,0,0,0,0,0,0,0,0,0,0,0,0,0,0,0,0,0,0,0,0,0,0,0,0,0,0,0,0,0,0,0,0,0,0,0,0,0,0,0,0,0,0,0,0,0,0,0,0,0,0,0,0,0,0,0,0,0,0,0,0,0,0,0,0,0,0,0,0,0,0,0,0,0,0,0,0,0,0,0,0,0,0,0,0,0,0,0,0,0,0,0,0,0,0,0,0,0,0,0,0,0,0,0,0,0,0,0,0,0,0,0,0,0,0,0,0,0,0,0,0,0,0,0,0,0,0,0,0,0,0,0,0,0,6
0,0,0,0,0,0,0,0,0,0,0,0,0,0,0,0,0,0,0,0,0,0,0,0,0,0,0,0,0,0,0,0,0,0,0,0,0,0,0,0,0,0,0,0,0,0,0,0,0,0,0,0,0,0,0,0,0,0,0,0,0,0,0,0,0,0,0,0,0,0,0,0,0,0,0,0,0,0,0,0,0,0,0,0,0,0,0,0,0,0,0,0,0,0,0,0,0,0,0,0,0,0,0,0,0,0,0,0,0,0,0,0,0,0,0,0,0,0,0,0,0,0,0,0,0,0,0,0,0,0,0,0,0,0,0,0,0,0,0,0,0,0,0,0,0,0,0,0,0,0,0,0,0,0,0,0,0,0,0,0,0,0,0,0,0,0,0,0,0,0,0,0,0,0,0,0,0,0,0,3,0,60,123,60,46,14,0,0,0,5,14,13,19,50,0,0,0,0,0,0,0,0,0,0,0,0,0,5,0,122,214,208,246,241,245,238,239,252,254,246,217,233,97,0,0,0,0,0,0,0,0,0,0,0,0,4,0,138,189,186,189,197,207,218,215,209,206,208,201,222,172,52,0,0,0,0,0,0,0,0,0,0,0,0,0,157,192,188,199,209,212,219,210,200,206,207,206,228,158,23,0,0,0,0,0,0,0,0,0,0,0,0,0,136,194,179,207,213,214,221,214,207,211,215,206,227,149,0,0,0,0,0,0,0,0,0,0,1,0,0,0,108,198,185,217,209,210,222,221,220,211,220,209,220,65,0,1,0,0,0,0,0,0,4,0,0,0,0,74,195,186,188,205,206,210,223,217,223,217,218,213,208,4,0,0,0,0,0,2,5,0,0,0,0,70,171,203,201,196,197,203,214,213,218,217,219,213,219,211,221,28,0,1,0,4,0,0,0,0,9,94,182,207,179,180,186,200,207,208,211,206,218,215,206,213,222,214,235,54,0,0,0,0,0,18,74,141,193,198,173,172,190,187,195,188,192,207,209,207,224,214,210,219,225,220,241,90,0,0,0,50,154,181,189,169,170,168,172,183,186,194,200,198,205,205,198,206,214,207,218,228,223,224,238,86,0,0,65,171,162,156,157,176,185,183,183,184,195,205,208,210,212,212,207,211,215,209,215,217,224,220,233,70,0,2,166,187,171,183,185,184,187,192,195,202,208,207,208,206,206,209,209,214,222,221,228,224,222,215,231,180,0,95,205,198,207,207,202,207,206,207,210,217,222,222,226,232,237,241,246,250,248,245,245,241,237,222,215,199,9,17,166,182,183,186,188,188,194,199,196,195,196,196,193,192,186,176,171,170,170,169,163,160,163,160,156,147,0,0,36,111,167,168,182,184,173,170,170,170,171,171,171,170,171,171,176,184,185,184,184,182,182,190,195,187,8,0,0,0,0,17,47,62,79,87,91,91,92,92,93,94,91,81,77,75,73,72,79,80,46,52,43,17,0,0,0,0,0,0,0,0,0,0,0,0,0,0,0,0,0,0,0,0,0,0,0,0,0,0,0,0,0,0,0,0,0,0,0,0,0,0,0,0,0,0,0,0,0,0,0,0,0,0,0,0,0,0,0,0,0,0,0,0,0,0,0,0,0,0,0,0,0,0,0,0,0,0,0,0,0,0,0,0,0,0,0,0,0,0,0,0,0,0,0,0,0,0,0,0,0,0,0,0,0,0,0,0,0,0,0,0,0,0,0,0,0,0,0,0,0,0,0,0,0,0,0,0,0,0,0,0,0,0,0,0,0,0,0,0,0,0,0,0,0,6
0,0,0,0,0,0,0,0,0,0,0,0,0,0,0,0,0,0,0,0,0,0,0,0,0,0,0,0,0,0,0,0,0,0,0,0,0,0,0,0,0,0,0,0,0,0,0,0,0,0,0,0,0,0,0,0,0,0,0,0,0,0,0,0,0,0,0,0,0,0,0,0,0,0,0,0,0,0,0,0,0,0,0,0,0,0,0,0,0,0,0,0,0,0,0,0,0,0,0,0,0,0,0,0,0,0,0,0,0,0,0,0,0,0,0,0,0,0,0,0,0,0,0,0,0,0,0,0,0,0,0,0,0,0,0,0,0,0,0,0,0,0,0,0,0,0,0,0,0,0,0,0,0,0,0,0,0,0,0,138,89,0,0,0,0,0,10,0,0,0,0,0,0,0,0,0,0,0,0,0,0,0,0,1,0,0,129,199,218,154,6,7,0,0,53,34,0,0,0,0,0,0,0,0,0,0,0,0,0,0,0,4,0,108,216,206,216,244,250,236,210,176,182,23,0,0,0,0,0,0,0,0,0,0,0,0,0,0,0,0,0,188,209,210,229,237,234,242,249,242,181,0,0,0,0,0,0,0,0,0,0,0,0,0,0,0,3,0,19,228,195,218,232,241,237,240,235,219,185,0,0,0,0,0,0,0,0,0,0,0,0,0,0,0,0,0,117,242,196,224,229,231,237,245,236,218,189,0,0,0,0,0,0,0,0,0,0,0,0,0,0,6,0,0,214,185,194,237,241,236,238,249,238,214,183,0,0,0,0,0,0,0,0,0,0,5,0,1,4,0,0,158,228,192,226,233,234,242,246,250,218,220,186,0,0,0,0,0,0,0,0,0,0,1,5,0,0,4,169,214,136,183,226,236,238,244,242,220,227,218,222,0,0,0,0,0,0,0,0,0,3,7,0,0,119,233,162,78,151,218,231,238,237,235,225,235,247,224,243,19,0,3,4,5,4,4,4,0,0,0,0,168,224,82,36,152,228,233,232,235,234,229,240,246,236,221,232,37,2,0,0,0,0,0,0,0,9,67,189,190,48,67,213,249,243,241,237,234,231,232,225,220,243,231,230,82,0,4,58,93,80,44,64,144,204,217,151,101,137,232,229,233,230,231,231,233,233,234,226,238,245,231,233,116,25,153,168,147,181,219,225,195,146,71,19,164,204,192,226,227,234,240,241,233,238,229,236,253,252,233,234,126,168,235,185,145,88,5,0,27,71,142,186,211,209,226,238,228,228,208,188,180,189,198,188,194,201,199,219,103,59,158,227,247,234,201,190,201,188,198,206,222,229,226,218,206,214,242,237,206,194,212,210,206,203,210,235,62,0,0,0,81,158,211,214,227,233,237,241,237,253,245,250,242,201,163,109,235,255,227,235,237,245,231,246,74,0,0,0,0,0,0,3,29,67,106,118,118,110,75,33,0,0,0,0,97,226,189,190,184,178,160,158,22,0,0,0,0,0,0,0,0,0,0,0,0,0,0,0,0,0,0,0,0,0,0,0,0,0,0,0,0,0,0,0,0,0,0,0,0,0,0,0,0,0,0,0,0,0,0,0,0,0,0,0,0,0,0,0,0,0,0,0,0,0,0,0,0,0,0,0,0,0,0,0,0,0,0,0,0,0,0,0,0,0,0,0,0,0,0,0,0,0,0,0,0,0,0,0,0,0,0,0,0,0,0,0,0,0,0,0,0,0,0,0,0,0,0,0,0,0,0,0,0,0,0,0,0,0,0,0,0,0,0,0,0,0,0,0,0,0,0,0,0,6
0,0,0,0,0,0,0,0,0,0,0,0,0,0,0,0,0,0,0,0,0,0,0,0,0,0,0,0,0,0,0,0,0,0,0,0,0,0,0,0,0,0,0,0,0,0,0,0,0,0,0,0,0,0,0,0,0,0,0,0,0,0,0,0,0,0,0,0,0,0,0,0,0,0,0,0,0,0,0,0,0,0,0,0,0,0,0,0,0,0,0,0,0,0,0,0,0,0,0,0,0,0,0,0,0,0,0,0,0,0,0,0,0,0,0,0,0,0,0,0,0,0,0,0,0,0,0,0,0,0,0,0,0,0,0,0,0,0,0,0,0,0,0,0,0,0,0,0,0,0,0,0,0,0,0,28,97,118,147,151,161,31,0,0,0,0,0,0,0,0,0,0,0,0,0,0,0,0,0,0,0,0,0,190,244,251,255,253,255,255,175,179,158,138,1,0,0,0,0,0,0,0,0,0,0,0,0,0,1,0,0,243,217,211,227,225,219,246,237,227,230,228,26,0,0,0,0,0,0,0,0,0,0,0,0,0,1,0,55,255,214,226,226,235,242,227,202,208,207,206,9,0,0,0,0,0,0,0,0,0,0,0,0,1,0,0,185,230,222,227,226,231,234,228,220,215,214,244,7,0,0,0,0,0,0,0,0,0,0,0,0,0,0,31,255,218,230,226,229,228,232,228,210,219,208,249,15,0,0,0,0,0,0,0,0,0,0,0,0,0,0,191,236,222,229,228,226,234,237,227,209,227,207,255,58,0,0,0,0,0,0,0,0,0,0,0,4,0,58,255,216,217,214,223,230,233,236,229,217,210,210,226,179,0,0,0,0,0,0,0,0,0,0,4,0,0,240,218,207,215,214,228,235,232,232,224,206,204,191,212,251,1,0,0,0,0,0,0,0,0,1,0,0,175,242,204,227,223,224,229,229,227,226,220,201,189,202,198,251,77,0,0,0,0,0,0,0,0,0,0,156,255,205,206,212,217,223,219,226,222,225,222,204,209,218,201,251,115,0,1,8,3,0,0,0,0,0,168,253,201,215,210,214,222,228,219,217,221,232,228,210,218,202,195,238,104,0,0,0,0,0,0,23,127,230,240,201,205,215,229,222,227,226,228,226,219,235,239,196,189,205,213,255,0,0,0,57,110,166,204,231,240,221,199,214,216,215,213,227,226,230,224,233,251,255,243,255,238,232,254,154,0,130,226,233,233,229,215,208,207,199,210,210,210,223,227,218,223,236,244,247,125,25,0,8,248,243,231,0,0,65,166,209,231,243,243,239,226,219,212,212,214,228,227,241,247,255,100,0,0,0,0,0,118,255,160,0,2,0,0,0,30,108,178,230,255,255,255,255,255,255,255,245,106,0,0,0,0,1,4,0,136,255,92,0,0,0,0,0,0,0,0,0,0,48,88,108,104,92,45,0,0,0,0,0,0,0,2,0,98,189,2,0,0,0,0,0,0,0,0,0,0,0,0,0,0,0,0,0,0,0,0,0,0,0,0,0,0,0,0,0,0,0,0,0,0,0,0,0,0,0,0,0,0,0,0,0,0,0,0,0,0,0,0,0,0,0,0,0,0,0,0,0,0,0,0,0,0,0,0,0,0,0,0,0,0,0,0,0,0,0,0,0,0,0,0,0,0,0,0,0,0,0,0,0,0,0,0,0,0,0,0,0,0,0,0,0,0,0,0,0,0,0,0,0,0,0,0,0,0,0,0,0,0,0,0,0,0,0,0,0,0,0,0,0,0,0,0,0,0,0,0,0,0,6
0,0,0,0,0,0,0,0,0,0,0,0,0,0,0,0,0,0,0,0,0,0,0,0,0,0,0,0,0,0,0,0,0,0,0,0,0,0,0,0,0,0,0,0,0,0,0,0,0,0,0,0,0,0,0,0,0,0,0,0,0,0,0,0,0,0,0,0,0,0,0,0,0,0,0,0,0,0,0,0,0,0,0,0,0,0,0,0,0,0,0,0,0,0,0,0,0,0,0,0,0,0,0,0,0,0,0,0,0,0,0,0,0,0,0,0,0,0,0,0,0,0,0,0,1,0,16,98,67,14,0,0,0,0,2,2,0,0,105,0,0,0,0,0,0,0,0,0,0,0,0,0,2,0,64,123,123,166,104,24,0,0,0,0,0,75,178,108,0,0,0,0,0,0,0,0,0,0,0,1,1,0,99,120,129,137,148,160,148,130,115,109,31,118,12,97,0,0,0,0,0,0,0,0,0,3,1,3,0,4,133,129,139,153,157,160,161,160,168,169,160,143,45,69,0,0,0,0,0,0,0,0,0,1,0,2,0,34,130,135,140,154,162,162,158,155,156,161,159,127,89,18,0,0,0,0,0,0,0,0,0,0,0,2,0,80,140,138,145,154,155,159,162,166,168,167,167,166,96,0,0,0,0,0,0,0,0,0,0,0,1,0,0,118,139,138,145,147,149,159,160,157,162,161,168,156,0,0,1,0,0,0,0,0,0,0,0,0,3,0,17,129,140,143,145,143,146,154,149,155,157,159,174,145,0,0,1,0,0,1,2,1,0,0,0,1,2,0,70,148,145,148,137,145,175,185,155,159,165,164,164,0,0,0,2,2,0,0,2,1,0,1,2,3,0,0,120,147,150,125,143,181,180,150,153,170,162,154,147,32,0,0,0,0,0,0,0,2,2,1,1,0,0,85,137,87,97,105,158,137,133,167,197,178,161,154,161,84,0,0,1,0,1,3,2,0,0,0,5,45,87,139,157,159,93,88,78,126,211,220,184,165,181,168,169,113,0,0,3,0,0,0,0,1,46,99,121,133,130,85,93,185,217,143,165,255,210,166,162,166,177,170,159,114,0,0,0,0,3,41,75,125,130,87,72,84,87,83,67,80,105,215,232,199,161,170,177,162,159,166,162,144,0,0,0,106,109,119,134,114,79,83,99,109,104,104,100,115,222,179,121,171,179,176,175,177,169,169,167,154,12,0,4,110,128,100,113,115,121,137,135,134,125,111,109,182,171,134,157,161,172,176,180,179,181,172,164,167,77,0,36,85,107,146,157,151,145,138,114,107,95,102,146,162,167,198,191,179,181,172,172,171,169,162,167,176,121,0,33,124,100,103,127,143,162,172,164,151,162,177,190,191,195,194,191,188,187,182,179,175,174,176,175,150,105,0,2,62,103,117,121,108,111,123,131,146,159,169,169,177,180,175,177,177,175,179,184,182,179,167,143,128,88,0,0,0,0,6,57,82,96,104,104,103,92,102,109,111,128,130,133,143,153,158,166,166,162,148,140,144,46,0,2,2,0,0,0,0,0,11,33,44,45,46,26,25,39,25,21,26,31,36,39,35,32,32,24,19,0,0,0,0,0,0,0,0,0,0,0,0,0,0,0,0,0,0,0,0,0,0,0,0,0,0,0,0,0,0,0,0,0,0,0,0,0,0,0,0,0,0,0,0,0,0,0,0,0,0,0,0,0,0,0,0,0,0,0,0,0,0,0,0,0,0,0,0,0,0,0,0,0,0,0,0,0,0,0,0,0,0,0,0,0,0,6
0,0,0,0,0,0,0,0,0,0,0,0,0,0,0,0,0,0,0,0,0,0,0,0,0,0,0,0,0,0,0,0,0,0,0,0,0,0,0,0,0,0,0,0,0,0,0,0,0,0,0,0,0,0,0,0,0,0,0,0,0,0,0,0,0,0,0,0,0,0,0,0,0,0,0,0,0,0,0,0,0,0,0,0,0,0,0,0,0,0,0,0,0,0,0,0,0,0,0,0,0,0,0,0,0,0,0,0,0,0,0,0,0,0,0,0,0,0,0,0,0,0,1,1,0,2,0,4,59,74,103,120,58,0,0,0,0,0,0,0,0,0,0,0,0,0,0,0,0,1,0,0,0,5,0,137,227,222,249,251,253,251,255,250,201,212,9,0,0,0,0,0,0,0,0,0,0,0,1,0,0,5,0,168,203,188,186,183,215,224,225,229,228,242,45,0,0,0,0,0,0,0,0,0,0,1,0,1,1,0,0,212,201,192,203,216,224,220,217,220,217,228,33,0,0,0,0,0,0,0,0,0,0,1,0,1,3,0,41,227,199,195,210,220,224,220,213,220,219,233,45,0,0,0,0,0,0,0,0,0,0,1,2,1,0,0,145,195,195,215,224,225,221,219,225,228,220,235,96,0,0,0,0,0,0,0,0,0,0,1,1,3,0,24,214,174,187,198,215,219,214,218,213,214,213,227,172,0,0,0,0,0,0,0,0,0,0,1,0,2,0,128,199,169,198,210,224,219,210,215,217,216,216,216,219,0,0,0,0,0,1,0,0,0,0,3,5,0,36,198,169,191,212,218,222,215,209,222,224,214,214,210,237,22,1,0,0,1,2,1,0,0,1,2,1,0,158,189,180,207,221,220,220,222,218,219,217,207,212,207,238,77,0,0,0,1,1,1,0,0,0,4,0,105,199,181,203,217,219,215,216,225,218,206,204,201,211,201,229,116,1,1,1,1,1,0,0,0,5,0,53,194,173,205,218,224,219,217,211,206,202,195,200,202,216,197,230,99,0,0,0,0,0,0,5,0,0,29,207,173,189,211,217,218,212,205,196,202,206,188,197,214,217,213,239,51,1,2,4,1,5,2,0,0,36,188,181,177,203,219,211,199,196,203,201,194,220,239,237,218,220,222,221,0,3,0,0,0,0,0,9,83,197,193,189,188,190,197,202,205,204,206,216,246,241,119,136,240,218,216,194,0,0,1,58,86,104,121,164,177,150,161,169,171,181,194,199,201,213,223,216,98,0,0,102,244,198,219,171,0,80,175,173,168,163,163,165,164,167,161,173,190,201,197,201,222,244,91,0,0,0,0,196,220,198,220,157,0,84,175,197,202,203,198,195,190,186,191,195,201,200,214,226,165,0,0,0,1,0,0,193,213,201,216,152,0,0,0,28,70,123,164,195,220,240,239,209,209,246,198,43,0,0,0,1,2,0,33,230,221,222,235,156,0,1,0,0,0,0,0,0,0,4,35,50,43,29,0,0,0,0,0,0,2,0,27,103,59,53,67,20,0,0,0,0,0,0,0,0,0,0,0,0,0,0,0,0,0,0,0,0,0,0,0,0,0,0,0,0,0,0,0,0,0,0,0,0,0,0,0,0,0,0,0,0,0,0,0,0,0,0,0,0,0,0,0,0,0,0,0,0,0,0,0,0,0,0,0,0,0,0,0,0,0,0,0,0,0,0,0,0,0,0,0,0,0,0,0,0,0,0,0,0,0,0,0,0,0,0,0,0,0,0,0,0,0,0,0,0,0,0,0,0,0,6
0,0,0,0,0,0,0,0,0,0,0,0,0,0,0,0,0,0,0,0,0,0,0,0,0,0,0,0,0,0,0,0,0,0,0,0,0,0,0,0,0,0,0,0,0,0,0,0,0,0,0,0,0,0,0,0,0,0,0,0,0,0,0,0,0,0,0,0,0,0,0,0,0,0,0,0,0,0,0,0,0,0,0,0,0,0,0,0,0,0,0,0,0,0,0,0,0,0,0,0,0,0,0,0,0,0,0,0,0,0,0,0,0,0,0,0,0,0,0,0,0,0,0,0,0,0,1,0,0,0,0,0,1,2,0,3,0,68,177,0,0,0,0,0,0,0,0,0,0,0,0,0,0,0,0,0,66,41,0,0,0,0,0,0,0,51,210,22,0,0,0,0,0,0,0,0,0,0,0,0,0,0,1,0,201,178,95,48,61,55,37,52,171,152,191,31,0,0,0,0,0,0,0,0,0,0,0,0,0,3,0,22,190,182,192,235,242,240,242,237,218,225,191,0,0,0,0,0,0,0,0,0,0,0,0,0,0,5,0,97,206,193,191,182,176,181,180,200,203,217,215,0,0,0,0,0,0,0,0,0,0,0,0,0,1,0,0,202,196,201,191,195,191,191,186,218,207,220,206,0,0,0,0,0,0,0,0,0,0,0,0,0,0,0,61,212,188,208,187,195,187,182,183,216,211,227,177,0,1,0,0,0,0,0,0,0,0,1,0,1,0,0,177,196,195,196,187,190,188,190,183,217,195,215,175,0,0,0,0,0,0,0,0,0,0,0,0,0,0,115,216,196,205,190,188,188,188,188,176,203,196,215,207,0,0,0,0,0,0,0,0,0,0,2,0,0,76,221,198,192,196,193,188,188,190,191,180,202,215,207,252,0,0,0,0,0,0,0,0,1,0,0,0,73,215,186,188,177,205,192,188,188,190,191,177,197,211,187,246,46,0,0,0,2,3,5,0,0,0,0,112,198,156,183,193,172,203,187,191,190,188,190,183,190,190,182,232,87,1,5,3,0,0,0,0,0,48,176,198,175,173,185,186,187,197,187,187,193,188,186,177,202,181,185,228,130,0,0,0,3,20,70,115,171,201,182,176,186,202,211,200,203,195,193,180,176,185,181,205,210,190,192,216,138,0,37,132,158,185,195,185,178,172,170,178,183,202,222,210,212,192,208,210,197,208,212,192,182,196,167,223,131,11,182,177,157,172,166,163,170,175,173,183,203,212,217,222,212,210,210,192,177,168,163,165,181,186,193,217,111,115,227,190,193,198,200,200,191,188,186,198,203,206,203,196,193,206,215,236,235,227,225,222,215,216,203,200,68,87,185,215,217,215,205,200,198,195,200,212,206,200,202,217,226,255,233,152,143,148,135,142,123,122,123,143,36,0,0,53,143,193,223,251,251,243,235,235,245,250,228,160,78,15,0,0,76,195,162,167,167,175,172,178,55,0,0,0,0,0,5,43,72,107,128,127,91,43,0,0,0,0,0,0,40,73,56,56,53,42,35,32,0,0,0,0,0,0,0,0,0,0,0,0,0,0,0,0,0,0,0,0,0,0,0,0,0,0,0,0,0,0,0,0,0,0,0,0,0,0,0,0,0,0,0,0,0,0,0,0,0,0,0,0,0,0,0,0,0,0,0,0,0,0,0,0,0,0,0,0,0,0,0,0,0,0,0,0,0,0,0,0,0,0,0,0,0,0,0,0,0,0,0,0,0,0,0,0,0,0,0,0,0,0,0,0,0,0,0,0,0,0,0,0,0,6
0,0,0,0,0,0,0,0,0,0,0,0,0,0,0,0,0,0,0,0,0,0,0,0,0,0,0,0,0,0,0,0,0,0,0,0,0,0,0,0,0,0,0,0,0,0,0,0,0,0,0,0,0,0,0,0,0,0,0,0,0,0,0,0,0,0,0,0,0,0,0,0,0,0,0,0,0,0,0,0,0,0,0,0,0,0,0,0,0,0,0,0,0,0,0,0,0,0,0,0,0,0,0,0,0,0,0,0,0,0,0,0,0,0,0,0,0,0,0,0,0,0,0,0,0,0,0,0,0,0,0,0,0,0,0,0,0,0,0,0,0,0,0,0,0,0,0,0,0,0,0,0,0,0,0,0,0,149,151,0,0,0,0,2,1,0,0,0,0,0,0,0,0,0,0,0,0,0,0,0,0,0,3,0,22,177,209,141,0,0,0,0,0,0,93,89,0,0,0,0,0,0,0,0,0,0,0,0,0,0,5,0,72,190,199,218,222,166,104,48,0,0,99,121,0,0,0,0,0,0,0,0,0,0,0,0,0,0,1,0,126,204,199,206,219,229,234,227,205,180,144,0,0,0,0,0,0,0,0,0,0,0,0,0,0,1,0,0,193,207,193,211,219,212,211,209,192,214,85,0,0,0,0,0,0,0,0,0,0,0,0,0,0,1,0,90,233,195,196,213,210,210,204,207,193,199,29,0,0,0,0,0,0,0,0,0,0,1,0,0,0,0,0,195,215,203,215,218,209,203,202,211,190,239,44,0,0,0,0,0,0,0,0,0,0,0,0,1,0,0,99,241,204,213,208,211,211,206,203,211,192,238,36,0,0,0,0,0,0,0,0,0,0,0,1,0,0,52,236,177,148,197,202,203,204,200,205,208,196,233,44,0,0,0,0,0,0,0,0,0,0,1,2,0,45,225,178,131,196,206,200,202,202,201,203,201,208,226,111,0,0,0,0,0,0,0,0,0,0,3,0,56,230,165,103,212,217,204,203,202,198,196,202,190,137,208,189,0,0,1,1,4,2,2,3,3,0,0,0,160,158,90,180,208,203,201,198,197,194,199,220,185,171,208,210,0,1,0,0,0,0,0,0,0,0,13,178,149,121,179,186,201,209,210,198,203,213,203,197,217,229,192,231,40,0,0,0,12,15,13,28,66,85,179,176,159,166,175,189,202,215,208,208,208,209,215,232,228,238,211,230,94,0,142,170,131,139,148,174,196,140,119,136,149,143,148,166,192,211,210,201,202,196,195,198,195,207,196,226,59,40,204,201,176,148,137,145,153,142,167,172,179,181,196,205,206,208,210,222,218,215,212,203,204,203,204,243,62,120,199,217,227,225,225,217,217,224,220,216,215,217,216,221,226,253,237,200,199,203,201,204,205,210,201,202,118,0,5,73,149,188,212,228,232,232,233,237,233,228,233,180,113,47,0,0,53,255,236,238,235,234,220,237,121,0,0,0,0,0,0,20,49,73,83,79,69,69,0,0,0,0,0,0,0,45,35,11,6,4,1,0,0,0,0,0,0,0,0,0,0,0,0,0,0,0,0,0,0,0,0,0,0,0,0,0,0,0,0,0,0,0,0,0,0,0,0,0,0,0,0,0,0,0,0,0,0,0,0,0,0,0,0,0,0,0,0,0,0,0,0,0,0,0,0,0,0,0,0,0,0,0,0,0,0,0,0,0,0,0,0,0,0,0,0,0,0,0,0,0,0,0,0,0,0,0,0,0,0,0,0,0,0,0,0,0,0,0,0,0,0,0,0,0,0,6
0,0,0,0,0,0,0,0,0,0,0,0,0,0,0,0,0,0,0,0,0,0,0,0,0,0,0,0,0,0,0,0,0,0,0,0,0,0,0,0,0,0,0,0,0,0,0,0,0,0,0,0,0,0,0,0,0,0,0,0,0,0,0,0,0,0,0,0,0,0,0,0,0,0,0,0,0,0,0,0,0,0,0,0,0,0,0,0,0,0,0,0,0,0,0,0,0,0,0,0,0,0,0,0,0,0,0,0,0,0,0,0,0,0,0,0,0,0,0,0,0,0,0,0,0,0,0,0,0,0,0,0,0,0,0,0,0,0,0,0,0,0,0,0,0,0,0,0,0,0,0,0,0,0,0,0,0,0,0,0,0,0,0,0,0,0,0,0,0,0,0,0,0,0,0,0,0,0,0,0,0,0,31,50,145,0,0,0,0,0,0,0,1,4,0,0,0,0,0,0,0,0,0,0,0,0,0,3,0,0,202,231,245,245,116,34,10,0,0,0,0,0,0,0,0,0,0,0,0,0,0,0,0,0,0,8,0,51,254,230,234,243,255,254,232,213,199,144,92,0,0,0,0,0,0,0,0,0,0,0,0,0,0,6,0,173,245,231,238,242,239,242,245,248,254,253,252,231,234,0,0,0,0,0,0,0,0,0,0,0,0,5,0,229,244,229,241,241,250,242,240,239,233,228,232,245,253,188,0,0,0,0,0,0,0,0,0,0,0,1,0,107,230,220,250,237,237,227,241,234,223,220,197,232,241,234,0,0,0,0,0,0,0,0,2,6,0,2,0,0,221,218,226,233,236,230,204,213,233,223,212,195,219,185,0,0,0,0,0,0,0,0,0,10,8,0,0,125,208,218,229,224,228,224,217,220,234,219,230,223,246,123,0,0,0,0,0,0,0,2,6,0,0,0,157,245,195,206,245,246,241,229,229,227,223,226,216,224,243,0,0,0,1,2,4,6,0,0,0,9,137,165,184,170,177,187,188,193,231,241,236,227,211,209,221,237,70,0,2,5,0,0,0,0,0,0,36,170,177,184,194,187,168,162,148,146,178,211,210,206,215,223,217,228,40,0,0,0,0,0,22,74,133,173,206,196,228,220,177,186,173,159,167,183,189,186,184,187,203,221,214,229,127,0,0,100,163,167,184,192,188,178,181,185,22,0,145,194,194,201,204,207,209,209,207,204,202,209,210,223,161,0,39,183,202,198,202,198,185,184,179,195,198,219,220,219,222,224,220,216,213,216,220,219,225,230,227,241,175,0,0,0,0,37,75,116,146,157,169,182,201,217,187,174,168,158,153,158,158,161,165,160,139,133,110,72,34,0,10,11,1,0,0,0,0,0,0,0,0,0,0,0,0,0,0,0,0,0,0,0,0,0,0,0,6,0,0,3,5,11,17,17,13,12,11,12,10,11,14,17,18,19,18,18,20,18,18,21,25,23,28,27,17,0,0,0,0,0,0,0,0,0,0,0,0,0,0,0,0,0,0,0,0,0,0,0,0,0,0,0,0,0,0,0,0,0,0,0,0,0,0,0,0,0,0,0,0,0,0,0,0,0,0,0,0,0,0,0,0,0,0,0,0,0,0,0,0,0,0,0,0,0,0,0,0,0,0,0,0,0,0,0,0,0,0,0,0,0,0,0,0,0,0,0,0,0,0,0,0,0,0,0,0,0,0,0,0,0,0,0,0,0,0,0,0,0,0,0,0,0,0,0,0,0,0,0,0,0,0,0,0,0,0,0,0,0,0,0,0,0,0,0,0,0,6
0,0,0,0,0,0,0,0,0,0,0,0,0,0,0,0,0,0,0,0,0,0,0,0,0,0,0,0,0,0,0,0,0,0,0,0,0,0,0,0,0,0,0,0,0,0,0,0,0,0,0,0,0,0,0,0,0,0,0,0,0,0,0,0,0,0,0,0,0,0,0,0,0,0,0,0,0,0,0,0,0,0,0,0,0,0,0,0,0,0,0,0,0,0,0,0,0,0,0,0,0,0,0,0,0,0,0,0,0,0,0,0,0,0,0,0,0,0,0,0,0,0,0,0,0,1,0,0,96,185,184,128,60,17,3,0,22,24,0,0,0,0,0,0,0,0,0,0,0,0,0,0,2,0,56,191,227,203,216,238,245,235,223,192,200,207,0,0,0,0,0,0,0,0,0,0,1,1,0,0,0,0,155,243,180,183,203,198,199,207,204,201,210,170,0,0,0,0,0,0,0,0,0,0,1,2,1,0,0,0,194,217,196,196,199,207,198,195,186,186,191,193,0,0,0,0,0,0,0,0,0,0,0,0,0,4,0,23,218,197,193,203,208,213,208,206,209,197,215,183,0,0,0,0,0,0,0,0,0,0,0,0,0,0,0,151,229,200,208,201,204,204,199,192,190,182,196,219,0,0,0,0,0,0,0,0,0,0,0,0,3,0,25,221,200,188,180,200,208,212,219,218,216,219,190,203,94,0,0,0,0,0,0,0,0,0,0,0,0,0,161,228,185,181,192,209,216,214,211,204,196,201,195,183,221,0,0,0,0,0,0,0,0,0,0,0,0,109,231,186,188,197,226,223,211,209,202,198,203,201,188,176,214,43,0,0,0,0,0,0,0,0,1,0,48,220,199,186,196,203,211,203,202,200,200,205,209,190,192,193,189,131,0,0,0,0,0,0,0,1,0,0,255,214,182,183,203,200,195,197,200,199,200,208,194,193,221,155,133,175,0,0,0,0,0,0,3,0,0,194,225,189,199,194,204,204,206,203,208,209,204,198,178,198,170,64,124,188,1,5,5,3,4,0,0,0,154,238,201,189,189,203,200,205,209,208,207,201,193,185,188,208,192,174,228,167,0,0,0,0,0,0,20,204,239,210,205,197,200,208,205,197,197,204,195,195,199,205,221,219,225,204,216,126,0,45,107,128,153,197,226,229,204,206,207,204,207,194,195,195,196,204,209,222,249,235,207,202,198,182,246,54,100,245,238,239,240,230,220,211,217,213,206,197,196,201,194,205,212,216,221,221,119,163,222,208,209,200,241,6,132,230,183,180,177,164,178,190,187,193,195,191,188,197,206,213,213,204,87,0,0,111,221,206,200,202,217,0,172,247,209,199,190,181,176,190,197,201,206,201,205,210,212,218,108,0,0,0,0,71,215,214,206,220,199,0,37,183,217,236,242,241,227,235,232,232,236,242,244,245,154,0,0,0,2,3,0,75,222,197,201,195,144,0,0,0,0,29,65,94,121,140,162,136,137,143,75,16,0,0,2,0,0,2,0,0,51,0,0,0,0,0,0,0,0,0,0,0,0,0,0,0,0,0,0,0,0,0,0,0,0,0,0,0,0,0,0,0,0,0,0,0,0,0,0,0,0,0,0,0,0,0,0,0,0,0,0,0,0,0,0,0,0,0,0,0,0,0,0,0,0,0,0,0,0,0,0,0,0,0,0,0,0,0,0,0,0,0,0,0,0,0,0,0,0,0,0,0,0,0,0,0,0,0,0,0,0,0,0,0,0,0,0,0,0,0,0,0,0,0,0,0,0,0,6
0,0,0,0,0,0,0,0,0,0,0,0,0,0,0,0,0,0,0,0,0,0,0,0,0,0,0,0,0,0,0,0,0,0,0,0,0,0,0,0,0,0,0,0,0,0,0,0,0,0,0,0,0,0,0,0,0,0,0,0,0,0,0,0,0,0,0,0,0,0,0,0,0,0,0,0,0,0,0,0,0,0,0,0,0,0,0,0,0,0,0,0,0,0,0,0,0,0,0,0,0,0,0,0,0,16,75,0,0,0,0,0,0,0,0,0,0,0,0,0,0,0,0,0,0,0,7,0,0,0,0,0,32,151,173,29,0,1,0,0,0,0,0,0,0,0,0,0,0,0,0,2,0,129,164,130,58,0,0,60,186,140,160,153,11,0,2,0,0,0,0,0,0,0,0,0,0,0,2,0,0,150,121,132,183,102,154,180,149,114,184,127,0,3,0,0,0,0,0,0,0,0,0,0,0,0,5,0,125,176,110,155,160,190,134,154,181,182,100,0,0,0,1,0,0,0,0,0,0,0,0,0,0,0,3,0,66,125,150,153,169,182,170,118,193,151,0,0,4,3,1,0,0,0,0,0,0,0,0,0,0,0,0,4,0,63,150,168,171,177,157,144,160,41,0,0,0,0,0,0,0,0,0,0,0,0,0,0,0,0,0,1,0,0,68,210,215,198,156,152,197,63,0,0,0,105,169,48,0,0,0,0,0,0,0,0,0,0,0,0,0,0,0,0,47,248,220,177,200,73,0,140,188,138,186,14,0,0,0,0,0,0,0,0,0,1,1,0,0,1,0,0,0,36,211,155,178,183,183,227,121,157,158,0,0,0,0,0,0,1,1,3,3,1,0,0,0,0,0,0,0,0,149,203,205,165,132,144,183,216,144,0,0,0,0,0,0,0,0,0,0,0,0,0,0,0,0,0,0,57,198,188,146,149,151,177,110,117,82,0,0,0,0,0,0,0,0,17,79,15,0,2,0,0,4,0,18,145,196,157,172,150,171,108,61,163,76,0,1,1,0,1,0,59,110,94,136,99,0,3,0,2,0,7,164,62,158,172,157,145,154,138,201,226,45,0,0,0,3,0,0,100,113,41,38,109,0,0,0,0,0,164,148,134,255,137,160,154,159,193,166,141,16,0,0,0,0,0,0,50,68,87,91,143,6,0,0,0,108,158,97,80,160,160,155,170,144,77,81,136,0,0,60,129,27,0,0,24,128,129,159,193,16,0,0,86,129,126,89,200,181,152,141,157,122,113,188,194,0,0,36,195,140,76,136,108,168,167,160,170,67,4,166,225,60,111,62,147,157,167,133,183,131,218,214,214,0,0,0,120,134,109,217,191,187,235,173,129,157,124,191,156,103,140,112,255,158,171,153,170,188,176,82,138,0,0,0,54,120,123,213,157,160,204,146,54,149,133,93,75,118,122,73,158,160,157,133,153,146,214,193,179,0,0,0,0,0,19,169,157,143,151,134,174,230,211,159,85,168,106,170,210,169,164,213,173,131,167,199,153,0,0,0,3,0,0,0,0,75,141,101,209,126,156,207,77,93,51,52,72,31,47,56,59,70,72,45,7,0,0,0,0,1,1,0,0,0,0,0,0,0,0,0,0,0,0,0,0,0,0,0,0,0,0,0,0,0,0,0,0,0,0,0,0,0,0,0,0,0,0,0,0,0,0,0,0,0,0,0,0,0,0,0,0,0,0,0,0,0,0,0,0,0,0,0,0,0,0,0,0,0,0,0,0,0,0,0,0,0,0,0,0,0,0,6
0,0,0,0,0,0,0,0,0,0,0,0,0,0,0,0,0,0,0,0,0,0,0,0,0,0,0,0,0,0,0,0,0,0,0,0,0,0,0,0,0,0,0,0,0,0,0,0,0,0,0,0,0,0,0,0,0,0,0,0,0,0,0,0,0,0,0,0,0,0,0,0,0,0,0,0,0,0,0,0,0,0,0,0,0,0,0,0,0,0,0,0,0,0,0,0,0,0,0,0,0,0,0,0,0,0,0,0,0,0,0,0,0,0,0,0,0,0,0,0,0,0,0,0,0,0,0,63,98,138,26,0,0,0,4,0,0,0,1,0,0,0,0,0,0,0,0,0,0,0,1,0,0,0,0,70,62,125,164,61,0,0,0,0,0,3,1,0,0,0,0,0,0,0,0,0,0,0,0,0,1,0,3,112,92,106,88,181,183,71,31,4,0,0,0,0,0,0,0,0,0,0,0,0,0,0,0,0,3,0,29,108,93,111,146,102,158,155,135,116,94,35,0,0,0,0,0,0,0,0,0,0,0,0,0,0,3,0,50,77,113,114,111,113,116,124,143,104,129,170,38,0,0,0,0,0,0,0,0,0,0,0,0,0,2,0,86,86,88,120,77,149,126,122,108,100,80,137,3,0,0,0,0,0,0,0,0,0,0,0,0,1,0,0,131,134,104,144,130,93,102,110,79,116,153,77,0,0,0,0,0,0,0,0,0,0,0,0,0,1,0,2,111,119,112,123,136,124,111,112,137,90,146,90,0,0,0,0,0,0,0,1,0,0,0,0,0,2,0,35,67,76,124,120,75,108,138,108,94,161,120,110,0,0,0,0,0,0,0,0,0,0,0,0,0,0,0,64,98,105,76,40,87,93,106,110,83,95,126,132,14,0,0,0,0,0,0,0,0,0,0,0,1,0,0,112,112,108,81,77,138,136,112,95,161,152,113,117,61,0,0,0,0,0,0,0,0,0,0,0,0,0,32,86,92,80,110,153,126,131,117,106,119,92,89,96,105,0,0,0,0,0,0,1,0,0,1,0,0,49,94,102,100,113,102,126,129,126,80,110,85,73,75,77,106,17,0,0,0,0,0,1,0,0,0,0,31,131,74,96,96,106,135,136,117,123,118,107,95,107,116,90,90,41,2,0,0,4,0,0,0,0,13,26,47,28,70,101,120,108,111,149,117,79,96,80,70,96,117,83,90,35,0,20,81,59,55,43,35,37,34,35,55,49,65,67,63,75,69,57,104,144,98,94,76,67,63,69,96,13,0,105,98,44,29,33,39,33,22,26,74,75,64,64,68,75,92,106,76,104,85,53,80,106,123,131,159,59,138,210,162,130,81,25,2,21,32,28,27,39,56,71,68,76,59,73,117,138,183,146,175,189,174,161,190,102,2,120,197,186,168,144,107,58,33,41,41,46,57,71,104,144,168,233,247,198,190,202,208,207,205,207,203,146,0,0,1,64,146,164,184,189,226,216,208,207,220,233,237,217,174,122,17,240,255,244,246,240,245,249,241,184,0,0,0,0,0,0,25,71,107,126,147,140,128,85,34,2,0,0,0,108,168,120,101,108,118,96,63,0,0,0,0,0,0,0,0,0,0,0,0,0,0,0,0,0,0,0,0,0,0,0,0,0,0,0,0,0,0,0,0,0,0,0,0,0,0,0,0,0,0,0,0,0,0,0,0,0,0,0,0,0,0,0,0,0,0,0,0,0,0,0,0,0,0,0,0,0,0,0,0,0,0,0,0,0,0,0,0,0,0,0,0,0,6
0,0,0,0,0,0,0,0,0,0,0,0,0,0,0,0,0,0,0,0,0,0,0,0,0,0,0,0,0,0,0,0,0,0,0,0,0,0,0,0,0,0,0,0,0,0,0,0,0,0,0,0,0,0,0,0,0,0,0,0,0,0,0,0,0,0,0,0,0,0,0,0,0,0,0,0,0,0,0,0,0,0,0,0,0,0,0,0,0,0,0,0,0,0,0,0,0,0,0,0,0,0,0,0,0,0,0,0,0,0,0,0,0,0,0,0,0,0,0,0,0,0,0,0,0,0,0,0,0,0,0,0,0,0,0,0,0,0,0,0,0,0,0,0,0,0,0,0,0,0,0,0,0,0,0,0,0,0,0,0,0,0,0,0,0,0,0,0,0,0,0,0,0,0,0,0,0,1,0,1,1,1,0,0,0,107,54,0,1,0,1,0,0,0,0,0,0,0,0,0,0,0,0,0,0,1,0,0,0,0,2,0,24,174,211,20,0,0,0,0,0,0,0,0,0,0,0,0,0,0,0,0,0,0,0,0,0,2,0,0,152,160,163,159,91,3,0,0,0,0,46,73,0,0,0,0,0,0,0,0,0,1,0,0,0,1,0,143,188,158,182,164,187,184,135,125,167,150,163,66,0,0,0,0,0,0,0,0,0,0,1,0,0,0,77,193,154,188,148,152,156,156,169,186,192,225,225,2,1,1,0,0,0,0,0,0,0,1,0,0,0,101,196,138,216,249,219,173,150,158,163,162,133,172,149,0,0,2,0,0,1,1,0,0,0,0,0,83,160,156,155,211,232,223,236,241,217,171,145,158,162,169,160,0,0,2,2,0,0,1,0,0,2,67,129,129,158,134,229,231,219,225,220,222,235,240,206,161,142,203,185,0,2,0,0,0,0,0,0,63,173,145,174,147,233,186,188,238,213,226,223,230,228,224,248,248,194,186,152,0,0,0,116,91,78,80,106,172,151,171,240,243,226,229,175,210,234,218,223,221,185,227,217,160,145,160,174,0,15,199,177,156,150,133,137,80,171,246,224,211,221,222,229,179,219,227,223,230,215,192,159,154,165,168,178,0,164,231,195,181,147,137,118,142,249,224,240,223,222,229,232,231,195,228,226,238,242,146,150,152,150,146,166,0,167,233,212,217,215,226,198,193,225,216,222,197,209,222,216,223,222,202,230,235,205,181,202,199,204,197,233,33,36,238,238,233,221,215,219,220,213,208,215,214,212,209,208,203,202,209,207,205,217,229,226,224,224,207,249,51,0,0,50,162,238,255,255,245,247,241,237,235,232,237,238,244,246,240,242,242,242,235,243,242,242,217,255,68,0,0,0,0,0,17,68,113,146,158,156,158,160,155,154,154,154,156,158,158,159,161,153,145,130,130,109,0,0,0,0,0,0,0,0,0,0,0,0,0,0,0,0,0,0,0,0,0,0,0,0,0,0,0,0,0,0,0,0,0,0,0,0,0,0,0,0,0,0,0,0,0,0,0,0,0,0,0,0,0,0,0,0,0,0,0,0,0,0,0,0,0,0,0,0,0,0,0,0,0,0,0,0,0,0,0,0,0,0,0,0,0,0,0,0,0,0,0,0,0,0,0,0,0,0,0,0,0,0,0,0,0,0,0,0,0,0,0,0,0,0,0,0,0,0,0,0,0,0,0,0,0,0,0,0,0,0,0,0,0,0,0,0,0,0,0,0,0,0,0,0,0,0,0,0,0,0,0,0,0,0,0,0,0,0,0,0,0,0,0,0,0,0,0,0,0,6
0,0,0,0,0,0,0,0,0,0,0,0,0,0,0,0,0,0,0,0,0,0,0,0,0,0,0,0,0,0,0,0,0,0,0,0,0,0,0,0,0,0,0,0,0,0,0,0,0,0,0,0,0,0,0,0,0,0,0,0,0,0,0,0,0,0,0,0,0,0,0,0,0,0,0,0,0,0,0,0,0,0,0,0,0,0,0,0,0,0,0,0,0,0,0,0,51,24,0,51,63,64,54,83,95,113,49,120,180,0,0,0,0,0,0,0,0,0,0,0,0,2,0,0,180,210,188,203,255,254,232,255,255,255,255,220,216,78,0,0,0,0,0,0,0,0,0,0,0,10,0,100,212,205,193,134,199,224,221,228,219,224,222,208,208,192,0,0,0,0,0,0,0,0,0,0,0,8,0,167,211,220,232,218,255,255,216,244,239,226,223,213,204,210,38,0,0,0,0,0,0,0,0,0,0,4,0,180,195,81,116,21,8,64,158,203,214,233,220,217,214,64,0,0,0,0,0,0,0,0,0,0,1,0,0,153,22,0,0,14,27,14,50,15,127,226,203,255,63,0,0,0,0,0,0,0,0,0,0,0,2,0,0,198,208,142,172,189,243,255,213,255,250,232,255,126,0,0,0,3,0,0,0,0,0,0,0,0,6,0,84,220,202,237,210,135,184,214,220,219,183,183,235,8,0,7,0,0,0,0,0,0,0,0,0,0,7,0,152,205,208,235,205,193,231,227,209,210,197,200,217,0,0,0,0,13,0,0,0,0,0,0,0,0,0,0,184,221,88,94,93,43,63,70,133,251,234,253,242,0,0,76,212,164,0,0,0,0,0,0,1,0,0,0,128,51,0,0,0,0,0,0,0,224,221,217,182,111,226,215,214,123,0,0,0,0,0,0,0,3,0,83,250,0,0,0,3,2,1,0,0,173,192,171,196,231,226,212,201,93,0,0,0,0,0,0,1,0,0,191,197,187,46,0,0,0,0,0,0,158,213,232,205,230,226,213,229,81,0,0,0,0,0,0,10,0,65,209,185,207,218,199,43,0,0,24,222,208,162,0,37,255,228,212,230,61,0,0,0,0,3,0,0,0,123,193,169,198,178,199,235,170,29,195,182,15,0,0,82,255,224,211,231,40,0,0,0,0,0,0,31,98,115,0,0,118,187,194,225,216,207,185,0,0,6,0,86,236,221,209,229,28,1,5,6,0,15,158,205,187,39,0,0,0,0,157,211,188,203,27,0,2,2,0,93,232,217,205,230,19,0,0,0,0,190,198,155,125,0,0,0,0,0,0,173,216,68,0,0,0,2,0,99,229,213,201,226,11,122,146,23,0,3,78,51,51,81,0,0,0,0,145,235,86,0,0,1,0,1,0,106,226,210,204,221,0,23,120,171,219,135,148,182,203,223,24,0,0,148,240,114,0,1,3,0,0,2,0,105,221,203,196,214,0,0,0,0,67,158,202,205,207,209,192,229,210,213,115,0,0,2,0,0,1,8,0,147,237,218,214,233,0,3,5,0,0,0,0,0,49,85,128,128,70,4,0,0,2,0,0,1,0,4,0,69,139,109,125,118,0,0,0,0,0,0,0,0,0,0,0,0,0,0,0,0,0,0,0,0,0,0,0,0,0,0,0,0,0,0,0,0,0,0,0,0,0,0,0,0,0,0,0,0,0,0,0,0,0,0,0,0,0,0,0,0,0,0,0,0,0,0,0,0,0,0,0,0,0,0,0,0,0,0,0,0,0,0,0,0,0,0,0,0,0,6
0,0,0,0,0,0,0,0,0,0,0,0,0,0,0,0,0,0,0,0,0,0,0,0,0,0,0,0,0,0,0,0,0,0,0,0,0,0,0,0,0,0,0,0,0,0,0,0,0,0,0,0,0,0,0,0,0,0,0,0,0,0,0,0,0,0,0,0,0,0,0,0,0,0,0,0,0,0,0,0,0,0,0,0,0,0,0,0,0,0,0,0,0,0,0,0,0,0,0,0,0,0,0,0,0,0,0,0,0,0,0,0,0,0,0,0,0,0,0,0,0,0,0,0,0,0,0,0,0,0,0,0,0,0,0,0,0,0,0,0,0,0,0,0,0,0,0,0,0,0,0,2,0,11,92,91,90,79,55,11,0,0,0,0,0,0,0,54,0,0,0,0,0,0,0,0,0,0,0,4,0,28,167,170,165,182,189,188,145,102,129,180,180,120,128,80,0,0,0,0,0,0,0,0,0,1,0,4,0,9,158,153,148,167,172,174,184,188,159,133,195,204,195,23,0,0,0,0,0,0,0,0,0,0,0,3,0,10,148,147,155,181,195,193,195,194,176,156,180,184,154,0,0,0,0,0,0,0,0,0,0,0,0,3,0,11,175,159,170,184,160,144,169,184,221,187,167,200,122,0,0,0,0,0,0,0,0,0,0,0,0,3,0,9,156,165,155,164,143,159,131,138,163,180,175,210,112,0,0,0,0,0,0,0,0,0,1,1,0,5,0,18,171,163,151,164,138,173,176,188,186,173,176,192,96,0,0,0,0,0,0,0,0,0,1,1,0,5,0,87,179,153,182,156,140,166,156,153,176,154,173,195,65,0,0,0,0,0,0,0,0,0,0,0,7,0,0,167,111,97,126,129,158,167,158,151,211,201,198,193,19,0,0,0,0,0,0,0,0,0,1,4,0,0,111,187,153,177,176,196,190,184,204,214,199,200,198,193,13,0,0,0,0,0,0,0,1,2,0,0,11,113,179,130,126,157,162,163,182,176,180,182,180,181,185,197,35,0,1,0,3,4,5,2,0,0,0,67,138,147,154,147,169,183,181,183,186,187,183,180,184,186,183,196,108,0,2,0,0,0,0,0,0,43,112,146,141,139,166,180,184,185,176,179,192,194,175,182,184,179,183,189,162,0,0,0,26,51,63,96,130,135,134,135,160,150,158,180,183,186,182,177,194,185,177,180,175,171,175,186,196,0,4,121,142,136,144,129,123,124,140,163,167,181,180,168,168,177,181,181,195,183,185,177,180,179,179,182,189,0,109,157,128,108,100,133,145,148,156,163,177,192,185,169,170,170,165,157,163,179,168,167,185,184,192,191,199,0,148,204,183,160,141,132,133,144,156,165,170,170,177,175,185,197,209,220,215,212,224,220,215,220,205,198,200,0,0,84,170,201,206,200,210,197,196,208,227,214,249,255,246,227,202,157,133,213,173,183,184,187,186,190,221,15,0,0,0,27,69,110,159,176,177,173,167,137,96,36,0,0,0,0,0,223,191,184,179,183,176,141,105,0,0,0,0,0,0,0,0,0,0,0,0,0,0,0,0,0,0,0,0,0,0,0,0,0,0,0,0,0,0,0,0,0,0,0,0,0,0,0,0,0,0,0,0,0,0,0,0,0,0,0,0,0,0,0,0,0,0,0,0,0,0,0,0,0,0,0,0,0,0,0,0,0,0,0,0,0,0,0,0,0,0,0,0,0,0,0,0,0,0,0,0,0,0,0,0,0,0,0,0,0,0,0,0,0,0,0,0,0,0,0,0,0,6
0,0,0,0,0,0,0,0,0,0,0,0,0,0,0,0,0,0,0,0,0,0,0,0,0,0,0,0,0,0,0,0,0,0,0,0,0,0,0,0,0,0,0,0,0,0,0,0,0,0,0,0,0,0,0,0,0,0,0,0,0,0,0,0,0,0,0,0,0,0,0,0,0,0,0,0,0,0,0,0,0,0,0,0,0,0,0,0,0,0,0,0,0,0,0,0,0,2,0,55,108,117,103,45,0,0,1,0,4,4,1,0,0,0,0,0,0,0,0,0,0,0,1,1,1,0,0,144,145,148,181,167,2,0,0,0,0,0,0,0,0,0,0,0,0,0,0,0,0,0,1,0,2,0,1,155,134,138,133,167,144,130,135,111,69,31,0,0,0,0,0,0,0,0,0,0,0,0,0,0,3,0,12,146,124,144,158,166,165,175,159,163,162,160,25,0,0,0,0,0,0,0,0,0,0,2,0,1,4,0,47,164,145,163,143,126,113,154,159,151,152,156,5,0,0,0,0,0,0,0,0,0,2,5,0,0,0,0,79,168,152,162,154,145,121,144,159,144,144,165,64,0,0,0,0,0,0,0,0,0,0,0,2,1,0,0,103,126,136,140,147,158,144,170,174,152,150,164,58,0,0,0,0,0,0,0,0,0,0,1,0,4,0,10,147,162,180,178,203,165,152,186,190,195,182,184,9,0,0,0,0,0,0,0,0,0,0,3,2,0,0,217,176,182,158,148,198,203,174,164,163,157,147,185,9,0,0,0,0,0,0,0,0,0,0,2,4,0,29,193,121,121,138,178,179,144,168,173,166,155,141,174,63,0,0,0,0,0,0,0,1,0,0,0,3,0,88,138,149,146,167,159,171,147,160,176,158,153,145,150,126,0,0,0,0,0,0,0,0,0,0,5,0,4,135,123,150,168,154,160,171,178,166,139,156,161,147,131,156,4,0,0,0,0,0,0,0,0,0,3,0,78,151,136,131,163,168,164,161,150,149,125,139,144,136,138,168,46,2,0,0,0,0,0,0,0,4,0,30,148,148,142,152,141,159,166,137,97,124,144,145,152,141,127,162,56,0,0,0,0,1,0,2,3,0,10,146,139,137,168,145,145,143,165,132,164,179,132,121,142,160,168,219,72,0,0,1,2,2,4,0,0,0,124,140,111,130,161,173,130,157,164,171,161,125,174,220,233,235,200,244,49,1,2,0,0,0,0,0,38,124,116,108,114,120,115,163,161,153,161,129,138,167,187,223,209,199,189,232,35,0,0,0,10,39,65,96,117,112,104,113,120,118,127,129,182,162,109,192,222,0,81,251,202,201,184,232,32,0,34,113,131,134,132,120,108,114,120,128,135,140,145,154,144,161,210,136,0,0,118,251,202,202,187,233,22,5,119,121,117,119,122,123,123,126,131,139,145,153,150,126,159,204,54,0,0,0,113,218,199,201,191,230,20,75,178,143,131,128,134,120,112,116,126,130,136,144,147,170,202,7,0,0,2,0,106,209,191,193,187,220,19,10,129,153,164,221,216,222,218,216,196,184,179,186,230,202,0,0,3,0,3,0,117,222,203,205,199,255,32,0,0,0,0,7,29,57,76,101,134,148,143,135,85,0,0,1,0,0,0,0,62,150,117,118,115,107,0,0,0,0,0,0,0,0,0,0,0,0,0,0,0,0,0,0,0,0,0,0,0,0,0,0,0,0,0,0,0,0,0,0,0,0,0,0,0,0,0,0,0,0,0,0,0,0,0,0,0,0,0,0,0,0,0,6
0,0,0,0,0,0,0,0,0,0,0,0,0,0,0,0,0,0,0,0,0,0,0,0,0,0,0,0,0,0,0,0,0,0,0,0,0,0,0,0,0,0,0,0,0,0,0,0,0,0,0,0,0,0,0,0,0,0,0,0,0,0,0,0,0,0,0,0,0,0,0,0,0,0,0,0,0,0,0,0,0,0,0,0,0,0,0,0,0,0,0,0,0,0,0,0,0,0,0,0,0,0,0,0,0,0,0,0,0,0,0,0,0,0,0,0,0,0,0,0,0,0,0,0,0,4,0,8,46,44,58,74,94,91,90,78,43,31,0,0,0,0,0,0,0,0,0,0,0,0,0,0,0,0,0,142,240,236,255,255,253,251,255,242,201,170,0,0,0,0,0,0,0,0,0,0,0,0,0,0,0,0,0,153,233,218,220,213,208,204,225,179,163,122,0,0,0,0,0,0,0,0,0,0,0,0,0,0,0,0,0,177,225,226,228,224,220,220,238,163,183,96,0,0,0,0,0,0,0,0,0,0,0,0,0,1,0,0,0,216,221,210,229,229,218,219,234,157,178,82,0,0,0,0,0,0,0,0,0,0,0,0,0,0,1,0,21,245,204,204,226,226,218,226,225,148,179,67,0,0,0,0,0,0,0,0,0,0,0,1,0,0,0,0,89,249,198,230,229,226,216,231,215,147,175,65,0,0,0,0,0,0,0,0,0,0,0,1,0,0,0,0,210,245,207,215,233,228,214,234,198,143,166,81,0,0,0,0,0,0,0,0,0,0,0,1,0,0,0,64,253,219,223,224,229,227,215,233,200,144,165,112,0,0,0,0,0,0,0,0,0,0,0,1,1,0,0,218,233,197,220,222,226,225,215,227,213,151,162,161,7,0,0,0,0,0,0,1,0,1,0,1,0,0,134,235,212,189,206,212,225,223,214,219,231,171,148,186,81,0,0,0,0,0,0,0,0,0,0,0,0,94,250,184,205,224,216,220,226,224,216,216,238,200,142,174,151,0,0,0,0,0,0,2,0,0,0,0,37,233,199,224,185,204,232,225,228,224,215,221,228,220,153,160,174,15,0,0,0,0,2,1,2,0,0,4,212,225,188,221,230,207,196,244,224,218,209,213,223,240,208,151,181,25,0,0,1,3,0,0,0,0,34,206,217,218,221,224,206,215,183,189,240,229,231,238,230,222,217,153,170,7,1,1,0,0,0,0,0,106,237,211,216,180,223,221,195,223,234,194,230,214,141,139,132,129,154,173,184,4,0,0,0,0,40,87,170,231,201,199,217,238,185,199,225,227,225,229,142,160,184,185,197,210,221,196,168,14,0,32,177,179,191,219,211,199,210,215,207,229,229,227,226,221,222,199,183,175,84,233,246,223,229,196,171,22,25,221,232,226,222,222,221,221,218,219,211,220,235,206,167,243,208,103,20,0,0,248,220,208,222,195,164,30,21,224,194,207,235,233,237,236,237,231,226,223,211,187,160,48,0,0,0,0,19,255,219,228,239,218,193,64,0,0,5,38,64,86,116,140,152,162,159,149,109,36,0,0,0,1,3,0,0,198,181,164,167,166,161,50,0,0,0,0,0,0,0,0,0,0,0,0,0,0,0,0,0,0,0,0,0,0,0,0,0,0,0,0,0,0,0,0,0,0,0,0,0,0,0,0,0,0,0,0,0,0,0,0,0,0,0,0,0,0,0,0,0,0,0,0,0,0,0,0,0,0,0,0,0,0,0,0,0,0,0,0,0,0,0,0,0,0,0,0,6
0,0,0,0,0,0,0,0,0,0,0,0,0,0,0,0,0,0,0,0,0,0,0,0,0,0,0,0,0,0,0,0,0,0,0,0,0,0,0,2,0,8,80,118,158,157,166,177,161,141,135,143,163,91,0,0,0,0,0,0,0,0,0,0,0,0,0,4,0,80,220,173,184,174,186,186,194,182,190,182,177,132,0,0,0,0,0,0,0,0,0,0,0,0,0,4,0,63,163,155,156,184,184,167,179,176,176,170,173,121,0,0,0,0,0,0,0,0,0,0,0,0,0,5,0,60,172,156,154,172,183,176,186,172,171,166,185,88,0,0,0,0,0,0,0,0,0,0,0,0,0,5,0,63,177,154,173,175,180,187,184,160,161,158,186,70,0,1,0,0,0,0,0,0,0,0,0,0,0,1,0,55,196,157,165,160,174,185,176,167,169,146,179,92,0,1,0,0,0,0,0,0,0,0,0,0,0,1,0,69,185,149,162,178,188,189,187,181,180,151,187,86,0,0,0,0,0,0,0,0,0,0,0,1,0,0,0,108,187,156,160,183,185,176,186,189,179,160,200,82,0,0,0,0,0,0,0,0,0,0,0,0,1,0,0,137,174,175,173,181,181,193,203,192,173,174,204,94,0,0,0,0,0,0,0,0,0,0,0,0,5,0,37,187,164,182,177,180,185,186,187,183,170,176,174,152,0,0,1,1,1,0,0,0,0,0,1,0,2,0,118,174,172,192,182,174,180,180,176,182,193,187,165,192,41,0,0,0,0,0,0,0,0,0,0,2,0,0,180,152,161,199,176,175,190,185,182,191,184,168,158,179,153,0,0,0,0,0,0,0,0,0,0,4,0,89,170,134,155,204,186,183,182,183,191,170,136,134,150,160,187,11,0,0,0,0,0,0,0,0,2,0,0,154,137,118,123,173,168,163,174,187,189,153,130,150,175,156,196,62,0,0,0,0,0,0,0,4,0,0,74,142,121,112,107,146,167,157,176,195,175,156,168,168,178,165,161,64,0,0,0,0,1,10,0,0,0,61,143,116,133,129,147,156,171,171,177,189,181,175,170,166,155,149,178,51,0,2,3,0,0,0,0,23,113,144,126,126,131,144,170,171,171,178,193,182,166,168,170,189,205,200,250,91,0,0,0,0,16,50,105,157,156,124,120,128,151,161,157,167,174,156,178,195,191,215,231,222,223,211,255,64,0,18,113,135,148,159,158,137,142,148,137,128,147,171,181,164,162,176,201,225,227,228,225,218,220,207,248,44,16,158,165,141,143,137,150,153,150,150,158,159,162,159,162,175,203,225,228,222,219,218,218,220,219,203,248,47,107,172,151,160,155,151,146,136,144,148,138,145,163,148,177,222,231,222,221,221,222,225,222,224,215,211,251,45,181,209,205,206,213,198,199,189,178,181,175,178,190,217,231,228,219,220,221,217,216,218,214,216,211,209,217,46,193,219,210,216,217,217,214,216,217,219,218,217,218,216,216,216,218,218,220,225,225,226,226,226,216,211,227,49,189,237,246,227,219,226,235,235,236,240,243,239,237,235,234,241,231,233,233,221,217,230,243,202,239,234,233,62,1,41,102,53,32,41,76,95,101,119,136,140,158,128,118,108,86,52,46,21,0,0,0,0,27,22,21,0,0,0,0,0,0,0,0,0,0,0,0,0,0,0,0,0,0,0,0,0,0,0,0,0,0,0,0,0,0,0,0,0,0,0,0,0,0,0,0,0,0,0,0,0,0,0,0,0,0,0,0,0,0,0,0,0,6
0,0,0,0,0,0,0,0,0,0,0,0,0,0,0,0,0,0,0,0,0,0,0,0,0,0,0,0,0,0,0,0,0,0,0,0,0,0,0,0,1,0,0,76,98,65,60,45,33,20,0,0,0,0,0,0,0,0,0,0,0,0,0,0,0,0,0,0,4,0,15,198,213,235,255,255,255,255,252,246,236,183,197,77,0,0,0,0,0,0,0,0,0,0,0,0,6,0,114,214,189,215,218,218,218,216,213,210,209,206,208,5,0,0,0,0,0,0,0,0,0,0,0,0,2,0,59,207,201,221,228,224,223,218,215,212,200,211,189,0,0,0,0,0,0,0,0,0,0,0,0,0,2,0,82,209,194,222,227,224,226,221,212,211,199,220,144,0,0,0,0,0,0,0,0,0,0,0,0,0,2,0,69,207,195,217,224,219,217,212,215,209,197,218,79,0,0,0,0,0,0,0,0,0,0,0,0,0,2,0,90,210,190,211,223,210,207,214,215,207,197,215,46,0,0,0,0,0,0,0,0,0,0,0,0,0,1,0,122,208,181,214,219,217,215,218,209,201,198,208,21,0,0,0,0,0,0,0,0,0,0,0,0,0,1,0,117,206,187,210,218,222,219,217,215,205,207,221,0,0,0,0,0,0,0,0,0,0,0,0,0,0,0,0,171,217,179,213,223,223,217,212,212,200,209,145,0,0,0,0,0,0,0,0,0,0,0,0,0,0,0,0,156,197,191,202,216,216,212,215,211,191,209,123,0,0,0,0,0,0,0,0,0,0,0,0,0,0,0,0,165,216,188,199,218,221,217,219,204,180,210,142,0,0,0,0,0,0,0,0,0,0,0,0,0,4,0,0,221,192,187,201,220,223,220,215,209,196,216,167,0,0,0,0,0,0,0,0,0,0,0,0,0,0,0,102,223,184,202,217,219,219,221,214,203,200,209,199,0,0,0,0,0,0,0,0,0,0,1,1,0,0,126,194,167,180,200,219,222,210,209,198,199,211,213,218,0,0,0,0,2,2,3,6,5,3,0,0,0,214,130,138,156,172,186,209,218,216,215,209,221,231,175,142,1,0,0,0,0,0,0,0,0,0,0,38,138,215,170,177,188,207,211,213,220,222,220,215,232,141,144,170,24,0,0,0,13,38,44,39,35,112,177,107,135,154,166,211,216,228,229,225,223,222,201,227,141,136,146,181,51,0,0,0,114,138,113,120,120,141,0,42,144,176,148,158,206,220,209,205,220,221,229,186,117,157,158,183,67,0,0,99,143,130,110,95,135,131,115,179,175,188,212,224,221,202,194,188,177,194,211,135,146,152,137,144,46,0,0,172,191,195,189,180,143,218,233,214,205,209,221,210,193,206,220,221,214,220,224,204,192,192,190,194,83,0,56,186,176,186,196,211,218,220,214,217,216,213,212,210,205,206,205,209,216,203,199,208,209,213,205,219,131,0,72,206,205,189,188,188,191,192,196,202,198,195,197,199,212,247,238,211,194,225,206,208,213,206,203,216,111,0,0,24,150,195,214,216,210,209,203,197,204,206,209,237,100,29,0,0,5,213,204,210,200,205,202,213,100,0,0,0,0,0,43,126,220,183,219,255,218,221,230,111,0,0,0,0,49,255,200,208,255,224,223,237,106,0,1,1,0,0,0,0,0,0,8,33,0,0,0,0,0,3,2,0,8,59,23,20,103,77,75,100,23,0,0,0,0,0,0,0,0,0,0,0,0,0,0,0,0,0,0,0,0,0,0,0,0,0,0,0,0,0,6
0,0,0,0,0,0,0,0,0,0,0,0,0,0,0,0,0,0,0,0,0,0,0,0,0,0,0,0,0,0,0,0,0,0,0,0,0,0,0,0,0,0,0,0,0,0,0,0,0,0,0,0,0,0,0,0,0,0,0,0,0,0,0,0,0,0,0,0,0,0,0,0,0,0,0,0,0,0,0,0,0,0,0,0,0,0,0,0,0,0,0,0,0,0,0,0,0,3,4,3,4,1,7,7,0,0,0,11,7,0,1,0,0,0,0,0,0,0,0,0,0,0,0,0,0,0,0,0,0,0,0,0,0,0,0,217,152,0,4,0,0,0,0,0,0,0,0,0,0,0,0,1,0,0,3,0,0,0,23,37,108,186,153,219,178,0,0,1,0,0,0,0,0,0,0,0,0,0,0,4,0,143,222,211,227,243,255,201,168,255,194,183,211,0,0,0,0,0,0,0,0,0,0,0,0,0,0,4,0,120,186,180,174,155,140,97,67,83,58,221,228,48,0,1,0,0,0,0,0,0,0,0,0,0,0,2,0,19,156,145,101,28,23,0,0,0,0,253,221,185,0,0,0,0,0,0,0,0,0,0,0,1,3,0,29,241,218,225,223,224,255,120,236,251,126,208,215,222,74,0,0,0,0,0,0,0,0,0,0,1,0,0,117,82,0,7,31,72,125,105,247,255,157,207,210,216,227,0,0,0,0,0,0,0,0,0,0,4,0,28,121,88,1,0,0,0,0,0,1,0,145,228,211,210,245,57,0,0,0,0,0,0,0,0,0,2,0,6,133,117,92,0,0,2,2,0,0,0,229,218,217,207,238,106,0,0,0,0,0,0,0,0,0,0,1,0,84,106,97,55,0,0,0,5,0,56,255,223,225,204,237,73,0,0,0,0,0,0,0,0,0,0,1,0,10,130,92,99,17,0,0,0,0,113,237,214,218,192,231,21,0,0,0,0,0,0,0,0,3,3,0,0,0,91,102,83,66,0,0,0,103,217,202,196,207,209,240,20,0,0,0,0,0,0,1,0,0,0,0,0,0,19,111,84,74,0,32,182,236,216,216,219,211,208,229,4,0,0,0,0,0,2,0,0,47,58,0,0,0,0,82,87,23,112,217,216,127,1,226,219,209,207,229,0,0,0,0,0,4,0,0,61,163,174,73,0,0,0,24,26,138,229,164,18,0,0,240,220,212,208,220,0,0,0,0,0,0,0,42,203,160,141,215,98,0,0,0,145,233,128,0,0,0,0,235,217,210,210,218,0,3,4,1,0,86,163,157,125,143,165,191,248,66,0,176,238,125,0,0,4,0,0,233,220,211,210,213,0,0,0,0,0,105,81,134,122,203,200,195,225,216,166,237,122,0,0,0,0,0,0,230,220,209,212,214,0,4,18,39,36,133,211,199,79,77,210,221,214,206,238,148,0,0,3,0,2,0,0,190,217,207,209,195,0,102,189,195,203,200,215,215,224,229,255,220,214,232,112,0,0,5,0,0,2,0,0,249,230,223,226,248,0,0,13,15,20,36,46,70,105,100,88,103,67,0,0,0,0,5,4,0,1,0,0,150,161,128,128,103,0,0,0,0,0,0,0,0,0,0,0,0,0,0,0,0,0,0,0,0,0,0,0,0,0,0,0,0,0,0,0,0,0,0,0,0,0,0,0,0,0,0,0,0,0,0,0,0,0,0,0,0,0,0,0,0,0,0,0,0,0,0,0,0,0,0,0,0,0,0,0,0,0,0,0,0,0,0,0,0,0,0,0,0,0,6
0,0,0,0,0,0,0,0,0,0,0,0,0,0,0,0,0,0,0,0,0,0,0,0,0,0,0,0,0,0,0,0,0,0,0,0,0,0,0,0,0,0,0,0,0,0,0,0,0,0,0,0,0,0,0,0,0,0,0,0,0,0,0,0,0,0,0,0,0,0,0,0,0,0,0,0,0,0,0,0,0,0,0,0,0,0,0,0,0,0,0,0,0,0,0,0,0,0,0,0,0,0,0,0,0,0,0,0,0,0,0,0,0,0,0,0,0,0,0,0,0,0,0,0,0,0,2,3,2,2,2,0,0,2,3,0,0,128,28,0,0,0,0,0,0,0,0,0,0,0,0,0,0,0,0,0,0,0,0,0,0,0,0,0,0,255,16,0,0,0,0,0,0,0,0,0,0,0,0,0,3,0,3,170,113,91,40,0,0,0,0,0,18,168,0,0,0,0,0,0,0,0,0,0,0,0,0,0,6,0,55,255,244,249,255,162,129,246,216,235,234,226,3,0,0,0,0,0,0,0,0,0,0,0,0,0,2,0,102,244,225,233,234,215,255,239,238,235,239,224,0,0,0,0,0,0,0,0,0,0,0,0,0,0,0,0,154,243,237,241,233,199,236,236,232,234,234,224,0,0,0,0,0,0,0,0,0,0,0,0,0,1,0,0,229,230,223,235,241,231,241,234,241,240,232,252,5,0,0,0,0,0,0,0,0,0,1,0,1,0,0,49,255,227,219,232,234,240,240,238,240,235,236,255,29,0,0,0,0,0,0,0,0,0,0,2,1,0,0,185,229,231,241,237,230,234,238,240,230,247,234,241,129,0,0,0,0,0,0,0,0,0,0,2,0,0,91,255,224,246,237,234,235,236,225,245,255,241,170,216,238,0,0,0,0,0,0,0,0,1,0,0,0,68,219,216,240,243,234,232,243,230,210,229,160,74,165,233,255,22,1,5,5,0,0,0,0,0,0,0,150,176,119,216,230,227,226,206,223,186,187,156,66,117,205,224,255,82,0,0,0,0,0,0,0,6,108,236,131,6,163,231,228,229,217,211,206,158,173,127,107,158,206,226,255,120,0,38,127,174,181,152,141,208,201,78,34,182,228,183,210,221,205,223,239,239,247,244,255,255,252,242,255,103,69,209,172,127,94,133,226,120,26,115,217,224,153,117,179,218,222,224,233,213,224,228,222,220,228,212,255,76,143,251,230,233,206,200,218,188,213,225,197,231,179,114,171,217,233,220,211,221,225,217,215,212,218,222,230,85,0,96,166,208,230,240,242,242,238,226,224,224,234,228,232,235,226,254,240,206,235,229,230,235,240,238,249,137,0,0,0,12,88,133,191,201,222,234,241,241,234,223,213,208,125,49,0,0,80,255,224,222,200,170,167,41,0,2,0,0,0,0,0,0,6,26,38,56,61,34,4,0,0,0,0,0,0,0,0,0,0,0,0,0,0,0,0,4,2,0,2,0,0,0,0,0,0,0,0,0,0,7,0,0,0,0,0,0,0,0,2,0,0,0,0,0,0,0,0,0,0,0,0,0,0,0,0,0,0,0,0,0,0,0,0,0,0,0,0,0,0,0,0,0,0,0,0,0,0,0,0,0,0,0,0,0,0,0,0,0,0,0,0,0,0,0,0,0,0,0,0,0,0,0,0,0,0,0,0,0,0,0,0,0,0,0,0,0,0,0,0,0,0,0,0,0,0,0,0,0,0,0,0,0,0,0,0,0,0,0,0,0,0,0,0,0,0,0,0,0,0,0,0,0,6
0,0,0,0,0,0,0,0,0,0,0,0,0,0,0,0,0,0,0,0,0,0,0,0,0,0,0,0,0,0,0,0,0,0,0,0,0,0,0,0,0,0,0,0,0,0,0,0,0,0,0,0,0,0,0,0,0,0,0,0,0,0,0,0,0,0,0,0,0,0,0,0,4,0,25,61,0,0,0,0,0,1,3,0,0,0,0,0,0,0,0,0,0,0,0,0,0,0,0,0,0,16,89,140,80,18,5,0,0,0,0,0,0,0,0,0,0,0,0,0,0,0,0,0,0,0,0,0,105,167,36,109,75,102,228,181,166,103,19,0,0,0,0,0,0,0,0,0,0,0,0,0,0,4,0,0,167,197,98,113,54,173,221,201,202,207,173,31,0,0,0,0,0,0,0,0,0,0,0,0,0,5,0,36,181,190,192,136,167,239,205,207,202,208,212,68,0,0,0,0,0,0,0,0,0,0,0,0,0,2,0,157,215,221,213,209,212,226,235,239,229,225,222,67,0,0,0,0,0,0,0,0,0,0,0,0,0,0,0,165,232,230,227,231,215,197,196,193,195,200,213,107,0,0,0,0,0,0,0,0,0,0,0,0,0,0,0,57,214,201,220,231,230,221,222,223,224,221,227,40,0,0,0,0,0,0,0,0,0,0,0,0,0,4,0,77,254,234,212,189,189,205,220,223,217,222,209,0,0,0,0,0,0,0,0,0,0,0,0,8,0,0,88,185,177,91,220,252,255,212,192,204,205,213,160,0,0,0,0,0,2,0,1,1,0,7,6,0,29,184,0,255,58,73,36,0,62,247,238,233,213,198,161,0,0,0,0,0,2,0,0,0,4,0,0,98,80,123,42,5,0,47,170,237,0,48,238,195,210,193,226,0,0,0,0,0,1,2,4,0,0,41,44,179,30,0,240,219,255,56,60,249,249,206,249,235,197,192,231,14,0,0,0,0,1,0,0,10,4,226,45,0,186,143,0,0,74,255,205,184,201,219,209,255,203,215,245,32,0,0,0,3,0,0,42,38,75,72,186,66,51,69,219,196,91,181,193,231,223,221,211,221,201,219,242,61,1,0,9,0,21,202,222,128,0,0,189,107,181,76,0,248,145,138,133,153,157,213,215,215,200,232,213,27,0,4,0,0,68,183,183,219,191,0,0,1,0,255,208,196,144,156,201,209,153,213,217,228,190,152,32,0,0,0,17,113,146,182,195,180,211,230,0,172,90,139,200,209,148,163,188,159,206,216,186,150,27,0,39,27,0,56,143,165,195,193,194,201,192,232,147,31,255,190,214,195,174,161,160,209,198,42,0,0,25,53,27,0,0,215,211,151,162,166,192,203,211,214,211,225,195,215,196,185,191,178,178,84,0,10,42,39,20,5,0,0,10,152,220,191,172,181,176,177,188,196,186,198,210,215,213,197,173,81,12,0,36,22,1,0,0,0,0,0,57,67,107,161,225,216,223,215,211,218,223,220,204,184,110,42,0,0,23,18,0,0,0,0,1,0,0,0,32,119,76,29,22,47,79,108,116,114,116,88,28,13,5,18,33,25,0,0,0,1,1,0,0,0,0,0,0,41,115,107,87,57,34,27,20,19,21,24,33,42,41,26,10,0,0,1,0,0,0,0,0,0,0,0,0,0,0,23,51,65,78,74,68,64,53,42,37,20,5,0,0,0,0,0,0,0,0,0,0,0,0,0,0,0,0,0,0,0,0,0,0,0,0,0,0,0,0,0,0,0,0,0,0,0,0,0,0,0,0,0,6
0,0,0,0,0,0,0,0,0,0,0,0,0,0,0,0,0,0,0,0,0,0,0,0,0,0,0,0,0,0,0,0,0,0,0,0,0,0,0,0,0,0,0,0,0,0,0,0,0,0,0,0,0,0,0,0,0,0,0,0,0,0,0,0,0,0,0,0,0,0,54,88,80,85,87,103,122,114,104,95,88,75,59,0,0,0,0,0,0,0,0,0,0,0,0,0,0,0,146,185,182,214,217,218,228,214,217,209,205,195,255,99,0,0,0,0,0,0,0,0,0,0,0,0,1,0,121,180,176,171,174,176,184,159,151,156,165,172,189,58,0,0,0,0,0,0,0,0,0,0,0,0,1,0,124,195,188,185,186,177,193,173,182,173,181,178,198,44,0,0,0,0,0,0,0,0,0,0,0,0,1,0,124,198,190,189,186,175,196,175,180,181,184,178,229,22,0,0,0,0,0,0,0,0,0,0,0,0,1,0,125,197,186,190,183,177,199,170,177,183,180,180,231,1,0,0,0,0,0,0,0,0,0,0,0,0,1,0,121,194,184,198,183,172,200,181,177,181,171,176,217,0,0,0,0,0,0,0,0,0,0,0,0,0,1,0,116,192,187,199,184,173,200,184,182,186,178,176,194,0,0,0,0,0,0,0,0,0,0,0,0,0,1,0,115,194,189,198,194,181,197,176,185,189,185,181,181,0,0,0,0,0,0,0,0,0,0,0,0,0,1,0,113,194,187,194,195,173,189,180,186,173,171,187,166,0,0,0,0,0,0,0,0,0,0,0,0,0,0,0,111,194,184,192,186,176,190,171,171,179,161,187,136,0,0,0,0,0,0,0,0,0,0,0,0,0,0,0,115,188,180,190,183,177,185,167,167,179,164,183,118,0,0,0,0,0,0,0,0,0,0,0,0,0,2,0,98,197,176,192,183,181,181,168,171,170,172,180,89,0,0,0,0,0,0,0,0,0,0,0,0,0,0,0,101,217,181,196,182,186,178,168,167,171,170,184,59,0,0,0,0,0,0,0,0,0,3,0,0,0,18,128,179,202,203,207,190,184,174,167,170,168,177,197,55,0,0,0,0,0,0,2,1,0,0,0,3,95,180,195,156,164,198,197,194,182,190,189,205,188,174,183,48,0,0,0,2,3,0,0,0,0,8,97,172,182,159,146,157,168,183,176,172,194,207,198,192,181,180,186,54,0,0,0,0,0,0,0,46,117,178,185,156,161,171,160,166,174,183,185,170,184,187,190,178,182,184,188,119,0,0,0,0,80,137,170,189,182,161,152,153,166,174,172,168,177,185,183,187,195,197,186,182,180,173,183,179,0,0,22,186,163,166,167,165,159,163,167,173,172,175,175,172,175,180,190,203,180,181,183,181,173,160,185,184,0,15,155,181,163,168,167,168,164,164,165,176,176,172,175,178,186,197,204,220,215,213,206,213,209,196,201,190,0,79,179,173,193,189,193,199,195,197,192,190,190,197,207,207,207,208,209,209,194,193,198,198,200,195,187,192,56,65,179,175,173,174,179,183,179,182,187,183,180,184,181,176,172,167,159,162,167,171,171,167,167,173,163,164,41,0,29,140,173,198,198,194,188,184,178,184,182,181,186,189,195,198,201,203,202,199,199,196,201,205,173,208,45,0,0,0,0,36,49,66,89,97,107,113,114,116,102,93,78,65,52,44,46,45,44,38,38,37,44,12,0,0,0,0,0,0,0,0,0,0,0,0,0,0,0,0,0,0,0,0,0,0,0,0,0,0,0,0,0,6
0,0,0,0,0,0,0,0,0,0,0,0,0,0,0,0,0,4,0,0,0,0,0,0,0,136,55,0,0,0,0,0,0,0,0,0,0,0,0,0,0,1,0,22,0,0,0,2,3,3,2,0,31,109,36,0,0,0,0,0,0,0,0,0,0,0,0,0,0,3,0,187,193,87,0,0,0,0,0,0,0,133,35,0,0,0,0,0,0,0,0,0,0,0,0,0,0,6,0,123,209,205,78,59,48,27,0,82,168,186,0,0,0,0,0,0,0,0,0,0,0,0,0,0,0,2,0,108,193,208,223,225,230,224,216,211,214,135,0,0,0,0,0,0,0,0,0,0,0,0,0,0,0,0,0,117,200,207,205,208,211,212,214,195,194,135,0,0,0,0,0,0,0,0,0,0,0,0,0,0,0,0,0,143,199,214,203,215,213,215,220,197,199,135,0,0,0,0,0,0,0,0,0,0,0,0,0,0,2,0,0,172,199,213,205,215,215,214,221,186,220,111,0,0,0,0,0,0,0,0,0,0,0,0,0,0,3,0,7,186,203,210,206,215,215,211,222,184,224,86,0,0,0,0,0,0,0,0,0,0,0,0,0,0,4,0,47,202,208,209,208,216,216,215,220,184,219,110,0,0,0,0,0,0,0,0,0,0,0,0,0,0,0,0,83,211,210,202,209,216,216,215,213,182,203,179,0,0,0,0,0,0,0,0,0,0,0,0,0,2,0,0,150,212,214,204,213,216,217,216,219,187,198,240,5,0,0,0,0,0,0,0,0,0,0,1,0,5,0,52,205,200,209,205,212,220,219,216,222,212,198,209,67,0,0,0,0,0,0,0,0,0,0,0,0,0,0,167,202,205,202,207,217,217,210,221,224,208,215,220,148,0,0,0,0,0,0,0,0,0,0,0,5,0,63,224,179,212,201,209,211,220,228,228,187,225,223,218,195,0,0,0,0,0,0,0,0,0,0,1,0,0,184,191,183,213,201,216,227,224,206,164,177,192,206,217,207,26,0,0,0,0,0,0,0,0,0,0,0,78,220,177,185,196,214,215,186,140,119,128,149,159,230,205,200,53,0,0,0,0,0,0,0,0,4,0,0,193,186,188,197,201,203,184,163,207,236,253,253,255,231,170,201,39,0,0,0,0,0,0,0,1,0,0,122,208,184,197,192,174,153,200,229,242,252,222,203,187,177,189,238,58,0,0,0,0,0,0,2,0,0,49,212,177,182,177,163,175,214,225,213,198,162,158,166,196,226,204,221,44,1,0,2,4,0,0,0,0,23,183,178,157,149,149,178,216,205,174,156,191,250,238,235,238,228,188,218,34,2,1,0,0,0,0,0,100,167,150,147,155,167,197,225,203,172,148,241,255,70,56,251,208,222,193,224,35,0,0,31,78,118,123,157,155,113,121,143,161,193,213,223,213,184,255,173,0,0,86,255,212,229,187,222,34,0,60,158,123,77,41,26,107,179,181,186,189,190,199,203,198,229,118,0,0,0,110,233,211,224,186,221,38,0,144,195,181,173,171,145,165,176,173,189,216,228,201,195,227,105,0,0,7,0,114,230,205,209,187,223,36,79,201,203,201,199,201,201,201,203,208,213,209,191,203,255,91,0,0,0,4,0,117,215,195,198,186,211,27,17,129,155,186,220,228,229,223,223,225,231,246,255,244,50,0,0,1,0,5,0,164,226,208,236,200,252,40,0,0,0,0,44,66,100,129,145,158,161,123,74,0,0,0,0,0,0,0,0,87,143,111,112,106,89,0,6
0,0,0,0,0,0,0,0,0,0,0,0,0,0,0,0,0,0,0,0,0,0,0,0,0,0,0,0,0,0,0,0,0,0,0,0,0,0,0,0,0,0,0,0,0,0,0,0,0,0,0,0,0,0,0,0,0,0,0,0,0,0,0,0,0,0,0,0,0,0,0,0,0,0,0,0,0,0,0,0,0,0,0,0,0,0,0,0,0,0,0,0,0,1,5,0,0,70,71,84,81,73,38,7,0,0,27,36,39,4,0,1,0,0,0,0,0,0,0,0,0,0,4,0,44,223,180,209,200,183,165,183,148,175,207,183,193,115,0,4,0,0,0,0,0,0,0,0,0,0,4,0,72,177,169,180,183,180,186,203,193,190,175,171,179,147,0,0,0,0,0,0,0,0,0,0,0,0,6,0,109,174,169,175,176,179,170,187,192,201,195,184,181,176,0,0,0,0,0,0,0,0,0,0,0,3,0,0,170,177,172,177,181,175,185,192,188,175,180,181,183,179,0,0,0,0,0,0,0,0,0,0,0,3,0,9,189,170,172,177,182,181,182,186,186,186,166,167,168,204,34,0,0,0,0,0,0,0,0,0,0,5,0,62,196,168,175,176,182,177,189,197,191,183,182,187,180,189,133,0,0,0,0,0,0,0,0,0,0,4,0,106,172,168,175,176,181,176,183,193,175,200,174,170,180,179,186,0,0,0,0,0,0,0,0,0,0,0,0,149,172,174,175,177,182,172,177,186,174,169,196,219,206,183,206,43,0,0,0,0,0,0,0,0,3,0,18,180,168,175,177,178,178,179,182,194,210,234,204,171,155,159,193,70,0,0,0,0,1,1,0,0,3,0,88,192,167,175,176,176,178,177,171,185,173,167,175,181,185,179,186,119,0,0,0,0,0,0,0,0,0,0,151,173,171,175,176,176,176,173,179,187,192,205,178,170,167,162,179,137,0,0,0,1,1,0,0,4,0,37,176,162,169,172,177,176,175,175,171,180,177,183,188,185,182,185,212,136,1,0,0,1,1,0,2,0,0,128,174,173,178,180,177,176,174,175,185,193,184,189,184,185,211,208,210,100,0,0,0,0,1,1,9,0,51,173,168,173,178,178,183,181,179,181,152,164,200,181,163,209,229,195,214,80,0,0,2,3,2,0,0,33,159,159,167,174,176,177,177,176,177,145,192,255,117,173,248,217,211,189,215,63,0,2,0,0,0,4,79,152,155,165,174,177,177,175,181,174,162,203,221,30,0,192,222,197,209,189,213,35,0,0,21,76,111,134,138,140,146,162,171,178,179,180,166,164,219,165,0,0,0,205,214,200,206,185,215,28,0,59,164,135,137,85,72,135,153,154,168,172,184,165,166,218,128,0,0,0,0,205,211,202,205,188,207,15,0,127,154,154,152,154,125,150,170,169,173,183,168,170,218,83,0,0,0,0,0,207,210,200,199,188,208,8,49,195,193,177,167,167,163,152,151,161,160,163,184,217,69,0,0,8,0,0,0,173,204,194,191,184,195,0,0,45,156,180,200,201,234,230,223,216,216,237,221,43,0,0,2,4,0,0,0,242,217,205,204,197,222,0,0,0,0,0,10,44,66,93,116,128,104,57,0,0,0,1,0,4,0,0,0,82,83,84,96,90,84,0,0,0,0,0,0,0,0,0,0,0,0,0,0,0,0,0,0,0,0,0,0,0,0,0,0,0,0,0,0,0,0,0,0,0,0,0,0,0,0,0,0,0,0,0,0,0,0,0,0,0,0,0,0,0,0,0,6
0,0,0,0,0,0,0,0,0,0,0,0,0,0,0,0,0,0,0,0,0,0,0,0,0,0,0,0,0,0,0,0,0,0,0,0,0,0,0,0,0,0,0,0,0,0,0,0,0,0,0,0,0,0,0,0,0,0,0,0,0,0,0,0,0,0,0,0,0,0,0,0,0,0,0,0,0,0,0,0,0,0,0,0,0,0,0,0,0,0,0,0,0,0,0,0,3,0,26,125,105,109,102,77,60,49,8,0,0,0,0,0,0,0,0,0,0,0,0,0,0,0,0,0,1,0,142,255,234,255,255,255,255,255,255,255,193,207,13,0,0,0,0,0,0,0,0,0,0,0,0,0,0,0,108,235,217,222,218,214,218,224,226,231,238,240,14,0,0,0,0,0,0,0,0,0,0,0,0,0,0,0,100,231,224,226,226,229,230,227,232,227,229,212,0,0,0,0,0,0,0,0,0,0,0,0,0,1,0,0,109,230,223,228,226,228,228,228,230,224,232,243,0,0,0,0,0,0,0,0,0,0,0,0,0,0,0,0,152,237,216,223,227,226,228,228,228,225,235,217,0,0,0,0,0,0,0,0,0,0,0,0,0,0,0,0,179,236,217,226,226,227,228,228,227,222,238,201,0,0,0,0,0,0,0,0,0,0,0,0,0,1,0,0,240,228,219,225,226,227,228,229,232,218,237,200,0,0,0,0,0,0,0,0,0,0,1,4,0,1,0,79,236,217,228,226,226,227,229,229,227,220,232,229,0,0,0,0,0,0,0,0,0,0,0,1,0,0,0,223,230,215,220,224,226,227,230,228,227,229,220,238,53,0,0,0,0,0,0,0,0,0,0,0,3,0,94,235,218,226,223,227,227,228,229,228,232,227,223,237,183,0,0,0,0,0,0,0,0,0,0,2,0,13,255,223,223,222,228,231,229,229,230,227,231,230,221,227,255,0,0,0,0,0,0,0,0,0,1,0,0,226,231,223,227,227,228,225,230,230,228,229,228,229,231,221,255,60,2,0,0,0,0,0,0,1,0,0,196,234,222,228,226,228,227,232,230,226,228,224,231,229,226,223,238,96,0,0,1,2,3,4,0,0,0,200,238,219,223,224,225,225,225,230,228,228,229,222,225,230,226,220,240,85,0,5,5,0,0,0,0,40,216,226,212,216,225,228,227,227,228,228,228,222,216,223,227,216,223,228,253,0,0,0,0,0,0,48,180,255,223,214,221,226,223,225,226,227,230,223,223,235,243,255,255,255,224,240,195,0,0,0,37,132,222,255,223,211,213,223,221,221,224,227,227,224,221,230,242,241,125,34,0,131,231,246,87,0,24,204,215,230,218,211,207,214,218,223,223,223,233,230,219,225,242,249,80,0,0,0,0,0,217,232,1,0,224,235,216,210,213,214,207,214,221,220,220,223,223,220,234,255,161,0,0,0,3,3,0,0,212,181,0,0,171,218,231,238,255,255,248,236,230,228,229,233,236,255,255,73,0,0,0,0,0,4,0,0,230,119,0,2,0,0,30,56,90,127,159,187,208,216,229,228,216,144,0,0,0,0,0,0,0,0,0,0,163,9,0,1,0,0,0,0,0,0,0,0,0,0,0,0,0,0,0,0,0,0,0,0,0,0,0,0,0,0,0,0,0,0,0,0,0,0,0,0,0,0,0,0,0,0,0,0,0,0,0,0,0,0,0,0,0,0,0,0,0,0,0,0,0,0,0,0,0,0,0,0,0,0,0,0,0,0,0,0,0,0,0,0,0,0,0,0,6
0,0,0,0,0,0,0,0,0,0,0,0,0,0,0,0,0,0,0,0,0,0,0,0,0,0,0,0,0,0,0,0,0,0,0,0,0,0,0,0,0,0,0,0,0,0,0,0,0,0,0,0,0,0,0,0,0,0,0,0,0,0,0,0,0,0,0,0,0,0,0,0,0,0,0,0,0,0,0,0,0,0,0,0,0,0,0,0,0,0,0,0,0,0,0,0,0,0,0,0,0,0,0,0,0,0,0,0,0,0,0,0,0,0,0,0,0,0,0,0,0,0,0,0,0,0,0,0,0,0,0,0,0,0,0,0,0,0,0,0,0,0,0,0,0,0,0,0,0,0,0,0,0,0,0,0,1,0,0,72,0,0,1,0,0,0,2,2,0,0,0,0,0,0,0,0,0,0,0,0,0,0,0,0,2,0,0,191,59,0,3,0,0,1,0,0,0,0,0,0,0,0,0,0,0,0,0,0,0,0,1,0,2,0,9,136,0,0,3,0,10,0,4,36,0,0,0,0,0,0,0,0,0,0,0,0,0,0,2,0,0,0,128,173,0,0,0,0,0,0,177,97,0,0,0,0,0,0,0,0,0,0,0,0,0,0,0,0,0,37,211,210,99,77,56,16,63,169,72,0,0,0,0,0,0,0,0,0,0,0,0,0,0,0,4,0,0,227,208,199,212,253,248,205,229,239,8,0,0,0,0,0,0,0,0,0,0,0,0,0,0,2,0,0,171,220,201,201,193,200,197,205,205,212,30,0,0,0,0,0,0,0,0,0,2,1,0,0,6,0,0,152,219,206,220,204,204,213,204,211,213,223,38,0,0,0,0,0,0,0,0,0,0,0,0,2,0,0,176,222,207,216,221,206,205,207,198,215,216,234,54,0,0,0,0,0,0,0,0,0,0,3,0,0,0,196,216,204,212,215,218,208,206,209,200,213,219,236,145,0,0,2,5,5,5,3,3,4,0,0,0,55,231,214,204,210,214,215,216,209,208,211,204,214,221,226,227,0,6,0,0,0,0,0,0,0,0,10,169,217,208,204,208,210,225,212,210,205,205,204,198,216,222,218,252,29,0,0,60,71,35,0,0,3,110,252,214,202,213,212,210,218,222,221,200,193,189,193,194,214,223,217,254,71,0,183,211,204,197,211,198,224,220,208,202,216,209,217,217,219,222,218,204,198,194,208,210,223,227,217,254,100,83,217,196,208,204,203,209,206,205,207,205,211,214,216,212,213,216,212,211,213,209,221,221,224,222,221,255,90,162,210,205,216,216,221,207,200,201,206,210,207,212,214,209,209,212,215,222,223,224,251,247,249,247,225,248,111,17,146,192,205,210,216,218,220,224,222,217,221,223,217,218,223,227,228,231,254,204,200,191,182,178,169,189,139,0,0,0,83,167,203,238,238,227,220,228,232,228,244,242,216,184,160,90,93,229,206,208,215,224,221,239,180,0,0,0,0,0,0,41,88,128,143,157,151,136,70,37,0,0,0,0,0,156,136,121,115,109,84,62,10,0,0,0,0,0,0,0,0,0,0,0,0,0,0,0,0,0,0,0,0,0,0,0,0,0,0,0,0,0,0,0,0,0,0,0,0,0,0,0,0,0,0,0,0,0,0,0,0,0,0,0,0,0,0,0,0,0,0,0,0,0,0,0,0,0,0,0,0,0,0,0,0,0,0,0,0,0,0,0,0,0,0,0,0,0,0,0,0,0,0,0,0,0,0,0,0,0,0,0,0,0,0,0,0,0,0,0,0,0,0,0,0,6
0,0,0,0,0,0,0,0,0,0,0,0,0,0,0,0,0,0,0,0,0,0,0,0,0,0,0,0,0,0,0,0,0,0,0,0,0,0,0,0,0,0,0,0,0,0,0,0,0,0,0,0,0,0,0,0,0,0,0,0,0,0,0,0,0,0,0,0,0,0,0,0,0,0,0,0,0,0,0,0,0,0,0,0,0,0,0,0,0,0,0,0,0,0,0,0,0,0,0,0,0,0,0,0,0,0,0,0,0,0,0,0,0,0,0,0,0,0,0,0,0,0,0,1,0,3,0,0,2,0,0,0,0,0,0,0,1,0,43,0,0,0,0,0,0,0,0,0,0,0,0,3,0,48,142,0,0,5,2,0,0,0,1,1,2,0,159,11,0,0,0,0,0,0,0,0,0,0,0,1,0,0,88,128,0,0,1,1,0,0,0,0,10,0,146,16,0,0,0,0,0,0,0,0,0,0,0,0,0,3,0,42,135,0,0,0,1,3,4,0,0,14,95,0,0,0,0,0,0,0,0,0,0,0,1,0,0,1,0,0,207,76,0,0,0,0,0,0,48,178,34,0,0,0,0,0,0,0,0,0,0,0,1,0,0,3,0,29,238,186,156,128,70,51,3,62,231,224,0,0,0,0,0,0,0,0,0,0,0,0,1,0,0,6,0,105,231,183,183,190,215,218,210,195,227,216,9,0,0,0,0,0,0,0,0,0,0,0,1,0,0,0,0,209,212,178,166,167,169,173,176,211,224,235,52,0,0,0,0,0,0,0,0,0,0,0,0,2,0,0,101,214,193,172,173,178,186,180,185,225,221,236,102,0,0,0,0,0,0,0,0,0,0,0,5,0,0,48,238,207,213,170,178,181,183,174,197,230,223,235,153,0,0,0,0,0,0,0,0,1,7,0,0,0,119,223,204,219,209,171,180,181,181,175,208,218,220,227,179,0,0,1,5,6,7,6,0,0,0,0,57,195,217,200,213,221,202,163,179,179,177,183,220,222,221,227,215,0,5,0,0,0,0,0,0,0,59,156,218,195,191,204,204,208,210,176,168,165,174,196,216,224,220,218,243,5,0,0,34,41,51,44,90,185,214,185,179,196,200,197,200,207,222,204,194,188,199,217,222,211,200,209,249,33,0,153,177,202,213,197,209,193,184,203,208,194,200,195,198,202,215,218,223,223,224,221,207,194,213,222,254,72,43,223,196,172,147,165,191,197,199,201,205,210,214,210,209,210,216,220,218,225,227,220,208,223,234,224,254,72,121,216,225,227,218,219,193,189,183,192,196,193,204,212,213,225,229,230,226,227,228,219,233,234,231,226,252,62,142,207,189,202,215,216,217,215,203,199,203,204,213,222,218,214,212,210,210,212,216,215,209,204,205,206,219,99,49,177,207,213,205,202,200,199,202,195,184,204,201,198,209,215,247,249,250,217,208,210,214,213,214,211,224,92,0,0,22,100,157,217,205,243,241,240,251,231,242,248,171,72,32,34,14,137,255,248,245,248,249,200,216,20,0,0,0,0,0,0,0,36,29,21,72,36,30,31,0,0,0,0,0,0,76,56,30,38,45,8,0,0,0,0,0,0,0,0,0,0,0,0,0,0,0,0,0,0,0,0,0,0,0,0,0,0,0,0,0,0,0,0,0,0,0,0,0,0,0,0,0,0,0,0,0,0,0,0,0,0,0,0,0,0,0,0,0,0,0,0,0,0,0,0,0,0,0,0,0,0,0,0,0,0,0,0,0,0,0,0,0,0,0,0,0,0,6
0,0,0,0,0,0,0,0,0,0,0,0,0,0,0,0,0,0,0,0,0,0,0,0,0,0,0,0,0,0,0,0,0,0,0,0,0,0,0,0,0,0,0,0,0,0,0,0,0,0,0,0,0,0,0,0,0,0,0,0,0,0,0,0,0,0,0,0,0,0,0,0,0,0,0,0,0,0,0,0,0,0,0,0,0,0,0,0,0,0,0,0,0,0,0,0,0,0,0,0,0,0,0,0,0,0,0,0,0,0,0,0,0,0,0,0,0,0,0,0,0,0,0,0,0,0,0,0,0,0,0,0,0,0,0,0,0,0,0,0,0,0,0,0,0,0,0,0,0,0,0,0,0,0,0,0,0,0,0,0,0,0,0,0,0,0,0,0,0,0,0,0,0,0,0,0,0,0,0,0,0,0,0,0,0,0,0,0,0,0,0,0,0,0,0,0,0,0,0,0,0,0,0,0,0,0,0,0,0,0,0,0,0,10,0,36,64,0,0,0,0,0,0,0,0,0,0,0,0,0,0,0,0,0,0,0,0,0,0,0,113,253,206,197,219,214,192,184,172,171,138,0,0,0,0,0,0,0,0,0,0,0,0,0,0,5,0,29,255,151,194,203,197,208,211,216,221,226,235,61,0,0,0,0,0,0,0,0,0,0,0,0,0,0,0,197,210,172,233,216,222,217,213,214,213,207,217,31,0,0,0,0,0,0,0,0,0,0,0,0,0,0,107,210,123,215,221,217,219,225,220,215,219,213,244,0,0,2,1,0,0,0,0,0,0,3,0,0,0,151,225,131,175,231,216,222,224,221,222,221,232,215,255,6,1,2,0,0,0,0,1,0,0,0,0,73,219,208,147,196,213,200,212,216,221,221,220,220,230,206,255,59,0,2,4,0,0,0,0,0,0,89,183,217,180,174,207,210,207,207,202,212,221,226,221,220,227,206,255,87,0,0,0,0,0,0,0,66,218,233,166,165,195,205,196,199,198,203,213,217,221,220,225,231,232,217,255,104,0,0,89,135,147,144,209,203,187,142,190,194,193,194,200,206,210,216,223,220,218,216,211,211,214,201,247,104,15,201,174,152,163,166,170,130,166,209,194,193,206,210,211,217,221,223,224,222,220,220,217,214,218,209,251,81,119,207,185,176,167,176,152,143,208,199,202,213,213,221,227,231,229,225,224,220,215,211,210,208,206,199,232,83,78,214,219,216,213,203,206,203,198,192,199,195,203,201,201,204,204,212,214,215,216,216,217,218,220,216,229,98,0,16,103,191,234,255,255,255,251,248,251,253,255,255,255,255,255,254,244,240,234,230,226,220,211,198,203,33,0,0,0,0,0,23,55,90,129,140,126,115,110,89,71,44,12,0,0,0,0,0,0,0,0,0,0,0,0,0,0,0,0,0,0,0,0,0,0,0,0,0,0,0,0,0,0,0,0,0,0,0,0,0,0,0,0,0,0,0,0,0,0,0,0,0,0,0,0,0,0,0,0,0,0,0,0,0,0,0,0,0,0,0,0,0,0,0,0,0,0,0,0,0,0,0,0,0,0,0,0,0,0,0,0,0,0,0,0,0,0,0,0,0,0,0,0,0,0,0,0,0,0,0,0,0,0,0,0,0,0,0,0,0,0,0,0,0,0,0,0,0,0,0,0,0,0,0,0,0,0,0,0,0,0,0,0,0,0,0,0,0,0,0,0,0,0,0,0,0,0,0,0,0,0,0,0,0,0,0,0,0,0,0,0,0,0,0,0,0,0,0,0,0,0,0,6
0,0,0,0,0,0,0,0,0,0,0,0,0,0,0,0,0,0,0,0,0,0,0,0,0,0,0,0,0,0,0,0,0,0,0,0,0,0,0,0,0,0,0,0,0,0,0,0,0,0,0,0,0,0,0,0,0,0,0,0,0,0,0,0,0,0,0,0,0,0,0,0,0,0,0,0,0,0,0,0,0,0,0,0,0,0,0,0,0,0,0,0,0,0,0,0,0,0,0,0,0,0,0,0,0,0,0,0,0,0,0,0,0,0,0,0,0,0,0,0,0,0,0,0,0,0,0,0,0,0,0,0,0,2,3,5,0,60,127,0,0,0,0,0,0,0,0,0,0,0,0,0,0,1,0,0,0,10,0,0,0,0,0,0,0,61,152,0,0,0,0,0,0,0,0,0,0,0,0,0,0,4,0,42,149,160,167,140,107,63,35,33,100,154,92,0,0,0,0,0,0,0,0,0,0,1,0,0,0,4,0,113,171,160,172,215,226,225,230,197,177,182,39,0,0,0,0,0,0,0,0,0,0,0,0,0,3,0,0,157,162,164,163,203,208,209,214,182,158,165,18,0,0,0,0,0,0,0,0,0,0,0,0,1,4,0,44,182,160,167,183,223,217,209,226,174,170,189,0,0,0,0,0,0,0,0,0,0,0,0,0,1,0,0,124,169,164,170,195,224,214,210,226,168,165,186,0,0,0,0,0,0,0,0,0,0,0,1,0,2,0,15,184,152,171,170,206,220,212,212,223,163,166,198,6,0,0,0,0,0,0,0,0,0,0,1,2,0,19,142,162,154,171,166,214,216,213,216,220,164,169,205,24,0,0,0,0,0,0,0,0,0,0,1,1,0,132,149,165,199,201,179,216,216,211,215,229,168,172,182,82,0,1,0,1,0,0,0,0,0,1,2,0,63,186,162,149,104,113,203,228,209,224,232,209,166,164,172,144,0,0,0,0,0,0,0,2,0,0,0,60,156,136,199,129,91,167,127,234,236,212,159,159,181,165,168,197,18,3,1,2,3,1,0,0,0,6,98,141,119,105,114,169,175,141,126,218,203,142,135,158,168,162,169,191,60,1,0,0,0,0,0,33,82,106,123,123,119,122,131,140,208,173,194,165,164,170,160,167,172,178,167,192,57,0,0,16,57,76,95,95,79,86,107,124,126,140,154,151,158,210,212,193,201,192,181,179,192,193,175,180,23,0,82,152,105,51,58,87,109,119,123,134,147,157,172,177,181,169,165,172,160,158,163,156,120,129,147,178,21,11,147,152,134,116,128,142,139,141,146,163,173,186,183,159,148,142,161,202,206,198,204,197,180,190,191,219,23,95,199,178,169,166,161,146,148,157,157,160,164,153,161,176,197,211,251,184,174,198,188,193,194,196,188,183,17,0,91,156,189,204,205,203,217,208,197,194,200,225,247,234,164,66,12,0,77,255,204,230,231,213,207,249,36,0,0,0,8,52,76,120,157,179,190,190,173,123,52,0,0,0,0,0,47,171,121,128,116,98,72,51,0,0,0,0,0,0,0,0,0,0,0,0,0,0,0,0,0,0,0,0,0,0,0,0,0,0,0,0,0,0,0,0,0,0,0,0,0,0,0,0,0,0,0,0,0,0,0,0,0,0,0,0,0,0,0,0,0,0,0,0,0,0,0,0,0,0,0,0,0,0,0,0,0,0,0,0,0,0,0,0,0,0,0,0,0,0,0,0,0,0,0,0,0,0,0,0,0,0,0,0,0,0,0,0,0,0,0,0,0,0,0,0,0,6
0,0,0,0,0,0,0,0,0,0,0,0,0,0,0,0,0,0,0,0,0,0,0,0,0,0,0,0,0,0,0,0,0,0,0,0,0,0,0,0,0,0,0,0,0,0,0,0,0,0,0,0,0,0,0,0,0,0,0,0,0,0,0,0,0,0,0,0,0,0,0,0,0,0,0,0,0,0,0,0,0,0,0,0,0,0,0,0,0,0,0,0,0,0,0,0,0,0,0,0,0,0,0,0,0,0,0,0,0,0,0,0,0,0,0,0,0,0,0,0,0,0,0,0,0,1,0,3,0,0,45,97,140,134,119,122,117,106,0,0,0,0,0,0,0,0,0,0,0,0,0,0,0,0,2,0,0,103,130,108,61,126,93,120,100,123,0,0,0,0,0,0,0,0,0,0,0,0,0,0,0,0,1,0,110,225,1,52,48,115,92,64,51,77,0,1,0,0,0,0,0,0,0,0,0,5,0,1,0,4,0,32,232,137,28,83,85,62,95,114,113,72,0,2,0,0,0,0,0,0,0,0,0,2,2,1,4,0,21,202,187,29,53,87,139,116,105,69,85,70,0,2,0,0,0,0,0,0,0,0,0,1,2,2,0,0,177,160,5,57,29,122,143,129,101,55,70,58,0,1,0,0,0,0,0,0,0,0,0,0,1,0,0,133,249,136,51,26,149,152,120,111,86,52,77,46,0,1,0,0,0,0,0,0,0,0,2,1,0,0,49,218,162,28,54,117,160,136,131,117,68,54,75,74,0,1,0,0,0,0,0,0,0,0,0,8,0,0,201,223,89,55,49,129,141,134,114,92,96,79,104,101,0,0,0,0,0,0,0,0,0,0,1,0,0,162,245,66,65,45,82,163,156,126,103,87,63,90,69,78,13,0,0,0,0,0,0,0,0,0,4,0,112,225,107,63,58,49,132,181,98,43,16,7,47,93,43,87,47,0,0,0,2,3,2,2,2,3,0,0,210,129,0,85,41,82,142,71,0,0,0,5,86,72,61,68,74,0,3,0,0,0,0,0,0,0,0,42,110,0,11,68,56,74,89,130,163,123,168,188,156,107,79,60,83,0,0,0,20,40,35,22,36,49,69,11,124,119,70,66,82,107,132,119,116,131,84,96,41,33,8,25,65,0,0,27,59,39,52,57,76,15,0,0,0,7,54,108,129,69,14,0,0,35,50,96,124,143,162,177,231,30,1,86,21,0,0,0,33,0,18,59,77,109,151,85,15,33,98,159,210,242,222,253,254,223,224,203,197,47,70,186,140,109,80,63,81,51,81,106,77,77,46,66,150,198,224,233,228,211,208,212,210,213,211,192,195,44,60,182,204,193,181,169,166,162,165,169,166,170,190,218,233,219,182,154,51,108,230,216,215,217,214,191,195,48,0,22,117,161,188,208,213,217,222,223,224,229,225,200,141,27,0,0,0,89,246,224,249,249,255,211,255,79,0,0,0,0,11,47,81,120,135,148,152,111,59,0,0,0,0,6,0,22,161,114,107,94,77,64,48,0,0,0,0,0,0,0,0,0,0,0,0,0,0,0,0,0,0,0,0,0,0,0,0,0,0,0,0,0,0,0,0,0,0,0,0,0,0,0,0,0,0,0,0,0,0,0,0,0,0,0,0,0,0,0,0,0,0,0,0,0,0,0,0,0,0,0,0,0,0,0,0,0,0,0,0,0,0,0,0,0,0,0,0,0,0,0,0,0,0,0,0,0,0,0,0,0,0,0,0,0,0,0,0,0,0,0,0,0,0,0,0,0,6
0,0,0,0,0,0,0,0,0,0,0,0,0,0,0,0,0,0,0,0,0,0,0,0,0,0,0,0,0,0,0,0,0,0,0,0,0,0,0,0,0,0,0,0,0,0,0,0,0,0,0,0,0,0,0,0,0,0,0,0,0,0,0,0,0,0,0,0,0,0,0,0,0,0,0,0,0,0,0,0,0,0,0,0,0,0,0,0,0,0,0,0,0,0,0,0,0,0,0,0,0,0,0,0,0,0,0,0,0,0,0,0,0,0,0,0,0,0,0,0,0,0,0,0,0,0,0,0,0,0,0,0,0,0,0,0,0,0,0,0,0,0,0,0,0,0,0,0,0,0,0,0,0,1,0,0,156,55,0,0,0,0,0,0,0,0,4,0,0,0,0,0,0,0,0,0,0,0,0,0,0,5,0,45,225,214,112,77,92,74,76,73,36,170,68,0,0,0,0,0,0,0,0,0,0,0,0,0,0,0,0,179,212,210,229,255,229,234,236,235,242,206,0,0,0,0,0,0,0,0,0,0,0,0,0,0,4,0,33,215,211,210,203,191,198,211,212,211,218,200,0,0,0,0,0,0,0,0,0,0,0,0,0,0,0,0,158,230,209,212,212,208,214,220,219,218,214,220,28,0,0,0,0,0,0,0,0,0,0,0,0,3,0,3,249,215,215,215,209,208,215,221,217,224,209,230,99,0,0,0,0,0,0,0,0,0,0,1,0,0,0,139,225,208,214,218,206,211,216,219,223,221,211,230,146,0,0,0,0,0,0,0,0,0,0,3,2,0,32,246,206,208,215,214,211,218,220,220,222,213,208,226,183,0,0,0,0,0,0,0,0,0,0,3,0,1,217,209,207,209,216,213,214,218,217,221,213,215,217,222,220,0,0,0,0,0,1,1,1,3,0,0,0,199,231,199,214,208,218,211,210,211,210,211,207,214,220,216,238,0,1,5,4,0,0,0,0,0,0,0,201,228,192,207,209,201,213,210,211,210,206,203,210,213,215,195,243,43,0,0,0,0,0,0,0,0,91,239,218,187,203,212,205,200,209,213,206,211,209,215,219,212,222,194,247,106,0,27,163,190,187,178,179,217,246,193,194,192,196,207,207,208,214,216,204,216,225,224,213,218,225,215,246,111,16,188,217,213,210,206,210,194,190,195,192,202,204,210,212,216,219,222,214,222,226,220,222,236,236,221,254,72,53,232,200,213,209,196,191,202,205,208,204,207,205,219,217,218,222,223,225,237,226,225,228,222,217,202,244,40,81,220,225,226,219,210,205,210,212,210,210,219,224,223,224,221,222,254,232,202,192,183,176,172,174,171,213,37,0,44,135,191,226,248,254,246,236,237,245,247,241,237,201,151,84,36,0,88,255,216,227,228,227,223,255,77,0,0,0,0,9,36,71,120,145,142,131,100,68,19,0,0,0,0,0,32,148,99,99,97,94,95,101,18,0,0,0,0,0,0,0,0,0,0,0,0,0,0,0,0,0,0,0,0,0,0,0,0,0,0,0,0,0,0,0,0,0,0,0,0,0,0,0,0,0,0,0,0,0,0,0,0,0,0,0,0,0,0,0,0,0,0,0,0,0,0,0,0,0,0,0,0,0,0,0,0,0,0,0,0,0,0,0,0,0,0,0,0,0,0,0,0,0,0,0,0,0,0,0,0,0,0,0,0,0,0,0,0,0,0,0,0,0,0,0,0,0,0,0,0,0,0,0,0,0,0,0,0,0,0,0,0,0,0,0,0,0,0,0,0,0,0,0,0,6
0,0,0,0,0,0,0,0,0,0,0,0,0,0,0,0,0,0,0,0,0,0,0,0,0,0,0,0,0,0,0,0,0,0,0,0,0,0,0,0,0,0,0,0,0,0,0,0,0,0,0,0,0,0,0,0,0,0,0,0,0,0,0,0,0,0,0,0,0,0,0,0,0,0,0,0,0,0,0,0,0,0,0,0,0,0,0,0,0,0,0,0,0,0,0,0,0,0,0,0,0,0,0,0,0,0,0,0,0,0,0,0,0,0,0,0,0,0,0,0,0,0,0,0,0,0,0,0,0,0,20,0,0,0,0,0,0,16,0,0,0,0,0,0,0,0,0,0,0,0,0,0,0,1,0,9,121,206,160,160,224,180,137,71,75,174,0,0,0,0,0,0,0,0,0,0,0,0,0,0,0,2,0,116,174,168,163,165,202,207,206,199,212,116,0,5,0,0,0,0,0,0,0,0,0,0,1,0,3,0,4,162,159,166,206,192,190,190,194,188,203,93,0,0,0,0,0,0,0,0,0,0,0,2,1,0,5,0,57,173,167,173,180,192,179,196,207,188,214,96,0,2,0,0,0,0,0,0,0,0,1,1,0,2,5,0,117,174,95,183,176,162,191,186,205,183,214,72,0,2,0,0,0,0,0,0,0,0,0,0,2,6,0,0,196,174,111,165,162,167,180,186,167,171,195,19,0,2,0,0,0,0,0,0,0,0,0,0,0,0,0,109,175,170,157,181,183,196,185,203,203,203,199,10,0,4,0,0,0,0,0,0,0,0,1,0,10,0,22,183,154,162,146,129,140,189,183,190,201,202,219,8,0,3,0,0,0,0,0,0,0,0,0,5,0,0,179,184,183,151,150,152,151,202,210,207,200,192,217,15,0,1,0,0,0,0,0,0,0,0,1,0,4,189,187,103,174,133,166,175,181,210,217,202,196,188,215,64,0,0,0,0,0,0,0,0,0,3,0,32,220,166,107,83,149,196,207,180,178,187,199,197,203,188,190,146,0,0,0,1,3,4,4,5,0,0,0,144,193,94,170,114,152,182,162,200,202,202,207,188,190,205,171,209,13,0,2,0,0,0,0,0,0,25,134,179,139,111,182,180,195,203,187,201,193,191,189,192,191,211,196,191,82,0,0,0,47,59,62,105,166,197,186,181,188,190,202,191,186,192,197,196,153,162,181,186,185,201,203,187,166,0,0,132,134,164,124,131,144,166,174,170,188,171,167,193,206,177,173,188,201,159,171,166,157,154,197,189,174,0,29,173,179,179,173,177,187,188,184,182,180,190,199,215,147,142,175,186,208,180,132,163,203,223,218,219,218,69,117,215,186,176,173,180,186,189,188,184,184,180,173,204,145,181,225,229,232,224,248,240,221,208,201,193,195,76,15,143,205,207,205,197,194,199,201,197,194,199,206,220,223,228,218,219,183,181,171,153,145,143,158,166,168,57,0,0,25,116,167,195,230,236,241,217,220,255,231,194,161,94,24,0,0,180,207,193,187,193,207,200,220,99,0,0,0,0,0,0,19,34,54,58,50,36,7,0,0,0,0,0,0,87,83,66,66,59,46,40,33,0,0,0,0,0,0,0,0,0,0,0,0,0,0,0,0,0,0,0,0,0,0,0,0,0,0,0,0,0,0,0,0,0,0,0,0,0,0,0,0,0,0,0,0,0,0,0,0,0,0,0,0,0,0,0,0,0,0,0,0,0,0,0,0,0,0,0,0,0,0,0,0,0,0,0,0,0,0,0,0,0,0,0,0,0,6
0,0,0,0,0,0,0,0,0,0,0,0,0,0,0,0,0,0,0,0,0,0,0,0,0,0,0,0,0,0,0,0,0,0,0,0,0,0,0,0,0,0,0,0,0,0,0,0,0,0,0,0,0,0,0,0,0,0,0,0,0,0,0,0,0,0,0,0,0,0,0,0,0,0,0,0,0,0,0,0,0,0,0,0,0,0,0,0,0,0,0,0,0,0,0,0,0,0,0,0,0,0,0,0,0,0,0,0,0,0,0,0,0,0,0,0,0,0,0,0,0,0,0,0,0,0,0,0,0,0,88,12,0,0,0,0,0,112,81,0,0,0,0,0,0,0,0,0,0,0,0,0,0,0,0,1,0,0,226,195,31,36,30,39,0,198,119,0,0,0,0,0,0,0,0,0,0,0,0,0,0,0,0,0,31,182,169,182,255,212,255,223,205,194,22,0,0,0,0,0,0,0,0,0,0,0,0,0,0,3,0,28,183,186,180,184,194,198,212,201,200,200,14,0,0,0,0,0,0,0,0,0,0,0,0,0,0,10,0,108,151,182,193,186,208,206,209,227,202,213,128,0,0,0,0,0,0,0,0,0,0,0,0,0,0,0,0,86,221,188,171,212,216,208,201,200,197,212,174,0,0,0,0,0,0,0,0,0,0,0,0,0,4,0,72,255,186,197,191,181,187,215,205,208,204,217,59,0,0,0,0,0,0,0,0,0,0,0,0,0,0,0,115,231,154,214,225,199,200,234,228,207,204,251,25,0,0,0,0,0,0,0,0,0,2,4,0,1,0,0,152,199,172,217,220,214,216,200,201,210,198,254,44,0,0,0,0,0,0,0,0,0,1,1,1,0,0,108,236,160,202,209,221,217,198,201,195,194,185,217,94,0,0,0,0,0,0,0,0,0,0,1,0,0,66,212,166,195,220,231,228,212,202,196,198,200,190,213,145,0,0,0,0,0,0,0,0,0,3,0,0,81,186,168,182,218,222,218,209,202,210,198,199,199,192,206,183,0,0,0,0,0,0,2,1,4,0,0,138,222,164,181,214,226,222,214,213,212,213,209,198,197,198,205,209,0,0,1,4,3,5,0,0,0,0,103,190,150,195,215,219,214,213,216,212,210,211,210,204,201,203,202,221,34,1,0,0,0,0,0,0,46,140,181,172,180,201,194,187,194,179,185,194,206,221,225,212,206,206,209,222,54,0,0,21,58,87,96,89,119,107,163,185,203,197,186,198,211,220,226,216,207,206,203,197,195,196,189,207,48,0,111,176,134,80,4,41,113,144,176,171,186,211,222,233,212,189,182,186,183,185,194,203,205,210,202,236,59,30,191,196,193,190,187,208,202,176,167,176,190,228,218,189,179,191,196,235,222,192,203,199,194,194,193,225,44,83,195,206,210,211,213,215,213,210,210,217,225,210,201,202,216,254,250,184,156,202,183,188,186,183,185,195,19,0,9,54,120,170,201,226,238,243,240,234,231,236,245,230,183,97,17,0,82,255,209,221,222,227,224,255,68,0,0,0,0,0,0,6,45,72,109,119,114,88,50,0,0,0,0,0,60,182,137,147,132,111,93,80,10,0,0,0,0,0,0,0,0,0,0,0,0,0,0,0,0,0,0,0,0,0,0,0,0,0,0,0,0,0,0,0,0,0,0,0,0,0,0,0,0,0,0,0,0,0,0,0,0,0,0,0,0,0,0,0,0,0,0,0,0,0,0,0,0,0,0,0,0,0,0,0,0,0,0,0,0,0,0,0,0,0,0,0,0,6
0,0,0,0,0,0,0,0,0,0,0,0,0,0,0,0,0,0,0,0,0,0,0,0,0,0,0,0,0,0,0,0,0,0,0,0,0,0,0,0,0,0,0,0,0,0,0,0,0,0,0,0,0,0,0,0,0,0,0,0,0,0,0,0,0,0,0,0,0,0,0,0,0,0,0,0,0,0,0,0,0,0,0,0,0,0,0,0,0,0,0,0,0,0,0,1,0,4,4,0,0,0,0,0,0,0,0,0,0,0,0,0,0,0,0,0,0,0,0,0,0,0,0,0,0,0,1,0,169,179,188,195,186,162,111,48,28,0,0,68,0,0,0,0,0,0,0,0,0,0,0,0,0,2,3,0,197,207,219,240,238,244,243,240,231,173,170,145,0,0,0,0,0,0,0,0,0,0,0,0,0,4,0,23,224,200,212,226,225,225,223,218,220,205,32,0,0,0,0,0,0,0,0,0,0,0,0,0,0,7,0,76,224,197,238,227,239,234,230,220,230,132,0,0,0,0,0,0,0,0,0,0,0,0,0,0,0,4,0,162,232,202,232,228,230,229,228,218,232,100,0,0,0,0,0,0,0,0,0,0,0,0,0,0,0,9,0,151,215,211,230,226,226,224,219,219,229,32,0,5,0,0,0,0,0,0,0,0,0,0,0,0,0,5,0,114,219,203,230,226,226,224,220,226,207,0,0,2,0,0,0,0,0,0,0,0,0,0,0,0,1,0,0,160,220,223,223,226,227,226,220,226,193,0,0,0,0,0,0,0,0,0,0,0,0,0,0,0,5,0,15,255,192,223,227,224,222,222,217,227,154,0,0,0,0,0,0,0,0,0,0,0,0,0,1,0,6,0,51,219,208,229,228,228,227,227,219,232,148,0,1,0,0,0,0,0,1,0,0,0,0,1,0,8,0,0,252,201,193,235,220,225,225,227,216,234,154,0,2,0,0,0,0,0,0,0,0,0,0,0,2,0,0,135,239,200,231,220,221,225,227,229,215,227,194,0,0,0,0,0,0,0,1,0,0,0,2,8,0,0,140,255,184,205,238,224,226,230,231,230,222,219,216,6,0,3,0,0,2,4,6,9,7,3,0,0,36,231,214,165,218,230,227,224,222,227,229,226,226,217,235,63,0,5,0,3,0,0,0,0,0,0,0,98,220,180,186,210,233,217,221,225,224,219,215,207,207,206,222,92,0,5,0,0,0,33,17,0,4,102,210,234,165,181,217,221,216,226,218,220,221,219,220,216,210,202,213,122,0,0,0,51,185,136,192,210,194,182,167,155,200,200,208,210,216,217,226,223,217,214,215,219,214,202,210,136,0,0,0,129,199,128,122,180,183,173,189,210,210,200,222,217,217,217,224,228,215,217,218,205,203,207,210,125,0,0,33,186,199,215,207,209,203,212,216,208,213,216,209,215,219,226,224,223,224,230,234,223,216,209,216,159,0,0,49,187,201,202,215,217,214,213,215,215,219,216,213,218,228,227,251,218,204,183,189,189,186,185,186,161,0,0,0,9,106,179,220,241,252,245,234,237,236,246,253,243,180,108,19,36,232,220,208,208,210,197,206,204,0,0,0,0,0,0,2,42,76,118,149,150,156,136,83,17,0,0,0,0,103,175,147,155,150,146,140,78,0,1,0,0,0,0,0,0,0,0,0,0,0,0,0,0,0,0,0,0,0,0,0,0,0,0,0,0,0,0,0,0,0,0,0,0,0,0,0,0,0,0,0,0,0,0,0,0,0,0,0,0,0,0,0,0,0,0,6
0,0,0,0,0,0,0,0,0,0,0,0,0,0,0,0,0,0,0,0,0,0,0,0,0,0,0,0,0,0,0,0,0,0,0,0,0,0,0,0,0,0,0,0,0,0,0,0,0,0,0,0,0,0,0,0,0,0,0,0,0,0,0,0,0,0,0,0,0,0,0,0,0,0,0,0,0,0,0,0,0,0,0,0,0,0,0,0,0,0,0,0,0,0,0,0,0,0,0,0,0,0,0,0,0,0,0,0,0,0,0,0,0,0,0,0,0,0,0,0,0,0,0,0,0,0,0,0,0,0,0,0,0,0,0,0,0,0,0,0,0,0,0,0,0,0,0,0,0,0,0,0,0,0,0,0,0,0,0,0,0,0,0,0,0,0,0,0,0,0,0,0,0,0,0,0,0,0,0,0,1,0,1,0,0,54,0,0,0,0,0,0,0,91,9,0,0,0,0,0,0,0,0,0,0,0,0,0,0,1,6,0,94,196,167,35,8,0,0,0,6,78,33,0,0,0,0,0,0,0,0,0,0,0,0,0,0,2,0,15,185,142,156,242,220,255,218,177,173,186,71,0,0,0,0,0,0,0,0,0,0,0,0,0,0,0,0,114,186,137,173,213,225,218,231,197,149,202,73,0,0,0,0,0,0,0,0,0,0,1,0,0,1,0,36,168,147,164,216,225,223,214,225,173,158,191,57,0,0,0,0,0,0,0,0,0,0,0,0,0,0,0,163,172,147,180,230,219,224,215,227,180,153,225,50,0,0,0,0,0,0,0,0,0,0,2,0,0,1,154,170,160,159,213,218,219,224,217,227,172,159,219,46,0,1,1,0,0,0,0,0,3,5,0,0,23,148,165,145,168,167,224,211,219,218,218,225,157,166,211,95,0,0,0,0,1,4,4,0,0,0,0,85,179,158,139,153,163,179,227,211,222,215,222,223,158,180,197,181,0,1,3,1,0,0,0,0,10,83,156,176,148,149,163,174,165,193,230,213,219,210,229,208,156,180,176,214,13,0,0,0,0,15,44,103,178,171,162,152,167,161,168,176,173,165,215,231,234,232,236,178,171,177,167,208,57,0,33,144,163,175,178,170,174,162,162,160,165,161,166,174,188,175,167,174,186,186,168,161,173,177,168,201,69,13,150,166,156,147,149,151,153,147,149,144,153,160,171,178,177,186,191,174,166,178,177,174,178,187,188,234,86,54,156,173,189,183,173,166,160,167,160,152,165,171,192,204,209,207,213,234,227,223,214,213,217,201,194,204,60,0,11,68,119,163,189,206,203,209,211,216,221,219,209,185,167,140,129,131,163,183,174,177,166,167,151,172,69,0,0,0,0,0,10,19,24,33,47,52,48,43,15,0,0,0,0,0,1,45,34,36,36,29,34,27,4,0,0,0,0,0,0,0,0,0,0,0,0,0,0,0,0,0,0,0,0,0,0,0,0,0,0,0,0,0,0,0,0,0,0,0,0,0,0,0,0,0,0,0,0,0,0,0,0,0,0,0,0,0,0,0,0,0,0,0,0,0,0,0,0,0,0,0,0,0,0,0,0,0,0,0,0,0,0,0,0,0,0,0,0,0,0,0,0,0,0,0,0,0,0,0,0,0,0,0,0,0,0,0,0,0,0,0,0,0,0,0,0,0,0,0,0,0,0,0,0,0,0,0,0,0,0,0,0,0,0,0,0,0,0,0,0,0,0,0,0,0,0,0,0,0,0,0,0,0,0,0,0,0,0,0,0,0,0,0,0,0,0,0,0,0,0,0,0,6
0,0,0,0,0,0,0,0,0,0,0,0,0,0,0,0,0,0,0,0,0,0,0,0,0,0,0,0,0,0,0,0,0,0,0,0,0,0,0,0,0,0,0,0,0,0,0,0,0,0,0,0,0,0,0,0,0,0,0,0,0,0,0,0,0,1,0,1,0,0,1,2,2,4,2,1,1,0,44,147,6,0,4,0,0,0,0,0,0,0,0,0,0,2,1,1,2,5,0,0,2,8,2,0,0,108,189,220,182,0,7,0,0,0,0,0,0,0,0,0,0,1,0,0,0,0,0,0,0,0,0,0,143,212,203,182,41,0,4,0,0,0,0,0,0,0,0,0,0,0,0,104,136,115,130,136,164,152,152,162,187,189,170,0,0,4,1,3,0,0,0,0,0,0,0,0,2,0,4,154,188,162,167,167,180,187,200,151,178,145,0,0,3,0,0,0,0,0,0,0,0,0,0,0,0,1,0,19,69,119,140,149,178,214,202,186,212,116,0,0,0,0,0,14,0,0,0,0,0,0,0,0,0,2,1,0,0,0,0,0,8,22,172,202,185,210,0,0,87,123,238,211,0,0,0,0,0,0,0,0,0,3,1,1,4,8,3,0,0,0,0,241,188,207,183,182,245,222,207,166,0,0,0,1,0,0,0,0,1,6,7,6,5,3,1,2,2,1,0,91,227,228,240,213,196,172,219,157,2,1,0,2,1,3,7,8,0,0,0,0,0,0,0,0,1,0,0,99,225,250,216,174,178,140,242,152,2,0,0,0,11,1,0,0,0,60,53,41,34,10,0,0,0,0,126,233,255,121,187,169,177,153,188,173,0,0,0,1,0,0,103,228,219,217,216,209,202,230,229,152,114,103,230,245,0,0,196,162,177,178,192,131,1,0,2,0,88,250,211,203,206,188,210,214,198,165,144,167,182,175,216,0,0,8,210,170,203,178,202,114,0,3,0,68,192,162,146,184,220,232,211,207,205,128,169,178,160,199,12,0,0,0,205,173,166,188,225,126,0,5,0,30,197,188,221,185,229,196,243,241,239,194,186,202,222,161,0,2,0,9,233,198,205,200,216,122,0,0,0,0,207,226,189,185,247,0,0,0,8,138,203,183,218,49,0,7,0,6,231,188,200,175,220,123,38,151,121,92,197,226,170,190,235,134,0,0,36,199,225,214,219,0,0,0,0,0,198,210,180,176,218,120,32,189,198,198,213,237,202,221,178,209,228,227,231,228,202,224,148,0,0,4,0,6,238,206,202,199,225,123,0,168,166,190,205,213,231,220,221,210,208,219,202,202,203,219,54,0,5,4,0,10,198,196,184,205,224,130,0,193,153,170,173,205,199,157,167,183,158,188,176,186,203,238,0,0,3,5,0,5,222,196,176,213,195,100,0,166,158,148,164,189,199,182,164,180,202,189,164,195,216,181,0,0,1,5,0,5,197,189,163,162,181,118,0,109,163,190,187,176,193,173,186,199,225,188,188,201,232,102,0,8,0,2,0,10,196,183,189,105,183,169,2,0,0,61,135,182,195,215,246,241,233,225,238,225,212,0,0,4,1,3,0,7,205,206,203,220,253,150,0,2,0,0,0,0,0,28,55,71,83,85,74,57,0,0,1,0,1,1,0,0,52,59,48,49,53,0,0,0,0,0,0,0,0,0,0,0,0,0,0,0,0,0,0,0,0,0,0,0,0,0,0,0,0,0,0,0,0,0,0,0,0,0,0,0,0,0,0,0,0,0,0,0,0,0,0,0,0,0,0,0,0,0,6
0,0,0,0,0,0,0,0,0,0,0,0,0,0,0,0,0,0,0,0,0,0,0,0,0,0,0,0,0,0,0,0,0,0,0,0,0,0,0,0,0,0,0,0,0,0,0,0,0,0,0,0,0,0,0,0,0,0,0,0,0,0,0,0,0,0,0,0,0,0,0,0,0,0,0,0,0,0,0,0,0,0,0,0,0,0,0,0,0,0,0,0,0,0,0,0,0,0,0,0,0,0,0,0,0,0,0,0,0,0,0,0,0,0,0,0,0,0,0,0,0,0,0,0,0,0,0,0,0,0,0,0,0,0,0,0,0,0,0,0,0,0,0,0,0,0,0,0,0,0,0,0,0,0,0,0,0,86,91,0,0,0,0,0,0,0,0,0,0,0,0,0,0,0,0,0,0,0,0,0,0,1,0,0,211,229,236,242,184,143,63,23,15,0,0,0,0,0,0,0,0,0,0,0,0,0,0,0,0,5,0,61,238,204,221,236,241,244,239,223,219,218,12,0,0,0,0,0,0,0,0,0,0,0,0,0,0,5,0,52,222,210,230,239,231,224,225,222,214,229,147,0,0,0,0,0,0,0,0,0,0,0,0,0,0,0,0,0,211,216,219,223,250,249,244,233,236,227,147,0,0,0,0,0,0,0,0,0,0,0,0,0,0,2,0,33,216,215,227,224,219,234,240,244,240,252,148,0,0,0,0,0,0,0,0,0,0,0,0,0,0,2,0,112,228,212,228,222,221,220,218,217,210,230,46,0,0,0,0,0,0,0,0,0,0,1,0,2,0,0,36,255,211,214,208,216,228,231,227,223,206,213,64,0,0,0,0,0,0,0,0,0,0,0,4,0,0,75,226,138,148,178,212,224,216,208,206,218,206,222,164,0,0,0,0,0,0,0,0,1,3,4,0,0,169,224,149,153,165,195,186,198,209,213,221,221,216,225,171,0,0,0,2,6,7,7,5,0,0,0,0,187,195,143,143,183,216,228,236,244,233,227,227,228,219,219,168,0,1,2,0,0,0,0,0,0,6,84,161,191,118,168,205,209,214,209,216,208,215,216,217,226,218,217,208,0,0,0,24,78,86,87,89,169,199,155,133,178,208,214,206,212,217,215,222,215,222,219,223,225,219,208,213,0,0,77,143,121,143,170,142,162,55,17,117,221,213,217,223,229,230,230,240,231,235,229,228,236,225,209,232,5,0,179,197,145,90,57,27,125,154,199,226,211,211,223,227,223,220,220,220,216,239,234,233,230,218,208,207,4,49,155,179,213,220,221,219,213,212,220,217,217,223,221,230,223,209,199,206,192,179,176,155,153,151,166,193,62,62,161,157,157,158,161,172,180,189,198,197,201,198,190,179,173,193,215,193,195,204,193,193,201,200,194,207,83,0,36,137,183,201,215,202,202,210,204,201,190,186,204,194,160,106,41,0,0,204,227,213,249,211,205,214,111,0,0,0,0,0,20,51,67,99,97,122,89,105,68,16,0,0,0,0,0,18,75,51,45,40,37,31,0,0,0,0,0,0,0,0,0,0,0,0,0,0,0,0,0,0,0,0,0,0,0,0,0,0,0,0,0,0,0,0,0,0,0,0,0,0,0,0,0,0,0,0,0,0,0,0,0,0,0,0,0,0,0,0,0,0,0,0,0,0,0,0,0,0,0,0,0,0,0,0,0,0,0,0,0,0,0,0,0,0,0,0,0,0,0,0,0,0,0,0,0,0,0,0,0,0,0,0,0,0,0,0,0,0,0,0,0,0,0,0,0,6
0,0,0,0,0,0,0,0,0,0,0,0,0,0,0,0,0,0,0,0,0,0,0,0,0,0,0,0,0,0,0,0,0,0,0,0,0,0,0,0,0,0,0,0,0,0,0,0,0,0,0,0,0,0,0,0,0,0,0,0,0,0,0,0,0,0,0,0,0,0,0,0,0,0,0,0,0,0,0,0,0,0,0,0,0,0,0,0,0,0,0,0,0,0,0,0,0,0,0,0,0,0,0,0,0,0,0,0,0,0,0,0,0,0,0,0,0,0,0,0,0,0,0,0,5,0,49,183,111,55,8,0,0,0,0,0,1,0,2,5,0,0,0,0,0,0,0,0,0,0,0,0,6,0,74,243,234,237,255,201,116,52,17,0,0,0,0,0,0,0,0,0,0,0,0,0,0,0,0,0,1,0,83,234,218,224,232,247,250,247,236,249,202,145,95,25,0,0,0,0,0,0,0,0,0,0,0,0,1,0,130,234,221,224,235,234,231,229,234,238,244,246,255,106,0,0,0,0,0,0,0,0,0,0,0,0,0,0,174,235,225,232,237,237,235,236,237,233,231,226,219,11,0,0,0,0,0,0,0,0,0,0,0,5,0,41,218,221,232,230,246,243,239,240,235,233,232,237,231,0,0,0,0,0,0,0,0,0,0,0,0,0,0,163,239,224,221,182,209,214,233,246,241,245,234,222,177,0,0,0,0,0,0,0,0,0,1,0,0,0,0,206,227,234,183,210,245,212,203,233,221,214,185,204,134,0,0,0,0,0,0,0,0,0,0,0,6,0,0,253,226,239,177,227,248,227,225,246,199,189,183,245,93,0,0,0,0,0,0,0,0,0,0,1,0,0,120,234,214,227,215,206,216,191,237,228,187,195,193,240,69,0,0,0,0,0,0,0,0,0,0,2,0,37,255,212,215,217,242,252,227,223,243,218,196,202,191,214,80,0,0,0,0,1,0,0,0,0,2,0,0,165,202,220,245,233,236,233,238,237,235,244,227,220,181,211,136,0,0,3,5,2,2,4,4,0,0,0,201,207,185,202,129,231,245,230,235,234,232,232,222,225,223,216,194,0,0,0,0,0,0,0,0,0,0,178,212,202,190,102,4,252,238,226,235,233,230,232,210,222,233,215,211,7,0,7,87,103,115,159,208,250,231,231,217,224,239,184,204,255,224,235,230,225,233,236,222,200,184,195,208,6,0,135,202,124,1,39,99,116,176,213,235,226,237,254,253,228,230,224,231,240,253,218,198,192,187,196,167,0,76,155,185,201,170,112,110,119,137,153,174,218,224,224,228,234,234,254,252,216,204,171,174,185,176,191,158,0,34,132,146,164,191,206,228,227,227,229,218,226,229,235,235,223,218,168,105,184,167,184,188,190,186,198,138,0,0,0,52,112,152,164,186,204,211,226,217,210,212,204,155,72,0,0,0,255,241,221,231,221,199,210,175,0,2,0,0,0,0,41,73,93,109,131,110,101,77,5,0,0,0,0,0,157,150,156,153,150,142,149,100,0,0,0,0,0,0,0,0,0,0,0,0,0,0,0,0,0,0,0,0,0,0,0,0,0,0,0,0,0,0,0,0,0,0,0,0,0,0,0,0,0,0,0,0,0,0,0,0,0,0,0,0,0,0,0,0,0,0,0,0,0,0,0,0,0,0,0,0,0,0,0,0,0,0,0,0,0,0,0,0,0,0,0,0,0,0,0,0,0,0,0,0,0,0,0,0,0,0,0,0,0,0,0,0,0,0,0,0,0,0,0,0,0,6
0,0,0,0,0,0,0,0,0,0,0,0,0,0,0,0,16,57,0,0,0,6,47,25,0,3,0,0,0,0,0,0,0,0,0,0,0,3,0,23,195,184,213,209,219,238,200,199,211,185,209,103,0,8,0,0,0,0,0,0,0,0,0,0,0,4,0,5,223,214,222,224,218,198,205,199,199,199,203,81,0,3,0,0,0,0,0,0,0,0,0,0,0,2,0,6,217,215,212,217,214,216,190,188,201,192,204,113,0,1,0,0,0,0,0,0,0,0,0,0,0,4,0,21,224,216,216,224,220,211,191,198,209,201,212,136,0,0,0,0,0,0,0,0,0,0,0,0,0,5,0,33,226,217,219,220,220,216,202,197,196,189,203,146,0,0,0,0,0,0,0,0,0,0,0,0,0,6,0,50,228,215,219,214,218,213,203,197,197,195,197,185,0,0,0,0,0,0,0,0,0,0,0,0,0,7,0,62,230,211,219,216,216,208,192,193,197,199,202,239,6,0,0,0,0,0,0,0,0,0,0,0,0,4,0,81,233,216,219,214,216,206,205,199,188,195,190,208,93,0,0,0,0,0,0,0,0,0,0,0,0,3,0,98,232,218,219,211,223,211,212,198,188,201,182,200,183,0,0,0,0,0,0,0,0,0,0,0,0,0,0,135,228,215,219,224,234,212,200,203,197,189,200,197,235,0,0,0,0,0,0,0,0,0,0,0,0,0,0,165,221,217,227,221,223,201,213,200,185,197,209,202,236,72,0,0,0,0,0,0,0,0,0,0,1,0,0,204,222,221,231,215,212,202,217,198,206,199,205,213,210,128,0,0,0,0,0,0,0,0,0,0,2,0,0,241,220,223,225,217,214,214,228,203,205,198,193,208,208,159,0,0,0,0,0,0,0,0,0,0,5,0,40,225,212,223,220,216,215,215,220,202,200,201,198,199,188,179,0,0,0,0,0,0,0,0,0,0,3,0,89,229,212,225,220,215,215,214,212,198,196,197,195,179,162,175,0,0,0,0,0,0,0,0,1,1,0,0,154,226,215,227,224,217,206,217,214,201,193,199,188,181,195,164,0,0,0,0,0,0,0,1,0,1,0,0,208,217,198,218,220,219,213,219,211,198,193,179,193,206,196,160,0,0,0,0,0,0,0,0,0,6,0,5,233,207,208,215,215,218,214,221,212,209,205,233,225,181,192,154,0,0,0,0,0,0,0,0,0,1,0,82,220,208,219,216,212,214,212,215,207,238,177,218,226,177,200,146,0,0,0,0,0,0,1,3,3,0,0,149,221,201,208,208,199,214,218,209,217,247,0,209,219,165,193,124,0,0,0,0,2,5,0,0,0,0,27,228,203,196,206,206,208,230,221,212,255,66,0,232,204,166,195,117,0,0,0,0,0,0,0,25,71,129,230,218,193,194,209,203,223,230,222,226,198,0,0,224,195,174,214,112,0,0,0,0,0,91,172,199,212,209,202,194,208,205,201,211,231,223,218,232,42,0,0,222,196,177,212,99,0,0,0,0,67,206,208,205,197,191,200,216,220,203,209,224,221,217,237,219,0,0,0,189,198,178,196,94,0,0,0,0,137,219,195,198,199,198,199,204,189,185,198,208,203,228,234,55,0,0,0,205,205,180,204,86,0,0,0,0,26,122,168,208,243,255,255,255,255,255,255,255,222,234,90,0,0,0,0,159,180,173,238,88,0,0,0,0,0,0,0,0,0,30,63,81,93,106,103,97,62,0,0,0,0,0,0,0,0,0,0,0,0,0,6
0,0,0,0,0,0,0,0,0,0,0,0,0,0,0,0,0,0,0,0,0,0,0,0,0,0,0,0,0,0,0,0,0,0,0,0,0,0,0,0,0,0,0,0,0,25,21,0,7,0,6,24,58,0,0,0,0,0,0,0,0,0,0,0,0,0,0,2,0,7,158,52,162,144,130,106,62,34,1,72,168,7,0,2,0,0,0,0,0,0,0,0,0,0,0,4,0,47,132,23,69,160,151,147,151,136,92,106,94,0,0,0,0,0,0,0,0,0,0,0,0,0,0,5,0,41,114,48,31,171,160,136,185,95,110,109,130,0,0,0,0,0,0,0,0,0,0,0,0,0,0,1,0,59,120,50,50,103,190,178,83,148,136,118,91,0,0,0,0,0,0,0,0,0,0,0,0,0,0,0,0,43,148,60,66,52,199,135,72,255,142,147,105,0,0,0,0,0,0,0,0,0,0,0,0,0,0,0,0,32,149,69,51,65,205,149,101,189,65,153,157,0,0,0,0,0,0,0,0,0,0,0,0,0,0,0,0,45,118,179,48,107,196,186,148,117,80,122,128,13,0,0,0,0,0,0,0,0,0,0,0,0,0,0,0,19,109,215,60,179,143,163,163,96,82,121,112,62,0,0,0,0,0,0,0,0,0,0,0,0,2,0,11,74,176,91,107,197,133,120,87,0,2,177,122,144,0,0,0,0,0,0,0,0,0,0,0,0,0,0,47,168,103,147,179,164,81,0,12,20,35,147,83,126,36,0,0,0,0,0,0,0,0,0,0,1,0,0,128,147,29,85,202,135,156,117,60,9,106,168,123,116,81,0,0,0,0,0,0,0,0,0,0,0,4,33,121,114,48,34,140,167,111,160,152,104,69,38,94,81,117,21,0,0,0,0,0,0,0,0,3,0,18,91,154,123,62,73,93,175,160,152,82,104,87,111,79,135,63,13,0,0,0,0,0,0,0,0,1,0,63,122,124,177,47,73,60,224,148,0,228,162,152,190,126,163,30,17,0,0,0,0,0,0,0,2,0,0,124,112,24,182,34,68,44,219,78,34,205,97,124,158,117,162,59,0,0,0,0,0,0,0,1,0,0,8,13,77,44,140,105,48,95,190,133,147,119,60,90,86,120,116,165,24,0,0,0,0,0,1,0,0,35,5,38,41,76,188,164,62,168,165,196,119,45,115,161,122,90,104,153,10,0,0,0,1,2,0,0,31,59,51,132,104,166,78,77,188,93,76,66,53,215,144,136,211,83,139,117,2,1,2,1,0,0,0,77,88,65,103,107,154,100,25,231,120,96,49,109,83,219,33,125,204,143,157,149,0,0,0,0,3,20,83,58,41,135,22,117,179,31,38,131,135,160,172,44,126,186,123,153,162,77,124,152,0,0,21,16,94,160,75,21,41,124,81,160,122,45,73,46,177,121,0,0,176,122,173,114,49,129,136,145,0,20,76,71,94,51,33,52,88,54,156,144,150,63,54,100,149,0,0,10,130,92,96,58,6,86,144,140,11,31,86,126,91,105,181,134,6,54,81,88,177,77,103,122,0,0,0,0,91,59,36,0,0,21,108,123,0,23,85,104,153,172,131,133,54,74,98,97,149,118,79,0,0,1,0,1,126,164,168,144,130,148,149,150,21,0,0,0,0,17,31,51,89,61,68,75,39,7,0,0,1,0,0,0,103,78,69,75,75,62,54,23,0,1,0,0,0,0,0,0,0,0,0,0,0,0,0,1,0,2,0,0,0,0,0,0,0,0,0,0,0,6
0,0,0,0,0,0,0,0,0,0,1,0,0,1,0,0,0,22,32,36,28,16,0,0,0,0,0,0,0,0,0,0,0,0,0,0,0,0,0,0,2,0,13,126,175,179,167,174,179,194,178,145,85,10,0,0,0,0,0,0,0,0,0,0,0,0,0,0,3,0,47,190,149,125,138,145,139,154,162,159,169,99,0,0,0,0,0,0,0,0,0,0,0,0,0,0,4,0,56,183,134,144,145,157,167,163,162,142,145,70,0,0,0,0,0,0,0,0,0,0,0,0,0,0,4,0,57,180,139,149,151,142,153,152,150,140,162,33,0,0,0,0,0,0,0,0,0,0,0,0,0,0,4,0,47,156,123,129,152,153,146,146,134,147,143,0,0,0,0,0,0,0,0,0,0,0,0,0,0,0,4,0,45,154,134,148,145,157,170,154,135,157,104,0,0,0,0,0,0,0,0,0,0,0,0,0,0,0,4,0,55,170,133,144,137,138,169,151,140,162,70,0,0,0,0,0,0,0,0,0,0,0,0,0,0,0,4,0,66,170,124,134,146,141,147,151,138,173,77,0,0,0,0,0,0,0,0,0,0,0,0,0,0,0,1,0,78,169,126,131,141,155,156,150,138,168,86,0,0,0,0,0,0,0,0,0,0,0,0,0,0,0,0,0,88,163,131,143,144,145,169,157,143,161,98,0,0,0,0,0,0,0,0,0,0,0,0,0,0,0,0,0,93,164,140,148,151,155,167,157,148,165,144,0,0,0,0,0,0,0,0,0,0,0,0,0,0,0,0,0,125,164,130,138,152,163,163,159,149,159,190,19,0,0,0,0,0,0,0,0,0,0,0,0,0,2,0,0,166,145,136,142,148,157,162,157,155,161,173,78,0,0,0,0,0,0,0,0,0,0,0,0,0,0,0,50,180,137,142,138,153,154,153,151,162,157,155,158,0,0,0,0,0,0,0,0,0,0,0,0,1,0,0,126,163,151,139,147,155,150,152,161,154,152,143,171,37,0,0,0,0,0,0,0,0,0,0,0,5,0,34,163,148,151,140,159,155,158,165,154,142,139,141,151,63,0,0,0,0,0,0,0,0,0,0,1,0,0,124,144,145,152,143,150,148,170,159,140,144,149,145,150,90,0,0,0,0,0,0,0,0,0,0,0,0,76,155,128,146,159,157,150,158,162,144,156,161,163,157,172,68,0,0,0,0,0,0,1,2,2,0,0,22,163,152,150,159,156,161,161,160,164,164,166,164,163,176,217,41,0,0,0,0,1,0,0,0,0,0,6,121,138,141,145,165,162,165,178,165,175,206,180,189,203,191,218,16,0,0,0,0,0,0,19,33,53,104,139,143,150,141,161,164,172,185,180,178,228,141,0,179,203,188,206,0,0,0,0,0,58,126,125,131,137,134,139,143,161,162,165,172,174,175,204,200,54,0,0,193,203,194,189,0,0,0,0,26,147,119,106,119,122,134,155,157,156,167,171,170,156,212,177,0,0,0,0,194,206,202,186,0,0,0,0,112,199,166,152,143,128,130,134,151,155,149,141,162,237,146,0,0,0,0,0,187,200,195,168,0,0,0,0,0,76,196,184,198,199,191,180,166,163,169,185,255,123,0,0,0,0,0,0,164,206,207,164,0,0,0,0,0,0,0,0,58,97,143,204,219,224,226,215,53,0,0,0,0,1,0,0,188,182,179,135,0,0,0,0,0,1,0,0,0,0,0,0,0,0,0,0,0,0,0,3,0,0,0,0,0,0,0,0,0,0,6
0,0,0,0,0,0,0,0,0,0,0,0,0,0,0,0,0,0,0,0,0,0,0,0,0,0,0,0,0,0,0,0,0,0,0,0,0,0,0,0,0,0,0,0,0,0,0,0,0,0,0,0,0,0,0,0,0,0,0,0,0,0,0,0,0,0,0,0,0,0,0,0,0,0,0,0,0,0,0,0,0,0,0,0,0,0,0,0,0,0,0,0,0,0,0,0,0,1,0,0,0,0,8,0,0,57,15,0,2,0,0,0,0,0,0,0,0,0,0,0,0,0,0,0,2,3,2,2,0,0,12,0,1,225,154,0,4,0,0,0,0,0,0,0,0,0,0,0,0,0,0,1,0,0,0,0,0,0,0,0,127,215,97,0,7,0,0,0,0,0,0,0,0,0,0,0,0,0,0,0,18,0,0,0,0,0,0,0,194,168,0,0,2,0,0,0,0,0,0,0,0,0,0,0,0,8,8,0,136,197,216,196,152,92,175,147,211,87,0,0,0,0,0,0,0,0,0,0,0,0,0,0,0,0,0,0,136,120,169,200,220,199,213,179,217,178,47,0,0,0,1,0,0,0,0,0,0,0,0,0,5,0,112,188,102,0,0,0,0,31,93,229,225,183,253,26,0,1,0,0,0,0,0,0,0,0,0,3,0,0,206,144,0,0,0,0,0,0,30,224,229,42,0,0,0,0,0,0,0,0,0,0,0,0,1,0,0,83,142,0,0,0,0,1,2,0,122,222,229,62,0,0,50,151,186,76,0,0,0,0,0,7,0,0,108,161,174,97,0,0,0,0,0,0,146,213,204,107,93,205,202,215,216,72,0,0,0,0,1,0,0,144,126,109,178,233,199,103,0,0,0,0,66,194,197,228,240,224,212,205,200,24,0,0,0,0,2,0,126,128,102,0,0,112,212,253,199,67,0,0,155,241,221,221,220,216,209,205,222,0,0,0,0,0,0,60,136,108,1,0,0,0,0,99,210,244,172,159,254,220,213,216,214,216,208,210,207,0,0,0,0,0,0,152,174,0,0,0,0,0,0,0,0,62,223,237,208,210,218,211,211,216,204,212,177,0,2,4,2,0,0,134,185,172,1,0,0,0,0,0,13,201,243,205,214,217,215,215,218,218,200,212,147,0,0,0,0,0,9,204,119,210,232,42,0,0,0,57,238,240,201,215,213,215,215,216,215,214,202,215,106,0,13,32,0,0,0,238,162,198,231,255,81,0,45,189,210,196,219,208,215,216,215,215,210,211,203,212,60,0,105,211,167,141,106,192,204,232,62,147,255,153,205,229,198,209,209,213,212,213,217,216,214,211,204,204,27,0,57,198,201,212,217,206,203,216,210,219,213,220,213,198,206,210,211,210,213,215,212,211,214,209,204,227,3,0,44,206,202,195,198,202,205,204,207,199,203,196,192,200,201,203,203,205,206,204,206,213,208,203,206,206,0,0,0,124,199,237,248,239,230,217,209,204,197,200,207,212,211,214,219,222,218,220,220,209,205,199,211,160,0,0,0,0,0,1,48,103,146,175,190,196,200,192,185,183,178,169,165,162,172,173,171,195,214,196,210,115,0,0,0,0,0,0,0,0,0,0,0,0,0,0,0,0,0,0,0,0,0,0,0,0,0,0,0,0,0,0,0,0,0,0,0,0,0,0,0,0,0,0,0,0,0,0,0,0,0,0,0,0,0,0,0,0,0,0,0,0,0,0,0,0,0,0,0,0,0,0,0,0,0,0,0,0,0,0,0,0,0,0,0,0,0,0,6
0,0,0,0,0,0,0,0,0,0,0,0,0,0,0,0,0,0,0,0,0,0,0,0,0,0,0,0,0,0,0,0,0,0,0,0,0,0,0,0,0,0,0,0,0,0,0,0,0,0,0,0,0,0,0,0,0,0,0,0,0,0,0,0,0,0,0,0,0,0,0,0,0,0,0,0,0,0,0,0,0,0,0,0,0,0,0,0,0,0,0,0,0,0,0,0,0,0,0,0,0,0,0,0,0,0,0,0,0,0,0,0,0,0,0,0,0,0,0,0,0,0,0,0,0,0,0,0,0,0,0,0,61,180,0,0,1,0,0,0,0,0,0,0,0,0,0,0,0,0,0,0,0,0,0,0,1,0,0,126,186,235,247,0,0,3,0,0,0,0,0,0,0,0,0,0,0,0,0,0,0,0,0,3,0,0,189,249,188,188,140,0,6,2,1,0,0,0,0,0,0,0,0,0,0,2,4,8,4,4,0,0,0,89,255,219,239,166,0,0,1,0,0,0,0,0,0,0,0,0,0,0,0,0,0,0,1,0,0,0,4,200,185,242,215,3,0,4,0,0,2,2,0,0,0,0,0,0,0,0,2,0,98,60,0,0,0,0,239,240,227,169,20,0,0,0,7,8,4,0,0,0,0,0,0,0,0,1,0,0,193,239,182,16,0,230,236,246,208,0,0,1,0,0,0,0,0,0,0,0,0,0,0,0,0,4,0,9,218,211,238,255,223,239,239,195,0,0,4,0,0,0,11,122,201,105,0,0,0,0,0,0,0,2,0,94,232,212,217,225,229,228,232,0,0,0,0,0,84,187,234,218,155,9,0,0,0,0,0,0,1,0,0,210,224,212,219,229,222,229,249,248,75,0,85,210,227,173,113,51,42,0,0,0,0,0,0,0,1,0,58,255,212,221,221,224,225,236,230,242,234,208,250,173,53,41,44,74,74,0,0,0,0,0,0,0,0,0,208,240,219,225,227,227,230,231,233,226,237,237,56,0,79,70,58,79,67,0,0,0,0,0,4,0,0,107,255,219,225,224,226,228,234,232,230,237,255,26,0,24,89,67,60,79,61,0,0,0,0,0,0,0,88,255,225,223,228,228,230,233,233,229,230,255,52,0,0,42,82,65,60,83,59,0,0,0,5,0,71,207,230,222,224,228,228,227,230,232,231,230,255,113,0,0,0,44,78,65,62,84,51,0,1,4,7,0,124,251,208,216,226,232,233,231,231,237,227,243,182,0,0,3,0,56,79,67,62,83,44,0,0,0,0,0,0,255,222,221,232,233,230,235,233,226,244,232,0,0,0,0,0,64,73,68,59,84,37,0,0,19,54,82,105,235,221,225,228,225,230,222,223,241,255,19,0,0,0,0,0,73,74,67,59,90,35,0,108,231,233,239,255,255,255,255,250,249,245,255,255,255,36,0,2,0,2,0,0,52,39,35,31,61,17,0,0,44,49,60,76,104,135,151,177,192,194,162,95,0,0,0,0,2,3,0,2,199,153,166,156,187,45,0,0,0,0,0,0,0,0,0,0,0,0,0,0,0,0,0,0,0,0,0,0,0,0,0,0,0,0,0,0,0,0,0,0,0,0,0,0,0,0,0,0,0,0,0,0,0,0,0,0,0,0,0,0,0,0,0,0,0,0,0,0,0,0,0,0,0,0,0,0,0,0,0,0,0,0,0,0,0,0,0,0,0,0,0,0,0,0,0,0,0,0,0,0,0,0,0,0,0,0,0,0,0,0,0,0,0,0,0,0,0,0,0,6
0,0,0,0,0,0,0,0,0,0,0,0,0,0,0,0,0,0,0,0,0,0,0,0,0,0,0,0,0,0,0,0,0,0,0,0,0,0,0,0,0,0,0,0,0,0,0,0,0,0,0,0,0,0,0,0,0,0,0,0,0,0,0,0,0,0,0,0,0,0,0,0,0,0,0,0,0,0,0,0,0,0,0,0,0,0,0,0,0,0,0,0,0,1,0,0,0,0,0,0,0,60,36,0,0,0,0,0,0,0,0,0,0,0,0,0,0,0,0,0,0,0,0,0,0,0,0,0,29,85,131,148,99,12,0,1,0,1,1,0,0,0,0,0,0,0,0,0,0,0,0,0,0,0,0,0,58,70,66,109,155,182,12,0,0,0,0,0,0,0,0,0,0,0,0,0,0,0,0,0,0,1,0,13,81,101,116,128,88,163,134,76,55,5,0,0,0,0,0,0,0,0,0,0,0,0,0,0,2,0,2,92,92,84,119,115,110,130,109,134,130,131,42,0,0,0,0,0,0,0,0,0,0,0,0,0,0,0,66,91,51,44,27,31,44,99,159,106,84,108,31,0,0,0,0,0,0,0,0,0,0,1,0,0,6,23,44,34,76,65,77,155,90,63,138,178,167,180,29,0,0,0,0,0,0,0,0,0,0,0,0,31,56,18,36,117,119,56,124,124,98,109,73,77,74,141,59,0,0,0,0,0,0,0,0,0,0,12,58,65,5,106,181,187,131,36,181,235,189,134,87,92,80,110,30,0,0,0,0,0,0,0,0,1,0,48,65,4,128,225,109,92,232,92,113,160,97,191,151,123,103,97,63,0,0,0,0,0,0,0,0,1,0,2,84,207,209,80,81,156,159,177,113,98,112,90,117,105,101,98,110,6,0,0,0,0,0,0,0,0,0,0,84,180,49,119,178,157,115,151,198,255,231,42,98,106,98,91,109,26,0,0,0,0,0,0,0,0,0,0,52,73,153,178,148,110,119,113,176,203,181,72,70,95,91,83,90,41,0,0,0,0,0,0,0,0,0,48,85,105,157,133,92,95,90,87,126,87,85,115,74,91,87,85,83,26,0,0,0,0,1,0,0,8,47,60,65,72,76,92,81,90,90,94,84,81,91,157,77,76,83,80,78,0,0,0,0,0,0,0,8,42,51,54,56,58,63,88,91,92,92,103,80,69,78,131,106,74,62,70,66,0,0,0,0,6,13,31,56,56,55,62,65,67,65,85,95,85,81,80,88,67,81,106,121,37,108,235,99,0,0,20,45,51,49,58,55,63,70,77,76,72,80,88,87,69,105,144,101,137,214,189,206,176,218,210,85,0,22,48,42,48,49,66,77,74,76,78,83,91,94,81,97,142,126,42,0,91,195,166,176,214,198,189,98,0,49,49,42,54,62,63,59,58,63,67,74,84,98,135,127,48,0,0,0,138,191,171,177,184,176,198,137,0,58,109,106,103,110,98,81,77,95,106,126,135,113,41,0,0,0,0,0,146,209,178,189,196,180,220,113,0,0,0,16,29,38,45,60,73,70,63,56,19,0,0,0,6,0,0,0,19,29,22,13,8,0,0,0,0,0,0,0,0,0,0,0,0,0,0,0,0,0,0,0,0,0,0,0,0,0,0,0,0,0,0,0,0,0,0,0,0,0,0,0,0,0,0,0,0,0,0,0,0,0,0,0,0,0,0,0,0,0,0,0,0,0,0,0,0,0,0,0,0,0,0,0,0,0,0,0,0,0,0,0,0,0,0,0,0,0,0,0,0,6
0,0,0,0,0,0,0,0,0,0,0,0,0,0,0,0,0,0,0,0,0,0,0,0,0,0,0,0,0,0,0,0,0,0,0,0,0,0,0,0,0,0,0,0,0,0,0,0,0,0,0,0,0,0,0,0,0,0,0,0,0,0,0,0,0,0,0,0,0,0,0,0,0,0,0,0,0,0,0,0,0,0,0,0,0,0,0,0,0,0,0,0,0,0,0,0,0,0,0,0,0,0,0,0,0,0,0,0,0,0,0,0,0,0,0,0,0,0,0,0,0,0,0,0,0,0,0,0,0,0,0,0,0,0,0,0,0,0,0,0,0,0,0,0,0,0,0,0,0,0,0,0,0,0,0,16,90,101,51,0,0,0,0,46,44,15,0,0,0,0,0,0,0,0,0,0,0,0,0,0,0,3,0,152,171,192,224,194,0,0,155,253,226,234,0,0,0,0,0,0,0,0,0,0,0,0,0,0,5,0,27,214,183,206,216,232,161,55,179,198,227,144,0,0,0,0,0,0,0,0,0,0,0,0,0,0,3,0,74,206,215,216,224,226,205,212,215,163,201,165,0,0,0,0,0,0,0,0,0,0,0,0,0,3,0,17,149,165,219,227,228,253,161,190,255,195,166,218,218,7,0,0,0,0,0,0,0,0,1,0,1,0,0,130,173,202,212,218,255,96,86,227,211,132,185,232,120,0,0,0,0,0,0,1,1,0,4,3,7,0,87,167,185,211,211,207,255,0,0,252,148,188,239,169,0,0,0,0,0,0,1,0,2,1,4,0,0,53,167,151,201,195,200,190,253,0,99,255,220,200,224,168,0,0,0,0,0,1,2,4,6,0,0,0,79,167,143,189,197,171,150,118,161,0,196,148,103,137,189,238,0,0,0,2,0,0,0,0,0,0,12,132,164,61,59,151,187,155,133,140,175,156,209,142,109,128,193,216,38,0,0,0,0,0,2,30,95,153,164,145,85,111,200,198,167,159,157,158,142,174,118,88,107,166,201,214,122,0,0,0,63,86,102,127,99,103,94,106,185,190,137,171,189,165,174,171,165,169,176,198,210,207,196,207,164,0,18,208,192,151,132,142,142,147,164,158,168,203,199,211,209,228,235,237,237,232,224,239,231,223,205,216,131,0,164,207,205,227,236,228,221,214,212,215,210,225,219,208,213,214,213,211,211,217,214,216,220,214,208,205,202,0,167,201,209,201,202,208,209,215,224,222,222,223,218,210,212,223,226,254,229,203,199,196,194,191,193,189,196,30,0,60,125,194,189,205,215,216,214,220,216,220,213,224,202,196,128,53,0,194,232,211,220,218,214,210,206,54,0,0,0,0,0,14,65,100,136,151,137,145,130,160,25,0,0,0,0,48,125,112,102,97,85,76,78,2,2,6,2,0,0,0,0,0,0,0,0,0,0,0,0,0,0,2,0,0,0,0,0,0,0,0,0,0,0,0,0,1,2,4,2,1,0,1,0,1,4,11,2,10,1,2,0,5,6,1,2,3,2,7,6,2,0,0,0,0,0,0,0,0,0,0,0,0,0,0,0,0,0,0,0,0,0,0,0,0,0,0,0,0,0,0,0,0,0,0,0,0,0,0,0,0,0,0,0,0,0,0,0,0,0,0,0,0,0,0,0,0,0,0,0,0,0,0,0,0,0,0,0,0,0,0,0,0,0,0,0,0,0,0,0,0,0,0,0,0,0,0,0,0,0,0,0,0,0,0,0,0,0,0,0,0,0,0,0,0,0,0,0,0,0,0,0,0,6
0,0,0,0,0,0,0,0,0,0,0,0,0,0,0,0,0,0,0,0,0,0,0,0,0,0,0,0,0,0,0,0,0,0,0,0,0,0,0,0,0,0,0,0,0,0,0,0,0,0,0,0,0,0,0,0,0,0,0,0,0,0,0,0,0,0,0,0,0,0,0,0,0,0,0,0,0,0,0,0,0,0,0,0,0,0,0,0,0,0,0,0,0,0,0,0,0,0,0,0,0,0,0,0,0,0,0,0,0,0,0,0,0,0,0,0,0,0,0,0,0,0,0,0,0,0,0,0,0,0,0,0,0,0,0,0,0,0,0,0,0,0,0,0,0,0,0,0,0,0,0,0,0,0,0,0,0,0,0,0,0,0,0,0,0,0,0,0,0,0,0,0,0,0,0,0,0,0,0,0,0,0,0,0,0,0,0,0,0,0,0,0,0,79,10,0,0,0,0,0,0,0,0,0,0,0,0,0,0,0,0,0,115,136,61,0,0,0,0,0,6,106,20,0,0,0,0,0,0,0,0,0,0,0,0,0,1,5,0,49,159,146,126,223,221,211,203,152,162,147,0,0,0,0,0,0,0,0,0,0,0,0,0,0,2,0,0,135,153,133,144,213,213,214,220,130,132,173,0,0,0,0,0,0,0,0,0,0,0,0,0,0,1,0,14,170,148,130,166,224,200,209,220,120,123,154,10,0,0,0,0,0,0,0,0,0,0,1,0,0,0,0,101,156,121,128,203,221,210,211,222,119,104,166,19,0,1,0,0,0,1,0,0,0,1,0,0,1,0,15,163,120,117,151,220,205,212,212,213,115,111,164,47,0,0,0,0,0,1,1,0,0,2,2,0,0,4,124,134,120,132,168,232,209,206,214,208,111,121,163,106,0,0,0,0,1,3,1,2,3,3,0,0,31,117,117,107,132,139,208,214,197,197,216,219,114,122,160,148,0,0,4,3,0,0,0,0,0,0,1,66,129,115,105,122,149,153,236,218,226,227,236,187,111,138,161,174,0,0,0,0,0,4,2,3,25,53,95,113,108,112,105,106,150,142,211,211,189,153,119,110,128,164,161,185,39,0,43,107,72,44,33,48,67,74,80,87,99,105,113,128,149,145,132,128,126,123,104,117,137,153,151,183,60,16,212,201,165,118,63,8,21,119,145,113,98,128,149,149,148,130,117,116,127,127,113,132,136,136,148,176,26,157,187,172,181,189,229,202,121,123,150,130,117,139,154,145,131,123,122,132,157,166,157,153,156,157,150,165,83,150,222,206,181,166,158,156,162,147,126,111,123,139,131,132,139,163,191,209,202,170,168,171,172,172,174,200,142,0,34,141,218,247,246,228,204,194,189,184,189,192,208,218,226,210,191,131,146,255,233,244,240,232,226,242,167,0,0,0,0,0,36,92,131,157,170,160,145,138,99,56,18,0,0,0,0,96,80,69,64,55,45,48,15,0,0,0,0,0,0,0,0,0,0,0,0,0,0,0,0,0,0,0,0,0,0,0,0,0,0,0,0,0,0,0,0,0,0,0,0,0,0,0,0,0,0,0,0,0,0,0,0,0,0,0,0,0,0,0,0,0,0,0,0,0,0,0,0,0,0,0,0,0,0,0,0,0,0,0,0,0,0,0,0,0,0,0,0,0,0,0,0,0,0,0,0,0,0,0,0,0,0,0,0,0,0,0,0,0,0,0,0,0,0,0,0,0,0,0,0,0,0,0,0,0,0,0,0,0,0,0,0,0,0,0,0,0,0,0,0,0,0,0,0,6
0,0,0,0,0,0,0,0,0,0,0,0,0,1,0,0,0,0,0,0,0,0,0,0,0,136,80,0,0,0,0,0,0,0,0,0,0,0,0,0,2,0,24,90,98,115,130,117,110,107,74,33,0,168,67,0,0,0,0,0,0,0,0,0,0,0,0,0,6,0,141,255,246,249,249,254,255,255,251,245,238,230,0,0,0,0,0,0,0,0,0,0,0,0,0,0,7,0,50,243,229,233,236,236,236,237,237,235,248,204,0,0,0,0,0,0,0,0,0,0,0,0,0,0,6,0,13,241,236,235,236,236,241,247,242,236,254,167,0,0,0,0,0,0,0,0,0,0,0,0,0,0,6,0,22,242,236,240,234,238,239,236,244,236,254,99,0,0,0,0,0,0,0,0,0,0,0,0,0,0,6,0,22,239,235,240,236,239,241,243,242,232,245,52,0,0,0,0,0,0,0,0,0,0,0,0,0,0,6,0,19,233,234,234,236,234,238,244,235,236,238,2,0,0,0,0,0,0,0,0,0,0,0,0,0,0,6,0,17,231,231,233,237,235,235,237,233,239,255,0,0,0,0,0,0,0,0,0,0,0,0,0,0,0,3,0,24,231,230,238,237,234,232,235,229,241,255,0,0,0,0,0,0,0,0,0,0,0,0,0,0,0,2,0,39,237,228,237,237,235,234,238,235,238,255,0,0,0,0,0,0,0,0,0,0,0,0,0,0,0,1,0,69,241,228,237,237,235,236,238,240,236,244,1,0,0,0,0,0,0,0,0,0,0,0,0,0,0,0,0,173,237,227,236,234,235,236,238,236,233,250,71,0,0,0,0,0,0,0,0,0,0,0,0,0,0,0,0,254,230,225,234,239,236,234,232,238,231,250,171,0,0,0,0,0,0,0,0,0,0,0,0,0,0,0,139,241,233,231,233,237,235,233,235,238,231,244,212,0,0,0,0,0,0,0,0,1,0,0,0,0,0,62,255,233,237,240,237,234,238,240,242,233,229,238,255,0,0,0,0,0,0,0,0,2,4,2,0,0,44,255,225,229,236,236,239,240,239,236,234,232,230,232,255,17,0,0,0,2,6,7,0,0,0,0,0,66,255,214,213,219,221,225,230,234,236,234,235,235,233,230,255,54,0,0,0,0,0,0,0,0,0,12,143,255,210,216,221,223,222,223,230,231,231,232,232,234,237,232,245,71,0,0,0,0,99,120,116,140,198,245,221,212,215,221,228,228,231,233,235,237,241,228,229,235,233,232,250,74,0,0,0,83,236,205,192,221,210,207,210,218,223,227,230,231,234,230,232,243,244,242,252,248,242,227,255,40,0,0,0,114,225,207,203,193,204,217,218,221,228,229,229,231,234,249,251,235,225,214,196,184,198,185,180,0,0,0,0,108,240,225,221,215,214,213,218,221,228,230,233,249,231,211,200,211,207,164,169,163,184,196,191,0,0,0,0,27,185,209,233,253,244,228,224,234,244,245,235,206,192,221,202,113,0,4,203,171,184,191,183,0,0,0,0,4,179,174,160,166,195,215,224,221,210,197,189,221,219,81,0,0,0,12,217,175,186,194,178,0,0,0,0,0,0,125,200,179,156,190,221,202,167,180,238,154,0,0,0,2,0,25,173,167,178,185,155,0,0,0,0,3,0,0,0,86,161,230,243,255,253,252,103,0,0,3,0,2,0,47,206,203,201,213,210,0,0,0,0,0,2,0,0,0,0,0,0,0,0,0,0,0,0,0,0,2,0,3,83,65,65,70,28,0,0,6
0,0,0,0,0,0,0,0,0,1,0,0,0,1,0,0,1,0,42,150,107,0,0,0,0,0,0,0,0,0,0,0,0,0,0,0,0,0,0,0,1,0,0,69,247,253,235,235,243,227,86,56,80,59,0,0,0,0,0,0,0,0,0,0,0,0,0,0,3,0,0,193,211,200,185,210,200,202,217,222,246,156,0,0,0,0,0,0,0,0,0,0,0,0,0,0,4,0,12,227,217,211,226,232,235,228,220,212,217,136,0,0,0,0,0,0,0,0,0,0,0,0,0,0,3,0,0,215,250,242,245,242,238,238,235,224,212,230,62,0,0,0,0,0,0,0,0,0,0,0,0,0,0,0,0,217,251,242,237,234,241,247,230,204,213,187,97,0,0,0,0,0,0,0,0,0,0,0,0,0,0,0,0,209,251,240,246,244,227,192,170,182,213,225,154,0,0,0,0,0,0,0,0,0,0,0,0,0,3,0,0,232,243,238,239,242,187,165,185,171,245,118,2,0,0,0,0,0,0,0,0,0,0,0,0,0,4,0,1,227,235,240,241,245,202,180,201,196,236,34,0,0,0,0,0,0,0,0,0,0,0,0,0,0,5,0,31,225,236,247,243,238,242,232,244,229,243,108,0,0,0,0,0,0,0,0,0,0,0,0,0,0,5,0,24,238,241,241,232,233,238,244,241,226,234,49,0,0,0,0,0,0,0,0,0,0,0,0,0,0,5,0,28,230,240,242,241,245,243,240,234,224,217,69,0,0,0,0,0,0,0,0,0,0,0,1,0,0,1,0,110,235,234,243,241,240,235,228,212,224,222,151,0,0,0,0,0,0,0,0,0,0,0,0,0,0,0,0,165,233,217,217,222,226,227,220,222,224,229,135,0,0,0,0,0,0,0,0,0,0,0,0,0,0,0,0,223,229,228,238,236,239,244,240,242,229,188,168,0,0,0,0,0,0,0,0,0,0,0,0,1,0,0,139,235,223,232,227,223,226,235,245,238,220,194,211,0,0,0,0,0,0,0,0,0,0,2,1,0,0,120,255,222,232,225,231,235,231,233,232,232,179,194,179,39,0,0,0,0,0,2,3,4,0,0,0,19,199,232,229,233,240,236,235,234,238,233,232,225,191,184,199,21,0,0,0,1,0,0,0,0,0,6,144,220,229,224,230,235,235,234,238,239,238,230,231,219,206,191,209,55,0,0,3,0,0,0,11,0,11,128,207,223,231,229,226,224,227,227,233,234,230,222,228,190,143,207,242,108,0,0,0,0,149,177,166,207,202,184,142,160,237,225,228,227,231,233,228,227,228,225,215,204,218,190,190,102,0,0,0,79,233,187,175,188,194,195,193,179,208,238,229,238,232,239,244,223,218,222,220,191,173,186,211,109,0,0,86,199,183,223,234,213,187,195,201,198,180,229,238,241,242,238,240,232,222,224,215,207,201,191,95,0,0,0,112,217,208,196,206,220,222,214,195,184,155,178,246,244,249,240,235,228,222,154,17,175,130,0,0,0,0,0,0,31,184,216,223,209,201,202,211,223,217,209,230,226,216,209,198,216,135,0,0,0,0,0,4,0,0,0,0,0,0,21,141,243,218,220,209,198,200,194,201,198,204,208,206,150,0,0,1,5,5,2,0,0,0,0,0,5,0,0,0,0,28,159,212,209,231,233,211,205,191,106,23,0,0,3,0,0,0,0,0,0,0,0,0,0,0,3,0,0,0,0,0,0,0,3,0,0,0,0,0,0,0,0,2,0,0,0,0,0,0,6
0,0,0,0,0,0,0,0,0,0,0,0,0,0,0,0,0,0,0,0,0,0,0,0,0,0,0,0,0,0,0,0,0,0,0,0,0,0,0,0,0,0,0,0,0,0,0,0,0,0,0,0,0,0,0,0,0,0,0,0,0,0,0,0,0,0,0,0,0,0,0,0,0,0,0,0,0,0,0,0,0,0,0,0,0,0,0,0,0,0,0,0,0,0,0,0,0,0,0,0,0,0,0,0,0,0,0,0,0,0,0,0,0,0,0,0,0,0,0,0,0,0,0,0,0,0,0,0,0,0,0,0,0,0,0,0,0,0,0,0,0,0,0,0,0,0,0,0,0,0,0,0,0,0,3,0,25,117,33,44,46,48,45,41,43,45,0,0,0,0,0,0,0,0,0,0,0,0,0,0,0,4,0,57,200,188,205,203,205,216,221,203,180,185,1,0,0,0,0,0,0,0,0,0,0,0,0,0,0,6,0,129,170,166,146,155,156,154,170,169,169,160,0,0,0,0,0,0,0,0,0,0,0,0,0,0,1,0,0,159,166,166,155,184,197,186,165,177,168,186,31,0,0,0,0,0,0,0,0,0,0,0,0,0,1,0,0,167,167,163,170,199,212,209,203,187,182,195,3,0,0,0,0,0,0,0,0,0,0,0,0,0,2,0,0,188,160,177,180,156,147,133,121,140,171,190,0,0,0,0,0,0,0,0,0,0,0,0,0,0,3,0,0,222,166,159,165,154,123,119,134,163,159,204,22,0,0,0,1,0,0,0,0,0,0,0,0,0,0,0,110,202,167,157,166,175,194,199,189,198,182,197,39,0,1,1,1,1,0,0,0,0,0,0,0,4,0,1,206,164,149,157,165,159,147,146,151,172,161,183,73,0,0,0,0,0,0,1,0,0,0,0,0,0,1,177,182,130,179,188,182,185,172,159,156,141,133,189,155,0,0,0,0,1,1,0,0,0,0,6,0,51,203,144,122,164,156,191,196,172,149,125,102,121,172,186,218,20,4,6,0,2,2,5,3,2,0,0,0,184,146,113,164,149,148,151,156,163,162,152,160,184,160,182,214,60,0,0,0,0,0,0,0,0,0,16,96,115,97,125,145,145,161,160,163,176,173,159,164,151,143,203,210,94,0,83,115,106,75,52,34,50,101,138,134,144,176,172,176,178,182,181,190,195,200,208,215,224,222,221,210,120,40,197,156,108,105,105,112,125,134,90,114,169,173,146,154,179,200,201,197,197,189,184,189,194,199,204,214,102,168,235,217,201,177,158,138,107,94,116,182,195,194,200,195,186,176,162,165,171,176,180,187,192,194,199,227,104,67,166,217,225,222,224,216,205,202,209,206,205,204,197,200,211,224,255,255,235,213,218,213,202,195,191,208,110,0,0,19,93,177,204,207,222,225,228,252,250,249,254,246,201,140,63,20,250,243,238,233,236,233,226,243,150,0,0,0,0,0,0,15,43,75,111,112,100,86,40,0,0,0,0,0,131,122,111,100,100,84,70,67,14,0,0,0,0,0,0,0,0,0,0,0,0,0,0,0,0,0,0,0,0,0,0,0,0,0,0,0,0,0,0,0,0,0,0,0,0,0,0,0,0,0,0,0,0,0,0,0,0,0,0,0,0,0,0,0,0,0,0,0,0,0,0,0,0,0,0,0,0,0,0,0,0,0,0,0,0,0,0,0,0,0,0,0,0,0,0,0,0,0,0,0,0,0,0,0,0,0,0,0,0,0,0,0,0,0,0,0,0,0,0,0,0,6
0,0,0,0,0,0,0,0,0,0,0,0,0,0,0,0,0,0,0,0,0,0,0,0,0,0,0,0,0,0,0,0,0,0,0,0,0,0,0,0,0,0,0,0,0,0,0,0,0,0,0,0,0,64,11,0,0,0,0,0,0,0,0,0,0,0,0,0,0,1,1,0,2,5,4,1,2,0,4,0,26,224,111,0,0,0,0,0,0,0,0,0,0,0,1,1,1,3,3,0,0,0,0,0,2,0,1,0,0,165,191,0,0,0,0,0,0,0,0,0,0,0,0,1,0,0,0,0,30,29,36,18,0,0,0,0,0,0,186,92,0,0,0,0,0,0,0,0,0,0,0,0,0,5,0,58,174,117,143,155,107,74,5,132,95,43,154,106,0,0,0,0,0,0,0,0,0,0,0,0,0,7,0,89,209,184,138,149,157,66,120,166,146,92,172,64,0,0,0,0,0,0,0,0,1,0,1,1,0,4,0,113,187,131,70,97,146,123,126,165,104,0,100,0,0,0,0,0,0,0,0,0,1,1,1,1,2,0,0,122,212,106,42,92,190,192,165,118,118,156,88,0,0,0,0,0,0,0,0,0,0,1,2,0,4,0,0,107,172,163,106,198,52,17,173,126,156,89,12,0,0,0,0,0,0,0,0,0,0,0,0,0,3,0,81,173,191,181,215,21,0,120,128,79,151,75,15,0,0,0,0,0,0,0,0,0,0,0,0,5,0,16,198,28,123,199,79,30,146,155,113,157,159,87,0,0,0,0,0,0,0,0,1,1,1,2,1,3,0,134,133,177,97,164,183,140,229,148,153,168,124,97,0,4,1,0,0,0,0,0,0,0,3,3,2,0,84,177,113,98,127,154,213,122,121,168,175,184,163,104,0,3,0,0,1,1,1,0,0,0,1,10,0,8,196,172,208,125,195,124,36,145,208,125,96,121,142,68,0,0,0,0,0,0,0,0,0,0,2,0,0,144,202,156,101,152,212,133,103,160,176,209,38,31,207,144,0,0,0,0,0,0,0,0,0,1,0,26,168,183,52,165,122,87,90,193,134,180,150,192,143,104,127,174,0,0,0,1,2,5,6,6,6,0,0,255,145,172,66,180,129,126,106,212,151,107,124,149,176,130,145,168,54,0,0,0,0,0,0,0,0,0,5,197,137,136,220,227,138,179,127,144,195,138,192,203,150,108,112,150,145,0,0,0,0,22,17,23,48,85,128,93,151,177,136,60,146,185,140,190,183,169,59,89,85,149,133,126,152,0,0,16,157,153,135,142,164,175,183,195,160,130,198,175,173,191,199,187,136,199,220,163,135,134,174,142,198,5,0,97,152,147,169,148,167,174,153,125,133,135,148,171,202,158,167,200,103,195,215,210,211,157,155,180,208,0,49,189,148,139,157,131,90,84,118,115,133,147,141,143,167,92,228,177,147,228,109,151,171,61,82,191,213,15,158,206,191,189,187,164,52,95,128,102,128,165,199,177,162,136,167,217,196,228,90,131,148,160,142,180,209,149,158,231,201,194,199,192,129,151,188,213,192,182,201,153,187,193,196,207,187,203,223,223,215,216,222,201,215,144,4,179,204,226,213,202,201,199,189,200,200,209,208,206,206,213,225,226,228,239,222,219,206,175,158,207,210,147,0,0,29,118,189,196,197,210,215,225,233,233,229,235,232,223,240,218,172,116,251,235,213,188,175,217,228,136,0,0,0,0,0,0,37,53,130,166,165,165,170,92,38,0,0,0,0,0,37,228,163,137,128,126,51,0,6
0,0,0,0,0,0,0,0,0,0,0,0,0,0,0,0,0,0,0,0,0,0,0,0,0,0,0,0,0,0,0,0,0,0,0,0,0,0,1,0,96,171,149,159,166,170,164,165,182,189,181,176,61,0,5,0,0,0,0,0,0,0,0,0,0,0,6,0,132,237,229,248,249,246,227,229,233,235,217,218,79,0,6,0,0,0,0,0,0,0,0,0,0,0,7,0,85,225,220,219,215,219,212,210,210,209,204,206,66,0,7,0,0,0,0,0,0,0,0,0,0,0,7,0,77,226,224,222,222,226,220,216,215,213,205,210,76,0,7,0,0,0,0,0,0,0,0,0,0,0,2,0,78,221,221,223,223,225,217,213,211,209,204,209,79,0,2,0,0,0,0,0,0,0,0,0,0,0,0,0,107,215,218,233,231,228,225,220,220,220,211,224,121,0,0,0,0,0,0,0,0,0,0,0,0,7,0,32,210,213,201,220,225,225,218,215,219,223,202,212,216,3,0,2,0,0,0,0,0,0,0,0,1,5,0,23,207,197,164,217,204,210,207,206,212,212,206,198,212,61,0,1,0,0,0,0,0,0,0,0,0,6,0,33,216,219,218,234,221,241,231,230,234,228,234,216,218,148,0,0,0,0,0,0,0,0,0,0,0,2,0,155,213,214,221,226,240,238,230,225,221,212,206,203,203,210,20,0,0,0,0,0,0,0,0,0,2,0,0,196,221,208,212,221,205,201,201,214,217,216,214,215,206,220,90,0,0,0,0,0,0,0,0,0,2,0,0,199,224,171,217,211,207,218,215,228,225,220,214,199,201,213,170,0,0,0,0,0,0,0,0,0,9,0,63,225,216,213,236,228,215,214,211,228,228,224,216,191,210,207,206,0,0,0,0,0,0,0,0,0,0,0,182,218,211,222,202,214,222,199,194,222,232,230,230,221,220,207,221,7,1,0,0,0,1,0,0,4,0,36,209,209,213,214,215,215,207,174,190,211,209,190,187,195,186,180,200,83,1,0,0,0,1,0,0,0,0,173,212,204,221,223,226,211,208,223,227,210,173,192,221,220,195,184,231,115,0,0,2,3,2,4,2,0,61,225,193,205,210,227,221,213,227,231,197,203,232,235,210,214,220,211,228,93,1,2,0,0,0,0,0,30,188,177,185,206,222,220,232,216,191,185,216,230,247,185,218,218,217,199,232,101,0,0,8,10,0,22,84,170,150,168,192,219,223,220,217,176,189,218,221,249,28,48,255,211,224,203,229,99,0,111,157,157,164,161,164,185,197,218,223,215,219,234,184,187,226,226,201,0,0,54,255,212,219,199,234,97,20,197,178,137,41,25,119,186,187,189,205,216,221,194,187,234,220,192,0,0,0,42,228,210,218,200,233,97,92,193,216,230,224,243,240,227,218,205,209,215,204,196,223,219,204,0,0,11,0,33,225,208,214,199,234,101,142,206,193,193,203,214,217,223,224,226,225,214,203,206,213,194,25,0,0,4,0,28,223,207,214,204,213,98,4,134,178,208,212,214,211,210,216,217,211,202,196,211,198,33,0,8,0,5,0,22,219,208,214,208,218,115,0,0,0,42,123,170,211,230,240,210,214,208,229,169,3,0,2,0,0,3,0,22,210,213,205,199,247,137,0,0,0,0,0,0,0,0,28,44,48,27,0,0,0,2,0,0,0,2,0,0,48,26,17,10,7,0,0,0,0,0,0,0,0,0,0,0,0,0,0,0,0,0,0,0,0,0,0,0,0,0,0,0,0,0,6
0,0,0,0,0,0,0,0,0,0,0,0,0,0,0,0,0,0,0,0,0,0,0,0,0,0,0,0,0,0,0,0,0,0,0,0,0,0,0,0,0,0,0,0,0,0,0,0,0,0,0,0,0,0,0,0,0,0,0,0,0,0,0,0,0,0,0,0,0,0,0,0,0,0,0,0,0,0,0,0,0,0,0,0,0,0,0,0,0,0,0,0,0,0,0,0,0,0,0,0,0,0,0,0,0,0,0,0,0,0,0,0,0,0,0,0,0,0,0,0,0,0,0,0,0,0,0,3,2,0,0,0,0,0,0,7,38,149,36,0,0,0,0,0,0,0,0,0,0,0,0,0,0,7,0,0,0,0,29,89,164,201,236,255,224,246,50,0,0,0,0,0,0,0,0,0,0,0,0,0,0,0,0,62,191,246,255,241,247,245,237,227,212,218,0,0,0,0,0,0,0,0,0,0,0,0,0,0,0,113,193,237,251,234,230,228,219,219,215,203,213,255,7,0,0,0,0,0,0,0,0,0,0,0,0,0,0,222,240,221,229,238,236,233,223,215,213,212,212,253,41,0,0,0,0,0,0,0,0,0,0,0,3,0,0,251,219,224,218,225,227,222,219,216,225,222,208,255,103,0,0,0,0,0,0,0,0,0,0,0,4,0,55,255,220,228,228,227,227,232,232,230,223,212,216,222,192,0,0,0,0,0,0,0,0,0,0,0,0,0,148,255,220,225,225,225,230,233,220,209,202,194,214,215,238,0,0,0,0,0,0,0,0,0,0,3,0,5,239,224,222,225,224,222,227,233,220,205,187,176,204,216,242,32,0,0,0,0,0,0,0,0,0,8,0,110,239,213,227,224,224,224,225,223,210,200,196,209,232,215,232,50,0,0,0,0,0,0,0,0,0,0,0,231,232,217,221,221,222,225,224,224,226,233,240,237,223,202,232,53,0,0,0,0,0,0,0,0,2,0,96,255,207,212,210,213,217,223,231,235,235,231,210,195,196,200,183,0,0,0,1,1,2,1,1,0,0,0,250,224,204,203,204,208,218,232,239,224,198,200,230,230,189,214,62,0,0,5,1,0,0,0,0,0,35,219,252,197,209,208,208,212,225,234,203,194,237,227,121,119,193,202,0,0,0,0,0,0,0,22,75,148,230,214,184,203,202,213,220,224,233,200,203,254,157,0,0,0,206,167,0,0,0,48,110,146,162,153,157,124,172,196,181,206,202,211,214,215,218,210,248,64,0,0,0,0,217,111,0,0,106,245,229,204,184,143,138,140,168,182,182,218,235,226,209,192,234,221,2,0,3,1,0,0,223,76,0,2,93,226,226,228,227,229,224,234,221,217,214,219,233,231,184,229,227,0,0,0,0,1,0,0,218,30,0,2,0,33,156,199,223,229,233,230,231,236,236,228,217,192,220,250,2,0,0,0,0,0,0,4,220,10,0,3,0,0,0,0,91,159,216,239,238,232,228,224,223,240,232,30,0,2,0,0,0,4,0,29,214,14,0,4,0,1,0,0,0,0,0,27,71,127,156,163,146,95,0,0,0,0,0,0,0,2,0,0,76,0,0,1,0,0,0,0,0,0,0,0,0,0,0,0,0,0,0,0,0,0,0,0,0,0,0,0,0,0,0,0,0,0,0,0,0,0,0,0,0,0,0,0,0,0,0,0,0,0,0,0,0,0,0,0,0,0,0,0,0,0,0,0,0,0,0,0,0,0,0,0,0,0,0,0,0,0,0,0,0,0,0,0,0,0,0,0,6
0,0,0,0,0,0,0,0,0,0,0,0,0,0,0,0,0,0,0,0,0,0,0,0,0,0,0,0,0,0,0,0,0,0,0,0,0,0,0,0,0,0,0,0,0,0,0,0,0,0,0,0,0,0,0,0,0,0,0,0,0,0,0,0,0,0,0,0,0,0,0,0,0,0,0,0,0,0,0,0,0,0,0,0,0,0,0,0,0,0,0,0,0,0,0,0,0,0,0,0,0,0,0,0,0,0,0,0,0,0,0,0,0,0,0,0,0,0,0,0,0,0,0,0,0,0,0,0,0,0,0,0,0,0,0,0,0,0,0,0,0,0,0,0,0,0,0,0,0,0,0,0,0,0,0,0,0,0,0,0,1,1,0,0,28,93,0,2,0,0,0,0,0,0,0,0,0,0,0,0,0,0,0,0,30,29,0,0,0,0,0,0,42,59,0,2,0,0,0,0,0,0,0,0,0,0,0,0,0,3,0,186,207,188,71,0,0,0,2,193,212,133,0,0,0,0,0,0,0,0,0,0,0,0,0,0,1,0,0,181,200,195,214,237,245,239,228,207,211,141,0,0,0,0,0,0,0,0,0,0,0,0,0,0,3,0,0,233,185,199,211,211,217,219,221,201,208,158,0,0,0,0,0,0,0,0,0,0,0,0,0,0,1,0,42,228,168,216,211,216,221,216,217,202,205,197,0,0,0,0,0,0,0,0,0,0,0,0,0,0,0,0,133,209,192,221,218,216,218,225,218,194,202,219,0,0,0,0,0,0,0,0,0,0,1,0,0,2,0,28,197,198,213,210,215,218,216,222,217,202,196,245,29,0,0,0,0,0,0,0,0,0,0,0,3,0,0,172,188,197,214,213,216,216,216,222,217,198,186,208,86,0,0,0,0,0,0,0,0,0,2,2,0,5,174,179,160,214,217,214,215,212,210,227,215,168,187,208,180,0,0,0,0,0,0,0,2,4,0,0,16,188,112,86,165,208,228,210,219,221,235,251,172,130,181,200,225,21,1,0,5,5,6,6,0,0,0,88,173,166,84,142,125,149,228,224,208,194,165,116,106,138,179,197,226,85,2,0,0,0,0,0,0,59,160,174,105,67,104,141,105,95,123,129,129,165,172,189,214,214,213,195,229,78,0,0,34,87,140,160,195,234,176,144,104,100,157,186,191,170,202,214,219,214,209,194,189,185,190,192,231,20,0,118,135,123,95,95,116,100,75,53,111,162,205,213,209,202,196,189,192,194,197,209,220,219,219,208,229,0,124,236,199,195,181,166,164,167,173,199,235,214,210,201,193,210,214,247,160,203,222,217,216,217,215,210,186,0,22,123,150,171,195,204,255,255,224,226,219,215,233,239,215,159,68,0,0,221,231,212,254,253,205,203,192,0,0,0,0,0,4,24,45,84,106,116,115,95,73,11,0,0,0,0,0,36,33,18,5,0,0,0,0,0,0,0,0,0,0,0,0,0,0,0,0,0,0,0,0,0,0,0,0,0,0,0,0,0,0,0,0,0,0,0,0,0,0,0,0,0,0,0,0,0,0,0,0,0,0,0,0,0,0,0,0,0,0,0,0,0,0,0,0,0,0,0,0,0,0,0,0,0,0,0,0,0,0,0,0,0,0,0,0,0,0,0,0,0,0,0,0,0,0,0,0,0,0,0,0,0,0,0,0,0,0,0,0,0,0,0,0,0,0,0,0,0,0,0,0,0,0,0,0,0,0,0,0,0,0,0,0,0,0,0,0,0,0,0,0,0,0,0,0,0,6
0,0,0,0,0,0,0,0,0,0,0,0,0,0,0,0,0,0,0,0,0,0,0,0,0,0,0,0,0,0,0,0,0,0,0,0,0,0,0,0,0,0,0,0,0,0,0,0,0,0,0,0,0,0,0,0,0,0,0,0,0,0,0,0,0,0,0,0,0,0,0,0,0,0,0,0,0,0,0,0,0,0,0,0,0,0,0,0,0,0,0,0,0,0,0,0,0,0,0,0,0,0,0,0,0,0,0,0,0,0,0,0,0,0,0,0,0,0,0,0,0,0,0,0,0,0,0,0,0,0,0,0,0,0,0,0,0,0,0,0,0,0,0,0,0,0,0,0,0,0,0,0,0,0,0,0,0,0,0,0,0,0,0,0,0,0,0,0,0,0,0,0,0,0,0,0,0,0,0,0,0,0,0,0,0,61,24,0,0,3,0,0,0,0,0,0,0,0,0,0,0,0,0,0,0,0,0,0,0,0,7,0,17,172,188,106,0,0,1,0,3,5,4,0,0,0,0,0,0,0,0,0,0,0,0,0,0,3,0,0,177,189,188,219,202,5,0,0,0,0,0,0,0,0,0,0,0,0,0,0,0,0,0,0,1,0,0,150,184,182,193,197,208,171,150,84,70,82,78,0,0,0,0,0,0,0,0,0,0,0,0,0,1,0,47,223,166,198,194,208,203,209,225,210,203,212,228,0,0,0,0,0,0,0,0,0,0,0,0,3,0,0,168,191,164,160,239,191,219,213,183,184,179,191,165,0,0,0,0,0,0,1,0,0,1,1,3,0,0,129,209,159,116,100,200,243,235,213,177,189,200,208,221,1,0,0,0,0,0,0,0,0,0,4,0,0,98,212,182,189,213,184,66,142,94,163,234,211,228,201,235,30,0,0,0,0,0,0,0,0,5,0,0,111,214,173,175,192,185,251,211,116,222,161,95,212,205,193,218,0,0,0,0,3,5,4,2,0,0,0,127,156,135,187,182,199,197,234,172,126,227,173,181,141,206,202,229,36,3,0,0,0,0,0,0,0,33,174,172,52,151,180,204,206,201,200,216,203,136,186,175,105,192,192,220,87,2,0,0,24,48,73,117,173,177,86,13,119,162,160,183,173,194,191,172,186,202,161,147,53,205,202,213,112,0,44,132,142,160,152,118,56,4,0,32,94,117,135,148,192,210,200,207,205,196,241,189,70,181,210,208,108,23,174,178,160,154,144,117,68,105,146,165,201,209,217,211,210,189,181,172,175,176,222,144,152,215,169,216,109,29,165,207,209,196,191,188,196,195,202,202,205,193,185,183,192,206,212,253,218,216,200,162,164,225,216,207,131,0,0,32,124,194,187,205,209,206,209,215,218,219,255,255,251,220,179,85,179,255,237,247,255,249,226,245,169,0,0,0,0,0,0,27,64,100,122,109,81,64,38,0,0,0,0,0,11,130,86,108,92,93,73,72,18,0,0,0,0,0,0,0,0,0,0,0,0,0,0,0,0,0,0,0,0,0,0,0,0,0,0,0,0,0,0,0,0,0,0,0,0,0,0,0,0,0,0,0,0,0,0,0,0,0,0,0,0,0,0,0,0,0,0,0,0,0,0,0,0,0,0,0,0,0,0,0,0,0,0,0,0,0,0,0,0,0,0,0,0,0,0,0,0,0,0,0,0,0,0,0,0,0,0,0,0,0,0,0,0,0,0,0,0,0,0,0,0,0,0,0,0,0,0,0,0,0,0,0,0,0,0,0,0,0,0,0,0,0,0,0,0,0,0,0,0,6
0,0,0,0,0,0,0,0,0,0,0,0,0,0,0,0,0,0,0,0,0,0,0,0,0,0,0,0,0,0,0,0,0,0,0,0,0,0,0,0,0,0,0,0,0,0,0,0,0,0,0,0,0,0,0,0,0,0,0,0,0,0,0,0,0,1,1,0,0,0,0,0,0,0,0,30,24,20,0,58,84,0,0,0,0,0,0,0,0,0,0,0,0,1,0,0,10,27,68,181,147,165,190,171,139,152,210,171,201,153,0,0,0,0,0,0,0,0,0,0,0,4,0,91,197,150,159,144,152,193,214,181,219,192,166,192,168,190,13,0,0,0,0,0,0,0,0,0,3,0,9,152,151,121,141,182,208,200,218,185,188,203,126,136,161,123,13,0,0,0,0,0,0,0,0,0,3,0,20,125,133,129,147,217,182,158,145,255,249,197,217,132,229,182,39,0,0,0,0,0,0,0,0,0,3,0,0,141,150,59,190,191,224,239,184,255,248,237,193,170,50,166,101,0,0,0,0,0,0,0,0,0,3,0,11,182,106,101,249,200,201,224,154,175,246,240,220,208,154,33,175,3,0,0,0,0,0,0,0,0,3,0,44,213,96,191,224,200,205,234,193,144,248,225,255,223,239,110,185,107,0,0,0,0,0,0,0,0,3,0,63,158,80,230,192,241,182,217,196,148,240,245,232,250,248,87,180,73,0,0,0,0,0,0,0,0,3,0,96,142,156,215,197,255,212,148,184,246,243,239,240,240,240,227,136,0,0,0,0,0,0,0,0,0,0,0,68,144,172,197,245,225,249,255,218,216,236,239,241,247,241,248,255,6,0,0,0,0,0,0,0,0,1,0,15,118,207,248,239,228,221,228,192,205,236,236,245,244,244,232,242,88,0,0,0,0,0,0,0,0,0,14,236,198,179,234,235,217,227,237,213,214,233,227,236,235,241,230,240,123,0,0,0,0,0,0,0,0,0,177,231,231,254,239,229,235,226,228,230,222,224,230,227,228,236,227,255,124,1,0,0,0,0,3,0,0,118,232,210,221,228,236,226,230,237,216,220,219,224,232,227,229,234,223,255,93,0,7,4,7,7,0,0,109,230,210,215,220,224,226,227,226,230,231,231,219,225,230,232,234,234,222,255,57,0,0,0,0,0,2,170,229,209,214,215,218,221,220,223,226,226,225,237,218,225,240,231,232,227,224,255,23,0,22,86,98,144,241,223,209,216,219,220,221,221,218,221,225,225,224,230,219,225,230,230,240,234,238,255,0,90,211,217,221,223,210,211,220,215,221,222,222,218,221,220,219,224,227,238,231,241,248,245,233,209,203,188,0,220,229,206,206,203,213,214,208,218,216,218,218,215,220,224,235,244,246,240,220,199,183,178,171,171,195,194,0,178,200,218,222,228,230,224,220,222,225,225,233,243,242,238,219,202,180,176,184,196,209,212,217,214,216,195,0,178,190,167,182,184,194,205,214,219,220,214,200,185,176,183,181,203,208,214,216,216,208,208,211,203,215,170,0,101,255,227,211,203,190,172,170,163,161,168,179,190,204,209,211,200,208,198,204,202,208,206,211,197,215,144,0,0,1,75,161,240,254,255,248,244,240,237,237,237,236,246,237,251,245,255,232,255,229,255,220,219,234,127,0,0,0,0,0,0,40,72,130,159,159,181,144,173,108,146,61,133,45,128,9,131,16,108,0,95,85,14,0,0,0,0,0,0,0,0,0,0,0,0,0,0,0,0,0,0,0,0,0,0,0,0,0,0,0,0,0,6
0,0,0,0,0,0,0,0,0,0,0,0,0,0,0,0,0,0,0,0,0,0,0,0,0,0,0,0,0,0,0,0,0,0,0,0,0,0,0,0,0,0,0,0,0,0,0,0,0,0,0,0,0,0,0,0,0,0,0,0,0,0,0,0,0,0,0,0,0,0,0,0,0,0,0,0,0,0,0,0,0,0,0,0,0,0,0,0,0,0,0,0,0,0,0,0,0,0,0,0,0,0,0,0,0,0,0,0,0,0,0,0,0,0,0,0,0,0,0,0,0,0,0,0,0,0,0,0,0,0,0,0,0,0,0,0,0,0,0,0,0,0,0,0,0,0,0,0,0,0,0,0,2,0,1,1,1,2,4,3,3,2,0,0,0,41,111,0,0,0,0,0,0,0,0,0,0,0,0,0,0,0,1,0,0,0,0,0,0,0,0,1,44,125,57,0,0,0,0,0,0,0,0,0,0,0,0,0,0,2,0,13,84,26,0,26,48,62,108,155,137,28,0,2,0,0,0,0,0,0,0,0,0,0,0,0,0,2,0,46,117,120,207,230,235,235,140,126,136,19,0,2,0,0,0,0,0,0,0,0,0,1,0,0,0,3,0,74,87,121,225,219,217,230,157,127,178,19,0,2,0,0,0,0,0,0,0,0,0,0,0,0,0,0,2,116,87,136,227,219,227,236,166,107,161,38,0,2,0,0,0,0,0,0,0,0,0,0,0,0,2,0,47,123,72,184,228,218,217,249,182,94,149,86,0,0,0,0,0,0,0,0,0,0,1,1,0,2,0,3,102,105,77,208,228,218,222,243,207,103,144,131,0,0,0,0,0,0,0,0,0,0,0,0,1,0,0,72,109,89,115,238,210,220,223,223,237,114,121,160,43,0,0,0,0,1,1,0,0,0,1,2,0,0,48,119,110,89,158,221,212,219,213,210,223,125,100,130,115,0,0,0,1,0,0,0,1,2,1,0,0,54,104,103,116,94,198,229,219,227,225,231,255,117,92,95,129,23,2,0,2,2,1,0,0,0,0,4,62,107,94,115,124,99,153,232,228,206,189,192,110,89,106,99,115,52,2,0,0,0,0,0,2,27,63,93,98,93,106,119,114,119,109,98,107,105,79,95,102,111,138,127,116,56,0,0,17,49,64,73,94,97,97,90,90,111,115,111,123,117,133,145,143,155,133,138,126,107,114,83,109,37,1,73,128,110,107,102,96,87,92,104,117,115,124,121,134,133,131,133,109,126,131,135,141,143,157,165,228,69,36,111,94,97,87,96,100,106,117,117,113,111,127,134,111,105,138,175,200,251,209,206,212,216,215,204,202,39,103,192,168,150,130,109,69,83,90,85,84,77,85,108,157,204,209,208,128,3,105,220,205,208,204,192,194,25,0,42,111,161,187,195,197,230,200,191,194,197,195,215,252,129,6,0,0,0,90,238,216,218,213,210,249,19,0,0,0,0,0,4,48,82,116,154,169,167,131,67,0,0,0,1,1,0,37,158,108,95,66,59,37,0,0,0,0,0,0,0,0,0,0,0,0,0,0,0,0,0,0,0,0,0,0,0,0,0,0,0,0,0,0,0,0,0,0,0,0,0,0,0,0,0,0,0,0,0,0,0,0,0,0,0,0,0,0,0,0,0,0,0,0,0,0,0,0,0,0,0,0,0,0,0,0,0,0,0,0,0,0,0,0,0,0,0,0,0,0,0,0,0,0,0,0,0,0,0,0,0,0,0,0,0,0,0,0,0,0,0,0,0,0,0,0,0,6
0,0,0,0,0,0,0,0,0,0,0,0,0,0,0,0,0,0,0,0,0,0,0,0,0,0,0,0,0,0,0,0,0,0,0,0,0,0,0,0,0,0,0,0,0,0,0,0,0,0,0,0,0,0,0,0,0,0,0,0,0,0,0,0,0,0,0,0,0,0,0,0,0,0,0,0,0,0,0,0,0,0,0,0,0,0,0,0,0,0,0,0,0,0,0,0,0,0,0,0,0,0,0,0,0,0,0,0,0,0,0,0,0,0,0,0,0,0,0,0,0,0,0,0,0,1,0,28,146,13,0,4,0,0,2,7,0,47,4,0,0,0,0,0,0,0,0,0,0,0,0,0,0,0,0,91,123,89,0,4,0,0,2,0,58,146,114,0,0,0,0,0,0,0,0,0,0,0,0,0,0,1,0,141,123,0,0,4,4,4,9,0,107,116,104,0,0,0,0,0,0,0,0,0,0,0,0,0,0,0,0,138,92,0,0,0,0,0,0,0,102,179,0,0,0,0,0,0,0,0,0,0,0,0,0,0,1,0,12,158,182,140,101,111,100,78,73,160,227,90,0,1,0,0,0,0,0,0,0,0,0,0,0,0,3,0,60,175,180,241,240,241,250,249,236,196,203,57,0,1,0,0,0,0,0,0,0,0,0,0,0,0,0,0,131,174,190,227,214,214,220,227,219,179,197,15,0,2,0,0,0,0,0,0,0,0,0,0,0,1,0,0,185,164,205,239,213,226,228,240,226,179,234,16,0,2,0,0,0,0,0,0,0,0,0,0,0,2,0,24,192,158,230,226,217,224,224,241,228,165,237,61,0,1,1,0,0,1,2,0,1,0,1,0,1,0,0,117,174,160,244,225,222,229,229,241,229,169,198,122,0,0,0,0,0,0,0,0,4,3,0,0,0,0,100,175,156,190,241,223,223,226,229,247,218,158,202,183,0,0,1,0,2,1,0,0,0,0,0,0,45,149,161,111,117,214,240,218,233,229,233,249,211,172,198,204,0,0,1,0,0,0,0,0,12,93,117,137,182,117,50,91,143,231,238,226,227,226,233,244,208,185,197,186,18,0,0,0,61,132,142,168,162,156,173,141,89,151,160,172,209,201,225,240,240,246,254,231,181,160,193,196,73,0,0,20,157,115,94,178,173,113,74,0,68,164,156,193,216,206,196,200,197,184,168,150,184,198,195,192,135,0,0,89,185,134,39,145,184,181,80,109,180,171,150,167,203,222,223,214,209,207,212,218,246,215,192,193,138,0,16,96,180,211,234,234,207,203,205,208,228,209,217,217,226,218,194,197,212,218,229,230,220,223,215,201,153,0,27,91,101,132,174,217,233,238,235,226,230,234,228,230,226,224,216,215,219,222,225,208,196,181,138,118,117,63,0,3,59,93,102,103,108,150,176,201,202,206,197,192,179,174,172,158,142,129,119,107,100,106,122,126,118,60,2,0,0,1,36,73,93,92,97,109,122,122,116,114,102,86,86,94,127,131,139,131,120,115,87,40,14,0,2,2,0,0,0,0,0,2,13,16,17,17,17,12,5,1,0,0,38,25,17,6,1,0,0,0,0,0,0,0,0,0,0,0,0,0,0,0,0,0,0,0,0,0,0,0,0,0,0,0,0,0,0,0,0,0,0,0,0,0,0,0,0,0,0,0,0,0,0,0,0,0,0,0,0,0,0,0,0,0,0,0,0,0,0,0,0,0,0,0,0,0,0,0,0,0,0,0,0,0,0,0,0,0,0,0,0,0,0,0,0,0,6
0,0,0,0,0,0,0,0,0,0,0,0,0,0,0,0,0,0,0,0,0,0,0,0,0,0,0,0,0,0,0,0,0,0,0,0,0,0,0,0,0,0,0,0,0,0,0,0,0,0,0,0,0,0,0,0,0,0,0,0,0,0,0,0,0,0,0,0,0,0,0,0,0,0,0,0,0,0,0,0,0,0,0,0,0,0,0,0,0,0,0,0,0,0,0,0,0,0,0,0,0,0,0,0,0,0,0,0,0,0,0,0,0,0,0,0,0,0,0,0,0,0,0,0,0,0,0,0,0,0,0,0,0,0,0,0,0,0,0,0,0,0,0,0,0,0,0,0,0,0,0,0,0,0,0,0,0,0,0,0,0,0,0,0,0,0,0,0,0,0,0,0,0,0,0,0,0,0,0,0,0,0,0,0,0,0,0,0,0,0,0,0,0,0,0,0,0,0,0,0,0,0,0,0,0,0,0,0,0,0,0,0,0,0,2,2,3,3,0,0,0,30,56,0,0,0,0,0,0,0,0,0,0,0,0,0,1,0,0,101,32,0,0,0,0,0,0,4,0,129,125,0,0,0,0,0,0,0,0,0,0,0,0,0,6,0,35,221,202,134,111,106,89,84,70,158,194,216,24,0,0,0,0,0,0,0,0,0,0,0,0,3,0,0,173,221,212,222,240,239,240,243,223,218,220,220,16,0,0,0,0,0,0,0,0,0,0,0,1,0,0,93,216,219,219,217,210,215,215,214,218,222,213,227,27,0,0,0,0,0,0,0,0,0,0,2,0,0,85,210,218,219,229,217,220,225,224,219,219,218,213,222,80,0,0,0,0,0,0,0,0,1,5,0,0,108,188,197,220,220,226,219,220,215,220,218,221,221,219,215,182,0,0,0,2,4,6,6,8,0,0,0,147,158,80,217,216,219,222,217,221,223,218,213,217,232,210,213,233,0,2,2,0,0,0,0,0,0,52,216,191,58,217,224,193,210,223,217,219,214,218,231,228,205,173,197,252,22,0,0,0,11,15,38,72,151,223,83,83,247,219,194,196,206,214,215,213,219,219,185,155,144,167,201,221,71,0,131,178,191,192,190,191,192,167,151,201,209,198,191,206,204,193,195,200,198,175,184,201,215,218,211,222,84,126,230,146,135,153,183,192,189,206,218,208,199,208,205,206,215,215,212,213,209,201,232,225,220,229,205,236,47,48,197,218,192,164,169,187,203,206,206,207,209,214,216,215,213,214,217,218,248,205,199,196,188,199,195,211,42,0,0,94,202,255,224,228,253,240,245,248,255,254,245,235,206,163,125,73,56,237,232,215,225,238,221,255,69,0,0,0,0,0,31,80,119,155,160,146,117,79,48,0,0,0,0,0,0,113,157,137,141,134,111,75,0,0,0,0,0,0,0,0,0,0,0,0,0,0,0,0,0,0,0,0,0,0,0,0,0,0,0,0,0,0,0,0,0,0,0,0,0,0,0,0,0,0,0,0,0,0,0,0,0,0,0,0,0,0,0,0,0,0,0,0,0,0,0,0,0,0,0,0,0,0,0,0,0,0,0,0,0,0,0,0,0,0,0,0,0,0,0,0,0,0,0,0,0,0,0,0,0,0,0,0,0,0,0,0,0,0,0,0,0,0,0,0,0,0,0,0,0,0,0,0,0,0,0,0,0,0,0,0,0,0,0,0,0,0,0,0,0,0,0,0,0,0,0,0,0,0,0,0,0,0,0,0,0,0,0,0,0,0,0,0,0,0,0,0,0,0,0,0,0,6
0,0,0,0,0,0,0,0,0,0,0,0,0,0,0,0,0,0,0,0,0,0,0,0,0,0,0,0,0,0,0,0,0,0,0,0,0,0,0,0,0,0,0,0,0,0,0,0,0,0,0,0,0,0,0,0,0,0,0,0,0,0,0,0,0,0,0,0,0,0,0,0,0,0,0,0,0,0,0,0,0,0,0,0,0,0,0,0,0,0,0,0,0,0,0,0,0,0,0,0,0,0,0,0,0,0,0,0,0,0,0,0,0,0,0,0,0,0,0,0,0,0,0,0,0,0,0,0,0,10,17,0,0,0,0,0,0,0,0,0,0,0,0,0,0,0,0,0,0,0,0,0,0,0,0,0,73,117,149,224,124,105,70,35,7,0,0,0,0,0,0,0,0,0,0,0,0,0,0,0,0,0,0,31,173,126,145,254,201,194,190,173,149,122,86,0,0,0,0,0,0,0,0,0,0,1,0,0,1,0,0,86,187,106,169,251,222,203,190,176,165,170,161,0,0,0,0,0,0,0,0,0,0,0,0,2,2,0,38,130,164,127,151,252,214,189,179,171,168,171,124,0,0,0,0,0,0,0,0,0,0,0,1,1,0,0,143,170,148,119,127,202,235,223,211,206,186,183,119,0,0,0,0,0,0,0,0,0,0,2,0,1,0,57,103,98,129,128,137,107,132,152,178,171,168,180,101,0,0,0,0,0,0,0,0,0,0,0,2,0,0,95,180,161,115,141,128,141,130,136,169,159,149,145,36,0,0,0,0,0,0,2,2,0,1,4,0,0,79,137,137,120,131,147,143,139,142,147,143,137,139,150,69,0,0,0,0,0,0,1,0,0,3,0,0,70,104,123,127,112,130,141,145,150,152,152,139,145,149,154,98,0,0,1,2,2,2,1,2,0,0,0,35,100,128,125,107,129,127,149,147,138,142,154,157,150,140,151,108,0,0,0,0,0,0,0,0,0,21,60,101,134,100,111,122,137,146,158,154,148,156,170,140,136,127,136,124,0,0,3,47,65,67,37,30,65,92,90,109,123,122,114,122,142,153,149,150,147,146,141,132,140,136,129,146,12,0,61,95,67,73,76,82,91,90,87,108,118,127,131,139,136,139,135,131,131,142,125,136,139,153,139,153,20,0,111,111,82,75,76,84,90,89,85,107,125,124,119,129,126,130,134,130,126,134,132,152,151,152,143,160,18,14,46,106,152,143,130,116,104,94,86,89,87,97,116,136,150,160,153,158,168,165,156,164,162,154,146,140,0,85,127,74,65,68,108,149,152,151,138,147,146,158,174,151,134,109,100,97,89,97,93,89,81,80,69,92,12,0,80,139,152,128,102,54,48,59,75,89,95,76,64,90,114,143,158,156,140,134,146,151,154,156,151,193,80,0,0,0,30,104,174,201,193,167,139,130,125,161,195,141,112,62,40,31,205,183,198,203,201,175,173,179,73,2,1,0,0,0,0,0,24,49,100,94,136,80,57,0,0,0,0,0,107,90,94,76,115,106,83,96,7,0,0,0,0,0,0,0,0,0,0,0,0,0,0,0,0,0,0,0,0,0,0,0,0,0,0,0,0,0,0,0,0,0,0,0,0,0,0,0,0,0,0,0,0,0,0,0,0,0,0,0,0,0,0,0,0,0,0,0,0,0,0,0,0,0,0,0,0,0,0,0,0,0,0,0,0,0,0,0,0,0,0,0,0,0,0,0,0,0,0,0,0,0,0,0,0,0,0,0,0,0,0,0,0,0,0,0,0,0,0,0,0,6
0,0,0,0,0,0,0,0,0,0,0,0,0,0,0,0,0,0,0,0,0,0,0,0,0,0,0,0,0,0,0,0,0,0,0,0,0,0,0,0,0,0,0,0,0,0,0,0,0,0,0,0,0,0,0,0,0,0,0,0,0,0,0,0,0,0,0,0,0,0,0,0,0,0,0,0,0,0,0,0,0,0,0,0,0,0,0,0,0,0,0,0,0,0,0,0,0,0,0,0,0,0,0,0,0,0,0,0,0,0,0,0,0,0,0,0,0,0,0,0,0,0,0,0,0,0,0,0,0,0,0,0,0,0,0,0,0,0,0,0,0,0,0,0,0,0,0,0,0,0,0,0,0,0,0,0,0,0,0,0,0,0,0,0,0,0,0,0,0,0,0,0,0,0,0,0,0,0,0,0,0,0,0,88,189,173,125,0,0,0,0,2,60,10,0,0,0,0,0,0,0,0,0,0,0,0,0,0,1,0,39,229,212,228,238,248,255,255,252,207,208,241,0,0,0,0,0,0,0,0,0,0,0,0,0,0,0,0,164,206,214,222,202,218,216,214,215,212,225,204,0,0,0,0,0,0,0,0,0,0,0,0,0,4,0,32,218,195,217,224,217,211,209,217,214,216,220,220,9,0,0,0,0,0,0,0,0,0,0,0,0,0,0,183,205,208,224,212,214,220,219,216,212,219,212,233,66,0,0,0,0,0,2,0,0,0,0,3,0,0,136,221,193,207,195,219,214,209,211,215,215,222,202,224,169,0,0,0,0,0,1,0,0,0,1,0,0,124,221,184,208,201,197,217,214,210,213,215,218,212,211,217,236,0,0,0,0,0,0,5,2,0,0,0,150,237,199,207,214,204,202,213,210,213,214,213,215,217,212,208,254,58,0,1,4,0,1,0,0,0,44,197,225,195,201,194,199,202,208,213,208,214,210,213,212,218,218,200,250,105,0,0,0,0,0,7,88,177,223,195,186,199,196,194,200,204,208,207,208,210,205,214,220,217,217,209,243,125,0,0,24,117,162,208,233,196,179,189,196,197,205,203,209,205,201,198,209,206,211,220,215,208,207,199,247,95,12,172,199,198,192,190,187,184,195,203,199,203,202,212,208,212,213,207,214,203,214,213,209,200,206,229,255,25,140,232,174,183,200,205,209,205,205,205,206,210,212,213,211,200,209,220,234,240,232,224,220,216,211,215,197,0,28,170,218,213,206,199,193,194,195,202,204,206,209,212,224,233,255,255,218,137,207,198,191,188,182,187,165,0,0,0,31,139,216,255,225,220,220,220,214,221,229,231,224,147,53,0,0,0,200,200,191,184,186,192,191,0,0,0,0,0,0,5,72,149,195,212,229,198,156,44,0,0,0,0,0,0,241,255,243,242,245,200,192,0,0,1,1,0,0,0,0,0,0,0,0,0,0,0,0,2,0,5,0,0,26,24,19,17,25,17,0,0,0,0,0,0,0,0,0,0,0,0,0,0,0,0,0,0,0,0,0,0,0,0,0,0,0,0,0,0,0,0,0,0,0,0,0,0,0,0,0,0,0,0,0,0,0,0,0,0,0,0,0,0,0,0,0,0,0,0,0,0,0,0,0,0,0,0,0,0,0,0,0,0,0,0,0,0,0,0,0,0,0,0,0,0,0,0,0,0,0,0,0,0,0,0,0,0,0,0,0,0,0,0,0,0,0,0,0,0,0,0,0,0,0,0,0,0,0,0,0,0,0,0,0,0,0,0,0,0,0,0,0,0,0,0,0,0,0,0,0,0,6
0,0,0,0,0,0,0,0,0,0,0,0,0,0,0,0,0,0,0,0,0,0,0,0,0,0,0,0,0,0,0,0,0,0,0,0,0,0,0,0,0,0,0,0,0,0,0,0,0,0,0,0,0,0,0,0,0,0,0,0,0,0,0,0,0,0,0,0,0,0,0,0,0,0,0,0,0,0,0,0,0,0,0,0,0,0,0,0,0,0,0,0,0,0,0,0,0,3,0,0,0,0,0,0,0,0,0,0,0,1,39,0,0,0,0,0,0,0,0,0,0,0,0,0,0,8,0,84,177,98,64,28,22,39,0,0,0,40,255,0,0,0,0,0,0,0,0,0,0,0,0,0,0,7,0,117,218,193,231,226,230,238,97,155,190,171,104,0,0,0,0,0,0,0,0,0,0,0,0,0,1,0,0,192,208,182,214,212,216,228,184,221,220,217,28,0,0,0,0,0,0,0,0,0,0,0,0,0,3,0,0,197,194,218,221,222,230,226,177,216,203,184,2,0,0,0,0,0,0,0,0,0,0,0,0,0,3,0,0,196,173,199,217,206,220,200,157,218,206,193,1,0,0,0,0,0,0,0,0,0,0,0,0,0,1,0,55,205,207,247,239,240,227,212,218,224,209,225,48,0,0,0,0,0,0,0,0,0,0,0,0,2,0,27,132,194,188,221,214,233,225,221,233,211,206,195,0,0,0,0,0,0,0,0,0,0,0,0,0,7,0,9,246,210,198,190,210,207,207,205,212,212,219,212,0,0,0,0,0,0,0,0,0,0,0,0,0,0,0,87,190,183,207,206,221,214,208,225,206,232,191,191,22,0,0,0,0,0,0,0,0,0,0,0,0,3,63,223,189,188,214,213,236,218,240,191,181,169,147,201,52,0,0,0,0,0,0,0,0,0,1,4,0,198,211,161,197,199,194,219,229,234,186,167,203,153,205,225,91,0,0,0,3,4,3,2,2,3,3,0,40,186,176,197,199,195,211,228,215,205,193,180,255,146,193,207,157,0,0,0,0,0,0,0,0,0,0,0,165,192,201,192,196,197,210,212,206,178,234,165,138,172,194,201,200,0,0,0,25,47,0,0,0,22,55,164,187,183,179,192,196,196,191,178,192,218,228,254,204,213,183,193,201,24,0,93,164,180,233,217,191,198,181,163,183,179,205,197,198,209,219,215,228,229,212,221,209,203,213,209,206,62,0,207,167,92,57,97,141,133,127,149,182,181,172,189,199,213,229,227,225,215,215,217,207,205,213,200,220,53,159,196,230,232,187,149,151,163,169,172,167,177,193,218,218,207,196,189,186,190,203,209,209,211,217,203,233,35,151,206,192,197,231,236,225,224,219,213,212,220,218,212,212,205,216,229,231,234,213,221,210,208,216,200,220,78,0,104,199,214,195,194,199,212,219,221,226,220,209,211,215,220,213,211,119,177,201,195,184,177,190,188,198,134,0,0,0,109,206,242,253,220,199,200,193,197,219,247,168,84,6,0,0,157,224,205,234,228,241,209,209,143,2,0,0,0,0,1,68,148,200,212,216,204,180,51,0,0,0,0,0,106,149,103,122,104,71,52,42,0,0,0,0,0,0,0,0,0,0,0,0,0,0,0,0,0,0,0,0,0,0,0,0,0,0,0,0,0,0,0,0,0,0,0,0,0,0,0,0,0,0,0,0,0,0,0,0,0,0,0,0,0,0,0,0,0,0,0,0,0,0,0,0,0,0,0,0,0,0,0,0,0,0,0,0,0,0,0,0,0,0,0,0,0,6
0,0,0,0,0,0,0,0,0,0,0,0,0,0,0,0,0,0,0,0,0,0,0,0,0,0,0,0,0,0,0,0,0,0,0,0,0,0,0,0,0,0,0,0,0,0,0,0,0,0,0,0,0,0,0,0,0,0,0,0,0,0,0,0,0,0,1,0,0,5,40,103,130,141,137,84,84,88,96,57,33,73,15,0,0,0,0,0,0,0,0,0,0,2,1,0,123,188,218,246,231,239,244,240,237,238,246,228,195,211,65,0,0,0,0,0,0,0,0,0,0,1,0,0,160,209,200,202,200,202,220,221,237,223,216,214,200,217,60,0,0,0,0,0,0,0,0,0,0,1,0,0,196,213,205,212,206,217,227,167,182,179,197,217,206,220,42,0,0,0,0,0,0,0,0,0,0,1,0,0,143,218,205,213,208,196,197,194,219,175,158,215,211,205,0,0,0,0,0,0,0,0,0,0,0,0,2,0,88,225,206,206,207,205,212,148,205,168,154,225,219,211,0,0,0,0,0,0,0,0,0,0,0,0,4,0,52,224,203,208,219,218,231,182,195,214,230,222,215,201,0,0,0,0,0,0,0,0,0,0,0,0,3,0,35,213,200,211,218,216,216,230,216,226,212,206,216,182,0,0,0,0,0,0,0,0,0,0,0,0,1,0,15,245,205,221,215,212,215,199,199,214,212,210,221,169,0,0,0,0,0,0,0,0,0,0,0,0,1,0,0,214,205,207,219,219,212,212,204,216,222,210,218,169,0,0,0,0,0,0,0,0,0,0,0,0,0,0,45,215,207,218,217,215,225,210,210,217,209,211,215,217,0,0,0,0,0,0,0,0,0,0,0,2,0,50,236,196,215,243,255,251,231,223,213,218,220,210,205,228,0,0,0,0,0,0,0,0,0,0,0,3,0,105,220,195,226,171,68,182,234,237,206,211,205,203,200,215,73,0,0,0,0,0,0,1,1,3,0,0,40,202,202,206,244,64,141,200,147,158,210,200,203,209,189,206,171,0,0,2,4,8,5,2,0,0,0,85,221,178,191,242,183,53,212,231,205,107,238,203,217,205,203,197,226,0,0,0,0,0,0,0,0,36,161,214,159,180,203,238,186,91,203,250,101,187,232,213,213,206,204,194,239,49,0,0,65,104,121,128,173,212,188,170,198,203,208,201,229,227,168,149,83,241,208,212,211,210,207,197,237,46,0,152,183,151,134,140,161,156,167,185,185,193,196,196,193,218,242,228,231,214,223,222,221,223,220,203,239,61,15,178,194,187,176,146,156,164,179,183,181,182,183,189,205,214,211,219,219,212,205,199,193,190,183,178,212,43,101,183,170,191,201,207,212,212,213,210,218,222,221,223,205,200,208,209,231,203,186,194,190,197,204,194,236,51,8,163,189,187,181,183,187,189,193,197,196,194,194,188,203,234,208,160,92,171,209,202,201,193,192,189,205,54,0,0,30,125,196,184,199,202,204,203,203,202,197,242,129,30,0,0,0,130,226,207,211,209,210,206,202,43,0,0,0,0,0,7,45,73,94,98,104,95,59,27,0,0,0,1,0,52,112,98,78,83,90,87,69,0,0,1,2,0,0,0,0,0,0,0,0,0,0,0,0,1,0,0,0,0,0,0,0,0,0,0,0,0,0,0,0,0,0,0,0,0,0,0,0,0,0,0,0,0,0,0,0,0,0,0,0,0,0,0,0,0,0,0,0,0,0,0,0,0,0,0,0,0,0,0,0,0,0,0,0,0,0,0,0,0,0,0,0,0,6
0,0,0,0,0,0,0,0,0,0,0,0,0,0,0,0,0,0,0,0,0,0,0,0,0,0,0,0,0,0,0,0,0,0,0,0,0,0,0,0,0,0,0,0,0,0,0,0,0,0,0,0,0,0,0,0,0,0,0,0,0,0,0,0,0,0,0,0,0,0,0,0,0,0,0,0,0,0,0,0,0,0,0,0,0,0,0,0,0,0,0,0,0,0,0,0,0,0,0,0,0,0,0,0,0,0,0,0,0,0,0,0,0,0,0,0,0,0,0,0,0,0,0,0,0,0,2,0,0,190,51,0,3,2,1,2,0,8,42,0,0,0,0,0,0,0,0,0,0,0,0,0,0,0,1,0,51,241,59,0,0,0,0,0,0,22,241,0,0,0,0,0,0,0,0,0,0,0,0,0,0,0,3,0,77,217,145,88,141,145,133,114,87,116,146,0,0,0,0,0,0,0,0,0,0,0,0,0,0,0,2,0,54,220,215,255,255,255,242,240,234,233,52,0,0,0,0,0,0,0,0,0,0,0,0,0,0,0,3,0,76,230,209,200,205,211,209,221,210,209,25,0,0,0,0,0,0,0,0,0,0,0,0,0,0,0,2,0,114,255,211,220,220,219,218,233,217,243,31,0,0,0,0,0,0,0,0,0,0,0,0,0,0,1,0,0,170,243,212,216,218,218,221,227,209,236,34,0,0,0,0,0,0,0,0,0,0,0,0,0,0,1,0,0,210,227,209,211,214,217,223,221,206,240,63,0,0,0,0,0,0,0,0,0,0,1,0,0,0,4,0,63,233,210,212,218,221,224,229,223,204,232,146,0,0,0,0,0,0,0,0,0,0,0,0,0,0,0,0,189,195,202,212,209,223,227,222,219,206,219,214,0,0,0,0,0,0,0,0,0,0,0,0,0,0,0,133,178,141,202,212,210,224,227,224,224,214,205,235,2,0,0,0,0,0,0,0,0,0,0,1,0,0,91,182,88,157,205,209,215,215,222,223,208,203,200,241,51,1,1,1,0,1,1,1,2,1,0,0,0,90,193,89,126,191,211,205,211,209,209,194,194,207,196,238,82,0,0,0,3,0,0,0,0,0,0,7,138,197,64,131,212,201,228,237,228,233,228,235,243,233,208,229,100,0,0,0,0,0,0,0,0,13,107,187,120,79,129,198,199,219,226,234,222,210,207,209,217,207,202,242,86,0,127,145,77,66,73,119,172,194,191,123,0,26,147,174,213,231,215,197,185,187,187,182,174,175,190,254,33,0,199,243,213,196,171,101,52,60,71,79,83,91,135,188,195,196,212,210,190,197,189,189,196,202,214,183,0,128,236,218,222,221,227,227,212,179,151,132,155,178,188,200,230,255,199,168,199,177,183,189,184,172,236,76,0,0,89,187,207,221,232,226,229,230,227,223,226,222,226,233,201,56,0,53,226,174,185,181,184,191,208,0,0,0,0,0,0,39,107,171,201,225,243,239,236,219,174,61,0,0,0,113,255,215,229,224,217,238,134,0,0,0,1,0,0,0,0,0,0,0,0,5,2,0,0,0,0,3,0,1,37,17,7,2,0,0,0,0,0,0,0,0,0,0,0,0,0,0,0,0,0,0,0,0,0,0,0,0,0,0,0,0,0,0,0,0,0,0,0,0,0,0,0,0,0,0,0,0,0,0,0,0,0,0,0,0,0,0,0,0,0,0,0,0,0,0,0,0,0,0,0,0,0,0,0,0,0,0,0,0,0,0,0,0,0,0,0,0,0,0,0,0,0,6
0,0,0,0,0,0,0,0,0,0,0,0,0,0,0,0,0,0,1,1,0,0,0,10,0,0,1,0,0,0,0,0,0,0,0,0,0,0,0,0,0,1,0,0,0,0,1,1,0,0,73,173,92,0,0,0,0,0,0,0,0,0,0,0,0,0,0,0,0,0,0,0,0,0,0,0,0,159,185,229,185,0,0,1,0,0,0,0,0,0,0,0,0,2,0,0,0,14,0,0,0,0,1,62,113,142,167,183,153,0,0,1,0,0,0,0,0,0,0,0,0,1,0,4,0,156,172,123,118,115,173,168,124,187,179,162,187,3,0,1,0,0,0,0,0,0,0,0,0,0,1,0,0,167,213,170,203,200,169,159,164,195,179,185,248,20,0,1,0,0,0,0,0,0,0,0,0,0,1,0,0,125,212,159,167,172,148,165,187,190,191,190,235,14,0,1,0,0,0,0,0,0,0,0,0,1,1,0,0,106,215,154,180,170,163,161,173,200,189,190,231,17,0,0,0,0,0,0,0,0,0,0,0,0,0,2,0,76,253,148,180,170,161,163,176,203,195,192,230,12,0,0,0,0,0,0,0,0,0,0,0,1,0,4,0,59,250,157,185,170,169,169,176,200,192,184,242,26,0,1,0,0,0,0,0,0,0,0,0,1,0,1,0,79,245,152,185,170,168,168,175,202,196,180,255,107,0,0,0,0,1,0,0,0,0,0,0,1,0,3,0,130,225,122,168,165,165,162,172,206,201,187,218,176,0,0,0,0,0,0,0,0,0,0,0,0,0,0,0,235,178,122,178,174,151,161,168,204,202,193,215,214,40,0,0,0,1,0,0,0,1,0,1,6,1,0,145,235,131,139,174,156,126,147,162,209,204,201,214,215,82,0,0,0,1,1,0,0,0,0,0,1,0,122,233,141,111,148,167,142,134,120,158,206,203,207,201,209,142,0,0,1,0,0,0,0,0,0,0,0,73,209,141,70,124,154,158,128,135,107,173,197,198,201,193,189,218,15,0,0,0,1,1,4,2,0,0,85,201,131,71,85,147,165,137,119,156,146,178,201,187,201,191,185,230,24,0,0,1,1,6,1,0,3,126,200,142,92,107,142,167,151,118,162,167,168,165,187,192,200,181,190,253,97,0,0,1,0,0,0,70,164,170,126,98,109,146,134,161,137,135,179,165,162,176,189,187,186,200,228,235,101,0,0,0,12,106,125,111,113,117,122,90,131,152,147,146,151,145,180,173,158,176,186,186,203,219,151,141,89,0,0,42,217,176,89,56,78,76,100,131,142,162,158,131,134,163,172,176,164,163,195,217,198,124,91,173,62,0,0,125,185,89,87,97,87,91,103,128,152,163,168,158,152,147,168,179,179,206,211,175,111,128,164,86,0,0,19,190,193,120,86,145,150,141,145,163,169,157,176,178,156,150,167,192,208,164,137,113,123,101,25,0,0,0,119,208,206,192,131,151,158,147,132,96,112,146,167,185,180,180,202,168,120,112,59,2,3,0,0,0,1,0,71,189,157,181,214,179,183,189,176,165,167,178,196,181,170,148,122,111,114,42,0,0,0,0,3,0,0,0,8,113,143,104,102,124,146,164,162,153,137,137,120,103,108,115,115,69,7,0,1,1,1,1,0,0,0,0,0,1,35,69,100,103,109,108,117,114,111,111,109,109,95,52,14,0,0,2,1,0,0,0,1,1,0,0,0,0,0,0,0,3,20,36,28,23,26,19,10,0,0,0,0,0,2,0,1,0,0,0,0,0,0,6
0,0,0,0,0,0,0,0,0,0,0,0,0,0,0,0,0,0,0,0,0,0,0,0,0,0,0,0,0,0,0,0,0,0,0,0,0,0,0,0,0,0,0,0,0,0,0,0,0,0,0,0,0,0,0,0,0,0,0,0,0,0,0,0,0,0,0,0,0,0,0,0,0,0,0,0,0,0,0,0,0,0,0,0,0,0,0,0,0,0,0,0,0,0,0,0,0,0,0,0,0,0,0,0,0,0,0,0,0,0,0,0,0,0,0,0,0,0,0,0,3,0,6,28,20,58,61,69,71,82,102,119,148,167,157,144,130,129,141,40,0,0,0,0,0,0,0,0,0,0,106,255,211,226,254,254,255,255,248,241,234,233,233,233,220,193,229,47,0,0,0,0,0,1,0,0,0,0,0,210,236,220,225,231,227,220,204,208,216,225,229,227,212,193,169,0,0,0,0,0,0,4,0,78,227,155,69,192,237,232,236,190,173,245,205,204,221,253,249,230,225,226,155,0,0,0,0,0,0,2,0,126,216,214,194,243,236,226,245,182,139,255,227,230,254,207,175,251,231,247,118,0,0,0,0,0,1,0,0,159,209,187,162,252,236,231,244,222,142,253,234,238,246,128,49,214,232,247,81,0,0,0,0,0,4,0,9,185,207,173,201,253,223,232,237,230,143,253,236,237,253,178,118,239,235,253,91,0,0,0,0,0,7,0,42,195,204,160,232,246,231,236,232,226,132,237,226,218,225,231,239,229,215,228,100,0,0,0,0,0,4,0,88,202,196,158,253,226,242,238,236,209,138,195,220,255,230,224,231,236,216,200,122,0,0,0,0,0,4,0,173,216,182,188,230,246,237,238,240,247,252,255,252,255,242,241,241,253,228,199,157,0,0,0,0,1,0,0,1,54,161,186,235,247,227,229,237,227,239,204,168,255,237,238,230,222,223,197,184,0,0,2,0,0,0,0,0,99,128,176,255,223,219,230,217,209,201,191,175,231,208,226,202,177,216,194,201,0,0,0,0,2,37,83,121,132,163,226,250,202,216,227,210,195,192,196,201,200,206,207,199,181,218,191,204,6,0,33,88,132,159,162,165,192,253,251,206,206,225,212,208,205,208,209,212,219,221,222,225,223,215,187,211,5,13,150,145,134,75,172,205,211,217,224,220,224,222,228,235,244,245,245,245,244,243,241,238,241,213,190,208,2,3,155,190,201,151,205,225,227,228,232,239,242,237,236,229,216,210,207,208,209,210,212,215,215,195,189,188,0,116,182,191,205,239,233,231,229,237,234,227,213,192,173,166,161,156,160,159,170,178,179,184,185,187,189,168,0,111,206,220,215,221,225,227,220,213,194,185,183,189,202,208,216,222,226,226,219,204,209,204,208,204,200,203,27,0,43,153,178,230,247,246,254,248,250,255,255,255,225,252,226,204,189,156,192,222,212,251,210,212,210,177,15,0,0,0,0,0,27,25,79,91,65,107,62,50,47,0,0,0,0,0,0,79,51,76,50,45,57,7,0,0,0,0,0,0,0,0,0,0,0,0,0,0,0,0,0,0,0,0,0,0,0,0,0,0,0,0,0,0,0,0,0,0,0,0,0,0,0,0,0,0,0,0,0,0,0,0,0,0,0,0,0,0,0,0,0,0,0,0,0,0,0,0,0,0,0,0,0,0,0,0,0,0,0,0,0,0,0,0,0,0,0,0,0,0,0,0,0,0,0,0,0,0,0,0,0,0,0,0,0,0,0,0,0,0,0,0,0,0,0,0,0,6
0,0,0,0,0,0,0,0,0,0,1,0,0,0,0,0,0,0,0,0,0,0,0,0,0,1,0,0,0,0,0,0,0,0,0,0,0,0,3,0,33,164,155,130,113,217,103,101,183,145,105,126,41,0,2,0,0,0,0,0,0,0,0,0,0,0,3,0,61,200,205,187,56,97,112,76,214,125,128,235,134,0,7,0,0,0,0,0,0,0,0,0,0,1,4,0,113,102,136,117,25,221,208,170,12,189,200,155,71,0,6,0,0,0,0,0,0,0,0,0,0,0,5,0,109,237,18,193,255,167,212,247,158,229,209,147,76,0,0,0,0,0,0,0,0,0,0,0,0,0,3,0,131,194,178,160,246,89,35,142,82,79,201,224,109,0,1,0,0,0,0,0,0,0,0,0,0,0,1,0,68,149,24,247,223,59,111,181,200,148,152,169,64,0,0,0,0,0,0,0,0,0,0,0,0,0,1,0,181,155,166,92,255,255,150,118,212,254,102,134,160,0,0,0,0,0,0,0,0,0,0,0,0,1,0,0,236,191,207,209,139,210,176,98,204,197,48,105,141,0,0,0,0,0,0,0,0,0,0,0,0,2,0,15,85,174,104,216,75,211,255,255,255,255,124,89,217,0,0,0,0,0,0,0,0,0,0,0,0,4,0,30,168,190,60,181,177,112,126,94,51,211,210,52,219,69,0,0,0,0,0,0,0,0,0,0,0,1,0,31,79,236,185,90,221,255,86,179,159,141,255,194,158,185,0,0,0,0,0,0,0,0,0,0,0,6,0,132,127,143,255,245,26,157,122,177,255,183,60,127,133,113,10,0,0,0,0,0,0,0,0,0,0,0,0,171,228,10,154,214,55,253,239,110,132,224,26,170,201,210,75,0,0,0,0,0,0,0,0,0,0,0,0,116,238,47,6,225,188,131,255,173,243,224,34,63,239,204,89,0,0,0,0,0,0,0,0,0,0,0,86,28,5,59,224,185,255,114,216,109,44,81,229,184,36,166,33,0,0,0,0,0,0,0,0,0,0,0,20,205,167,128,251,124,83,39,2,65,25,175,237,213,157,236,54,0,0,0,0,0,0,0,0,2,0,0,205,81,199,149,229,172,29,237,118,248,254,70,203,213,157,206,112,0,0,0,0,0,0,0,0,5,0,88,209,80,52,55,227,201,159,255,139,197,195,122,188,132,221,180,26,0,0,0,0,0,0,0,0,0,0,68,216,126,237,191,92,251,26,190,131,201,165,52,179,209,34,141,62,0,0,4,0,2,2,7,3,0,0,21,153,42,149,255,95,78,127,159,129,125,0,0,14,190,203,121,31,0,0,2,6,1,0,0,0,57,169,249,143,168,4,100,29,52,254,219,24,0,0,0,12,160,226,192,0,0,0,2,0,0,4,103,51,137,66,77,50,255,210,121,160,25,218,10,0,0,0,0,166,130,123,176,5,0,0,0,72,147,82,116,175,128,93,181,47,162,90,183,235,169,33,0,0,5,0,0,210,186,129,163,0,0,0,25,170,165,113,201,174,161,209,215,72,147,188,169,225,121,0,0,0,2,0,23,186,50,180,255,0,0,0,103,119,177,183,236,99,3,95,204,149,211,243,136,122,0,0,4,1,6,0,59,191,120,90,141,0,0,0,0,2,68,69,173,241,157,185,115,116,199,211,194,3,0,4,0,0,2,0,178,181,220,187,12,0,0,0,0,0,0,0,0,0,2,55,90,11,53,11,0,0,1,0,0,1,0,0,91,97,80,78,0,0,0,6
0,0,0,0,0,0,0,0,0,0,0,0,0,0,0,0,0,0,0,0,0,0,0,0,0,0,0,0,0,0,0,0,0,0,0,0,0,0,0,0,0,0,0,0,0,0,0,0,0,0,0,0,0,0,0,0,0,0,0,0,0,0,0,0,0,0,0,0,0,0,0,0,0,0,0,0,0,0,0,0,0,0,0,0,0,0,0,0,0,0,0,0,0,0,0,0,0,0,0,0,0,0,0,0,0,0,0,0,0,0,0,0,0,0,0,0,0,0,0,0,0,0,0,0,0,0,0,0,0,0,0,0,0,0,0,0,0,0,0,0,0,0,0,0,0,0,0,0,0,0,0,0,0,0,0,0,0,0,0,0,0,0,0,0,0,0,0,0,0,0,0,0,0,0,0,0,0,0,0,0,0,0,0,0,0,0,43,0,0,3,1,0,4,3,0,0,0,0,0,0,0,0,0,0,0,0,0,0,0,0,0,2,0,0,219,170,0,0,0,0,0,0,0,0,0,0,0,0,0,0,0,0,0,0,0,0,0,0,4,0,0,155,237,240,59,0,0,0,44,23,0,0,0,0,0,0,0,0,0,0,0,0,0,0,0,0,0,0,206,240,222,225,255,238,237,193,224,136,0,1,0,0,0,0,0,0,0,0,0,0,0,0,0,0,0,124,243,203,223,213,181,218,208,198,198,147,0,0,0,0,0,0,0,0,0,0,0,0,0,0,0,0,41,230,220,216,230,180,195,193,177,178,200,190,0,0,0,0,0,0,0,0,0,0,0,0,0,0,0,23,225,236,221,230,199,201,194,179,204,205,190,212,0,0,0,0,0,0,0,0,1,1,7,0,0,0,75,234,231,209,200,197,210,209,190,196,209,189,189,206,48,0,0,0,0,0,0,0,0,0,0,0,76,235,226,226,168,202,203,187,183,163,173,174,180,177,185,213,123,0,0,0,0,0,1,0,0,1,120,218,221,221,174,151,189,242,227,177,195,194,196,179,182,193,186,198,193,0,0,2,1,0,0,0,106,211,195,184,106,86,153,199,254,165,235,247,207,189,197,193,202,184,199,179,223,9,0,0,0,0,1,112,227,148,137,71,164,192,192,169,195,207,208,199,255,196,181,196,193,202,200,172,231,52,0,5,86,144,181,149,134,150,184,185,159,139,156,176,200,207,209,190,222,233,205,183,183,178,193,173,198,69,0,206,223,209,169,60,77,34,40,60,123,170,205,211,220,236,241,241,197,238,241,219,221,217,202,194,201,86,5,47,83,121,156,190,174,186,223,230,208,186,169,148,132,153,136,140,160,148,156,162,146,138,136,115,106,14,21,45,32,22,18,33,37,43,33,29,31,31,19,20,14,9,3,6,6,4,7,12,12,14,13,15,23,3,0,28,60,66,60,57,54,45,46,50,44,48,54,60,64,68,71,72,71,71,71,70,72,75,79,71,62,16,0,0,0,0,9,25,47,59,57,50,45,39,37,27,23,23,25,25,25,25,25,25,25,28,24,12,6,0,0,0,0,0,0,0,0,0,0,0,0,0,0,0,0,0,0,0,0,0,0,0,0,0,0,0,0,0,0,0,0,0,0,0,0,0,0,0,0,0,0,0,0,0,0,0,0,0,0,0,0,0,0,0,0,0,0,0,0,0,0,0,0,0,0,0,0,0,0,0,0,0,0,0,0,0,0,0,0,0,0,0,0,0,0,0,0,0,0,0,0,0,0,0,0,0,0,0,0,0,0,0,0,0,0,0,0,0,0,0,0,0,6
0,0,0,0,0,0,0,0,0,0,0,0,0,0,0,0,0,0,0,0,0,0,0,0,0,0,0,0,0,0,0,0,0,0,0,0,0,0,0,0,0,0,0,0,0,0,0,0,0,0,0,0,0,0,0,0,0,0,0,0,0,0,0,0,0,0,0,0,0,0,0,0,0,0,0,0,0,0,0,0,0,0,0,0,0,0,0,0,0,0,0,0,0,0,0,0,0,0,0,0,0,0,0,0,0,0,0,0,0,0,0,0,0,0,0,0,0,0,0,0,0,0,0,0,0,0,0,0,0,0,0,0,0,0,0,0,0,0,0,0,0,0,0,0,0,0,0,0,0,0,0,0,0,0,0,0,0,0,0,0,0,0,0,0,0,0,0,0,0,0,0,0,0,0,0,0,0,0,0,0,0,0,0,0,0,0,0,0,0,0,0,0,0,0,0,0,0,0,0,0,0,0,0,0,0,0,0,0,0,0,0,80,169,41,0,0,1,1,0,0,0,2,1,0,0,0,0,0,0,0,0,0,3,1,0,0,0,0,16,229,177,119,5,0,0,0,0,0,0,0,0,1,0,0,0,0,0,0,0,0,0,0,0,0,0,42,183,146,158,144,150,111,39,0,0,0,0,21,0,0,0,0,0,0,0,0,0,0,0,0,0,0,0,178,203,182,167,196,198,194,177,136,56,10,11,153,83,0,0,0,0,0,0,0,0,0,0,3,0,0,206,209,148,150,148,181,179,198,207,200,206,189,162,209,186,0,0,0,0,0,1,1,3,0,8,0,0,177,206,158,110,144,160,169,176,170,189,207,209,209,214,199,218,81,0,0,0,0,1,5,8,0,0,0,125,219,88,104,160,162,181,190,201,213,211,207,206,211,204,207,219,93,0,2,3,1,0,0,0,0,6,108,214,96,132,160,174,196,207,185,188,203,200,206,211,212,203,208,252,20,0,0,0,0,5,57,102,145,153,154,143,111,173,154,158,176,186,177,176,194,204,198,190,190,198,199,253,42,0,19,69,110,145,135,128,124,110,125,147,153,170,176,167,167,182,185,200,197,201,204,201,191,188,196,237,57,81,184,167,156,137,125,106,106,128,166,185,190,189,185,188,194,200,206,207,218,229,236,234,243,229,208,235,6,185,199,192,191,186,192,141,152,212,215,200,205,212,214,227,237,233,227,229,220,205,193,188,173,189,214,244,24,204,206,193,185,178,154,161,197,207,170,193,193,194,214,182,141,123,119,111,107,107,111,118,129,173,203,244,89,54,193,226,206,250,234,227,213,213,224,231,229,230,222,226,233,235,234,235,235,233,230,222,221,226,209,254,116,0,0,0,32,63,101,141,160,175,181,179,185,190,192,192,191,190,192,198,192,188,192,197,196,193,192,206,58,0,0,0,0,0,0,0,0,0,0,0,0,0,0,0,0,0,0,0,0,0,0,0,0,0,0,0,0,0,0,0,0,0,0,0,0,0,0,0,0,0,0,0,0,0,0,0,0,0,0,0,0,0,0,0,0,0,0,0,0,0,0,0,0,0,0,0,0,0,0,0,0,0,0,0,0,0,0,0,0,0,0,0,0,0,0,0,0,0,0,0,0,0,0,0,0,0,0,0,0,0,0,0,0,0,0,0,0,0,0,0,0,0,0,0,0,0,0,0,0,0,0,0,0,0,0,0,0,0,0,0,0,0,0,0,0,0,0,0,0,0,0,0,0,0,0,0,0,0,0,0,0,0,0,0,0,0,0,0,0,0,0,0,0,0,0,0,0,6
0,0,0,0,0,0,0,0,0,0,0,0,0,0,0,0,0,0,0,0,0,0,0,0,0,0,0,0,0,0,0,0,0,0,0,0,0,0,0,0,0,0,0,3,0,0,0,1,1,2,1,1,0,87,112,0,0,0,0,0,0,0,0,0,0,0,0,0,0,0,0,0,58,23,0,0,0,0,0,0,0,85,125,57,0,0,0,0,0,0,0,0,0,0,0,0,0,4,1,0,194,223,126,68,0,0,0,0,0,84,161,4,0,0,0,0,0,0,0,0,0,0,0,0,0,3,0,36,203,205,216,205,199,218,220,219,152,191,65,0,0,0,0,0,0,0,0,0,0,0,0,0,0,0,0,123,197,193,197,205,213,212,204,196,218,191,0,0,0,0,0,0,0,0,0,0,0,0,0,0,4,0,24,235,184,195,204,205,198,206,199,189,214,175,0,0,0,0,0,0,0,0,0,0,0,0,0,0,0,0,112,235,158,180,209,194,203,207,192,191,219,145,0,0,0,0,0,0,0,0,0,0,0,0,0,6,0,122,147,165,160,202,209,213,211,191,190,186,211,180,0,0,0,0,0,0,0,0,0,0,0,0,1,0,0,208,210,203,173,199,203,201,209,199,203,202,207,221,0,0,0,0,0,0,0,0,0,0,0,2,0,0,227,193,173,165,185,208,195,182,191,205,212,208,193,215,45,0,0,0,0,0,0,0,0,0,0,2,0,0,180,202,183,207,190,213,212,197,198,218,215,214,207,225,133,0,0,0,0,0,1,0,0,0,2,0,0,149,204,198,208,197,219,209,207,207,217,212,207,212,195,198,196,0,0,0,0,0,0,0,0,0,5,0,149,255,202,145,173,211,210,206,208,209,208,210,208,202,193,191,240,27,0,0,0,0,0,0,0,0,0,0,26,196,220,224,200,207,206,205,210,214,208,215,208,218,218,195,237,57,0,0,0,1,0,0,0,0,0,0,133,188,165,180,229,224,210,203,214,216,208,205,207,211,201,193,225,74,1,0,0,0,1,0,1,2,0,52,225,186,200,181,181,218,221,211,210,213,216,218,207,215,202,190,228,90,1,0,0,0,0,2,0,0,0,162,193,162,151,179,186,206,218,222,207,205,200,202,208,208,203,198,228,38,0,0,2,2,3,0,8,2,110,191,111,154,199,191,189,196,207,210,225,209,204,216,225,210,206,194,217,14,0,2,0,0,0,0,2,213,200,184,143,170,207,207,216,217,215,187,175,209,255,199,176,200,198,196,219,15,0,0,0,0,0,4,68,182,184,203,215,202,188,197,212,184,192,179,197,255,131,0,116,236,196,194,223,15,0,54,165,162,188,218,225,191,213,197,185,215,211,207,194,190,168,201,255,83,0,0,160,209,197,197,220,4,4,167,182,187,183,159,170,168,195,203,209,198,217,214,198,192,211,255,45,0,0,0,159,210,197,196,218,5,17,192,192,192,197,189,170,182,172,187,193,188,207,219,206,210,251,17,0,2,0,0,167,210,196,194,215,3,77,176,167,172,176,196,206,216,207,199,205,211,217,207,211,209,28,0,0,0,0,0,177,210,197,193,215,3,81,205,200,192,180,177,155,164,173,179,175,177,190,199,222,60,0,2,0,1,0,0,149,204,190,191,203,0,0,48,113,184,227,235,250,233,230,229,215,221,210,253,83,0,0,0,0,1,0,0,218,221,209,206,248,18,0,0,0,0,0,16,62,74,106,152,126,140,180,83,0,0,0,0,0,1,0,0,98,109,96,104,98,0,6
0,0,0,0,0,0,0,0,0,0,0,0,0,0,0,0,0,0,0,0,0,0,0,0,0,0,0,0,0,0,0,0,0,0,0,0,0,0,0,0,0,0,0,0,0,0,0,0,0,0,0,0,0,0,0,0,0,0,0,0,0,0,0,0,0,0,0,0,0,0,0,0,0,0,0,0,0,0,0,0,0,0,0,0,0,0,0,0,0,0,0,0,0,0,0,0,7,8,7,0,0,1,0,0,0,0,0,0,1,1,1,1,0,0,0,0,0,0,0,0,0,0,12,35,51,43,35,30,17,5,0,0,0,0,0,2,2,0,0,1,0,0,0,0,0,0,0,0,0,5,90,147,130,160,156,156,126,80,28,3,0,0,0,0,0,0,1,2,0,0,0,0,0,0,0,0,0,0,90,113,121,125,145,148,151,165,90,102,150,136,82,42,21,16,15,0,0,0,0,0,0,0,0,0,0,0,91,118,122,113,126,133,148,151,146,170,127,148,161,156,145,120,66,36,0,0,0,0,0,0,0,1,0,8,107,132,130,126,123,136,168,166,147,172,142,152,141,136,146,142,138,32,0,0,0,0,0,0,0,1,0,26,131,137,137,130,121,145,183,170,160,172,167,125,138,140,130,115,117,2,0,0,0,0,0,0,0,2,0,41,150,141,143,146,126,148,192,171,163,186,200,120,123,132,120,127,88,0,0,0,0,0,0,0,0,1,0,62,150,142,133,135,121,168,188,168,171,196,162,133,135,128,120,121,10,0,0,0,0,0,0,0,0,0,0,81,143,141,138,137,137,182,186,162,173,198,147,141,110,133,161,93,0,0,0,0,0,0,0,0,0,0,0,98,143,125,133,126,138,181,172,163,187,181,152,137,96,145,161,43,0,3,0,0,0,0,0,0,0,0,0,111,142,112,125,117,147,186,168,182,187,158,152,128,102,170,178,12,0,1,0,0,1,1,1,0,0,0,0,103,178,138,122,96,151,195,166,178,178,151,126,121,101,130,102,0,0,0,0,2,1,0,0,0,0,0,45,93,93,131,156,133,131,178,152,173,141,157,116,135,153,181,83,0,1,0,0,0,0,0,5,27,51,81,103,120,117,72,101,147,138,193,160,118,103,158,177,168,157,158,96,0,0,0,0,0,66,103,85,82,87,106,110,86,93,136,106,63,86,102,141,192,171,165,160,138,143,158,126,0,0,0,0,85,150,133,118,106,87,85,87,88,108,106,131,143,97,67,123,156,158,160,158,151,151,155,152,0,0,1,66,151,135,116,126,151,151,138,136,143,97,105,95,107,133,163,165,155,173,170,163,165,155,155,163,6,0,0,131,171,143,150,152,157,141,156,152,156,155,108,93,103,107,162,167,167,187,177,180,183,160,147,141,0,0,1,47,188,188,158,151,135,147,151,151,133,155,143,112,121,140,177,171,160,180,173,158,152,141,150,161,10,0,3,0,47,157,197,196,180,176,173,163,158,151,137,153,171,163,170,167,172,168,176,175,185,188,182,160,3,0,1,0,0,0,46,123,202,197,207,241,233,228,230,236,238,246,250,248,250,248,255,245,210,205,196,126,0,0,0,0,0,0,0,0,0,18,43,55,65,76,80,67,66,80,75,67,60,78,90,90,85,72,42,0,0,0,0,0,0,0,0,0,0,0,0,0,0,0,0,0,0,0,0,0,0,0,0,0,0,0,0,0,0,0,0,0,0,0,0,0,0,0,0,0,0,0,0,0,0,0,0,0,0,0,0,0,0,0,0,0,0,0,0,6
0,0,0,0,0,0,0,0,0,0,0,0,0,0,0,0,0,0,0,0,0,0,0,0,0,0,0,0,0,0,0,0,0,0,0,0,0,0,0,0,0,0,0,0,0,0,0,0,0,0,0,0,0,0,0,0,0,0,0,0,0,0,0,0,0,0,0,0,0,0,0,0,0,0,0,0,0,0,0,0,0,0,0,0,0,0,0,0,0,0,0,0,0,0,0,0,0,0,0,0,0,0,0,0,0,0,0,0,0,0,0,0,0,0,0,0,0,0,0,0,0,0,0,0,0,0,0,0,0,0,0,0,0,0,0,0,0,0,0,0,0,0,0,0,0,0,0,0,0,0,0,0,0,0,0,0,0,0,0,0,0,0,0,0,0,0,0,0,0,0,0,0,0,0,0,0,0,0,0,0,0,2,0,55,146,17,2,2,2,0,0,0,0,0,0,0,0,0,0,0,0,0,0,0,0,0,0,0,0,0,0,131,123,119,159,146,163,159,138,127,136,91,44,129,0,0,0,0,0,0,0,0,0,0,0,0,2,0,40,144,97,180,191,172,176,189,191,184,176,159,197,63,0,0,0,0,0,0,0,0,0,0,0,0,0,0,68,150,187,212,189,212,210,210,210,191,184,176,180,0,0,0,0,0,0,0,0,0,0,0,0,0,0,0,150,199,125,112,127,136,157,165,155,174,165,170,57,0,0,0,0,0,0,0,0,0,0,0,4,0,0,0,255,178,106,155,159,144,144,142,146,176,165,180,53,0,0,0,2,2,2,0,0,0,6,0,0,0,29,167,129,104,131,138,133,155,157,146,133,127,150,176,82,0,2,0,2,0,0,0,2,4,0,0,38,129,146,142,127,89,110,114,119,131,127,114,125,144,150,165,116,0,4,4,2,0,2,2,0,0,70,131,155,140,108,85,91,112,114,123,140,131,131,150,159,161,144,138,125,0,0,0,0,0,0,0,0,74,170,153,89,108,121,125,129,133,133,123,136,136,131,146,159,157,148,136,144,6,0,23,53,38,42,57,85,119,108,95,121,116,119,138,138,129,161,161,144,119,127,157,167,153,138,125,140,19,8,138,187,155,138,133,104,80,104,102,108,116,125,123,157,167,176,191,180,165,184,197,197,187,167,165,178,21,65,138,136,150,170,159,153,153,165,189,193,191,199,195,199,212,214,227,218,210,206,191,189,189,182,176,195,121,82,180,163,153,123,129,153,155,140,163,163,150,144,155,142,148,159,167,178,191,195,195,193,191,195,189,195,161,44,199,197,210,206,195,184,176,167,161,172,178,184,201,216,233,216,231,233,233,227,227,223,212,206,201,197,170,0,2,89,148,206,227,248,248,233,233,233,231,229,231,231,229,227,227,225,218,212,216,212,214,218,212,212,146,0,0,0,0,6,29,63,95,106,114,112,112,116,102,91,89,85,80,63,63,65,70,68,78,82,65,34,0,0,0,0,0,0,0,0,0,0,0,0,0,0,0,0,0,0,0,0,0,0,0,0,0,0,0,0,0,0,0,0,0,0,0,0,0,0,0,0,0,0,0,0,0,0,0,0,0,0,0,0,0,0,0,0,0,0,0,0,0,0,0,0,0,0,0,0,0,0,0,0,0,0,0,0,0,0,0,0,0,0,0,0,0,0,0,0,0,0,0,0,0,0,0,0,0,0,0,0,0,0,0,0,0,0,0,0,0,0,0,0,0,0,0,0,0,0,0,0,0,0,0,0,0,0,0,0,0,0,0,0,0,0,0,0,0,0,0,0,0,6
0,0,0,0,0,0,0,0,0,0,0,0,0,0,0,0,0,0,0,0,0,0,0,0,0,0,0,0,0,0,0,0,0,0,0,0,0,0,0,0,0,0,0,0,0,0,0,0,0,0,0,0,0,0,0,0,0,0,0,0,0,0,0,0,0,0,0,0,0,0,0,0,0,0,0,0,0,0,0,0,0,0,0,0,0,0,0,0,0,0,0,0,0,0,0,0,0,0,0,0,0,0,0,0,0,0,0,0,0,0,0,0,0,0,0,0,0,0,0,0,0,0,0,0,0,3,0,59,51,0,0,0,0,0,0,0,0,0,0,0,0,0,0,0,0,0,0,0,0,0,0,0,0,0,0,138,30,0,3,1,1,1,0,23,122,0,1,0,0,0,0,0,0,0,0,0,0,0,0,0,0,0,0,136,149,0,0,0,0,0,0,134,157,0,7,0,0,0,0,0,0,0,0,0,0,0,0,0,0,0,0,185,226,147,90,120,115,115,107,164,88,0,1,0,0,0,0,0,0,0,0,0,0,0,0,0,0,0,21,208,201,185,184,214,193,207,182,166,109,0,1,0,0,0,0,0,0,0,0,0,0,0,0,0,1,0,82,203,172,161,151,172,176,189,170,178,124,0,1,0,0,0,0,0,0,0,0,0,0,0,0,0,0,0,199,201,174,155,151,176,185,205,195,201,99,0,1,0,0,0,0,0,0,0,0,0,1,0,0,0,0,28,214,155,145,159,159,176,182,187,203,208,88,0,0,0,0,0,0,0,0,0,0,0,3,0,0,0,0,164,189,159,168,145,157,172,182,184,191,187,141,0,0,0,0,0,0,0,0,0,0,0,0,0,3,0,34,226,132,185,178,147,164,168,184,197,161,136,205,0,0,0,0,0,0,0,0,0,0,0,0,3,0,3,231,189,126,228,172,157,174,172,182,195,155,105,195,76,0,0,0,0,1,1,1,1,0,0,0,0,65,161,88,115,159,184,168,180,187,189,187,195,113,113,166,199,0,0,0,0,0,0,0,0,0,0,11,166,203,53,51,134,197,147,147,153,170,174,161,147,145,159,97,228,24,0,0,0,34,57,51,49,67,118,153,149,70,47,82,122,208,210,205,205,189,147,157,170,191,155,74,205,103,0,0,103,111,109,124,105,109,115,74,15,13,59,40,44,113,212,184,208,191,161,187,195,176,157,120,162,153,0,15,139,113,59,28,24,51,132,153,134,78,86,95,46,161,218,130,164,170,145,149,147,180,174,174,185,159,0,86,141,147,153,170,86,84,122,111,113,139,120,101,182,255,249,220,199,184,182,220,249,255,249,224,210,139,0,103,128,141,138,145,138,128,97,70,107,120,168,159,161,172,184,203,164,151,134,141,139,143,159,139,128,143,24,0,13,59,109,136,153,174,176,174,191,185,201,208,208,170,164,166,172,205,199,182,184,184,195,218,228,228,57,0,0,0,0,0,0,21,47,69,84,86,86,76,46,40,28,1,23,76,76,69,78,63,47,28,17,15,0,0,0,0,0,0,0,0,0,0,0,0,0,0,0,0,0,0,0,0,0,0,0,0,0,0,0,0,0,0,0,0,0,0,0,0,0,0,0,0,0,0,0,0,0,0,0,0,0,0,0,0,0,0,0,0,0,0,0,0,0,0,0,0,0,0,0,0,0,0,0,0,0,0,0,0,0,0,0,0,0,0,0,0,0,0,0,0,0,0,0,0,0,0,0,0,0,0,0,0,0,0,0,0,0,0,0,0,0,0,0,0,0,6
0,0,0,0,0,0,0,0,0,0,0,0,0,0,0,0,0,0,0,0,0,0,0,0,0,0,0,0,0,0,0,0,0,0,0,0,0,0,0,0,0,0,0,0,0,0,0,0,0,0,0,0,0,0,0,0,0,0,0,0,0,0,0,0,0,0,0,0,0,0,0,0,0,0,0,0,0,0,0,0,0,0,0,0,0,0,0,0,0,0,0,0,0,0,0,0,0,0,0,0,0,0,0,0,0,0,0,0,0,0,0,0,0,0,0,0,0,0,0,0,0,0,1,0,0,12,0,0,0,0,0,0,0,0,49,88,161,75,0,0,0,0,0,0,0,0,0,0,0,0,3,0,79,153,125,103,51,18,0,0,137,219,220,198,194,138,0,0,0,0,0,0,0,0,0,0,0,0,5,0,121,185,167,160,156,164,124,166,223,176,121,141,158,186,45,0,0,0,0,0,0,0,0,0,0,1,0,0,143,175,173,170,163,160,153,172,170,155,161,148,152,172,6,0,0,0,0,0,0,0,0,0,0,2,0,0,144,169,179,176,168,162,163,172,163,161,142,122,190,202,0,0,0,0,0,0,0,0,0,0,0,5,0,6,168,174,185,175,170,171,181,138,172,212,176,209,191,198,119,0,0,0,0,0,0,0,0,0,0,0,0,93,182,178,171,162,163,157,155,170,198,201,211,200,180,183,211,0,0,0,0,0,0,0,0,0,2,0,0,198,189,178,182,156,150,158,131,188,188,177,177,179,185,181,194,41,0,0,0,0,0,0,0,0,7,0,72,173,160,174,187,176,152,160,140,182,187,182,181,182,181,186,193,57,0,0,0,0,0,0,0,1,0,0,134,149,149,160,175,179,162,151,130,188,193,184,180,187,185,185,214,64,0,0,0,0,0,0,0,0,0,67,165,122,144,146,144,151,157,139,124,187,174,168,179,192,193,190,214,40,0,0,0,0,1,3,0,0,0,143,140,139,139,134,123,141,143,129,110,179,165,166,176,185,183,186,193,0,2,1,4,1,0,0,0,3,125,141,126,150,158,134,147,150,147,125,123,181,184,200,189,180,176,189,202,0,2,0,0,0,0,11,79,149,135,137,152,161,149,148,147,144,155,127,158,255,174,157,218,187,176,188,196,0,0,0,53,96,140,145,151,149,147,156,156,155,149,162,164,153,154,183,218,104,0,80,236,182,178,187,190,0,3,163,151,152,151,141,133,158,157,147,153,153,156,160,152,173,202,148,6,0,0,105,208,186,182,188,187,0,92,161,138,150,150,153,157,148,146,151,160,160,159,155,190,183,41,0,0,5,0,97,208,183,179,189,178,0,71,197,182,170,164,151,141,129,138,134,147,164,173,202,174,0,0,0,0,5,0,90,198,174,173,187,149,0,0,66,142,152,206,214,212,209,207,204,187,181,192,77,0,0,1,1,0,5,0,113,221,197,190,200,185,0,0,0,0,0,0,0,15,38,48,51,42,5,0,0,0,1,0,1,0,6,0,32,99,68,51,53,15,0,0,0,0,0,0,0,0,0,0,0,0,0,0,0,0,0,0,0,0,0,0,0,0,0,0,0,0,0,0,0,0,0,0,0,0,0,0,0,0,0,0,0,0,0,0,0,0,0,0,0,0,0,0,0,0,0,0,0,0,0,0,0,0,0,0,0,0,0,0,0,0,0,0,0,0,0,0,0,0,0,0,0,0,0,0,0,0,0,0,0,0,0,0,0,0,0,0,0,0,0,0,0,0,0,0,0,0,0,0,0,0,0,6
0,0,0,0,0,0,0,0,0,0,0,0,0,0,0,0,0,0,0,0,0,0,0,0,0,0,0,0,0,0,0,0,0,0,0,0,0,0,0,0,0,0,0,0,0,0,0,0,0,0,0,0,0,0,0,0,0,0,0,0,0,0,0,0,0,0,0,0,0,0,0,0,0,0,0,0,0,0,0,0,0,0,0,0,0,0,0,0,0,0,0,0,0,0,0,0,0,0,0,0,0,0,0,0,0,0,0,0,0,0,0,0,0,0,0,0,0,0,0,0,0,0,0,0,0,0,0,0,0,0,0,0,0,0,0,0,0,0,0,0,0,0,0,0,0,0,0,0,0,0,0,0,0,0,0,0,0,47,231,21,0,0,0,0,0,58,6,0,0,0,0,0,0,0,0,0,0,0,0,0,0,1,0,2,177,153,182,175,129,116,85,51,33,81,61,0,0,0,0,0,0,0,0,0,0,0,0,0,0,4,0,22,126,183,217,218,223,219,204,191,184,99,0,0,0,0,0,0,0,0,0,0,0,0,0,0,0,7,0,161,185,179,220,223,218,216,192,171,171,39,0,4,0,0,0,0,0,0,0,0,0,0,0,0,0,0,0,69,115,188,184,187,188,189,184,165,174,0,0,2,0,0,0,0,0,0,0,0,0,0,0,0,4,0,29,218,175,212,196,167,161,163,166,176,179,0,0,1,0,0,0,0,0,0,0,0,0,2,0,3,0,0,148,163,192,212,209,221,223,212,197,183,201,0,0,2,0,0,0,0,0,0,0,0,0,0,3,0,0,40,199,147,191,227,205,200,205,218,222,184,190,35,0,3,0,0,0,0,0,0,0,0,0,6,0,0,57,171,160,83,156,230,211,216,202,208,225,190,195,116,0,0,0,2,3,3,4,3,3,4,4,0,2,128,183,115,187,147,255,205,211,217,207,211,204,192,205,188,0,0,0,0,0,0,0,0,0,0,0,0,142,149,90,186,209,242,220,217,211,210,219,197,197,206,214,195,0,0,0,0,76,60,35,22,27,52,96,132,126,67,122,208,190,184,199,210,203,210,193,193,213,213,205,199,73,0,0,137,126,88,123,171,165,164,138,170,64,70,202,181,179,181,183,188,216,212,173,205,216,219,218,221,97,0,0,114,204,174,139,128,136,141,147,153,140,174,174,190,194,210,218,213,216,207,215,230,220,203,180,155,87,0,36,59,91,154,203,208,194,196,197,201,178,188,200,224,220,226,185,149,128,124,124,87,49,32,24,32,53,5,8,87,76,62,65,103,123,130,135,146,151,127,123,85,54,36,36,35,41,57,62,63,71,79,86,93,94,39,0,0,21,65,91,78,70,59,49,54,66,68,65,66,89,113,117,118,124,123,120,114,108,95,90,85,60,0,2,0,0,0,0,3,18,23,26,44,41,39,43,41,35,33,39,40,35,37,39,36,18,10,1,0,0,0,0,0,0,0,0,0,0,0,0,0,0,0,0,0,0,0,0,0,0,0,0,0,0,0,0,0,0,0,0,0,0,0,0,0,0,0,0,0,0,0,0,0,0,0,0,0,0,0,0,0,0,0,0,0,0,0,0,0,0,0,0,0,0,0,0,0,0,0,0,0,0,0,0,0,0,0,0,0,0,0,0,0,0,0,0,0,0,0,0,0,0,0,0,0,0,0,0,0,0,0,0,0,0,0,0,0,0,0,0,0,0,0,0,0,0,0,0,0,0,0,0,0,0,0,0,0,0,0,0,0,0,0,0,0,0,0,0,0,0,0,6
0,0,0,0,0,0,0,0,0,0,0,0,0,0,0,0,0,0,0,0,0,0,0,0,0,0,0,0,0,0,0,0,0,0,0,0,0,0,0,0,0,0,0,0,0,0,0,0,0,0,0,0,0,0,0,0,0,0,0,0,0,0,0,0,0,0,0,0,0,0,0,0,0,0,0,0,0,0,0,0,0,0,0,0,0,0,0,0,0,0,0,0,0,0,0,0,0,0,0,0,0,0,0,0,0,0,0,0,0,0,0,0,0,0,0,0,0,0,0,0,0,0,0,0,0,0,0,0,0,0,0,0,0,0,0,0,0,0,0,0,0,0,0,0,0,0,0,0,0,0,0,0,0,0,0,0,0,0,0,0,0,0,0,0,0,0,0,0,0,0,0,0,0,0,0,0,0,0,0,0,0,2,0,0,96,1,0,0,0,0,0,0,0,0,0,0,0,0,0,0,0,0,0,0,0,0,0,0,0,1,0,50,236,207,154,10,0,6,59,109,142,165,103,0,0,0,0,0,0,0,0,0,0,0,0,1,0,2,0,156,229,215,244,255,196,255,239,241,236,249,205,0,0,0,0,0,0,0,0,0,0,0,0,0,0,0,20,241,209,219,217,221,239,226,223,221,217,235,115,0,0,0,0,0,0,0,0,0,0,0,0,1,0,0,199,237,200,213,215,246,237,228,229,223,217,233,129,0,0,0,0,0,0,0,0,0,0,0,0,0,0,151,254,205,221,227,226,173,206,224,210,219,213,232,202,0,0,0,0,0,1,0,0,0,0,4,0,0,152,255,207,220,214,222,212,111,188,228,218,228,224,224,255,0,0,0,0,0,1,0,0,1,1,0,0,158,255,207,211,216,220,221,217,216,236,218,220,218,219,210,255,85,0,0,1,2,1,2,2,0,0,0,194,251,206,212,214,220,225,217,211,210,222,217,219,211,215,207,245,171,2,6,0,0,0,0,0,0,70,228,232,198,209,219,218,225,219,211,214,199,228,232,221,219,221,213,224,207,0,0,0,0,0,4,85,199,250,213,200,207,216,219,226,223,212,215,228,236,225,224,223,226,223,218,215,216,0,116,188,201,206,240,255,213,199,201,213,217,222,220,223,214,199,228,228,210,215,227,224,222,221,222,243,213,91,226,205,204,209,205,199,200,213,211,215,220,222,226,217,212,211,220,220,242,240,222,221,217,208,200,223,50,91,235,200,207,202,205,210,210,214,215,217,220,221,217,214,225,233,234,255,218,166,189,164,173,170,188,135,0,0,199,217,215,224,219,214,217,216,218,220,221,221,224,230,255,184,108,6,0,0,190,181,178,178,211,47,0,0,0,43,116,166,184,198,212,223,226,230,226,228,203,108,14,0,0,0,0,0,206,220,192,221,169,0,0,0,0,0,0,0,0,0,10,22,26,28,28,28,0,0,0,0,1,1,0,0,136,171,161,171,65,0,0,0,0,0,0,0,0,0,0,0,0,0,0,0,0,0,0,0,0,0,0,0,0,0,0,0,0,0,0,0,0,0,0,0,0,0,0,0,0,0,0,0,0,0,0,0,0,0,0,0,0,0,0,0,0,0,0,0,0,0,0,0,0,0,0,0,0,0,0,0,0,0,0,0,0,0,0,0,0,0,0,0,0,0,0,0,0,0,0,0,0,0,0,0,0,0,0,0,0,0,0,0,0,0,0,0,0,0,0,0,0,0,0,0,0,0,0,0,0,0,0,0,0,0,0,0,0,0,0,0,0,0,0,0,0,0,0,0,0,0,0,6
0,0,0,0,0,0,0,0,0,0,0,0,0,0,3,0,0,0,183,210,206,0,0,0,1,0,0,0,0,0,0,0,0,0,0,0,0,0,0,0,0,1,0,0,35,147,255,238,239,178,60,0,0,0,2,0,0,0,0,0,0,0,0,0,0,0,0,1,0,0,0,192,255,235,231,235,232,244,255,236,50,0,0,0,0,0,0,0,0,0,0,0,0,0,0,1,0,47,215,229,216,227,232,235,239,224,229,242,244,141,0,0,0,0,0,0,0,0,0,0,0,0,3,0,22,216,221,216,228,225,241,236,234,233,226,228,228,251,203,0,0,0,0,0,0,0,0,0,0,0,5,0,12,219,227,218,205,230,230,233,236,240,241,236,231,224,245,61,0,0,0,0,0,0,0,0,0,0,6,0,15,219,217,203,217,217,219,228,226,222,229,233,238,232,233,39,0,0,0,0,0,0,0,0,0,0,4,0,24,219,220,242,243,252,254,251,252,252,245,237,233,229,255,5,0,0,0,0,0,0,0,0,0,0,4,0,2,243,225,227,220,217,216,216,226,235,234,236,235,236,244,0,0,0,0,0,0,0,0,0,0,0,0,0,0,213,236,221,219,224,228,223,225,226,226,219,212,244,80,0,0,0,0,0,0,0,0,0,0,0,0,0,0,168,224,222,233,233,231,236,245,246,241,233,223,255,23,0,0,0,0,0,0,0,0,0,0,0,0,0,0,158,241,233,244,220,219,233,243,237,227,235,227,255,33,0,0,0,0,0,0,0,0,0,0,0,0,0,0,135,224,212,200,201,229,234,237,230,229,229,222,243,67,0,0,0,0,0,0,0,0,0,0,0,0,0,0,127,226,184,188,224,237,234,229,227,226,225,216,242,136,0,0,0,0,0,0,0,0,0,0,0,0,0,0,136,241,190,223,227,224,233,226,223,227,228,215,229,216,0,0,0,0,0,0,0,0,0,0,0,0,0,0,168,226,197,222,222,233,238,233,235,232,227,218,221,255,38,0,0,0,0,0,0,0,0,0,0,4,0,0,201,209,217,232,242,233,232,232,230,226,223,227,223,255,100,0,0,0,0,0,0,0,0,0,0,0,0,115,216,208,234,229,230,230,237,236,227,229,228,229,224,235,125,0,0,0,0,0,0,0,0,4,0,0,97,238,204,213,225,225,233,232,229,225,224,229,230,232,225,255,71,0,0,1,4,7,8,3,0,0,0,107,246,206,209,226,227,231,235,229,230,236,235,232,233,231,226,247,16,0,2,0,0,0,0,0,0,0,128,227,194,206,222,220,231,234,228,233,224,231,236,230,230,216,210,184,0,0,0,0,32,51,60,60,102,192,229,186,201,215,225,228,234,230,230,226,255,252,222,219,212,207,228,135,0,0,0,165,201,197,203,234,222,189,186,207,218,230,232,232,234,225,229,255,157,89,255,207,213,203,239,72,0,0,55,223,195,209,202,198,193,208,212,226,237,227,230,229,223,237,255,102,0,36,255,200,210,206,226,19,0,0,76,211,220,220,214,219,217,221,229,231,232,232,228,226,242,238,21,0,0,55,255,206,205,212,193,0,0,0,0,34,163,205,228,234,235,230,229,228,231,232,231,235,174,0,0,1,0,47,221,198,200,209,145,0,0,0,0,0,0,4,86,152,206,239,253,251,248,230,211,88,0,0,1,1,0,60,231,217,217,218,108,0,0,0,1,0,0,0,0,0,0,0,8,30,24,0,0,0,0,0,0,4,0,6,84,61,53,59,6,0,2,6
0,0,0,0,0,0,0,0,0,0,0,0,0,0,0,0,0,0,0,0,0,0,0,0,0,0,0,0,0,0,0,0,0,0,0,0,0,0,0,0,0,0,0,0,0,0,0,0,0,0,0,0,0,0,0,0,0,0,0,0,0,0,0,0,0,0,0,0,0,0,0,0,0,0,0,0,0,0,0,0,0,0,0,0,0,0,0,0,0,0,0,0,0,0,0,0,0,0,0,0,0,0,0,0,0,0,0,0,0,0,0,0,0,0,0,0,0,0,0,0,0,0,0,0,0,0,0,0,0,0,0,3,0,19,130,0,0,2,0,0,0,0,0,0,0,0,0,0,0,0,0,0,0,0,1,3,5,2,1,0,0,155,213,115,0,6,1,0,0,0,0,0,0,0,0,0,0,0,0,0,0,0,0,0,0,0,0,0,89,142,181,19,0,0,2,0,0,0,0,0,0,0,0,0,0,0,0,0,0,0,0,11,51,29,39,165,204,140,88,0,1,0,0,0,0,0,0,0,0,0,0,0,0,0,0,2,0,139,157,163,216,195,196,177,185,156,0,0,0,0,4,2,0,0,0,0,0,0,0,0,0,0,0,2,0,158,172,192,189,195,209,209,208,207,134,0,3,4,0,0,0,0,0,0,0,0,0,0,0,0,0,0,0,0,23,176,209,222,223,197,203,220,168,0,0,0,0,9,0,0,0,0,0,0,0,0,0,0,0,0,0,0,0,0,33,88,218,232,214,223,0,0,54,135,182,170,0,0,0,0,0,1,2,1,0,0,0,0,0,1,0,0,0,0,0,178,203,189,197,203,247,175,151,83,0,0,0,0,2,0,0,0,5,6,9,5,4,2,1,0,0,0,0,40,222,189,218,147,125,131,163,57,0,0,0,0,0,0,5,0,0,0,0,0,0,0,0,2,0,0,103,255,210,163,136,127,155,148,181,25,0,0,1,0,54,159,227,76,12,40,43,29,9,0,0,0,0,172,252,163,125,141,142,132,137,140,164,7,0,1,0,0,250,205,184,226,237,236,226,212,236,187,142,59,205,222,108,121,143,147,133,131,146,143,151,0,2,0,0,0,168,213,176,176,174,175,174,189,203,213,213,220,183,90,146,145,144,142,127,146,152,151,129,0,0,0,0,0,218,217,184,192,197,202,204,197,195,198,208,178,116,140,145,140,150,130,125,155,150,155,104,0,98,147,40,110,232,184,196,188,192,200,210,211,224,234,160,111,139,140,134,141,154,133,131,153,142,160,70,0,100,167,164,186,206,223,232,219,216,220,220,219,200,141,112,141,142,130,137,135,144,140,133,147,140,165,39,0,40,141,120,120,125,139,156,148,163,162,144,137,117,126,143,134,128,130,138,136,134,149,131,131,130,163,9,0,22,134,162,155,147,127,114,106,123,120,102,117,134,148,136,126,133,135,153,146,128,142,133,124,144,169,0,0,0,1,52,104,138,153,166,167,167,160,153,155,158,168,157,150,162,161,166,162,142,153,169,162,175,142,0,0,0,0,0,0,0,9,32,55,60,63,60,51,44,31,29,21,23,20,18,23,20,26,34,41,50,31,0,0,0,0,0,0,0,0,0,0,0,0,0,0,0,0,0,0,0,0,0,0,0,0,0,0,0,0,0,0,0,0,0,0,0,0,0,0,0,0,0,0,0,0,0,0,0,0,0,0,0,0,0,0,0,0,0,0,0,0,0,0,0,0,0,0,0,0,0,0,0,0,0,0,0,0,0,0,0,0,0,0,0,0,0,0,6
0,0,0,0,0,0,0,0,0,0,0,0,0,0,0,0,0,0,0,0,0,0,0,0,0,0,0,0,0,0,0,0,0,0,0,0,0,0,0,0,0,0,0,0,0,0,0,0,0,0,0,0,0,0,0,0,0,0,0,0,0,0,0,0,0,0,0,0,1,0,9,66,75,112,116,89,66,53,22,0,0,0,0,0,0,0,0,0,0,0,0,0,0,0,0,0,8,0,60,224,226,236,255,254,225,255,230,209,171,177,19,0,0,0,0,0,0,0,0,0,0,0,0,0,3,0,125,201,191,194,195,198,181,213,218,220,233,228,25,0,0,0,0,0,0,0,0,0,0,0,0,0,0,0,182,214,201,196,208,210,213,206,200,206,206,193,3,0,0,0,0,0,0,0,0,0,0,0,0,0,0,0,180,212,211,233,226,237,233,236,229,225,221,213,5,0,0,0,0,0,0,0,0,0,0,1,1,3,0,0,222,199,197,200,202,224,217,227,234,225,230,205,0,0,0,0,0,0,0,0,0,0,0,2,0,3,0,69,208,196,203,201,201,225,217,206,233,223,221,220,10,0,0,0,0,0,0,0,0,0,0,0,2,0,0,157,208,194,201,209,213,237,221,207,223,224,212,235,56,0,0,0,0,0,0,0,0,0,0,0,2,0,8,223,201,198,208,214,220,223,205,225,225,225,216,226,156,0,0,0,0,0,0,0,0,0,2,0,0,0,116,205,201,213,215,217,213,219,219,223,219,225,217,214,235,0,0,0,0,0,0,0,0,0,0,2,0,0,212,199,200,214,214,220,213,228,218,227,215,219,216,207,254,50,0,0,0,0,0,0,0,0,0,3,0,94,206,193,203,211,216,213,208,236,211,225,220,213,215,205,246,118,0,0,0,0,0,0,0,0,0,0,3,216,201,200,206,211,214,216,205,222,207,218,233,216,218,212,222,147,0,0,0,0,0,2,0,3,0,0,184,211,202,208,209,212,212,219,217,214,225,242,241,219,219,219,234,133,1,0,0,0,0,1,4,0,0,144,209,202,209,204,210,215,215,217,207,217,230,213,217,234,232,220,226,9,0,4,6,7,0,0,0,0,125,205,194,202,207,210,214,218,217,213,227,219,217,254,241,212,196,204,191,0,0,0,0,0,0,0,0,135,236,191,200,207,212,214,217,220,218,225,212,223,255,136,117,201,184,200,203,0,0,5,90,137,164,178,211,213,189,196,201,209,210,215,217,221,219,214,234,239,72,0,90,228,186,201,187,0,54,188,197,204,196,196,189,185,196,196,199,206,213,218,220,218,213,236,198,0,0,0,117,225,189,202,185,0,191,202,186,195,196,191,193,192,195,200,207,211,212,222,219,216,237,144,0,0,6,0,114,202,188,206,177,0,188,225,217,201,200,199,200,197,191,197,203,207,213,214,217,237,104,0,0,3,2,0,122,210,192,209,164,0,24,143,185,220,224,227,222,219,212,208,206,210,218,226,226,88,0,0,0,0,6,0,105,205,188,207,149,0,0,0,0,23,90,148,189,221,235,249,218,216,211,211,40,0,0,1,0,4,9,0,161,225,201,224,186,0,0,0,0,0,0,0,0,0,0,0,26,22,8,0,0,0,0,0,0,0,0,0,91,131,123,128,93,0,0,0,0,0,0,0,0,0,0,0,0,0,0,0,0,0,0,0,0,0,0,0,0,0,0,0,0,0,0,0,0,0,0,0,0,0,0,0,0,0,0,0,0,0,0,0,0,0,0,0,0,0,0,0,0,0,6
0,0,0,0,0,0,0,0,0,0,0,0,0,0,0,0,0,0,0,0,0,0,0,0,0,0,0,0,0,0,0,0,0,0,0,0,0,0,0,0,0,0,0,0,0,0,0,0,0,0,0,0,0,0,0,0,0,0,0,0,0,0,0,0,0,0,0,0,0,0,0,0,0,0,0,0,0,0,0,0,0,0,0,0,0,0,0,0,0,0,0,0,0,0,0,0,0,0,0,0,0,0,0,0,0,0,0,0,0,0,0,0,0,0,0,0,0,0,0,0,0,0,0,0,0,0,0,0,0,0,0,0,0,0,0,0,0,0,0,0,0,0,0,0,0,0,0,0,0,0,0,0,1,0,0,0,0,26,3,0,0,2,2,0,2,5,0,0,0,0,0,0,0,0,0,0,0,0,0,0,0,0,1,0,0,148,153,69,0,0,0,0,0,0,15,7,0,0,0,0,0,0,0,0,0,0,0,0,0,0,2,0,68,157,166,181,149,129,98,52,17,0,156,54,0,0,0,0,0,0,0,0,0,0,0,0,0,3,0,27,202,153,159,181,202,205,202,206,205,185,140,0,0,0,0,0,0,0,0,0,0,0,0,0,0,11,0,79,154,145,168,191,194,191,189,187,187,187,148,0,0,0,0,0,0,0,0,0,0,0,0,0,1,0,0,192,157,158,189,196,204,201,200,200,185,192,204,0,0,0,0,0,0,0,0,0,0,0,0,0,3,0,44,172,152,182,182,189,201,201,202,205,187,197,93,0,0,0,0,0,0,0,0,0,0,0,0,0,0,0,163,167,152,181,183,181,195,200,197,200,191,201,55,0,0,0,0,0,0,0,0,0,0,0,0,7,0,40,161,137,163,178,195,187,186,187,189,191,187,197,130,0,0,1,1,1,1,2,1,0,1,0,5,0,5,219,152,130,161,183,195,199,192,183,185,189,181,187,178,0,1,1,0,0,0,0,0,0,0,6,0,15,166,96,105,140,163,170,175,180,186,191,204,197,197,185,211,0,0,1,2,3,3,2,2,1,0,0,55,159,134,95,138,157,183,172,182,186,192,205,197,190,187,175,206,52,1,0,0,0,0,0,0,0,0,65,145,102,101,168,167,181,183,195,194,200,192,185,175,175,164,173,200,96,1,0,16,41,45,58,76,112,153,144,77,105,177,153,171,186,183,183,183,190,181,178,200,189,185,195,186,125,0,92,126,149,168,202,177,110,50,39,139,180,167,183,190,196,192,191,191,190,189,197,215,219,220,215,192,112,92,159,116,87,20,0,1,25,109,185,192,183,195,201,197,196,191,186,175,158,170,166,149,153,162,176,182,114,102,185,202,183,166,158,175,176,180,180,190,200,192,173,154,156,177,183,222,222,194,187,200,211,205,215,224,130,0,0,95,153,185,196,196,196,196,200,202,210,205,222,234,255,249,225,185,192,249,215,234,227,234,219,246,164,0,0,0,0,7,45,101,137,166,183,183,183,191,157,105,50,0,0,0,0,210,210,178,173,178,175,168,64,0,0,0,0,0,0,0,0,0,0,0,0,0,0,0,0,0,0,0,0,0,0,0,0,0,0,0,0,0,0,0,0,0,0,0,0,0,0,0,0,0,0,0,0,0,0,0,0,0,0,0,0,0,0,0,0,0,0,0,0,0,0,0,0,0,0,0,0,0,0,0,0,0,0,0,0,0,0,0,0,0,0,0,0,0,0,0,0,0,0,0,0,0,0,0,0,0,0,0,0,0,0,0,0,0,0,0,0,0,0,0,0,6
0,0,0,0,0,0,0,0,0,0,0,0,14,17,25,28,37,44,57,56,57,61,37,89,67,0,3,0,0,0,0,0,0,0,0,0,0,0,0,0,208,205,201,239,241,242,242,247,252,220,214,232,152,0,8,0,0,0,0,0,0,0,0,0,0,0,3,0,165,202,193,195,196,192,188,201,204,203,197,210,94,0,6,0,0,0,0,0,0,0,0,0,0,0,0,0,184,199,195,198,201,202,199,211,205,202,203,203,0,0,4,0,0,0,0,0,0,0,0,0,0,0,0,0,192,196,192,197,202,204,200,208,200,196,200,203,14,0,4,0,0,0,0,0,0,0,0,0,0,1,0,0,205,196,195,198,202,204,202,207,197,196,199,201,11,0,4,0,0,0,0,0,0,0,0,0,0,1,0,0,215,197,197,200,200,202,203,208,199,198,200,202,8,0,4,0,0,0,0,0,0,0,0,0,0,2,0,9,221,195,197,198,197,205,202,205,198,196,194,206,38,0,2,0,0,0,0,0,0,0,0,0,0,3,0,20,191,195,205,206,202,204,201,204,198,194,191,207,123,0,0,0,0,0,0,0,0,0,0,0,0,5,0,33,195,194,206,206,200,200,201,205,198,194,200,197,234,21,0,0,0,0,0,0,0,0,0,0,0,6,0,40,196,194,203,200,196,202,204,206,199,197,197,192,198,165,0,0,0,0,0,0,0,0,0,0,0,7,0,53,200,198,205,199,193,204,203,206,204,199,197,193,189,213,63,0,0,0,0,0,0,0,0,0,0,6,0,69,200,200,202,197,193,204,203,205,205,199,204,193,197,206,147,0,0,0,0,0,0,0,0,0,0,1,0,111,210,195,197,196,199,206,204,205,204,198,199,203,209,187,171,0,0,0,0,0,0,0,0,0,0,0,0,187,209,191,199,198,203,205,204,206,203,198,205,208,171,130,186,44,0,0,0,0,0,0,0,0,4,0,18,211,201,205,197,202,205,205,206,208,207,194,194,194,151,154,238,88,0,0,0,0,0,0,0,0,0,0,127,207,185,188,193,202,204,208,207,206,204,174,186,214,228,200,231,64,0,0,0,0,0,0,0,3,0,1,218,182,174,186,195,200,203,203,200,206,179,182,210,201,187,176,229,53,0,0,0,0,0,0,0,0,0,124,190,167,185,191,194,199,200,203,206,198,249,218,180,184,192,184,230,52,0,0,0,0,1,2,2,0,8,209,177,181,186,190,191,200,199,201,195,255,109,160,213,186,190,188,230,49,0,2,2,0,0,0,0,0,158,208,173,187,193,192,200,205,191,195,244,141,0,180,215,186,190,186,232,38,0,0,0,0,9,26,72,150,181,172,188,191,191,201,209,194,196,210,170,0,0,186,204,184,189,189,231,34,0,0,49,129,167,174,172,159,143,170,186,192,197,207,191,196,204,218,0,0,0,178,199,186,190,189,226,26,0,30,165,145,138,148,155,165,172,184,191,196,204,202,200,195,207,39,0,0,0,174,202,188,192,189,225,23,0,96,205,179,179,175,177,180,185,183,193,198,200,199,192,214,136,0,0,0,0,175,198,185,190,186,188,13,0,26,151,193,207,209,210,208,203,200,203,202,206,209,219,199,0,0,0,0,0,140,205,187,194,194,203,18,0,0,0,5,51,106,140,174,199,209,222,230,222,199,104,0,0,2,0,5,0,158,208,191,191,184,194,3,0,0,0,0,0,0,0,0,0,0,0,0,0,0,0,0,1,0,0,1,0,2,0,0,0,0,0,0,6
0,0,0,0,0,0,0,0,0,0,0,0,0,0,0,0,0,0,0,0,0,0,0,0,0,0,0,0,0,0,0,0,0,0,0,0,0,0,0,0,0,0,0,0,0,0,0,0,0,0,0,0,0,0,0,0,0,0,0,0,0,0,0,0,0,0,0,0,0,0,0,0,0,0,0,0,0,0,0,0,0,0,0,0,0,0,0,0,0,0,0,0,0,0,0,0,0,0,0,0,0,0,0,0,0,0,0,0,0,0,0,0,0,0,0,0,0,0,0,0,0,0,0,0,0,0,10,0,0,0,161,120,0,0,1,3,8,2,0,0,0,0,0,0,0,0,0,0,0,0,0,3,0,0,189,0,0,64,227,237,164,0,0,0,0,0,0,0,0,0,0,0,0,0,0,0,0,0,0,3,0,15,179,155,168,215,184,183,174,80,87,71,52,114,114,0,0,0,0,0,0,0,0,0,0,0,0,2,0,0,129,220,214,216,161,107,149,177,201,176,173,138,73,0,0,0,0,0,0,0,0,0,0,0,0,3,0,48,14,120,241,222,181,180,195,193,186,169,159,140,0,0,0,0,0,0,0,0,0,0,1,1,0,4,0,89,29,131,202,202,249,244,240,255,233,227,233,178,0,0,0,0,0,0,0,0,0,0,0,0,0,0,8,120,0,173,225,232,219,217,226,233,234,230,244,182,0,0,0,0,0,0,0,0,0,0,0,0,3,0,55,26,0,229,205,235,236,229,240,235,223,228,243,212,0,0,0,0,0,0,0,0,0,0,1,0,5,0,0,0,153,244,221,238,239,244,244,235,225,219,226,199,0,0,0,0,0,0,0,0,0,0,0,0,0,0,59,188,232,202,238,228,223,233,238,240,233,227,223,213,0,0,0,0,0,0,1,1,2,2,2,1,0,174,218,211,233,228,236,228,225,227,230,235,239,241,222,230,36,0,0,0,4,2,0,0,0,0,0,0,0,211,209,209,235,246,242,229,230,232,234,234,239,232,214,229,88,0,2,0,0,0,0,0,0,0,1,98,180,192,206,222,234,238,226,223,233,240,239,238,234,224,215,224,169,0,0,0,51,144,184,197,191,202,238,216,213,216,234,225,222,225,225,226,235,238,233,224,209,207,213,219,217,0,0,40,207,178,172,190,203,204,204,201,209,221,221,225,234,238,232,232,232,230,229,217,217,213,212,212,228,0,7,151,213,213,192,191,194,190,195,216,212,210,203,203,221,230,240,246,237,237,233,227,223,221,221,220,239,0,122,176,163,191,217,215,221,219,233,218,210,221,228,244,242,238,230,228,236,233,226,228,220,225,211,205,195,39,17,144,178,175,172,178,184,194,204,209,222,234,221,216,201,196,198,197,214,209,189,182,182,168,178,175,175,75,0,0,32,123,183,198,206,204,204,194,191,193,190,207,215,192,151,94,41,109,210,240,223,222,230,188,219,121,0,0,0,0,0,3,42,71,112,145,142,143,146,100,35,0,0,0,0,0,29,93,70,34,67,48,5,0,0,0,0,0,0,0,0,0,0,0,0,0,0,0,0,0,0,0,0,0,0,0,0,0,0,0,0,0,0,0,0,0,0,0,0,0,0,0,0,0,0,0,0,0,0,0,0,0,0,0,0,0,0,0,0,0,0,0,0,0,0,0,0,0,0,0,0,0,0,0,0,0,0,0,0,0,0,0,0,0,0,0,0,0,0,0,0,0,0,0,0,0,0,0,0,0,0,0,0,0,0,0,0,0,0,0,0,0,0,0,0,0,6
0,0,0,0,0,0,0,0,0,0,0,0,0,0,0,0,0,0,0,0,0,0,0,0,0,0,0,0,0,0,0,0,0,0,0,0,0,0,0,0,0,0,0,0,0,0,0,0,0,0,0,0,0,0,0,0,0,0,0,0,0,0,0,0,0,0,0,0,0,0,0,0,0,0,0,0,0,0,0,0,0,0,0,0,0,0,0,0,0,0,0,0,0,0,0,0,0,0,0,0,0,0,0,0,0,0,0,0,0,0,0,0,0,0,0,0,0,0,0,0,0,0,0,0,0,0,0,0,0,0,0,0,0,0,0,0,0,0,0,0,0,0,0,0,0,0,0,0,0,0,0,0,0,1,0,0,42,34,29,14,12,3,0,0,0,0,0,0,0,0,0,0,0,0,0,0,0,0,0,0,0,3,0,1,147,164,165,136,159,168,145,186,173,112,71,0,0,0,0,0,0,0,0,0,0,0,0,0,0,6,0,14,120,112,115,106,136,195,170,179,201,217,200,56,0,0,0,0,0,0,0,0,0,0,0,0,0,1,0,51,147,143,132,112,153,159,178,203,198,165,187,1,0,0,0,0,0,0,0,0,0,0,0,0,0,1,0,98,154,131,168,168,161,123,178,255,203,145,190,151,0,0,0,0,0,0,0,0,0,0,0,1,1,0,20,132,136,136,150,150,242,192,233,242,178,192,189,114,0,0,0,0,0,1,0,0,0,0,0,1,0,1,86,148,139,134,142,132,220,181,220,236,212,231,193,0,0,0,0,0,0,1,0,0,0,0,0,0,9,81,115,140,140,142,132,125,204,200,172,176,165,148,148,0,0,0,0,0,0,0,0,0,0,1,0,6,96,92,123,136,134,147,147,142,164,168,165,181,168,164,164,26,0,0,0,0,0,0,0,0,0,0,25,95,76,89,145,104,125,148,126,136,236,187,190,181,161,151,161,64,0,0,1,0,0,0,0,0,3,56,79,79,75,114,123,111,132,142,111,145,200,173,179,179,168,153,150,89,1,0,0,0,0,7,20,62,71,62,70,90,117,136,126,117,118,134,122,147,125,168,179,170,175,167,153,95,0,0,40,48,64,81,92,82,68,82,95,115,137,143,151,136,129,142,123,134,214,248,170,164,159,156,159,107,3,96,96,67,70,67,84,92,92,98,95,103,120,123,132,162,184,200,195,236,203,186,211,192,173,164,176,98,39,73,73,81,95,86,92,93,107,104,96,104,125,150,143,156,162,161,123,154,158,118,115,109,111,96,120,64,103,96,98,93,96,89,90,92,107,109,104,106,118,106,114,136,142,145,164,153,165,190,186,193,192,181,178,109,0,23,73,115,136,151,161,158,153,153,158,168,181,181,189,178,131,68,45,201,192,168,178,167,164,153,167,73,0,0,0,0,0,0,14,31,59,76,78,70,64,42,12,0,0,0,0,6,0,0,0,0,0,0,0,0,0,0,0,0,0,0,0,0,0,0,0,0,0,0,0,0,0,0,0,0,0,0,0,0,0,0,0,0,0,0,0,0,0,0,0,0,0,0,0,0,0,0,0,0,0,0,0,0,0,0,0,0,0,0,0,0,0,0,0,0,0,0,0,0,0,0,0,0,0,0,0,0,0,0,0,0,0,0,0,0,0,0,0,0,0,0,0,0,0,0,0,0,0,0,0,0,0,0,0,0,0,0,0,0,0,0,0,0,0,0,0,0,0,0,0,0,0,0,0,0,0,0,0,0,0,0,0,0,0,0,0,0,0,0,0,0,0,0,0,0,6
0,0,0,0,0,0,0,0,0,0,0,0,0,0,0,0,0,0,0,0,0,0,0,0,0,0,0,0,0,0,0,0,0,0,0,0,0,0,0,0,0,0,0,0,0,0,0,0,0,0,0,0,0,0,0,0,0,0,0,0,0,0,0,0,0,0,0,0,0,0,0,0,0,0,0,0,0,0,0,0,0,0,0,0,0,0,0,0,0,0,0,0,0,0,0,0,0,0,0,0,0,0,0,0,0,0,0,0,0,0,0,0,0,0,0,0,0,0,0,0,0,0,0,0,0,0,0,0,0,0,40,81,0,0,0,0,0,0,0,0,0,0,0,0,0,0,0,0,0,0,0,0,0,1,0,10,204,129,181,188,153,152,138,110,73,28,0,0,0,0,0,0,0,0,0,0,0,0,0,0,0,2,0,0,183,172,190,174,190,190,180,188,198,192,183,139,0,0,0,0,0,0,0,0,0,0,0,1,1,4,0,6,168,168,192,194,203,182,120,173,182,174,189,162,0,0,0,0,0,0,0,0,0,1,0,0,1,3,0,9,176,173,206,214,215,214,134,192,206,187,180,56,0,0,0,0,0,0,0,0,0,0,0,0,0,4,0,0,199,206,218,208,185,235,156,171,205,199,188,0,0,0,0,0,0,0,0,0,0,0,0,0,0,1,0,2,173,218,220,154,171,255,197,141,212,205,98,0,0,0,0,0,0,0,0,0,0,0,0,0,2,0,0,136,179,174,144,189,194,221,238,163,207,215,110,0,0,0,0,0,0,0,0,0,0,0,0,0,3,0,72,156,205,203,189,215,156,157,190,192,200,198,239,0,0,0,0,0,0,0,0,1,0,1,0,1,1,0,150,144,99,134,113,109,129,136,127,152,197,188,168,0,1,1,1,1,0,0,0,0,0,2,2,0,0,40,127,142,128,143,157,152,168,156,148,129,129,182,169,10,0,0,1,0,0,0,0,0,2,0,0,0,53,124,146,174,188,182,192,190,180,169,177,152,163,164,172,37,0,0,3,2,2,4,1,0,0,0,12,80,142,155,153,155,177,156,172,183,190,186,179,186,169,143,204,71,4,1,0,0,0,0,0,0,28,101,147,150,157,170,180,183,201,204,208,198,194,189,195,178,142,146,183,109,0,0,6,16,16,23,65,119,144,129,120,151,147,145,166,147,178,154,159,187,190,185,192,159,154,157,176,109,0,97,129,132,156,152,156,147,126,135,143,142,154,181,180,165,179,176,161,171,192,194,169,177,191,160,180,107,89,148,139,137,134,139,142,136,141,154,161,177,181,188,179,174,170,179,188,168,190,204,171,187,179,143,164,92,98,162,164,157,152,156,154,159,163,170,177,173,178,186,179,171,174,180,198,192,188,196,183,194,173,169,186,71,0,54,124,162,180,189,182,174,173,176,179,182,181,187,194,200,195,178,179,173,155,148,153,151,151,151,166,56,0,0,0,15,82,124,146,161,164,170,178,179,174,189,139,90,41,1,0,94,209,178,187,187,185,155,198,49,1,3,0,0,0,0,0,4,18,15,18,15,20,0,0,0,0,0,0,0,42,34,41,39,34,32,45,0,0,0,0,0,0,0,0,0,0,0,0,0,0,0,0,0,0,0,0,0,0,0,0,0,0,0,0,0,0,0,0,0,0,0,0,0,0,0,0,0,0,0,0,0,0,0,0,0,0,0,0,0,0,0,0,0,0,0,0,0,0,0,0,0,0,0,0,0,0,0,0,0,0,0,0,0,0,0,0,0,0,0,0,0,6
0,0,0,0,0,0,0,0,0,0,0,0,0,0,0,0,0,0,0,0,0,0,0,0,0,0,0,0,0,0,0,0,0,0,0,0,0,0,0,0,0,0,0,0,0,0,0,0,0,0,0,0,0,0,0,0,0,0,0,0,0,0,0,0,0,0,0,0,0,0,0,0,0,0,0,0,0,0,0,0,0,0,0,0,13,13,13,13,13,13,13,13,13,12,13,12,12,14,10,14,14,14,10,16,11,13,11,2,10,10,0,14,13,13,13,13,13,13,13,13,13,13,12,13,13,11,13,6,10,19,15,15,14,12,22,0,146,184,0,14,13,13,13,13,13,13,13,13,13,12,13,12,12,17,11,9,0,0,9,0,0,0,0,0,68,77,0,14,13,13,13,13,13,13,13,13,12,13,13,11,14,4,0,137,213,45,0,0,0,1,15,3,146,31,0,16,13,13,13,13,13,13,13,13,12,11,14,16,4,7,65,142,205,215,148,191,239,206,214,217,214,20,0,16,13,13,13,13,13,13,13,13,13,12,12,17,0,29,232,192,192,197,223,212,212,207,207,208,211,32,0,17,13,13,13,13,13,13,13,12,15,12,13,16,0,125,209,213,215,220,153,161,178,186,194,205,220,64,0,17,13,13,13,13,13,13,13,12,14,13,16,0,0,178,205,204,204,226,212,210,190,186,190,194,219,100,0,17,13,13,13,13,13,12,13,13,12,11,17,0,96,215,217,217,227,180,188,210,198,212,204,184,215,134,0,15,12,12,12,12,13,13,12,13,13,14,0,50,104,162,230,227,220,220,204,202,202,209,211,217,216,191,0,4,13,12,13,12,13,13,12,13,10,15,0,0,123,238,211,240,186,156,212,203,191,179,191,216,210,226,3,0,13,13,13,12,12,11,12,14,11,0,0,119,230,219,225,156,212,224,219,202,195,202,195,196,190,213,65,0,13,11,14,16,19,16,11,0,0,16,166,230,227,191,180,209,205,194,201,205,203,202,199,215,196,213,150,0,13,21,4,0,0,0,0,0,46,243,198,186,189,199,147,203,185,191,202,207,206,191,193,207,189,209,215,0,9,0,0,5,42,74,136,255,228,199,197,185,106,207,229,212,202,208,206,205,199,197,186,189,203,208,225,0,0,63,157,178,187,197,167,178,155,165,151,170,209,196,185,191,196,196,199,198,192,202,199,192,196,198,201,8,23,206,197,197,191,195,160,180,188,185,204,217,209,211,229,248,245,247,244,241,237,234,233,224,215,197,229,45,31,76,110,138,161,189,223,231,228,223,216,210,208,194,188,168,156,141,135,131,123,115,103,97,94,80,81,56,40,87,67,60,60,63,68,75,77,76,68,66,67,68,66,65,68,71,75,78,80,83,87,90,94,95,115,55,22,86,112,117,116,113,110,111,112,102,105,110,115,122,122,121,122,121,119,118,116,115,115,114,114,116,126,65,4,9,23,58,81,90,103,110,110,110,107,104,102,104,103,102,103,105,107,106,106,104,104,111,105,95,79,25,14,7,4,0,0,1,7,8,7,7,8,8,7,7,6,4,3,5,7,7,9,9,10,12,8,3,1,0,0,0,0,0,0,0,0,0,0,0,0,0,0,0,0,0,0,0,0,0,0,0,0,0,0,0,0,0,0,0,0,0,0,0,0,0,0,0,0,0,0,0,0,0,0,0,0,0,0,0,0,0,0,0,0,0,0,0,0,0,0,0,0,0,0,0,0,0,0,0,0,0,0,0,0,0,0,0,0,0,0,0,0,0,6
0,0,0,0,0,0,0,0,0,0,0,0,0,0,0,0,0,0,0,0,0,0,0,0,0,0,0,0,0,0,0,0,0,0,0,0,0,0,0,0,0,0,0,0,0,0,0,0,0,0,0,0,0,0,0,0,0,0,0,0,0,0,0,0,0,0,0,0,0,0,21,45,51,77,117,119,113,113,111,96,112,5,0,1,0,0,0,0,0,0,0,0,0,1,1,0,0,220,234,237,255,255,255,255,255,255,255,249,255,41,0,4,0,0,0,0,0,0,0,0,0,1,0,0,0,204,246,234,237,237,220,237,237,236,239,239,241,12,0,3,0,0,0,0,0,0,0,0,0,1,0,0,0,226,250,235,241,241,228,242,244,242,241,246,228,0,0,2,0,0,0,0,0,0,0,0,0,0,0,0,0,197,254,236,240,241,231,242,246,244,240,247,249,0,0,1,0,0,0,0,0,0,0,0,0,0,0,0,0,149,253,235,240,240,234,241,244,245,240,251,225,0,0,0,0,0,0,0,0,0,0,0,0,0,0,2,0,106,254,234,240,240,236,241,244,245,240,255,198,0,0,0,0,0,0,0,0,0,0,0,0,0,0,3,0,63,255,234,238,243,235,239,246,245,237,253,168,0,1,0,0,0,0,0,0,0,0,0,0,0,0,4,0,31,254,238,240,239,239,243,242,247,238,253,128,0,2,0,0,0,0,0,0,0,0,0,0,0,0,4,0,22,245,241,244,234,243,246,235,243,238,254,105,0,2,0,0,0,0,0,0,0,0,0,0,4,2,3,0,0,255,240,224,225,216,218,236,244,237,250,88,0,2,0,0,0,0,0,0,0,0,0,0,1,0,4,0,0,255,237,230,231,216,225,231,242,239,249,49,0,2,0,0,0,0,0,0,0,0,0,0,0,3,1,0,0,238,242,241,226,224,247,240,244,238,247,61,0,1,0,0,0,0,0,0,0,0,0,1,0,0,0,0,93,250,224,232,241,215,245,242,244,225,248,152,0,0,0,0,0,0,0,0,0,0,0,0,3,0,0,97,255,241,219,222,228,211,238,235,230,234,247,252,0,0,0,0,0,0,0,0,1,3,0,0,0,0,146,255,232,225,237,243,240,219,240,241,241,244,235,243,15,0,2,0,1,2,2,0,0,0,0,0,66,237,244,223,227,233,230,235,237,222,245,240,237,242,234,249,97,0,1,0,0,0,0,0,0,31,134,237,255,233,221,224,228,231,228,231,233,218,246,239,239,238,236,241,230,0,0,0,0,57,160,211,255,239,241,232,222,226,236,230,228,235,230,233,235,221,249,239,241,237,231,236,237,19,0,0,146,250,237,236,232,226,224,220,232,231,228,230,229,238,234,234,230,222,244,234,238,240,240,237,252,67,0,14,218,235,229,235,229,227,228,231,226,222,223,226,227,236,240,247,244,237,253,248,251,251,247,227,215,210,0,122,209,189,205,224,235,241,246,246,247,252,253,251,250,248,237,228,221,213,208,196,189,182,180,181,191,207,32,15,174,199,203,196,196,184,179,186,193,191,193,191,183,178,177,172,171,177,175,190,195,186,198,202,209,225,112,0,0,22,104,190,186,221,242,228,223,227,218,232,232,234,235,235,237,234,248,235,231,244,232,222,205,159,25,0,0,0,0,0,0,4,51,65,101,113,60,100,103,99,100,103,100,94,103,60,29,56,23,0,0,0,0,0,0,0,0,0,0,0,0,0,0,0,0,0,0,0,0,0,0,0,0,0,0,0,0,0,0,0,0,6
0,0,0,0,0,0,0,0,0,0,0,0,3,0,0,174,184,188,193,180,159,119,70,7,0,0,0,0,0,0,0,0,0,0,0,0,0,0,0,0,6,0,29,230,214,220,227,236,247,232,229,227,58,0,0,0,0,0,0,0,0,0,0,0,0,0,0,0,6,0,28,228,213,221,218,214,213,212,214,220,14,0,0,0,0,0,0,0,0,0,0,0,0,0,0,0,7,0,35,232,214,222,222,220,221,216,223,204,0,0,0,0,0,0,0,0,0,0,0,0,0,0,0,0,4,0,46,231,216,221,221,220,221,215,228,152,0,0,0,0,0,0,0,0,0,0,0,0,0,0,0,0,4,0,87,237,213,221,221,219,220,214,230,122,0,0,0,0,0,0,0,0,0,0,0,0,0,0,0,0,2,0,129,237,214,221,220,218,220,213,229,64,0,1,0,0,0,0,0,0,0,0,0,0,0,0,0,0,0,0,168,233,217,221,218,218,216,216,218,12,0,4,0,0,0,0,0,0,0,0,0,0,0,0,1,0,0,0,202,230,214,219,219,218,214,223,212,0,0,1,0,0,0,0,0,0,0,0,0,0,0,0,0,2,0,0,230,217,217,222,219,218,212,228,153,0,0,0,0,0,0,0,0,0,0,0,0,0,0,0,0,6,0,14,251,214,219,220,219,219,211,229,141,0,0,0,0,0,0,0,0,0,0,0,0,0,0,0,0,4,0,83,224,214,219,222,219,218,212,225,172,0,0,0,0,0,0,0,0,0,0,0,0,0,0,0,0,5,0,139,227,215,220,219,218,220,213,218,235,0,0,0,0,0,0,0,0,0,0,0,0,0,0,0,1,0,0,202,224,214,219,219,221,214,213,215,223,139,0,0,0,0,0,0,0,0,0,0,0,0,0,0,3,0,0,236,218,218,218,216,208,214,224,205,199,248,32,0,0,0,0,0,0,0,0,0,0,0,0,0,6,0,48,220,214,219,217,216,213,222,206,202,198,204,178,0,0,0,0,0,0,0,0,0,0,0,0,0,3,0,105,226,215,218,218,217,224,217,202,199,186,192,238,19,0,0,0,0,0,0,0,0,0,0,0,0,0,0,175,225,215,218,217,219,223,202,192,188,197,205,255,67,0,0,0,0,0,0,0,0,0,0,0,1,0,0,220,218,217,218,218,218,211,201,206,214,223,216,254,60,0,0,0,0,0,0,0,0,0,0,0,4,0,16,241,216,218,217,217,215,212,214,214,213,208,194,226,53,0,0,0,0,0,0,0,0,0,1,0,1,0,81,219,213,219,216,216,215,215,227,236,212,206,193,229,59,0,0,0,0,0,0,0,0,2,3,2,0,0,171,215,217,216,217,218,210,239,220,95,228,206,197,230,59,0,0,0,0,0,0,3,0,0,0,0,0,92,211,209,221,218,217,214,229,252,0,0,255,202,199,231,60,0,0,0,0,0,0,0,0,0,3,59,143,194,187,203,217,216,214,215,255,31,0,80,255,202,200,229,67,0,0,0,0,0,0,48,146,156,194,210,186,173,189,205,213,215,211,229,84,0,0,102,222,201,200,229,69,0,0,0,0,0,114,213,197,192,185,184,181,175,182,202,208,208,228,177,0,0,0,134,217,200,200,228,69,0,0,0,0,0,86,174,196,213,220,224,253,229,224,228,231,229,223,0,0,0,0,152,222,204,204,243,93,0,0,0,0,0,0,0,0,20,49,76,115,162,178,178,180,113,0,0,0,0,0,82,196,184,183,203,61,0,0,6
0,0,0,0,0,0,0,0,0,0,0,0,0,0,0,0,0,0,0,0,0,0,0,0,0,0,0,0,0,0,0,0,0,0,0,0,0,0,0,0,0,0,1,0,0,20,0,0,0,0,0,0,0,0,0,1,0,0,0,0,0,0,0,0,0,0,0,0,0,0,0,0,106,165,107,85,64,46,20,0,0,0,0,0,0,0,0,0,0,0,0,0,0,0,0,0,0,6,0,82,144,128,138,157,161,158,180,172,149,109,68,9,0,0,0,0,0,0,0,0,0,0,0,0,0,2,0,86,125,126,133,153,151,147,148,152,152,155,168,79,0,0,0,0,0,0,0,0,0,1,0,0,2,0,7,139,123,143,166,143,166,163,181,170,159,148,159,38,0,0,0,0,0,0,0,0,0,0,0,0,2,0,29,173,122,163,120,107,167,135,131,147,158,153,173,6,0,0,0,0,0,0,0,0,0,0,0,0,2,0,29,128,109,147,152,155,166,115,119,124,132,138,173,5,0,0,0,0,0,0,0,0,0,0,0,0,4,0,91,180,144,139,154,174,159,165,181,193,159,158,160,0,0,0,0,0,0,0,0,0,0,0,0,0,4,0,81,144,144,161,171,185,189,188,168,152,143,154,114,0,0,0,0,0,0,0,0,0,0,0,0,1,1,0,76,129,133,127,148,173,168,192,147,126,143,159,101,0,0,0,0,0,0,0,0,0,0,1,0,1,0,0,105,128,133,144,178,166,153,155,162,154,132,160,74,0,0,0,0,0,0,0,0,0,0,1,0,2,0,16,129,125,125,126,129,126,140,147,146,151,151,191,91,0,1,0,0,0,0,0,0,0,0,0,1,3,0,53,138,146,145,143,142,141,142,132,144,129,125,143,138,0,0,0,0,0,0,0,0,0,0,0,2,0,4,104,106,111,159,161,157,157,159,147,144,144,140,148,144,0,0,0,0,0,0,0,0,1,0,0,1,0,56,106,91,144,110,149,168,172,178,186,204,207,175,167,134,0,0,0,0,0,0,0,0,0,0,4,0,1,105,123,114,144,92,153,154,148,170,153,143,133,121,147,135,0,0,0,0,0,0,0,0,0,1,0,0,68,120,104,139,161,127,155,113,100,113,144,141,139,144,143,160,13,0,0,1,2,2,1,3,1,0,0,62,101,112,133,127,160,178,179,157,132,141,128,131,130,145,148,184,35,0,1,0,0,0,0,0,0,12,84,99,110,128,119,126,123,134,155,181,204,177,121,126,148,151,152,198,51,2,0,0,26,38,24,15,36,91,89,79,124,125,131,145,139,133,130,133,131,128,128,109,136,144,148,182,21,0,27,108,94,104,102,88,85,80,77,110,119,135,123,127,134,129,107,111,127,149,161,161,170,183,188,211,17,0,116,135,97,106,114,108,96,103,116,123,122,124,139,123,101,115,163,208,203,205,201,197,195,193,191,225,51,14,143,143,141,125,115,99,104,114,125,126,120,128,112,111,162,205,229,161,197,197,199,203,202,200,201,201,47,91,194,189,180,163,153,132,131,126,123,112,110,132,160,197,198,131,0,0,213,204,204,201,201,202,203,208,54,0,37,132,163,190,195,200,224,214,202,190,200,194,236,177,20,0,0,8,254,202,201,234,232,225,189,230,76,0,0,0,0,17,49,92,140,158,164,175,158,116,42,0,0,0,0,0,35,26,25,9,7,0,4,0,0,0,0,0,0,0,0,0,0,0,0,0,0,0,0,0,0,0,0,0,0,0,0,0,0,0,0,0,0,6
0,0,0,0,0,0,0,0,0,0,0,0,0,0,0,0,0,0,0,0,0,0,0,0,0,0,0,0,0,0,0,0,0,0,0,0,0,0,0,0,0,0,0,0,0,0,0,0,0,0,0,0,0,0,0,0,0,0,0,0,0,0,0,0,0,0,0,0,0,0,0,0,0,0,0,0,0,0,0,0,0,0,0,0,0,0,0,0,0,0,0,0,0,0,0,0,0,0,0,0,0,0,0,0,0,0,0,0,0,0,0,0,0,0,0,0,0,0,0,0,0,0,0,0,0,0,0,0,0,0,0,0,0,0,0,0,0,0,0,0,0,0,0,0,0,0,0,0,0,0,0,2,0,0,105,113,114,104,74,56,43,26,0,0,0,0,0,0,0,0,0,0,0,0,0,0,0,0,0,4,0,15,237,207,217,255,250,253,252,239,230,210,170,119,70,0,0,0,0,0,0,0,0,0,0,0,1,2,0,15,179,182,205,204,205,203,193,192,196,196,203,212,169,0,0,0,0,0,0,0,0,0,0,1,1,2,0,37,195,185,207,222,219,213,187,188,193,186,186,185,140,0,0,0,0,0,0,0,0,0,0,0,0,0,0,199,194,199,215,186,231,209,226,198,188,195,186,196,109,0,0,0,0,0,0,0,0,0,0,0,5,0,31,191,189,207,163,123,125,153,100,224,214,201,208,198,164,0,0,0,0,0,0,0,0,0,0,0,5,0,74,206,199,206,202,68,178,54,84,255,179,216,190,201,231,0,0,0,0,0,0,0,0,0,0,2,3,0,5,208,201,211,254,174,16,107,255,183,226,193,207,197,197,5,0,0,0,0,0,0,0,0,0,0,0,0,112,202,188,223,208,235,202,242,201,203,214,208,211,212,228,0,0,0,0,0,0,0,0,1,0,0,0,63,231,190,215,206,198,197,218,196,207,212,196,192,184,203,123,0,0,0,0,0,0,0,2,0,0,0,80,184,193,202,215,202,213,216,223,241,203,143,149,193,198,185,154,0,0,1,3,3,2,1,0,0,27,131,173,181,199,205,195,199,178,166,127,72,28,107,191,202,194,180,197,10,2,0,0,0,0,0,0,107,173,123,180,142,208,221,179,176,170,144,106,88,155,206,211,206,187,183,203,51,0,1,34,35,66,95,128,94,35,140,76,6,89,194,205,182,189,198,195,219,210,201,200,193,188,189,197,77,0,141,159,108,56,38,43,37,76,73,38,3,111,197,218,210,204,209,211,218,215,203,179,184,183,177,192,86,0,150,175,188,196,191,179,135,113,118,189,202,232,218,218,217,211,205,203,199,206,204,185,196,202,194,196,67,73,173,176,183,190,208,218,221,221,221,210,207,204,200,201,204,205,208,201,194,190,205,195,194,190,177,175,32,52,152,168,168,178,181,191,193,196,198,199,210,210,215,214,210,204,188,177,201,181,187,191,194,197,192,226,91,0,0,30,53,109,119,130,133,132,128,117,96,83,49,30,7,0,0,0,142,142,115,111,104,95,85,101,32,0,0,0,0,0,0,0,0,0,0,0,0,0,0,0,0,0,0,0,0,0,0,0,0,0,0,0,0,0,0,0,0,0,0,0,0,0,0,0,0,0,0,0,0,0,0,0,0,0,0,0,0,0,0,0,0,0,0,0,0,0,0,0,0,0,0,0,0,0,0,0,0,0,0,0,0,0,0,0,0,0,0,0,0,0,0,0,0,0,0,0,0,0,0,0,0,0,0,0,0,0,0,0,0,0,0,0,0,0,0,0,0,6
0,0,0,0,0,0,0,0,0,0,0,0,0,0,0,0,0,0,0,0,0,0,0,0,0,0,0,0,0,0,0,0,0,0,0,0,0,0,0,0,0,0,0,0,0,0,0,0,0,0,0,0,0,0,0,0,0,0,0,0,0,0,0,0,0,0,0,0,0,0,0,0,0,0,0,0,0,0,0,0,0,0,0,0,0,0,0,0,0,0,0,0,0,0,0,0,0,0,0,0,0,0,0,0,0,0,0,0,0,0,0,0,0,0,0,0,0,0,0,0,0,0,0,0,0,0,0,0,0,0,0,0,0,0,0,0,0,0,0,0,0,0,0,0,0,0,0,0,0,0,0,0,0,0,0,0,0,0,0,0,0,0,0,0,0,0,0,0,0,0,0,0,0,0,0,0,0,0,0,0,0,0,0,0,38,57,0,0,0,0,0,0,0,68,15,0,0,0,0,0,0,0,0,0,0,1,2,0,0,2,0,83,213,226,208,33,37,22,7,9,99,216,7,0,0,0,0,0,0,0,0,0,0,1,0,1,0,0,62,216,207,213,220,233,255,255,223,222,241,207,0,0,0,0,0,0,0,0,0,0,1,2,0,0,0,3,248,211,207,216,214,221,220,223,220,219,221,202,0,0,0,0,0,0,0,0,0,0,0,0,1,0,0,180,214,201,212,211,217,227,220,220,220,226,220,231,34,0,0,0,0,0,0,1,0,0,0,0,0,0,82,252,198,205,213,219,222,225,223,222,225,221,217,238,92,0,0,0,0,0,1,0,2,0,0,1,0,16,242,205,201,208,220,219,223,224,221,222,219,222,214,230,193,0,0,0,2,3,4,4,3,0,3,0,0,212,212,204,210,212,218,216,220,221,218,219,216,216,214,220,253,0,2,2,0,0,0,0,0,0,0,0,181,229,194,206,206,210,217,213,219,220,218,218,218,217,217,217,255,27,0,0,0,5,7,0,0,0,73,196,229,184,192,201,208,215,222,216,221,224,216,218,219,219,223,221,255,22,0,116,170,175,193,226,227,226,229,214,194,202,203,215,214,212,217,219,212,215,216,229,229,222,219,215,239,14,77,214,182,189,206,202,203,204,199,204,212,214,219,218,217,214,213,215,236,249,233,210,208,200,191,181,216,30,13,141,208,226,216,213,208,207,208,209,213,214,217,221,211,216,229,255,236,143,193,200,196,195,195,189,217,43,0,0,40,143,194,218,223,222,216,215,215,214,216,219,230,228,183,73,0,0,184,207,197,197,194,184,190,58,0,0,0,0,0,74,160,216,213,224,231,231,227,208,179,52,0,0,0,0,230,226,217,217,213,208,206,96,0,1,4,0,0,0,0,0,23,59,90,87,56,7,0,0,0,1,1,0,97,120,87,74,50,42,31,0,0,0,0,0,3,1,0,0,0,0,0,0,0,0,2,3,1,0,0,0,0,0,0,0,0,0,0,0,0,0,0,0,0,0,0,0,0,0,0,0,0,0,0,0,0,0,0,0,0,0,0,0,0,0,0,0,0,0,0,0,0,0,0,0,0,0,0,0,0,0,0,0,0,0,0,0,0,0,0,0,0,0,0,0,0,0,0,0,0,0,0,0,0,0,0,0,0,0,0,0,0,0,0,0,0,0,0,0,0,0,0,0,0,0,0,0,0,0,0,0,0,0,0,0,0,0,0,0,0,0,0,0,0,0,0,0,0,0,0,0,0,0,0,0,0,0,0,0,0,0,0,0,0,0,0,0,0,0,0,0,0,0,0,0,0,0,0,0,6
0,0,0,0,0,0,0,0,0,0,0,0,0,0,0,0,0,0,0,0,0,0,0,0,0,0,0,0,0,0,0,0,0,0,0,0,0,0,0,0,0,0,0,0,0,0,0,0,0,0,0,0,0,0,0,0,0,0,0,0,0,0,0,0,0,0,0,0,0,0,0,0,0,0,0,0,0,0,0,0,0,0,0,0,0,0,0,0,0,0,0,0,0,0,0,0,0,0,0,0,0,0,0,0,0,0,0,0,0,0,0,0,0,0,0,0,0,0,0,0,0,0,0,0,0,0,1,0,0,8,0,0,0,0,0,0,0,16,67,93,0,0,0,0,0,0,0,0,0,0,0,0,0,0,0,17,0,0,0,0,4,6,0,0,0,104,5,90,0,0,0,0,0,0,0,0,0,0,0,0,1,0,0,175,207,100,0,0,0,0,0,0,0,194,43,0,0,0,0,0,0,0,0,0,0,0,0,0,0,0,0,182,232,212,176,182,170,152,117,100,219,234,9,0,0,0,0,0,0,0,0,0,0,0,0,0,1,0,0,200,220,211,212,215,225,229,232,234,235,210,0,0,0,0,0,0,0,0,0,0,0,0,0,0,1,0,0,219,219,215,193,200,205,201,213,218,229,196,0,0,0,0,0,0,0,0,0,0,0,0,0,0,0,0,69,255,211,214,209,210,211,215,218,222,236,199,0,0,0,0,0,0,0,0,0,0,0,0,0,1,0,0,166,220,211,214,208,212,213,215,222,224,238,199,0,0,0,0,0,0,0,0,0,0,0,0,0,0,0,60,250,212,225,214,211,213,212,210,218,225,230,245,0,0,0,0,0,0,0,0,0,0,0,0,3,0,0,219,222,211,224,216,210,214,213,214,219,228,216,230,44,0,0,0,0,0,0,0,0,0,0,0,0,0,219,231,198,214,224,216,211,215,215,218,216,223,217,230,120,0,0,0,2,4,4,4,1,0,0,0,11,216,226,193,222,218,225,217,211,215,215,219,226,223,216,224,209,0,2,2,0,0,0,0,0,0,0,83,229,211,187,211,220,222,225,216,212,216,219,227,223,218,214,213,246,11,0,0,9,59,49,34,39,94,192,244,198,190,214,215,222,220,226,218,213,222,228,224,224,225,225,213,249,25,0,72,155,176,200,239,232,224,205,181,201,213,218,220,222,220,227,229,220,219,228,221,220,223,221,210,234,11,21,192,189,176,184,193,192,186,199,199,219,221,215,213,224,225,229,224,227,229,234,236,232,231,229,217,241,14,83,204,220,220,216,214,212,208,204,203,204,202,215,216,228,235,244,255,255,237,217,211,203,204,203,199,221,5,0,15,144,187,211,223,228,224,221,221,219,223,229,235,244,237,220,137,17,187,205,201,197,198,197,190,210,0,0,0,0,0,66,128,188,226,246,253,255,255,251,232,150,42,0,0,0,245,255,245,255,251,245,202,252,41,0,1,0,0,0,0,0,0,22,45,45,43,49,0,0,0,0,0,0,49,37,33,28,22,22,24,13,0,0,0,0,0,0,0,0,0,0,0,0,0,0,0,0,0,0,0,0,0,0,0,0,0,0,0,0,0,0,0,0,0,0,0,0,0,0,0,0,0,0,0,0,0,0,0,0,0,0,0,0,0,0,0,0,0,0,0,0,0,0,0,0,0,0,0,0,0,0,0,0,0,0,0,0,0,0,0,0,0,0,0,0,0,0,0,0,0,0,0,0,0,0,0,0,0,0,0,0,0,0,0,0,0,0,0,0,0,0,0,0,0,6
0,0,0,0,0,0,0,0,0,0,0,0,0,0,0,0,0,0,0,0,0,0,0,0,0,0,0,0,0,0,0,0,0,0,0,0,0,0,0,0,0,0,2,0,3,0,3,4,3,2,2,6,0,113,56,0,0,0,0,0,0,0,0,0,0,0,0,0,0,2,0,3,0,0,0,0,0,0,0,0,0,94,100,0,0,0,0,0,0,0,0,0,0,0,0,0,0,1,1,0,0,116,118,41,10,8,1,7,0,69,95,0,0,0,0,0,0,0,0,0,0,0,0,0,0,0,6,0,86,169,141,131,172,142,167,141,135,149,56,0,0,0,0,0,0,0,0,0,0,0,0,0,0,0,0,0,119,151,134,120,131,132,130,134,139,155,23,0,0,0,0,0,0,0,0,0,0,0,0,0,0,1,0,0,131,141,143,121,144,145,140,142,139,157,22,0,0,0,0,0,0,0,0,0,0,0,0,0,0,1,0,0,129,154,144,123,146,144,142,138,141,160,20,0,0,0,0,0,0,0,0,0,0,0,0,0,0,1,0,0,153,149,147,127,150,142,139,142,144,154,13,0,0,0,0,0,0,0,0,0,0,0,0,0,0,1,0,0,136,152,147,128,142,137,145,144,140,149,5,0,0,0,0,0,0,0,0,0,0,0,0,0,0,3,0,41,140,154,125,132,137,133,142,141,140,146,0,0,0,0,0,0,0,0,0,0,0,0,0,0,0,5,0,78,148,153,105,141,136,141,142,140,141,149,0,0,0,0,0,0,0,0,0,0,0,0,0,0,4,0,1,160,155,137,113,147,134,149,145,136,141,159,4,0,0,0,0,0,0,0,0,0,0,0,0,4,0,0,151,148,167,109,127,144,144,146,140,134,136,170,10,0,0,0,0,0,0,0,0,0,0,0,3,0,0,122,139,163,134,118,139,144,139,140,148,130,143,181,65,0,0,0,0,0,0,0,0,0,0,1,0,0,109,149,148,140,97,140,144,148,139,142,138,141,179,186,134,0,0,0,0,0,0,0,0,0,3,6,0,105,155,113,169,185,109,122,136,156,151,144,166,119,123,160,169,5,0,1,4,4,2,3,5,0,0,0,31,128,95,130,197,241,166,156,112,104,115,124,111,2,200,201,179,38,3,0,0,0,0,0,0,0,26,94,132,105,119,168,179,188,211,253,204,121,77,65,16,194,225,203,173,77,0,0,51,69,73,82,100,133,130,81,112,160,194,204,213,225,221,215,218,216,224,205,207,255,208,159,173,92,0,113,153,121,116,89,83,41,0,41,131,175,206,211,210,229,237,241,247,236,200,158,127,139,130,91,150,36,25,161,150,143,136,104,104,132,141,164,170,194,188,211,226,226,219,154,122,119,126,126,136,143,151,173,223,66,152,187,182,176,175,188,175,176,165,183,204,211,217,212,213,192,177,188,211,223,227,224,228,230,231,215,224,157,191,218,198,194,195,194,187,191,190,197,201,194,184,189,202,205,208,215,212,211,213,214,214,215,217,216,226,142,41,137,206,226,224,219,212,209,203,203,202,203,206,210,215,225,232,226,220,220,207,216,212,214,214,209,220,163,0,0,0,74,157,174,206,219,226,229,229,230,228,223,207,207,117,19,23,235,237,228,229,229,231,230,240,188,1,0,0,0,0,0,0,31,51,67,83,82,66,45,0,0,0,0,0,4,107,91,102,99,91,79,80,20,0,0,0,0,0,0,0,0,0,0,0,0,0,0,0,0,0,0,0,0,0,0,0,0,0,0,0,0,6
0,0,0,0,0,0,0,0,0,0,0,0,0,0,0,0,0,0,0,0,0,0,0,0,0,0,0,0,0,0,0,0,0,0,0,0,0,0,0,0,0,0,0,0,0,0,0,0,0,0,0,0,0,0,0,0,0,0,0,0,0,0,0,0,0,0,0,0,0,0,0,0,0,0,0,0,0,0,0,0,0,0,0,0,0,0,0,0,0,0,0,0,0,0,0,0,0,0,0,0,0,0,0,0,0,0,0,0,0,0,0,0,0,0,0,0,0,0,0,0,0,0,0,0,0,0,0,0,0,0,0,0,0,0,0,0,0,0,0,0,0,0,0,0,0,0,0,0,0,0,0,0,0,0,0,0,0,0,0,0,0,0,0,0,0,0,0,0,0,0,0,0,0,0,0,0,0,0,0,0,0,0,0,0,2,0,5,0,0,0,0,0,0,0,33,19,0,0,0,0,0,0,0,0,0,0,0,0,0,1,1,1,0,0,224,214,93,48,29,0,0,0,122,65,0,0,0,0,0,0,0,0,0,0,0,0,0,1,0,4,0,23,241,238,233,237,234,208,217,227,179,0,0,0,0,0,0,0,0,0,0,0,0,0,0,0,0,7,0,115,244,227,211,216,225,223,230,255,197,0,0,0,0,0,0,0,0,0,0,0,0,0,0,0,0,0,0,219,240,227,210,224,226,223,230,250,125,0,0,0,0,0,0,0,0,0,0,0,0,0,0,0,1,0,49,255,234,226,208,220,226,220,234,251,64,0,0,0,0,0,0,0,1,0,0,0,0,0,0,5,0,0,229,240,230,222,212,222,227,227,241,252,72,0,0,0,0,0,1,1,0,0,0,0,0,7,1,0,0,181,242,225,238,216,218,226,223,234,239,255,90,0,0,0,0,2,3,3,4,8,5,0,0,0,0,0,192,255,219,231,235,211,223,228,217,243,237,254,177,0,0,0,5,0,0,0,0,0,0,0,0,12,146,254,236,222,228,234,227,206,218,222,221,246,241,240,255,0,3,0,0,0,0,0,0,14,42,107,186,255,237,227,220,238,233,230,231,221,227,229,232,243,243,234,255,50,0,0,108,199,201,204,253,255,229,230,227,222,224,226,230,233,235,235,236,236,234,234,231,234,236,231,255,71,0,126,225,213,221,226,224,222,223,222,219,225,234,231,227,226,228,232,238,236,237,241,238,238,239,226,255,96,55,241,214,192,190,208,216,224,232,234,236,237,237,238,243,246,240,232,229,236,238,230,221,216,213,200,238,47,3,171,209,223,222,220,221,218,216,214,220,224,223,217,213,219,230,238,249,233,208,205,208,206,206,199,238,80,0,0,24,116,203,242,255,254,249,240,241,239,233,224,247,254,229,208,161,182,251,213,224,215,214,200,247,155,0,0,0,0,0,0,53,96,143,172,175,184,187,191,174,53,0,0,0,0,224,204,198,204,197,188,211,97,0,0,0,0,0,0,0,0,0,0,0,0,0,0,0,0,0,0,0,0,0,0,0,0,0,0,0,0,0,0,0,0,0,0,0,0,0,0,0,0,0,0,0,0,0,0,0,0,0,0,0,0,0,0,0,0,0,0,0,0,0,0,0,0,0,0,0,0,0,0,0,0,0,0,0,0,0,0,0,0,0,0,0,0,0,0,0,0,0,0,0,0,0,0,0,0,0,0,0,0,0,0,0,0,0,0,0,0,0,0,0,0,0,0,0,0,0,0,0,0,0,0,0,0,0,0,0,0,0,0,0,0,0,0,0,0,0,0,0,0,6
0,0,0,0,0,0,0,0,0,0,0,0,0,0,0,0,0,0,0,0,0,0,0,0,0,0,0,0,0,0,0,0,0,0,0,0,0,0,0,0,0,0,0,0,0,0,0,0,0,0,0,0,0,0,0,0,0,0,0,0,0,0,0,0,0,0,0,0,0,0,0,0,0,0,0,0,0,0,0,0,0,0,0,0,0,0,0,0,0,0,0,0,0,0,0,0,0,0,0,0,0,0,0,0,0,0,0,0,0,0,0,0,0,0,0,0,0,0,0,0,0,0,0,0,0,0,0,0,0,0,0,0,0,0,0,0,0,0,0,0,0,0,0,0,0,0,0,0,0,0,0,0,0,0,1,0,0,94,37,0,0,0,0,0,0,0,0,0,0,0,0,0,0,0,0,0,0,0,0,0,0,0,3,0,6,187,165,129,75,32,0,0,0,87,75,0,0,0,0,0,0,0,0,0,0,0,0,0,0,0,0,0,174,157,197,210,215,204,200,183,131,147,44,0,0,0,0,0,0,0,0,0,0,0,0,0,0,5,0,5,166,185,204,188,194,194,199,199,195,196,0,0,0,0,0,0,0,0,0,0,0,0,0,0,1,0,0,181,190,202,213,192,192,194,197,189,179,159,0,0,0,0,0,0,0,0,0,0,0,0,0,0,2,0,0,210,182,204,195,206,204,209,206,203,200,171,0,0,0,0,0,0,0,0,0,0,0,0,0,3,0,0,185,187,167,196,200,208,189,186,193,194,193,145,0,0,0,0,0,1,0,0,0,1,0,0,2,0,0,89,217,176,186,204,197,199,202,176,168,188,193,164,0,0,1,0,0,0,0,0,0,0,0,1,0,0,102,222,183,196,186,187,193,188,194,175,171,193,202,220,0,0,0,0,0,1,2,2,2,2,5,0,0,126,208,160,174,195,166,163,180,189,189,174,176,202,211,215,11,0,0,0,1,0,0,0,0,0,0,0,59,217,170,175,161,179,186,181,197,202,195,204,221,223,217,224,53,0,2,0,0,0,0,0,0,0,46,108,160,159,159,157,189,170,179,188,196,196,214,216,200,222,220,229,122,0,0,0,90,103,180,173,153,185,201,179,167,161,160,187,200,188,194,201,203,218,223,203,203,232,227,227,161,0,0,115,210,121,31,30,36,108,174,171,185,181,190,199,188,176,193,202,217,217,220,236,238,220,216,225,165,0,19,164,190,218,206,171,122,138,156,187,209,232,255,246,210,186,180,170,194,206,211,221,216,217,220,224,172,0,74,171,167,175,194,222,229,208,207,222,237,236,227,194,193,222,234,213,218,231,232,221,221,220,210,200,236,53,0,110,172,185,188,183,188,199,209,209,210,204,209,214,213,210,214,215,230,190,174,187,176,173,158,168,167,65,0,0,3,55,168,190,218,221,209,214,202,215,211,221,213,210,185,156,94,220,236,216,215,218,209,216,229,91,1,0,0,0,0,0,19,43,55,115,108,97,139,116,13,0,0,0,0,96,122,88,96,101,88,102,68,0,0,0,0,0,0,0,0,0,0,0,0,0,0,0,0,0,0,0,0,0,0,0,0,0,0,0,0,0,0,0,0,0,0,0,0,0,0,0,0,0,0,0,0,0,0,0,0,0,0,0,0,0,0,0,0,0,0,0,0,0,0,0,0,0,0,0,0,0,0,0,0,0,0,0,0,0,0,0,0,0,0,0,0,0,0,0,0,0,0,0,0,0,0,0,0,0,0,0,0,0,0,0,0,0,0,0,0,0,0,0,0,0,6
0,0,0,0,0,0,0,0,0,0,0,0,0,0,0,0,0,0,0,0,0,0,0,0,0,0,0,0,0,0,0,0,0,0,0,0,0,0,0,0,0,0,0,0,0,0,0,0,0,0,0,0,0,0,0,0,0,0,0,0,0,0,0,0,0,0,0,0,0,0,0,0,0,0,0,0,0,0,0,0,0,0,0,0,0,0,0,0,0,0,0,0,0,0,0,0,0,0,0,0,0,0,0,0,0,0,0,0,0,0,0,0,0,0,0,0,0,0,0,0,0,0,0,0,0,0,0,0,101,124,9,0,0,0,1,1,0,0,0,0,0,0,0,0,0,0,0,0,0,0,0,0,0,2,0,0,115,213,212,10,0,0,0,0,3,1,0,0,0,0,0,0,0,0,0,0,0,0,0,0,0,3,0,42,146,178,204,169,0,0,0,0,0,0,0,0,0,0,0,0,0,0,0,0,0,0,0,0,0,1,0,111,198,159,119,217,149,122,128,119,91,95,5,0,0,0,0,0,0,0,0,0,0,0,0,0,0,2,0,112,220,186,180,185,167,185,156,149,142,140,18,0,0,0,0,0,0,0,0,0,0,0,0,0,0,0,0,106,200,122,160,154,91,133,138,137,148,99,0,0,0,0,0,0,0,0,0,0,0,0,0,0,1,0,39,255,211,231,230,209,155,142,131,125,139,96,0,0,0,0,0,0,0,0,0,0,0,1,0,3,0,0,172,162,149,194,203,225,229,225,216,195,194,163,0,0,0,0,0,0,0,0,0,0,0,2,0,0,0,42,226,185,178,200,202,205,211,210,208,200,203,189,0,0,0,0,0,0,0,0,0,0,0,0,0,0,180,214,156,180,202,229,214,212,211,210,202,199,198,183,0,0,0,0,0,0,0,0,1,1,2,0,32,210,168,172,203,169,190,227,211,213,215,212,202,201,198,205,37,0,0,0,4,7,3,0,0,0,0,0,183,159,169,181,215,223,232,217,214,215,209,205,213,208,198,209,84,0,1,0,0,0,0,0,0,0,32,131,179,165,208,196,191,207,213,211,214,215,211,216,203,187,183,189,123,0,0,0,38,95,114,128,151,162,150,143,193,192,203,210,209,211,214,214,214,209,210,212,193,184,179,190,166,0,0,22,154,127,127,130,105,96,96,147,204,202,202,201,211,216,212,206,205,201,208,202,188,192,189,186,177,0,0,101,206,179,150,131,117,142,167,158,149,177,190,207,211,201,198,200,206,208,225,215,212,217,201,200,197,0,31,99,118,166,200,210,211,207,199,198,205,207,211,215,215,209,201,204,199,188,185,164,170,171,166,158,151,24,16,111,130,111,119,132,147,157,169,183,187,185,188,164,150,140,150,158,139,150,124,120,104,96,94,96,113,51,0,0,23,92,140,137,148,153,133,125,132,124,123,142,138,107,71,34,15,144,164,149,172,173,167,152,159,49,1,0,0,0,0,0,18,49,39,48,90,51,22,30,4,0,0,0,0,9,9,0,34,35,31,28,20,0,0,0,0,0,0,0,0,0,0,0,0,0,0,0,0,0,0,0,0,0,0,0,0,0,0,0,0,0,0,0,0,0,0,0,0,0,0,0,0,0,0,0,0,0,0,0,0,0,0,0,0,0,0,0,0,0,0,0,0,0,0,0,0,0,0,0,0,0,0,0,0,0,0,0,0,0,0,0,0,0,0,0,0,0,0,0,0,0,0,0,0,0,0,0,0,0,0,0,0,0,0,0,0,0,0,0,0,0,0,0,0,0,6
0,0,0,0,0,0,0,0,0,0,0,0,0,0,0,0,0,0,0,0,0,0,0,0,0,0,0,0,0,0,0,0,0,0,0,0,0,0,0,0,0,0,0,0,0,0,0,0,0,0,0,0,0,0,0,0,0,0,0,0,0,0,0,0,0,0,0,0,0,0,0,0,0,0,0,0,0,0,0,0,0,0,0,0,0,0,0,0,0,0,0,0,0,0,0,0,0,0,0,0,0,0,0,0,0,0,0,0,0,0,0,0,0,0,0,0,0,0,0,0,0,0,0,0,0,0,0,0,0,0,0,0,0,0,0,0,0,0,0,0,0,0,0,0,0,0,0,0,0,0,0,0,0,0,0,0,23,27,37,113,114,122,104,58,61,45,67,0,0,0,0,0,0,0,0,0,0,0,0,0,0,1,0,3,81,85,83,238,222,231,228,108,136,157,181,0,0,0,0,0,0,0,0,0,0,0,0,0,0,4,0,14,89,71,77,192,197,209,199,90,110,119,142,0,0,0,0,0,0,0,0,0,0,0,0,0,0,0,0,37,90,82,86,217,200,217,194,93,114,131,136,0,0,0,0,0,0,0,0,0,0,0,0,0,0,0,0,66,68,76,91,217,202,216,195,87,107,147,107,0,0,0,0,0,0,0,0,0,0,0,0,0,1,0,24,79,77,79,99,221,204,217,198,85,118,144,52,0,0,0,0,0,0,0,0,0,0,0,0,1,0,0,58,77,86,79,104,225,205,220,196,85,114,145,65,0,0,0,0,0,0,0,0,0,0,0,0,0,0,37,89,87,90,85,109,226,205,220,184,83,112,140,73,0,0,0,1,0,0,0,0,0,0,0,1,0,22,91,94,85,94,85,107,227,205,221,176,83,120,122,113,0,0,0,0,0,0,0,0,0,0,1,0,9,78,71,75,93,105,81,112,231,204,221,174,77,121,105,140,6,1,0,0,0,0,0,1,2,0,0,2,56,66,66,78,93,97,72,115,239,203,219,162,86,122,104,144,44,1,1,1,3,3,2,0,0,0,13,54,64,70,88,85,80,89,71,131,211,199,214,154,89,120,108,130,71,1,0,0,0,0,0,0,5,35,78,80,80,98,91,100,100,101,72,168,218,206,255,137,72,100,103,121,79,0,0,4,18,28,35,48,68,83,78,71,89,96,89,90,98,104,86,142,203,157,120,85,98,117,123,128,88,7,60,72,79,72,76,78,76,78,70,78,93,96,99,111,119,111,105,94,68,59,72,80,69,75,83,108,59,104,93,73,47,48,60,67,69,79,85,96,99,117,109,103,94,89,107,153,151,135,137,153,151,176,178,197,67,62,119,145,143,132,120,104,76,65,73,88,117,128,146,165,184,192,246,192,172,228,221,222,219,211,217,190,0,0,0,4,60,131,171,154,166,167,173,186,183,168,186,149,79,20,0,0,34,236,222,220,217,220,230,150,0,0,0,0,0,0,0,0,0,6,22,18,0,0,0,0,0,0,0,0,7,77,55,62,58,56,58,12,0,0,0,0,0,0,0,0,0,0,0,0,0,0,0,0,0,0,0,0,0,0,0,0,0,0,0,0,0,0,0,0,0,0,0,0,0,0,0,0,0,0,0,0,0,0,0,0,0,0,0,0,0,0,0,0,0,0,0,0,0,0,0,0,0,0,0,0,0,0,0,0,0,0,0,0,0,0,0,0,0,0,0,0,0,0,0,0,0,0,0,0,0,0,0,0,0,0,0,0,0,0,0,0,0,0,0,0,0,0,0,0,0,6
0,0,0,0,0,0,0,0,0,0,0,0,0,0,0,0,0,0,0,0,0,0,0,0,0,0,0,0,0,0,0,0,0,0,0,0,0,0,0,0,0,0,0,0,0,0,0,0,0,0,0,0,0,0,0,0,0,0,0,0,0,0,0,0,0,0,0,0,0,0,0,0,0,0,0,0,0,0,0,0,0,0,0,0,0,0,0,0,0,0,0,0,0,0,0,0,0,3,0,0,0,0,0,42,61,95,130,138,107,60,34,0,0,0,0,0,0,0,0,0,0,0,0,0,0,0,0,15,103,212,255,255,255,255,255,255,251,247,242,104,0,0,0,0,0,0,0,0,0,0,0,2,0,0,183,241,234,217,244,242,230,244,242,236,235,229,229,36,0,0,0,0,0,0,0,0,0,0,0,4,0,2,200,198,115,158,212,233,168,170,234,243,234,254,147,0,0,0,0,0,0,0,0,0,0,0,0,5,0,20,198,204,146,228,237,227,224,217,232,217,199,234,66,0,0,0,0,0,0,0,0,0,0,0,0,3,0,93,232,215,189,204,229,222,222,225,219,214,196,240,73,0,0,0,0,0,0,0,0,0,0,0,1,0,0,107,210,181,205,211,207,210,212,219,216,215,201,252,63,0,0,0,0,0,0,0,0,0,0,0,0,0,0,180,249,237,241,230,231,235,228,224,208,194,179,245,64,0,0,0,0,0,0,0,0,0,0,0,1,0,24,251,240,249,247,247,247,243,237,239,241,239,224,240,50,0,0,0,0,0,0,0,0,0,0,3,0,0,164,244,237,228,231,231,237,238,240,247,244,243,233,255,138,0,0,0,0,0,0,0,0,0,0,0,0,11,255,227,213,215,227,232,242,241,240,242,234,239,231,245,236,0,0,0,0,0,0,0,0,0,0,8,0,149,225,195,213,234,235,242,241,240,237,237,233,242,239,235,255,15,0,0,0,0,0,0,0,0,0,0,16,246,217,228,245,242,236,240,241,238,232,232,238,238,239,232,255,76,0,0,0,0,2,0,0,0,0,0,175,234,220,234,235,233,240,241,241,237,236,233,240,234,225,222,255,123,0,0,0,0,0,0,1,0,0,67,255,217,227,231,234,236,238,236,241,234,231,239,231,235,232,221,255,97,0,0,0,0,0,3,0,0,14,233,216,234,238,235,237,237,238,238,240,229,230,238,246,250,253,231,235,0,0,0,0,2,1,0,0,34,180,221,225,232,241,238,237,238,239,231,232,253,255,246,232,223,206,203,185,0,0,4,0,0,0,0,68,213,190,222,225,232,238,236,241,233,230,248,255,210,193,229,201,208,192,208,180,0,0,0,0,4,63,100,149,223,218,233,229,236,240,241,230,235,248,223,68,0,94,247,192,202,190,198,151,0,0,14,122,158,176,156,122,225,228,229,235,236,236,233,247,255,105,0,0,0,116,240,185,199,191,198,113,0,65,219,214,195,186,191,188,215,236,231,237,234,239,249,233,21,0,0,2,0,112,203,186,188,183,195,54,0,44,129,161,188,201,242,235,248,255,255,255,255,255,165,0,0,0,3,3,0,140,216,198,205,205,255,22,0,0,0,0,0,16,44,69,87,106,118,108,67,0,0,0,0,1,0,4,0,24,62,44,52,56,66,0,0,0,0,0,0,0,0,0,0,0,0,0,0,0,0,0,0,0,0,0,0,0,0,0,0,0,0,0,0,0,0,0,0,0,0,0,0,0,0,0,0,0,0,0,0,0,0,0,0,0,0,0,0,0,0,0,0,6
0,0,0,0,0,0,0,0,0,0,0,0,0,0,0,0,0,0,0,0,0,0,0,0,0,0,0,0,0,0,0,0,0,0,0,0,0,0,0,0,0,0,0,0,0,0,0,0,0,0,0,0,0,0,0,0,0,0,0,0,0,0,0,0,0,0,0,0,0,0,0,0,0,0,0,0,0,0,0,0,0,0,0,0,0,0,0,0,0,0,0,0,0,0,1,1,0,0,3,0,0,0,0,0,2,2,2,2,1,0,1,1,0,0,0,0,0,0,0,0,0,0,1,1,0,3,0,97,139,27,0,0,0,0,0,0,0,0,2,2,0,0,0,0,0,0,0,0,0,0,0,0,3,0,105,178,180,194,146,52,29,1,0,0,0,0,0,0,0,0,0,0,0,0,0,0,0,0,0,0,0,0,145,184,149,163,182,201,175,154,180,164,182,102,123,20,0,0,0,0,0,0,0,0,0,0,0,3,0,0,180,179,162,168,183,113,90,86,180,202,202,128,195,75,0,0,0,0,0,0,0,0,0,0,0,6,0,29,195,183,182,168,215,133,132,110,181,187,175,94,167,31,0,0,0,0,0,0,0,0,0,0,0,5,0,57,185,176,198,165,214,166,120,135,227,212,192,113,255,26,0,0,0,0,0,0,0,0,0,0,0,3,0,56,214,172,180,164,180,181,158,161,186,190,178,130,202,0,0,0,0,0,0,0,0,0,0,0,0,1,0,0,183,184,187,184,200,183,165,160,154,147,137,145,156,0,0,0,1,1,1,1,0,0,1,0,1,2,0,51,190,197,173,141,163,173,179,173,165,155,138,136,164,0,0,0,0,0,0,0,0,1,0,0,0,0,0,194,188,184,129,139,163,172,163,162,155,148,145,142,171,0,0,0,0,0,0,0,0,0,0,0,0,0,140,211,144,132,160,195,189,186,185,181,160,136,144,151,168,0,0,0,0,0,0,0,1,2,0,0,48,239,201,176,148,172,196,201,181,177,177,173,171,162,158,144,203,0,0,0,5,3,1,1,0,0,0,38,206,196,153,149,165,186,167,164,167,174,171,174,175,166,157,107,217,58,0,0,0,0,0,0,0,46,127,205,187,158,142,160,177,173,164,171,174,181,182,180,179,170,139,111,207,105,0,0,9,75,117,147,178,212,208,175,136,143,172,174,183,172,183,189,186,191,192,187,179,178,128,118,200,151,0,120,231,217,207,199,189,186,165,144,154,139,171,199,201,168,162,180,187,192,202,196,205,202,188,159,215,117,0,191,194,154,131,129,128,156,133,136,176,186,174,185,179,191,195,200,195,193,199,191,188,173,167,140,171,41,147,159,119,117,132,146,158,180,162,167,199,208,198,184,159,146,130,110,108,102,95,103,103,106,112,78,108,117,152,209,189,161,125,114,112,101,108,114,116,119,114,99,108,125,143,164,172,189,190,197,184,179,175,167,174,164,0,50,139,202,238,230,222,218,198,191,195,204,211,216,213,219,218,208,205,196,197,193,182,209,187,171,173,118,0,0,0,0,11,19,36,61,72,90,95,91,72,58,40,32,20,7,20,3,0,0,0,33,30,21,3,0,0,0,0,0,0,0,0,0,0,0,0,0,0,0,0,0,0,0,0,0,0,0,0,0,0,0,0,0,0,0,0,0,0,0,0,0,0,0,0,0,0,0,0,0,0,0,0,0,0,0,0,0,0,0,0,0,0,0,0,0,0,0,0,0,0,0,0,0,0,0,0,0,0,0,0,0,0,0,0,0,0,0,0,0,6
0,0,0,0,0,0,0,0,0,0,0,0,0,0,0,0,0,0,0,0,0,0,0,0,0,0,0,0,0,0,0,0,0,0,0,0,0,0,0,0,0,0,0,0,0,0,0,0,0,0,0,0,0,0,0,0,0,0,0,0,0,0,0,0,0,0,0,0,0,0,0,0,0,0,0,0,0,0,0,0,0,0,0,0,0,0,0,0,0,0,0,0,0,1,3,0,25,128,123,105,72,5,0,1,4,0,0,0,0,0,0,0,0,0,0,0,0,0,0,0,0,1,2,0,114,155,147,154,172,142,0,0,0,0,2,44,144,165,0,2,0,0,0,0,0,0,0,0,0,0,4,0,110,147,148,160,157,200,5,0,80,149,167,185,177,133,0,0,0,0,0,0,0,0,0,0,0,0,2,0,123,145,142,175,154,207,11,116,239,186,184,178,166,141,0,0,0,0,0,0,0,0,0,0,0,1,1,0,141,140,122,151,136,203,31,181,180,179,179,175,172,182,3,0,0,0,0,0,0,0,0,0,0,0,2,0,135,145,141,154,155,210,66,179,186,185,171,166,157,214,48,0,0,0,0,0,0,0,0,0,0,1,0,1,127,151,155,164,160,210,76,180,178,165,165,170,154,167,140,0,0,0,0,0,0,0,0,0,0,2,0,21,148,147,153,161,162,193,101,178,184,167,168,168,164,162,190,4,0,0,0,0,0,0,0,0,0,4,0,49,162,149,160,168,175,185,184,195,182,177,168,170,161,160,200,46,0,0,0,0,1,0,2,1,2,0,0,128,170,159,166,177,187,179,180,188,168,165,157,162,171,168,194,51,0,0,0,0,0,2,0,0,3,0,54,166,151,165,166,173,179,179,170,178,180,174,174,177,180,179,205,48,0,0,0,0,1,0,0,5,0,4,128,139,154,162,165,172,175,174,177,185,181,186,185,186,182,182,198,4,1,0,0,0,0,0,5,0,0,99,145,128,144,149,158,170,178,179,178,191,181,171,166,175,172,168,106,0,0,2,3,3,2,4,0,0,90,131,113,133,151,159,153,171,181,182,181,177,206,218,201,190,165,162,34,0,4,0,0,0,0,0,7,81,131,119,132,142,159,166,164,179,180,186,171,220,152,15,0,144,178,159,0,0,0,0,31,48,68,100,120,119,123,138,144,147,158,154,168,177,180,172,216,99,0,0,0,115,201,125,0,0,9,122,139,121,133,120,115,129,132,141,151,155,160,170,182,181,171,221,70,0,0,5,0,115,208,59,0,1,63,142,119,116,123,120,120,127,141,149,161,167,174,184,179,166,229,76,0,0,3,3,0,113,200,7,0,3,54,175,147,139,129,133,142,138,145,154,166,164,170,181,164,220,79,0,0,1,0,0,0,126,182,0,0,1,17,159,185,173,164,157,147,133,136,144,148,155,170,158,188,170,0,0,0,0,1,3,0,146,164,0,0,0,0,9,109,165,182,185,178,167,158,153,152,154,148,168,255,4,0,3,0,0,0,3,0,154,134,0,4,0,0,0,0,3,74,133,178,207,201,199,197,186,185,244,75,0,8,0,0,0,0,0,0,191,128,0,5,0,1,2,0,0,0,0,0,30,62,109,149,166,141,37,0,0,0,0,0,0,1,0,0,134,86,0,4,0,0,0,0,0,0,0,0,0,0,0,0,0,0,0,0,0,0,0,0,0,0,0,0,0,0,0,0,0,0,0,0,0,0,0,0,0,0,0,0,0,0,0,0,0,0,0,0,0,0,0,0,0,0,0,0,0,6
0,0,0,0,0,0,0,0,0,0,0,0,0,0,0,0,0,0,0,0,0,0,0,0,0,0,0,0,0,0,0,0,0,0,0,0,0,0,0,0,0,0,0,0,0,0,0,0,0,0,0,0,0,0,0,0,0,0,0,0,0,0,0,0,0,0,0,0,0,0,0,0,0,0,0,0,0,0,0,0,0,0,0,0,0,0,0,0,0,0,0,0,0,0,0,0,0,0,0,0,0,0,0,0,0,0,0,0,0,0,0,0,0,0,0,0,0,0,0,0,0,0,0,0,0,0,0,0,0,0,0,0,0,0,0,0,0,0,0,0,0,0,0,0,0,0,0,0,0,0,0,0,0,0,0,0,0,0,0,0,0,0,0,0,0,0,0,0,0,0,0,0,0,0,0,0,0,0,0,0,0,0,0,0,0,0,0,0,0,0,0,0,38,4,0,1,0,0,0,0,0,0,0,0,0,0,0,0,0,1,0,0,117,143,134,123,113,107,99,136,186,24,0,3,0,0,0,0,0,0,0,0,0,0,0,0,0,5,0,48,152,86,174,226,208,222,233,142,135,28,0,3,0,0,0,0,0,0,0,0,0,0,0,0,1,0,0,123,113,84,178,195,196,208,206,131,155,22,0,3,0,0,0,0,0,0,0,0,0,0,0,0,3,0,44,138,104,114,211,208,215,216,220,107,150,24,0,3,0,0,0,0,0,0,0,0,0,0,0,1,0,0,124,110,111,136,228,209,210,224,216,97,168,57,0,4,0,0,0,0,0,0,1,1,2,0,3,1,0,80,138,113,119,159,227,203,205,227,217,95,162,103,0,0,0,0,0,0,0,0,0,1,2,6,0,0,58,124,98,105,106,174,222,202,212,221,226,104,132,148,5,0,0,0,3,3,2,3,3,0,0,0,0,85,108,86,97,122,105,209,207,219,241,255,185,105,141,170,68,0,0,0,0,0,0,0,0,0,6,35,107,111,105,123,120,128,105,219,223,194,158,118,90,137,132,152,126,0,6,0,17,58,34,23,51,102,102,113,113,95,117,124,114,104,110,112,110,94,92,113,141,148,133,158,159,0,0,48,172,119,128,118,121,112,110,125,128,128,143,134,134,120,123,129,131,130,153,159,149,141,137,187,151,0,7,130,148,135,119,103,107,84,110,107,101,118,121,126,150,148,152,168,176,159,156,157,154,154,154,172,178,7,126,215,192,178,157,147,141,128,133,125,122,118,135,151,167,183,195,195,191,184,187,188,193,196,202,198,217,85,0,43,132,169,201,207,205,224,213,204,202,204,209,222,203,173,106,46,86,228,219,221,224,225,228,220,224,115,0,0,0,0,0,32,86,129,151,190,180,179,189,94,0,0,0,0,0,129,66,131,88,94,79,59,64,12,0,0,0,0,0,0,0,0,0,0,0,0,0,0,0,0,0,0,0,0,0,0,0,0,0,0,0,0,0,0,0,0,0,0,0,0,0,0,0,0,0,0,0,0,0,0,0,0,0,0,0,0,0,0,0,0,0,0,0,0,0,0,0,0,0,0,0,0,0,0,0,0,0,0,0,0,0,0,0,0,0,0,0,0,0,0,0,0,0,0,0,0,0,0,0,0,0,0,0,0,0,0,0,0,0,0,0,0,0,0,0,0,0,0,0,0,0,0,0,0,0,0,0,0,0,0,0,0,0,0,0,0,0,0,0,0,0,0,0,0,0,0,0,0,0,0,0,0,0,0,0,0,0,0,0,0,0,0,0,0,0,0,0,0,0,0,0,0,6
0,0,0,0,0,0,0,0,0,0,0,0,0,0,0,0,0,0,0,0,0,0,0,0,0,0,0,0,0,0,0,0,0,0,0,0,0,0,0,0,0,0,0,0,0,0,0,0,0,0,0,0,0,0,0,0,0,0,0,0,0,0,0,0,0,0,0,0,0,0,0,0,0,0,0,0,0,0,0,0,0,0,0,0,0,0,0,0,0,0,0,0,0,0,0,0,0,0,0,0,0,0,0,0,0,0,0,0,0,0,0,0,0,0,0,0,0,0,0,0,0,2,0,0,0,0,50,124,82,131,208,213,195,134,60,49,46,47,0,0,0,0,0,0,0,0,0,0,0,0,0,2,0,199,216,211,246,255,229,222,231,233,255,255,223,201,9,0,0,0,0,0,0,0,0,0,0,0,0,1,0,169,211,199,188,223,221,217,210,199,205,209,202,205,23,0,0,0,0,0,0,0,0,0,0,0,0,4,0,172,228,202,183,221,223,220,212,206,216,210,210,223,46,0,0,0,0,0,0,0,0,0,0,0,0,6,0,123,224,189,215,203,213,209,197,217,216,220,232,227,7,0,0,0,0,0,0,0,0,0,0,0,0,6,0,153,220,226,236,216,196,174,206,236,232,230,219,232,53,0,0,0,0,0,0,0,0,0,0,0,0,5,0,18,197,186,204,217,207,205,237,211,207,212,210,199,29,0,0,0,0,0,0,0,0,0,0,1,0,4,0,0,234,173,179,211,214,228,218,178,191,210,216,127,0,0,0,0,0,0,0,0,0,0,2,4,0,5,0,90,218,214,206,230,233,204,196,229,240,225,226,179,0,0,0,0,0,0,0,0,0,0,0,0,5,0,0,120,174,216,119,186,206,175,179,155,133,132,117,185,30,0,0,0,0,0,0,0,0,0,1,8,0,0,197,179,155,162,140,144,131,143,107,195,198,202,174,192,188,0,0,1,5,4,6,4,5,5,0,0,0,125,197,203,234,203,203,173,192,208,128,165,228,180,205,209,255,15,0,0,0,0,0,0,0,0,0,70,178,191,175,193,209,229,234,243,246,240,255,216,211,239,222,217,225,3,0,0,43,79,78,46,39,104,183,163,140,178,195,190,200,211,214,216,213,206,202,216,220,218,211,207,235,48,0,120,167,67,89,149,198,149,110,130,170,192,195,206,217,220,215,219,216,224,219,215,209,203,208,201,238,71,0,170,206,175,118,120,154,141,168,203,187,187,201,218,223,221,209,203,199,207,206,206,212,208,208,202,232,21,110,196,178,203,218,213,202,213,210,197,210,207,227,224,213,213,215,216,239,233,219,224,222,221,222,208,248,46,45,169,209,194,187,192,202,209,223,226,225,226,207,209,229,233,227,253,189,201,198,189,185,180,181,182,209,53,0,0,57,174,234,245,240,217,200,191,187,201,229,248,177,95,37,6,0,145,233,199,207,204,213,212,250,92,0,0,0,0,0,29,96,156,188,203,203,190,130,32,0,0,0,0,0,127,189,141,152,139,131,127,121,21,0,0,0,0,0,0,0,0,0,0,0,0,0,0,0,0,0,0,0,0,0,0,0,0,0,0,0,0,0,0,0,0,0,0,0,0,0,0,0,0,0,0,0,0,0,0,0,0,0,0,0,0,0,0,0,0,0,0,0,0,0,0,0,0,0,0,0,0,0,0,0,0,0,0,0,0,0,0,0,0,0,0,0,0,0,0,0,0,0,0,0,0,0,0,0,0,0,0,0,0,0,0,0,0,0,0,0,0,0,0,0,0,6
0,0,0,0,0,0,0,0,0,0,0,0,0,0,0,0,0,0,0,0,0,0,0,0,0,0,0,0,0,0,0,0,0,0,0,0,0,0,0,0,0,0,0,0,0,0,0,0,0,0,0,0,0,0,0,0,0,0,0,0,0,0,0,0,0,0,0,0,0,0,0,0,0,0,0,0,0,0,0,0,0,0,0,0,0,0,0,0,0,0,0,0,0,0,0,0,0,0,1,0,10,188,171,0,0,0,1,0,1,0,0,0,0,0,0,0,0,0,0,0,0,0,0,0,0,0,6,0,77,220,226,5,0,3,0,0,0,9,0,0,0,0,0,0,0,0,0,0,0,0,0,0,0,0,2,0,139,211,191,58,0,0,0,0,0,219,15,0,0,0,0,0,0,0,0,0,0,0,0,0,0,1,0,0,219,173,175,255,252,206,122,22,175,177,0,0,0,0,0,0,0,0,0,0,0,0,0,0,0,3,0,10,191,158,191,215,220,236,241,229,228,116,0,0,0,0,0,0,0,0,0,0,0,0,0,0,0,0,0,103,213,185,225,226,225,223,220,205,212,123,0,0,0,0,0,0,0,0,0,0,0,0,0,0,1,0,2,214,193,197,234,227,222,225,220,204,217,138,0,0,0,0,0,0,0,0,0,0,0,0,0,0,0,0,132,202,184,200,230,226,223,227,217,206,216,175,0,0,0,0,0,0,0,0,0,0,0,0,0,0,0,59,216,185,181,212,229,226,227,216,204,215,211,225,0,0,0,0,0,0,5,2,0,1,0,4,3,0,39,221,190,193,190,217,224,221,226,172,199,221,208,217,63,0,0,0,0,0,0,1,0,0,2,0,0,33,205,182,185,203,210,225,219,229,197,191,196,205,208,217,164,0,0,0,0,2,4,6,6,6,0,0,77,204,172,155,173,195,208,224,227,227,195,189,163,191,200,209,223,4,0,2,0,0,0,0,0,0,12,114,147,135,160,159,156,146,161,215,230,194,195,170,169,174,190,209,233,39,1,0,0,0,15,19,44,119,168,157,146,171,188,188,175,166,186,213,221,209,218,211,209,211,215,206,232,40,0,15,95,143,154,179,166,112,58,70,116,119,161,195,231,253,246,223,215,218,222,225,215,212,209,202,233,30,0,206,174,120,41,6,0,16,65,76,86,135,163,184,225,214,176,172,180,178,177,191,202,199,200,202,232,15,0,187,195,193,211,198,196,204,224,251,255,255,252,225,194,188,197,210,207,207,203,205,204,205,202,203,220,0,0,184,194,191,195,204,225,217,219,216,202,191,183,192,204,210,202,204,203,205,206,205,206,208,206,205,214,0,39,172,200,208,209,207,195,194,189,189,193,198,202,202,202,200,205,208,207,206,206,206,205,200,200,207,208,0,99,187,152,160,174,192,206,215,223,227,227,225,222,223,223,219,218,222,223,223,223,224,226,223,210,209,197,0,3,162,188,202,191,181,176,177,175,170,145,147,162,175,158,151,146,145,144,144,144,141,134,146,177,174,187,75,0,0,0,57,139,187,216,230,239,240,240,242,241,241,242,238,242,247,245,245,246,250,251,249,211,213,211,82,0,0,0,0,0,0,0,0,12,16,17,23,28,23,16,5,7,15,18,16,20,32,44,41,28,34,9,0,0,0,0,0,0,0,0,0,0,0,0,0,0,0,0,0,0,0,0,0,0,0,0,0,0,0,0,0,0,0,0,0,0,0,0,0,0,0,0,0,0,0,0,0,0,0,0,0,0,0,0,0,0,0,0,0,6
0,0,0,0,0,0,0,0,0,0,0,0,0,0,0,0,0,0,0,0,0,0,0,0,0,0,0,0,0,0,0,0,0,0,0,0,0,0,0,0,0,0,0,0,0,0,0,0,0,0,0,0,0,0,0,0,0,0,0,0,0,0,0,0,0,0,0,0,0,0,0,0,0,0,0,0,0,0,0,0,0,0,0,0,0,0,0,0,0,0,0,0,0,0,0,0,0,0,0,0,0,0,0,0,0,0,0,0,0,0,0,0,0,0,0,0,0,0,0,0,0,0,0,0,1,0,0,26,31,0,21,15,0,0,0,0,0,0,33,0,0,0,0,0,0,0,0,0,0,0,0,0,4,0,156,227,213,246,250,241,205,193,190,236,187,108,229,15,0,0,0,0,0,0,0,0,0,0,0,0,1,0,129,245,230,233,227,228,235,240,247,240,255,175,91,0,0,0,0,0,0,0,0,0,0,0,1,0,0,0,95,206,206,233,229,233,220,235,232,218,216,184,0,0,0,0,0,0,0,0,0,0,0,1,0,2,0,0,167,206,198,219,239,235,232,235,213,200,222,151,0,0,0,0,0,0,0,0,0,0,0,0,0,5,0,0,212,217,204,207,245,232,234,230,209,205,220,91,0,1,0,0,0,0,0,0,0,0,0,1,2,0,0,49,218,201,192,215,241,226,237,228,204,206,222,94,0,1,0,0,0,0,0,0,0,0,0,2,3,0,0,165,207,210,188,240,230,225,237,225,209,203,222,146,0,0,0,0,0,0,0,0,0,1,0,2,0,0,119,216,188,213,195,241,218,229,235,225,210,206,217,204,0,0,0,0,0,0,0,0,0,1,3,1,0,68,211,188,205,201,214,237,227,227,229,222,211,201,210,242,0,0,0,0,1,1,1,2,3,0,0,0,53,202,183,175,201,195,215,228,230,228,240,213,203,201,203,219,39,0,0,1,0,0,0,0,0,0,1,86,165,156,189,186,207,187,212,238,225,232,207,202,223,209,203,226,123,0,0,0,0,0,0,0,88,167,159,174,148,148,193,205,206,201,212,222,232,222,224,172,137,225,203,217,184,0,0,61,145,146,154,165,172,154,110,130,165,177,178,203,205,216,214,205,202,197,211,189,71,217,212,221,201,0,0,161,155,120,113,106,89,110,116,143,165,193,203,201,209,206,209,219,221,228,225,243,251,230,211,209,201,8,36,172,198,186,152,144,151,164,172,174,187,200,214,226,229,238,235,219,212,201,189,168,166,167,158,153,191,68,48,151,172,187,209,217,213,223,216,219,220,225,225,213,188,169,160,160,159,149,171,171,171,191,171,175,191,37,0,56,169,168,166,177,184,195,198,192,189,171,161,159,179,211,204,190,203,212,166,170,168,176,171,176,188,0,0,0,0,87,196,195,195,180,180,173,183,195,210,205,165,97,36,5,0,116,241,213,211,215,206,241,140,0,0,0,0,0,0,16,72,126,168,140,145,111,51,0,0,0,0,0,0,0,95,143,108,90,56,59,9,0,0,0,0,0,0,0,0,0,0,0,0,0,0,0,0,0,0,0,0,0,0,0,0,0,0,0,0,0,0,0,0,0,0,0,0,0,0,0,0,0,0,0,0,0,0,0,0,0,0,0,0,0,0,0,0,0,0,0,0,0,0,0,0,0,0,0,0,0,0,0,0,0,0,0,0,0,0,0,0,0,0,0,0,0,0,0,0,0,0,0,0,0,0,0,0,0,0,0,0,0,0,0,0,0,0,0,0,0,0,0,0,0,6
0,0,0,0,0,0,0,0,0,0,0,0,0,0,0,0,0,0,0,0,0,0,0,0,0,0,0,0,0,0,0,0,0,0,0,0,0,0,0,0,0,0,0,0,2,0,25,145,177,192,229,203,215,186,0,0,0,0,0,0,0,0,0,0,0,0,0,0,0,0,0,0,0,0,147,255,244,245,240,226,222,170,0,0,0,0,0,0,0,0,0,0,0,0,0,0,44,187,143,123,125,87,160,216,171,195,188,211,226,126,0,0,0,0,0,0,0,0,0,0,0,0,0,0,242,255,236,237,255,255,223,227,212,93,144,235,215,214,1,0,0,0,0,0,0,0,0,0,0,0,0,0,206,240,230,230,223,219,230,253,255,49,126,254,205,245,57,0,0,0,0,0,0,0,0,0,0,2,0,0,255,240,231,237,224,226,226,247,244,4,99,254,207,208,109,0,0,0,0,0,0,0,0,0,0,0,0,0,253,237,226,228,224,217,215,230,207,160,177,249,218,219,156,0,0,0,0,0,0,0,0,0,0,2,0,2,255,232,229,228,232,230,214,242,242,255,255,188,192,251,140,0,0,0,0,0,0,0,0,0,0,4,0,82,255,213,221,236,228,223,227,234,234,198,130,26,154,235,192,0,0,0,0,0,0,0,0,0,0,0,0,172,249,223,215,231,230,226,224,206,200,198,134,127,204,225,222,26,0,0,0,0,0,0,0,0,0,0,0,255,240,236,229,225,227,234,224,204,191,211,205,222,238,210,219,62,0,0,0,0,0,0,0,0,1,0,82,255,226,232,234,228,224,224,217,201,215,236,239,243,226,198,229,78,0,0,0,0,0,0,0,0,0,0,191,243,225,234,238,236,227,218,220,223,244,242,229,219,203,201,239,51,0,0,0,0,0,0,0,1,0,0,255,209,221,237,228,233,229,220,227,243,233,214,201,210,211,182,157,1,0,0,0,0,0,1,0,3,0,69,255,216,199,227,231,228,228,230,235,228,195,203,208,167,114,66,87,0,0,0,0,0,0,3,1,3,0,141,249,230,228,221,227,230,238,240,221,181,218,197,94,72,90,87,94,0,0,0,0,0,0,0,4,0,0,251,240,226,230,226,232,235,239,209,181,229,178,0,76,108,99,94,73,0,0,0,1,2,0,0,0,0,127,255,223,231,233,228,231,235,214,167,246,144,0,0,117,101,99,100,56,0,0,0,0,0,0,0,0,116,255,236,232,233,232,237,238,224,163,237,138,0,0,6,115,104,94,99,43,0,0,0,0,51,91,112,149,217,233,216,228,233,238,238,232,169,226,166,0,0,0,7,118,101,97,102,21,0,0,0,218,239,205,199,190,177,210,222,232,238,237,229,184,197,204,0,0,1,0,12,118,101,97,99,14,0,0,134,255,232,233,225,225,228,235,231,235,233,223,202,171,227,0,0,0,1,0,14,121,101,100,92,0,0,0,111,239,231,222,236,235,235,238,242,233,220,209,166,231,95,0,3,0,2,0,17,124,100,101,87,0,0,0,5,207,204,194,174,172,173,179,182,179,177,163,175,242,0,0,2,0,1,0,15,119,99,104,81,0,0,0,0,4,97,171,209,214,205,195,189,184,186,189,255,103,0,0,0,1,4,0,20,121,99,98,71,0,0,0,0,0,0,0,32,73,127,167,193,198,200,170,80,0,0,0,0,2,5,0,50,227,148,214,119,0,0,0,0,1,0,0,0,0,0,0,0,0,0,0,0,0,0,0,0,0,0,0,0,0,0,0,0,0,0,6
0,0,0,0,0,0,0,0,0,0,0,0,0,0,0,0,0,0,0,0,0,0,0,0,0,0,0,0,0,0,0,0,0,0,0,0,0,0,0,0,0,0,0,0,0,0,0,0,0,0,0,0,0,0,0,0,0,0,0,0,0,0,0,0,0,0,0,0,0,0,0,0,0,0,0,0,0,0,0,0,0,0,0,0,0,0,0,0,0,0,0,0,0,0,0,0,0,5,0,0,100,131,138,118,116,58,10,0,0,0,0,0,0,0,0,0,0,0,0,0,0,0,0,0,1,0,0,177,182,177,230,164,133,161,196,178,120,71,37,0,0,0,0,0,0,0,0,0,0,0,0,0,2,0,116,184,123,136,203,138,99,116,170,127,140,162,174,102,0,0,0,0,0,0,0,0,0,0,0,1,0,0,176,204,155,218,207,112,185,184,159,72,150,157,141,19,0,0,0,0,0,0,0,0,0,0,0,0,4,0,132,200,149,185,134,156,208,184,120,132,189,167,146,0,0,0,0,0,0,0,0,0,0,0,0,1,0,0,170,189,155,125,128,163,178,202,171,118,146,163,194,5,0,0,0,0,0,0,0,0,0,0,0,1,0,0,181,197,216,238,245,210,182,205,237,246,187,138,52,0,0,0,0,0,0,0,0,0,0,0,0,0,3,0,127,221,156,132,175,196,176,181,166,138,122,180,95,0,0,0,0,0,0,0,0,0,1,0,0,0,0,0,65,218,210,237,223,255,188,141,161,154,126,173,65,0,0,0,0,0,0,0,0,0,0,0,0,1,0,0,104,155,218,210,194,207,178,187,177,154,132,159,30,0,0,0,0,0,0,0,0,0,0,0,0,3,0,101,177,175,155,150,163,134,161,195,171,169,176,194,1,0,0,0,0,0,0,0,0,0,0,0,1,0,0,190,188,198,142,171,217,160,167,190,185,168,153,180,14,0,1,0,0,0,0,0,0,0,1,1,0,0,26,93,141,218,181,157,189,120,180,194,203,178,160,184,35,0,0,0,1,0,2,2,0,0,0,0,0,36,100,105,139,156,168,225,222,230,198,185,194,170,145,170,35,0,3,0,0,0,0,0,0,0,8,45,85,97,102,111,168,178,150,194,168,160,121,173,193,148,154,138,15,0,0,0,30,25,26,31,40,81,94,91,92,111,136,136,132,143,147,152,140,146,178,161,114,155,164,147,81,0,0,105,88,23,51,95,93,91,92,97,107,139,141,136,169,182,183,174,182,169,182,146,143,147,160,162,105,0,53,150,142,120,77,84,90,97,113,121,147,164,176,166,167,163,166,166,161,154,180,126,140,143,160,140,69,0,107,185,154,157,162,150,147,133,143,140,145,168,174,166,167,166,161,163,167,180,174,135,167,155,153,146,101,0,0,131,201,198,169,161,163,153,146,160,159,168,178,180,189,195,202,208,200,188,178,187,181,178,176,176,155,0,0,0,0,101,204,204,191,191,178,167,174,176,195,236,221,184,143,74,79,221,215,212,229,205,193,187,136,0,3,0,0,0,0,16,49,152,161,185,197,171,141,74,9,0,0,0,0,193,145,145,116,134,101,85,9,0,0,0,0,0,0,0,0,0,0,0,0,0,0,0,0,0,0,0,0,0,0,0,0,0,0,0,0,0,0,0,0,0,0,0,0,0,0,0,0,0,0,0,0,0,0,0,0,0,0,0,0,0,0,0,0,0,0,0,0,0,0,0,0,0,0,0,0,0,0,0,0,0,0,0,0,0,0,0,0,0,0,0,0,0,6
0,0,0,0,0,0,0,0,0,0,0,0,0,0,0,0,0,0,0,0,0,0,0,0,0,0,0,0,0,0,0,0,0,0,0,0,0,2,0,2,65,24,0,0,0,0,0,0,0,0,0,0,0,0,0,0,0,0,0,0,0,0,0,0,0,3,0,36,193,159,121,117,133,141,122,116,102,95,95,90,72,90,67,0,0,0,1,1,0,0,0,0,0,3,0,48,211,174,210,199,199,222,233,232,240,248,250,214,212,233,175,0,0,0,1,0,0,0,0,0,0,0,0,44,211,165,145,151,163,166,178,175,178,179,179,181,183,196,93,0,0,0,0,0,0,0,1,0,0,0,77,161,156,157,141,158,177,175,179,184,189,184,190,182,180,233,54,0,0,0,0,0,0,0,1,0,0,50,134,223,167,199,179,169,188,192,187,190,195,193,191,194,195,223,29,0,0,0,0,0,0,4,2,0,82,67,0,225,177,183,165,171,181,189,192,198,195,191,184,188,189,239,55,0,0,0,0,0,0,5,0,45,146,0,98,242,186,190,174,167,187,191,179,210,198,192,199,201,218,254,114,0,1,0,0,1,0,2,0,41,138,113,206,205,192,191,165,163,191,181,184,210,189,196,198,204,224,221,161,0,1,0,1,0,0,2,0,0,4,64,217,191,172,196,164,176,193,188,216,222,195,205,191,205,209,213,194,0,0,0,0,0,0,1,0,2,0,0,100,219,169,193,167,193,195,188,223,214,194,211,203,196,209,222,221,0,0,0,0,0,0,1,0,0,0,0,116,224,172,200,178,217,192,188,210,211,221,200,222,189,203,217,235,9,1,0,0,0,0,0,0,2,0,29,200,211,183,200,183,226,198,198,210,205,232,202,211,184,199,215,238,30,0,0,0,0,0,0,1,3,0,62,199,201,193,207,187,218,201,201,205,202,211,201,204,183,190,219,232,51,0,0,1,0,0,1,0,0,0,25,214,242,194,200,189,209,194,201,200,200,191,191,203,174,171,218,223,52,1,0,1,0,0,0,0,0,0,124,187,213,200,196,187,212,184,196,193,203,186,179,199,174,166,215,218,67,1,0,1,0,0,0,4,0,26,209,179,215,183,194,180,190,175,183,172,201,182,178,201,178,184,206,219,124,1,0,1,0,0,1,0,0,160,210,186,218,209,190,191,203,199,204,187,187,180,201,223,201,199,242,98,0,1,0,0,0,1,3,0,0,72,182,196,217,187,168,184,207,199,200,206,182,224,239,71,123,222,216,26,0,0,0,3,1,0,0,0,19,103,133,181,191,171,170,165,171,163,174,164,223,182,15,0,82,224,198,8,0,1,1,0,0,0,36,88,130,135,166,181,167,180,177,181,170,180,182,241,149,0,0,0,113,227,184,0,0,0,0,31,77,108,128,138,124,113,130,166,180,163,172,183,186,191,241,113,0,0,1,0,106,229,164,0,0,0,86,152,138,130,133,149,156,142,131,156,178,175,180,184,186,240,80,0,0,0,0,0,119,229,147,0,0,68,164,126,135,146,159,163,154,168,170,178,168,171,178,174,242,99,0,0,0,1,0,0,132,219,155,0,0,85,178,179,177,168,168,164,165,163,160,157,153,165,182,241,121,0,0,1,0,0,0,0,126,214,126,0,0,0,51,100,156,192,198,205,215,217,213,216,223,228,234,119,0,0,1,0,1,0,0,0,153,251,143,0,0,0,0,0,0,0,0,0,4,17,35,41,43,49,9,0,0,1,0,0,0,0,0,0,71,111,29,0,0,6
0,0,0,0,0,0,0,0,0,0,0,0,0,0,0,0,0,0,0,1,0,0,0,0,0,0,0,0,0,0,0,0,0,0,0,0,0,0,0,0,0,0,0,0,33,32,84,193,149,182,116,95,87,8,0,0,0,0,0,0,0,0,0,0,0,0,0,0,0,2,0,20,86,131,150,139,158,175,184,194,175,6,0,0,0,0,0,0,0,0,0,0,0,0,0,0,0,6,0,108,172,128,145,165,187,169,159,152,168,3,0,0,0,0,0,0,0,0,0,0,0,0,0,0,0,2,0,1,46,44,97,135,104,103,178,161,172,14,0,0,0,0,0,0,0,0,0,0,0,1,0,0,0,0,0,64,21,114,131,127,101,140,242,159,150,43,0,0,0,0,0,0,0,0,0,0,0,1,0,0,2,0,51,127,147,156,139,159,196,220,186,146,172,56,0,0,0,0,0,0,0,0,0,0,0,0,0,0,1,0,44,126,137,157,165,178,168,176,165,133,147,80,0,0,0,0,0,0,0,0,0,0,0,0,1,0,0,1,0,0,0,57,133,203,181,188,194,95,192,152,0,0,0,0,0,0,0,0,0,0,0,0,0,0,0,0,0,0,0,0,0,0,233,187,191,150,56,51,0,0,0,0,0,0,0,0,0,0,0,0,2,0,8,75,36,0,16,12,0,0,167,150,144,164,0,0,0,0,0,0,0,0,0,0,0,0,0,0,3,0,54,125,127,121,143,164,58,105,203,152,137,161,50,0,0,0,0,0,0,0,0,0,0,0,0,3,1,0,8,58,105,139,135,145,180,187,200,174,151,168,147,1,0,0,0,0,0,0,0,0,0,0,0,0,0,0,0,0,0,152,150,149,156,165,139,170,143,153,156,85,0,0,0,0,0,0,0,0,0,0,0,0,0,0,0,0,0,1,101,151,187,184,164,162,141,159,157,149,0,0,0,0,0,0,0,0,0,0,0,1,0,43,151,89,36,0,0,19,254,180,181,135,120,151,141,150,32,0,0,0,0,0,0,0,0,0,0,2,0,110,114,146,172,131,30,145,187,120,135,133,140,161,150,158,60,0,0,0,0,0,0,0,0,0,0,1,0,30,132,96,116,193,196,149,159,162,155,146,150,169,144,168,66,0,0,0,0,0,0,0,0,0,0,0,13,0,67,113,186,147,185,144,165,155,146,152,152,155,155,175,55,0,0,0,0,0,0,0,0,1,0,25,185,205,21,49,184,179,176,138,162,150,170,155,137,138,157,169,51,0,0,2,0,0,2,3,3,1,0,105,103,152,228,89,211,196,170,176,180,167,54,156,151,155,159,169,43,0,0,0,0,2,0,0,0,0,25,121,107,146,155,161,125,127,155,185,151,0,0,163,156,159,159,172,38,0,0,1,1,0,0,16,91,194,74,103,170,182,126,163,146,153,220,103,0,0,0,164,156,156,155,169,32,0,0,0,0,0,37,134,95,217,199,131,216,129,110,156,151,179,80,0,0,0,0,157,162,152,150,167,28,0,0,0,1,1,93,116,114,121,134,161,155,168,178,153,168,101,0,4,0,0,0,156,156,152,151,161,21,0,0,78,113,116,139,121,113,125,129,149,157,155,161,165,107,0,0,0,2,0,0,150,155,145,150,156,12,0,0,0,43,70,92,126,152,165,161,170,176,170,170,73,0,0,3,1,0,0,0,167,174,156,164,180,8,0,0,0,0,0,0,0,0,7,40,58,60,43,0,0,3,0,4,2,0,2,0,84,103,73,87,80,0,0,6
0,0,0,0,0,0,0,0,0,0,0,0,0,0,0,0,0,0,0,0,0,0,0,0,0,0,0,0,0,0,0,0,0,0,0,0,0,0,0,0,0,0,0,0,0,0,0,0,0,0,0,0,0,0,0,0,0,0,0,0,0,0,0,0,0,0,0,0,0,0,0,0,0,0,0,0,0,0,0,0,0,0,0,0,0,0,0,0,0,0,0,0,0,0,0,0,0,0,0,0,0,0,0,0,0,0,0,0,0,0,0,0,0,0,0,0,0,0,0,0,0,0,0,0,0,0,0,0,0,0,0,0,0,0,0,0,0,0,14,77,0,0,0,0,0,0,0,0,0,0,0,0,0,0,1,0,0,103,110,106,114,97,64,57,45,26,99,38,0,0,0,0,0,0,0,0,0,0,0,0,0,0,3,0,36,204,202,211,224,205,219,244,219,170,217,0,0,0,0,0,0,0,0,0,0,0,0,1,0,4,0,16,186,190,188,191,207,199,212,221,190,199,114,0,0,0,0,0,0,0,0,0,0,0,0,0,0,4,0,34,202,190,169,210,221,212,224,217,201,221,79,0,0,0,0,0,0,0,0,0,0,1,0,0,0,0,0,125,207,190,170,230,222,204,234,220,190,213,60,0,0,0,0,0,0,0,0,0,0,0,0,0,0,0,0,215,192,166,198,220,211,237,237,220,180,211,47,0,0,0,0,0,0,0,0,0,0,0,0,4,0,0,186,187,176,160,206,213,218,231,220,214,191,217,49,0,0,0,0,0,0,0,0,2,1,3,7,0,0,96,204,142,163,195,195,206,235,227,218,189,181,219,100,0,0,0,1,0,0,1,1,1,0,0,0,0,112,215,171,155,183,167,220,236,223,185,174,206,207,221,190,0,0,0,0,2,3,6,5,3,0,0,62,150,210,163,175,187,226,213,217,211,215,236,234,210,212,205,222,0,1,3,0,0,0,0,0,0,0,55,175,71,147,174,198,223,227,235,236,253,221,202,169,168,197,196,238,37,3,0,0,2,21,40,49,107,137,140,77,123,190,185,236,191,218,212,172,160,117,61,58,133,207,220,239,77,0,2,123,157,112,96,100,88,58,121,158,174,171,198,201,211,191,144,93,104,121,121,179,223,232,199,220,106,0,142,211,185,163,108,65,73,119,168,160,177,208,213,215,212,211,227,235,234,242,237,240,195,224,163,211,71,21,196,194,193,207,219,218,221,218,211,193,184,213,226,231,233,213,200,207,199,206,211,214,219,227,227,244,150,68,201,185,195,195,199,204,212,212,220,211,201,221,220,222,208,206,212,214,217,226,220,220,215,209,211,214,187,67,211,204,194,194,194,193,195,199,204,206,214,209,209,205,213,217,221,225,213,202,208,201,208,207,200,201,140,0,53,151,211,218,218,212,210,201,210,213,210,214,221,224,208,220,191,111,175,212,209,208,208,201,201,202,161,0,0,0,13,83,175,209,223,217,211,210,207,243,141,17,5,0,0,0,130,231,209,230,255,218,207,248,161,4,2,0,0,0,0,0,0,27,22,0,12,0,0,0,0,0,0,0,31,46,35,0,20,30,8,0,0,0,0,0,0,0,0,0,0,0,0,0,0,0,0,0,0,0,0,0,0,0,0,0,0,0,0,0,0,0,0,0,0,0,0,0,0,0,0,0,0,0,0,0,0,0,0,0,0,0,0,0,0,0,0,0,0,0,0,0,0,0,0,0,0,0,0,0,0,0,0,0,0,0,0,0,0,0,0,0,0,0,0,0,0,6
0,0,0,0,0,0,0,0,0,0,0,0,0,0,0,0,0,0,0,0,0,0,0,0,0,0,0,0,0,0,0,0,0,0,0,0,0,0,0,0,0,0,0,0,0,0,0,0,0,0,0,0,0,0,0,0,0,0,0,0,0,0,0,0,0,0,0,0,0,0,0,0,0,0,0,0,0,0,0,0,0,0,0,0,0,0,0,0,0,0,0,0,0,0,0,0,0,0,0,0,0,0,0,0,0,0,0,0,0,0,0,0,0,0,0,0,0,0,0,0,0,0,0,0,0,0,0,0,0,0,0,0,0,0,0,0,0,0,0,0,0,0,0,0,0,0,0,0,0,0,0,0,0,0,0,0,0,0,0,0,0,0,0,0,0,0,0,0,0,0,0,0,0,0,0,0,0,0,0,0,0,0,0,0,3,3,0,0,83,43,0,0,0,0,0,0,0,0,0,0,0,0,0,0,0,0,0,0,0,0,0,0,0,0,0,51,115,123,19,0,0,35,63,0,0,0,0,0,0,0,0,0,0,0,0,0,0,0,0,0,0,11,103,111,135,175,207,179,171,227,159,0,0,0,0,0,0,0,0,0,0,0,0,0,0,0,3,0,27,143,147,139,163,199,211,235,199,211,35,0,0,0,0,0,0,0,0,0,0,0,0,0,0,0,0,0,51,163,107,175,211,219,199,183,179,219,35,0,0,0,0,0,0,0,0,0,0,0,0,0,0,3,0,39,147,255,167,207,191,151,155,183,199,227,43,0,0,3,0,3,0,0,3,0,0,3,3,0,0,0,19,135,111,99,187,167,171,175,183,187,167,219,55,0,0,0,0,0,0,0,3,3,0,0,0,0,0,15,103,207,251,171,183,179,179,183,175,163,143,199,139,0,0,0,0,0,0,0,0,0,0,0,0,0,79,139,195,99,159,191,183,183,183,183,183,183,159,175,219,0,0,0,0,0,0,0,0,3,0,0,35,119,159,115,219,143,163,183,179,175,179,175,171,179,167,171,211,35,0,0,0,0,0,0,0,23,23,151,139,147,223,119,155,155,167,163,171,171,175,179,179,183,187,179,203,123,3,23,27,35,43,87,67,167,99,171,159,107,155,171,175,179,175,171,171,175,179,187,179,183,183,167,195,163,55,59,43,27,63,143,99,183,139,107,127,151,155,167,179,179,179,175,183,179,179,179,183,187,191,179,203,167,99,95,71,75,63,71,55,71,123,135,171,163,191,191,187,195,191,191,203,195,195,195,183,179,175,175,183,135,39,139,151,115,99,87,55,67,35,43,47,71,83,99,111,123,119,115,123,115,111,107,119,115,103,103,111,127,0,3,55,95,135,155,159,155,131,139,139,139,115,123,119,119,119,123,123,115,111,115,123,123,127,135,147,131,0,0,0,0,7,15,51,87,99,95,111,123,135,127,119,119,123,131,127,119,119,127,131,131,119,115,111,55,0,0,0,0,0,0,0,0,0,0,0,0,0,0,0,0,0,0,0,0,0,0,0,0,0,0,0,0,0,0,0,0,0,0,0,0,0,0,0,0,0,0,0,0,0,0,0,0,0,0,0,0,0,0,0,0,0,0,0,0,0,0,0,0,0,0,0,0,0,0,0,0,0,0,0,0,0,0,0,0,0,0,0,0,0,0,0,0,0,0,0,0,0,0,0,0,0,0,0,0,0,0,0,0,0,0,0,0,0,0,0,0,0,0,0,0,0,0,0,0,0,0,0,0,0,0,0,0,0,0,0,0,0,0,0,0,0,0,0,0,6
0,0,0,0,0,0,0,0,0,0,0,0,0,0,0,0,0,0,0,0,0,0,0,0,0,0,0,0,0,0,0,0,0,0,0,0,0,0,0,0,0,0,0,0,0,0,0,0,0,0,0,0,0,0,0,0,0,0,0,0,0,0,0,0,0,0,0,0,0,0,0,1,0,0,75,68,78,85,78,76,59,59,41,0,0,0,0,0,0,0,0,0,0,0,0,0,0,0,0,4,0,78,189,159,167,176,190,188,163,174,92,0,0,0,0,0,0,0,0,0,0,0,0,0,0,0,0,1,0,144,150,159,162,145,173,166,163,178,26,0,0,0,0,0,0,0,0,0,0,0,0,0,0,0,0,0,0,151,162,155,144,162,163,171,166,185,7,0,0,0,0,0,0,0,0,0,0,0,0,0,0,1,4,0,21,218,152,145,162,163,158,169,162,133,0,0,0,0,0,0,0,0,0,0,0,1,0,0,0,1,2,0,22,172,157,167,170,168,154,168,168,143,0,0,0,0,0,0,0,0,0,0,0,0,0,0,0,0,0,0,96,181,132,146,159,174,164,176,176,160,0,0,0,0,0,0,0,0,0,0,0,0,0,0,0,0,0,0,138,183,150,169,171,160,158,164,167,159,0,0,0,0,0,0,0,0,0,0,0,0,0,0,0,1,0,0,159,156,137,161,173,166,158,172,173,167,0,0,1,1,0,0,0,0,0,0,0,1,0,1,0,0,0,75,206,140,141,161,177,172,176,186,168,193,11,0,1,0,0,0,0,0,0,0,0,0,1,0,0,0,52,205,155,131,167,173,177,184,183,174,170,206,51,0,0,0,0,0,0,0,0,0,0,0,0,0,5,90,196,171,155,148,176,184,175,189,184,193,185,186,133,0,0,0,0,0,0,0,0,0,1,0,0,64,203,171,164,132,156,167,167,183,183,190,175,164,169,194,211,0,0,0,0,0,1,2,3,0,0,0,12,171,157,135,173,156,151,174,188,193,154,139,160,201,221,202,230,18,0,0,4,0,0,0,0,0,0,22,130,197,146,158,140,156,185,185,145,126,150,194,222,231,217,205,230,0,0,0,0,0,0,3,21,46,78,145,177,187,135,151,167,141,132,130,158,197,224,225,215,208,202,213,214,0,0,0,70,159,154,149,154,158,155,153,176,198,115,107,142,145,171,196,212,204,210,222,216,203,192,184,217,126,0,35,187,188,188,189,185,184,200,196,194,191,182,174,189,195,192,197,196,221,213,177,169,187,200,206,235,179,0,167,188,165,168,176,175,167,177,179,172,178,172,171,172,182,188,210,216,163,151,201,212,223,237,244,247,139,127,187,156,177,189,194,199,192,189,183,189,189,176,200,196,205,211,167,170,207,255,235,238,216,182,161,76,0,168,252,204,175,158,142,132,142,145,153,175,173,179,170,159,168,171,195,226,211,20,0,73,26,0,0,0,0,0,153,217,231,239,219,217,196,185,169,161,167,171,175,194,223,229,248,18,0,0,0,0,0,0,0,5,0,0,0,0,37,100,79,215,228,225,255,224,221,210,218,238,136,83,0,0,0,1,0,4,4,0,0,0,0,0,0,0,0,0,0,0,0,0,17,22,21,0,27,0,0,0,0,0,0,0,0,0,0,0,0,0,0,0,0,0,0,0,0,0,0,0,0,0,0,0,0,0,0,0,0,0,0,0,0,0,0,0,0,0,0,0,0,0,0,0,0,0,0,0,0,0,0,0,0,0,0,0,0,0,0,0,0,0,0,0,0,0,0,6
0,0,0,0,0,0,0,0,0,0,0,0,0,0,0,0,0,0,0,0,0,0,0,0,0,0,0,0,0,0,0,0,0,0,0,0,0,0,0,0,0,0,0,0,0,0,0,0,0,0,0,0,0,0,0,0,0,0,0,0,0,0,0,0,0,0,0,0,0,0,0,1,3,2,3,3,3,2,1,0,0,67,11,0,0,0,0,0,0,0,0,0,0,0,1,0,0,0,1,0,0,0,0,0,0,0,0,0,0,147,42,0,0,0,0,0,0,0,0,0,0,0,2,0,1,1,0,11,33,30,21,20,20,21,21,25,22,106,7,0,0,0,0,0,0,0,0,0,0,0,1,0,0,1,0,102,134,198,222,216,213,218,197,152,157,157,0,0,0,0,0,0,0,0,0,0,0,0,0,0,1,0,0,129,137,188,214,208,204,210,194,124,132,108,0,0,0,0,0,0,0,0,0,0,0,1,0,0,1,0,10,126,107,192,213,205,201,209,205,107,146,94,0,0,0,0,0,0,0,0,0,0,0,0,0,0,2,0,31,128,100,214,215,203,199,214,201,91,150,89,0,0,0,0,0,0,0,0,0,0,0,0,0,0,1,0,49,120,116,213,210,202,199,220,202,95,154,87,0,0,0,0,0,0,0,0,0,0,0,0,0,0,0,0,92,121,119,208,209,203,201,227,188,100,160,85,0,0,0,0,0,0,0,0,0,0,0,0,0,3,0,3,120,123,120,208,209,204,203,232,173,88,183,98,0,0,0,0,1,0,0,0,0,0,0,1,0,2,0,61,128,124,118,210,209,202,200,231,168,83,164,110,0,0,0,0,0,0,0,0,0,0,0,0,1,0,0,113,119,119,123,211,205,204,203,239,149,93,158,147,12,0,1,0,0,0,0,0,0,0,0,0,4,0,35,139,130,116,121,216,205,206,203,241,132,112,157,174,54,0,0,0,0,0,0,0,0,0,0,1,1,0,79,113,129,96,129,217,204,203,194,224,125,134,113,139,111,0,0,0,0,0,0,0,0,0,0,4,0,35,100,86,141,114,130,222,196,195,197,219,153,111,92,120,147,7,0,0,0,0,0,1,0,0,3,0,6,104,90,103,142,157,137,222,195,199,199,219,162,101,125,122,142,24,0,0,0,0,2,1,2,2,0,0,89,137,142,122,144,132,116,220,199,204,201,219,159,122,111,111,158,47,0,1,0,0,0,0,0,0,8,100,69,125,124,120,135,144,145,219,201,206,200,244,112,109,157,162,232,48,0,0,0,6,8,11,37,71,91,121,109,130,130,139,130,138,156,206,201,203,226,220,179,187,189,170,213,24,0,34,87,90,84,99,79,92,83,104,129,131,133,137,142,122,155,212,218,255,192,153,164,167,167,166,210,16,1,101,105,101,109,90,59,112,140,132,121,128,146,138,115,68,178,228,189,5,52,203,164,172,176,167,206,16,95,181,148,132,115,105,121,114,114,115,121,118,117,96,156,207,184,30,0,0,63,197,156,165,164,163,193,14,3,152,179,190,190,202,170,148,141,138,138,153,189,247,201,32,0,0,0,0,81,218,173,190,197,182,240,34,0,0,0,30,83,130,168,187,187,186,190,177,145,69,0,0,0,2,0,0,64,169,139,136,112,98,83,0,0,0,0,0,0,0,0,0,0,0,0,0,0,0,0,0,0,0,0,0,0,0,0,0,0,0,0,0,0,0,0,0,0,0,0,0,0,0,0,0,0,0,0,0,0,0,0,0,0,0,0,0,0,0,0,0,6
0,0,0,0,0,0,0,0,0,0,0,0,0,0,0,0,0,0,0,0,0,0,0,0,0,0,0,0,0,0,0,0,0,0,0,0,0,0,0,0,0,0,0,0,0,0,0,0,0,0,0,0,0,0,0,0,0,0,0,0,0,0,0,0,0,0,0,0,0,0,0,0,0,0,0,0,0,0,0,0,0,0,0,0,0,0,0,0,0,0,0,0,0,0,0,0,0,0,0,0,0,0,0,0,0,0,0,0,0,0,0,0,0,0,0,0,0,0,0,0,0,0,0,0,0,0,0,0,0,0,0,0,0,0,0,0,0,0,0,0,0,0,0,0,0,0,0,0,0,0,0,0,0,0,0,0,66,52,0,1,0,1,1,0,0,0,0,0,0,0,0,0,0,0,0,0,0,0,0,0,0,0,0,0,137,101,0,0,0,0,0,2,2,0,0,0,0,0,0,0,0,0,0,0,0,0,0,0,0,4,0,0,174,201,119,0,0,6,2,0,0,0,1,0,0,0,0,0,0,0,0,0,0,0,0,0,0,0,0,119,167,158,184,112,0,0,0,6,15,0,0,0,0,0,0,0,0,0,0,0,0,0,0,0,0,48,121,158,180,152,16,89,42,2,44,117,105,4,0,1,0,0,0,0,0,0,0,0,0,0,0,0,1,150,168,165,189,68,36,55,68,81,88,75,95,16,0,1,0,0,0,0,0,0,0,0,0,0,2,0,119,142,131,143,172,156,68,86,117,76,78,84,71,12,0,0,0,0,0,0,1,0,0,0,0,0,0,0,234,180,134,163,156,211,212,193,177,153,77,30,148,119,0,0,0,0,0,0,0,0,0,0,1,0,0,124,206,214,209,168,209,227,205,205,200,219,150,129,188,182,0,0,0,0,3,5,2,0,1,0,0,0,174,150,112,173,229,240,224,196,202,203,194,201,218,199,170,179,0,0,0,0,0,0,0,0,0,0,0,142,137,109,132,159,185,186,209,210,197,211,200,196,207,169,175,196,51,0,0,0,24,66,11,0,27,151,201,214,145,150,212,236,213,213,222,223,200,205,206,204,192,164,182,206,107,0,0,56,141,135,178,200,226,184,165,164,221,255,250,225,227,213,200,186,194,201,200,212,167,166,187,207,184,0,0,138,163,143,130,109,135,161,178,155,163,188,186,173,184,185,205,225,236,232,216,203,185,232,215,182,194,36,46,159,180,193,186,170,131,154,184,172,177,160,174,203,217,247,238,177,119,78,78,92,75,54,36,23,187,37,38,153,154,157,166,182,200,207,216,180,178,203,223,215,182,114,40,24,79,136,144,113,151,108,51,88,202,57,0,30,133,158,151,147,154,149,130,140,130,158,160,37,27,42,106,196,168,103,111,123,175,201,157,168,174,23,0,0,0,0,80,151,185,199,203,232,213,226,210,211,181,184,175,158,168,223,238,194,187,176,185,179,131,0,1,0,4,0,0,0,0,23,39,42,59,51,49,64,23,0,0,0,20,26,54,76,87,73,50,32,0,0,0,0,0,0,0,0,0,0,0,0,0,0,0,0,0,0,0,0,0,0,0,0,0,0,0,0,0,0,0,0,0,0,0,0,0,0,0,0,0,0,0,0,0,0,0,0,0,0,0,0,0,0,0,0,0,0,0,0,0,0,0,0,0,0,0,0,0,0,0,0,0,0,0,0,0,0,0,0,0,0,0,0,0,0,0,0,0,0,0,0,0,0,0,0,0,0,0,0,0,0,0,0,0,0,0,0,0,0,0,0,0,0,6
0,0,0,0,0,0,0,0,0,0,0,0,0,0,0,0,0,0,0,0,0,0,0,0,0,0,0,0,0,0,0,0,0,0,0,0,0,0,0,0,0,0,0,0,0,0,0,0,0,0,0,0,0,0,0,0,0,0,0,0,0,0,0,0,0,0,0,0,0,0,0,0,0,0,0,0,0,0,0,0,0,0,0,0,0,0,0,0,0,0,0,0,0,0,0,0,0,0,0,0,0,0,0,0,0,0,0,0,0,0,0,0,0,0,0,0,0,0,0,0,0,0,0,0,0,0,0,0,0,0,0,0,0,0,0,0,0,0,0,0,0,0,0,0,0,0,0,0,0,0,0,0,0,0,0,0,0,0,0,0,0,0,0,0,0,0,0,0,0,0,0,0,0,0,0,0,0,0,0,0,0,0,0,0,0,0,0,0,0,0,0,0,0,0,0,0,0,0,0,0,0,0,0,0,0,0,0,0,1,0,64,190,180,186,181,185,184,186,186,180,162,155,152,0,0,0,0,0,0,0,0,0,0,0,0,0,2,0,135,226,210,241,242,231,240,240,228,236,244,211,255,55,0,0,0,0,0,0,0,0,0,0,0,0,0,0,24,188,160,149,138,146,140,145,181,146,142,166,186,23,0,0,0,0,0,0,0,0,0,0,0,0,2,0,71,158,97,222,93,96,196,195,53,216,132,75,115,0,0,0,0,0,0,0,0,0,0,0,0,0,0,0,13,151,112,107,90,103,102,147,142,119,108,117,123,0,0,1,0,0,0,0,1,1,1,2,0,0,0,0,0,66,30,16,24,32,28,4,48,0,17,7,0,0,0,0,0,0,1,2,1,0,0,0,0,0,0,45,202,218,205,204,210,188,209,160,206,173,172,139,65,0,0,1,2,2,1,0,0,0,0,35,80,136,186,220,227,204,221,221,222,224,213,227,211,208,203,198,149,0,0,2,0,0,0,22,78,146,199,217,218,211,201,195,181,192,187,195,187,186,194,189,194,198,200,167,64,0,1,0,0,66,152,204,219,197,192,192,186,186,186,185,190,190,189,185,192,190,194,189,202,213,134,123,129,0,0,25,167,190,193,188,185,183,184,185,188,190,190,193,196,195,194,195,194,197,189,206,210,146,134,136,141,13,5,167,195,188,189,192,194,189,193,197,194,197,200,200,201,200,201,206,203,199,201,208,140,158,136,124,139,11,104,189,176,182,184,190,196,200,201,201,203,204,202,204,205,204,211,210,206,212,229,165,131,136,136,133,154,28,29,155,184,199,198,195,193,183,177,181,193,198,194,195,193,186,188,190,194,190,212,176,177,178,190,187,226,99,0,0,0,13,26,37,49,55,74,89,85,91,90,113,119,124,129,138,150,145,147,156,154,152,147,133,123,20,0,0,0,0,0,0,0,0,0,0,0,0,0,0,0,0,0,0,0,0,0,0,0,0,0,0,0,0,0,0,0,0,0,0,0,0,0,0,0,0,0,0,0,0,0,0,0,0,0,0,0,0,0,0,0,0,0,0,0,0,0,0,0,0,0,0,0,0,0,0,0,0,0,0,0,0,0,0,0,0,0,0,0,0,0,0,0,0,0,0,0,0,0,0,0,0,0,0,0,0,0,0,0,0,0,0,0,0,0,0,0,0,0,0,0,0,0,0,0,0,0,0,0,0,0,0,0,0,0,0,0,0,0,0,0,0,0,0,0,0,0,0,0,0,0,0,0,0,0,0,0,0,0,0,0,0,0,0,0,0,0,0,0,0,0,0,0,0,6
0,0,0,0,0,0,0,0,0,0,0,0,0,0,0,0,0,0,0,0,0,0,0,0,0,0,0,0,0,0,0,0,0,0,0,0,0,0,0,0,0,0,0,0,0,0,0,0,0,0,0,0,0,0,0,0,0,0,0,0,0,0,0,0,0,0,0,0,0,0,0,0,0,0,0,0,0,0,0,0,0,0,0,0,0,0,0,0,0,0,0,0,0,0,0,0,0,0,0,0,0,0,0,0,0,0,0,0,0,0,0,0,0,0,0,0,0,0,0,0,0,0,0,0,0,0,0,0,0,0,0,0,0,0,0,0,0,0,0,0,0,0,0,0,0,0,0,0,0,0,0,0,0,0,0,0,0,0,0,0,0,1,0,1,0,36,182,0,0,0,0,0,0,0,0,0,0,0,0,0,0,0,0,0,72,53,0,0,0,0,0,0,0,79,192,94,0,0,0,0,0,0,0,0,0,0,0,0,0,0,0,0,189,253,226,34,0,0,0,0,180,224,227,96,0,0,0,0,0,0,0,0,0,0,0,0,0,2,0,0,211,232,238,251,253,255,255,252,237,230,229,44,0,0,0,0,0,0,0,0,0,0,0,0,0,1,0,62,234,229,231,232,227,224,225,226,222,229,231,0,0,0,0,0,0,0,0,0,0,0,0,0,0,0,0,165,238,226,230,222,222,224,219,213,229,221,255,0,0,0,0,0,0,0,0,0,0,0,0,0,0,0,0,235,222,227,230,222,220,221,225,219,225,228,220,0,0,0,0,0,0,0,0,0,1,1,0,0,0,0,129,239,207,225,227,224,224,223,224,227,220,242,192,0,0,0,0,0,0,0,0,0,0,0,0,0,0,49,252,204,226,232,227,221,222,223,223,223,217,229,199,0,0,0,0,0,0,0,0,0,0,0,0,0,38,245,167,204,227,225,218,220,218,218,218,225,218,226,232,7,0,0,0,0,0,0,0,0,0,0,0,30,255,115,36,228,236,205,221,221,215,213,211,222,219,215,250,60,0,4,6,4,0,0,0,0,0,0,69,255,161,0,156,242,205,203,216,212,210,208,208,222,182,203,237,118,0,0,0,0,0,0,0,0,44,155,255,174,0,132,238,218,201,205,208,202,209,206,201,189,184,226,225,144,0,0,76,128,117,96,113,185,248,227,189,97,159,205,213,205,218,228,228,231,229,231,225,216,246,213,239,107,4,156,188,202,228,226,224,221,204,184,171,202,203,203,227,237,237,224,217,229,231,235,243,252,238,220,230,55,99,213,201,146,140,178,203,192,160,170,195,202,212,227,226,221,206,209,215,189,176,160,134,126,124,127,135,80,17,118,176,217,220,213,214,221,221,216,215,224,230,222,205,216,202,195,122,139,195,171,185,190,196,200,208,112,0,0,6,59,125,170,215,232,236,232,225,204,171,138,96,37,1,0,0,56,140,116,111,94,76,51,19,0,0,0,0,0,0,1,14,33,54,39,18,5,0,0,0,0,0,0,0,0,0,0,0,0,0,0,0,0,0,0,0,0,0,0,0,0,0,0,0,0,0,0,0,0,0,0,0,0,0,0,0,0,0,0,0,0,0,0,0,0,0,0,0,0,0,0,0,0,0,0,0,0,0,0,0,0,0,0,0,0,0,0,0,0,0,0,0,0,0,0,0,0,0,0,0,0,0,0,0,0,0,0,0,0,0,0,0,0,0,0,0,0,0,0,0,0,0,0,0,0,0,0,0,0,0,0,0,0,0,0,0,0,0,0,0,0,0,0,0,0,6
0,0,0,0,0,0,0,0,0,0,0,0,0,0,0,0,0,0,0,0,0,0,0,0,0,0,0,0,0,0,0,0,0,0,0,0,0,0,0,0,0,0,0,0,0,0,0,0,0,0,0,0,0,0,0,0,0,0,0,0,0,0,0,0,0,0,0,0,0,0,0,0,0,0,0,0,0,0,0,0,0,0,0,0,0,0,0,0,0,0,0,0,0,0,0,0,0,2,4,0,22,0,0,0,0,1,0,0,0,0,2,0,0,0,0,0,0,0,0,0,0,0,0,0,0,4,0,27,171,138,81,8,0,0,0,0,2,0,0,0,0,0,0,0,0,0,0,0,0,0,0,0,0,3,0,37,197,200,204,180,155,85,10,0,0,0,1,0,0,0,0,0,0,0,0,0,0,0,0,0,0,8,0,53,194,192,199,207,203,193,165,108,66,0,0,0,0,0,0,0,0,0,0,0,0,0,0,0,0,5,0,75,204,187,199,202,194,175,143,172,214,160,47,0,0,0,0,0,0,0,0,0,0,0,0,0,0,3,0,88,208,193,204,196,193,198,203,221,209,224,223,60,0,0,0,0,0,0,0,0,0,0,0,0,0,5,0,90,208,199,218,217,209,208,214,204,210,204,195,34,0,0,0,0,0,0,0,0,0,0,0,0,0,2,0,128,215,204,195,180,231,217,218,211,207,203,200,0,0,0,0,0,0,0,0,0,0,0,0,0,0,0,0,156,211,156,170,175,65,218,220,215,206,201,177,0,0,0,0,0,0,0,0,0,1,2,0,0,0,0,88,228,183,156,185,176,94,229,219,202,183,196,167,0,0,0,0,0,0,0,0,0,2,0,2,1,0,0,189,170,178,174,243,99,136,255,188,197,183,209,130,0,0,0,0,0,0,0,0,0,0,1,2,0,0,101,168,172,144,186,232,126,211,213,193,198,194,217,134,0,0,0,0,0,0,0,0,1,1,0,0,18,68,188,199,138,168,231,160,196,222,197,206,201,196,207,173,0,0,0,1,2,1,3,0,0,0,0,34,180,171,110,202,202,225,217,160,228,206,207,197,206,203,207,198,0,4,5,0,0,0,0,0,8,93,141,113,183,157,108,138,190,221,176,196,220,206,185,204,203,208,204,239,8,0,0,0,13,17,21,81,131,108,149,143,163,201,181,173,193,205,150,228,224,185,162,198,200,218,209,207,49,46,123,111,112,112,123,132,125,129,168,190,192,195,212,219,231,176,175,208,154,101,105,140,177,219,213,206,84,24,108,107,86,103,153,152,151,152,155,171,189,213,220,227,232,213,220,205,184,230,245,202,208,226,215,212,120,0,0,0,29,58,78,106,131,125,120,110,107,140,153,136,125,108,91,81,94,89,87,72,64,49,33,40,5,12,16,6,0,0,0,0,0,0,0,0,0,0,0,0,0,0,0,0,0,0,0,0,0,0,0,0,2,13,22,16,13,17,18,18,18,17,13,17,15,12,12,18,22,21,18,19,19,20,22,22,22,24,22,26,20,0,9,15,21,22,23,22,19,17,17,16,15,14,18,20,19,16,15,16,17,19,18,18,19,20,21,26,12,0,0,0,0,4,4,8,11,11,11,14,14,13,14,11,10,13,13,10,13,13,9,11,12,10,9,11,0,0,0,0,0,0,0,0,0,0,0,0,0,0,0,0,0,0,0,0,0,0,0,0,0,0,0,0,0,0,0,0,0,0,0,0,0,0,0,0,0,0,0,0,0,0,0,0,0,0,0,0,0,0,0,0,0,6
0,0,0,0,0,0,0,0,0,0,0,0,0,0,0,0,0,0,0,0,0,0,0,0,0,0,0,0,0,0,0,0,0,0,0,0,0,0,0,0,0,0,0,0,0,0,0,0,0,0,0,0,0,0,0,0,0,0,0,0,0,0,0,0,0,0,0,0,0,0,0,0,0,0,0,0,0,0,0,0,0,0,0,0,0,0,0,0,0,0,0,0,0,0,0,0,0,0,0,0,0,0,0,0,0,0,0,0,0,0,0,0,0,0,0,0,0,0,0,0,0,0,0,0,0,0,0,0,0,0,134,119,0,0,0,0,1,5,1,0,0,0,0,0,0,0,0,0,0,0,0,0,0,0,2,0,0,187,247,170,0,0,1,6,0,0,0,0,0,0,0,0,0,0,0,0,0,0,0,0,0,0,0,0,91,241,230,209,20,0,0,0,0,84,0,0,0,0,0,0,0,0,0,0,0,0,0,0,0,1,0,0,245,230,230,239,255,43,18,167,212,202,0,0,0,0,0,0,0,0,0,0,0,0,0,0,0,3,0,136,236,220,234,238,238,255,255,221,231,200,0,0,0,0,0,0,0,0,0,0,0,0,0,0,2,0,0,238,217,233,244,227,248,194,192,217,239,218,0,0,0,0,0,0,0,0,0,0,0,0,0,0,0,0,139,241,223,243,235,220,189,247,233,244,240,241,0,0,0,0,0,0,0,0,0,0,0,0,0,0,0,22,255,240,230,239,168,241,250,245,242,227,243,225,0,0,0,0,0,0,0,0,0,0,0,0,0,0,0,132,252,217,228,230,255,244,238,232,227,223,243,227,0,0,0,0,0,0,0,0,0,0,0,0,0,0,78,253,214,165,239,239,215,216,215,228,228,228,234,252,0,0,0,0,0,0,0,0,0,0,0,0,0,11,243,226,222,233,236,205,212,217,215,228,232,227,229,250,54,0,0,0,0,0,0,0,0,0,1,0,0,231,228,216,213,224,237,239,240,237,237,240,235,234,235,253,58,0,0,0,2,7,8,2,0,0,0,0,90,250,224,222,220,245,236,237,233,237,238,234,230,240,235,255,142,0,2,1,0,0,0,0,0,0,0,149,255,235,244,211,227,220,216,225,235,237,233,223,229,244,237,254,231,0,0,0,5,38,58,77,129,203,255,253,222,236,232,196,208,220,233,235,229,227,219,210,235,240,243,245,255,0,0,105,209,213,220,226,227,238,238,235,231,224,244,243,242,237,226,226,235,236,236,234,246,249,243,252,236,0,0,205,235,226,229,224,222,237,239,239,237,242,242,240,246,253,254,241,236,241,237,235,243,236,227,223,223,4,85,205,200,215,228,232,239,251,251,246,252,249,253,253,241,229,227,216,215,200,192,185,183,188,194,200,246,84,73,187,202,194,197,199,208,232,232,231,228,224,215,210,211,236,243,243,196,221,210,217,211,214,217,211,228,131,0,5,85,161,215,239,228,222,216,219,215,226,235,253,195,130,61,0,0,252,243,255,255,255,255,220,255,92,0,0,0,0,0,16,65,116,136,114,152,101,73,37,0,0,0,0,0,92,84,67,68,59,42,31,0,0,0,0,0,0,0,0,0,0,0,0,0,0,0,0,0,0,0,0,0,0,0,0,0,0,0,0,0,0,0,0,0,0,0,0,0,0,0,0,0,0,0,0,0,0,0,0,0,0,0,0,0,0,0,0,0,0,0,0,0,0,0,0,0,0,0,0,0,0,0,0,0,0,0,0,0,0,0,0,0,0,0,0,0,0,6
0,0,0,0,0,0,0,0,0,0,0,0,0,0,0,0,0,0,0,0,0,0,0,0,0,0,0,0,0,0,0,0,0,0,0,0,0,0,0,0,0,0,0,0,0,0,0,0,0,0,0,0,0,0,0,0,0,0,0,0,0,0,0,0,0,0,0,0,0,0,0,0,0,0,0,0,0,0,0,0,0,0,0,0,0,0,0,0,0,0,0,0,0,0,0,0,1,0,1,106,21,0,0,0,0,0,0,0,0,7,3,0,0,0,0,0,0,0,0,0,0,1,0,0,3,0,21,187,171,147,70,37,39,20,11,5,0,0,0,0,0,0,0,0,0,0,0,0,0,0,0,0,10,0,60,130,130,147,177,187,167,164,165,148,132,82,50,0,0,0,0,0,0,0,0,0,0,0,0,0,0,0,89,169,143,150,157,142,149,185,171,137,213,226,157,0,0,0,0,0,0,0,0,0,0,1,0,0,105,12,84,167,146,143,158,153,156,184,161,108,178,228,134,0,0,0,0,0,0,0,0,0,0,4,0,48,67,106,68,158,153,150,150,143,135,132,150,139,134,219,212,7,0,0,0,0,0,0,0,0,0,5,0,99,0,77,105,129,142,157,149,135,135,150,147,156,112,174,38,0,0,0,0,0,0,0,0,0,0,7,0,103,0,181,199,117,164,167,159,153,147,148,146,121,117,119,0,0,0,0,0,0,0,0,0,0,0,3,0,34,79,180,185,158,169,170,166,165,159,157,161,139,150,185,3,0,0,0,0,0,0,0,0,0,0,1,5,0,0,73,135,174,185,205,197,190,186,187,186,195,183,161,0,0,0,0,0,0,0,0,0,0,0,0,0,0,82,83,231,98,106,150,158,166,168,162,138,130,129,117,0,0,0,0,0,0,0,0,0,0,0,2,0,66,49,116,176,113,129,122,130,137,142,143,133,128,123,146,7,0,0,0,0,1,0,0,0,0,2,0,0,93,184,137,68,152,132,132,149,159,156,138,151,166,123,140,64,0,1,1,2,0,0,0,1,0,0,0,101,142,76,108,110,142,134,138,152,147,152,156,158,137,120,143,150,0,1,0,0,0,0,0,0,0,6,53,157,170,86,123,144,143,142,141,148,142,149,138,135,130,147,168,220,26,0,0,77,148,93,65,66,90,125,129,90,106,117,133,139,138,164,146,139,153,150,134,126,134,162,183,240,58,0,44,181,147,132,119,117,108,106,89,87,108,106,108,142,131,155,149,143,155,140,153,137,160,192,190,229,79,0,162,179,153,148,125,116,115,117,123,139,135,134,116,126,123,156,171,161,152,137,137,137,161,190,185,235,55,116,184,152,165,148,149,112,116,132,138,132,138,144,147,172,117,107,120,140,159,142,144,166,174,193,183,216,70,16,193,188,162,152,121,79,90,116,117,124,123,134,142,155,178,185,217,232,221,202,213,222,213,204,186,217,98,0,0,103,195,184,175,170,151,125,126,128,144,170,193,222,214,225,147,70,203,189,189,186,188,199,190,199,103,0,0,0,0,77,175,221,255,250,239,244,240,233,244,69,0,0,0,0,238,216,215,228,234,242,221,247,103,0,0,0,0,0,0,0,43,65,131,98,89,56,13,0,0,0,0,0,128,113,104,84,80,79,71,55,0,0,0,0,0,0,0,0,0,0,0,0,0,0,0,0,0,0,0,0,0,0,0,0,0,0,0,0,0,0,0,0,0,0,0,0,0,0,0,0,0,0,0,0,0,0,0,0,0,0,0,0,0,0,0,0,0,6
0,0,0,0,0,0,0,0,0,0,0,0,0,0,0,0,0,0,0,0,0,0,0,0,0,0,0,0,0,0,0,0,0,0,0,0,0,0,0,0,0,0,0,0,0,0,0,0,0,0,0,0,0,0,0,0,0,0,0,0,0,0,0,0,0,0,0,0,0,0,0,0,0,0,0,0,0,0,0,0,0,0,0,0,0,0,0,0,0,0,0,0,0,0,0,0,0,0,0,0,0,0,0,0,0,0,0,0,0,0,0,0,0,0,0,0,0,0,0,0,0,0,0,0,0,0,0,0,0,0,0,0,0,0,0,0,0,0,0,0,0,0,0,0,0,0,0,0,0,0,0,0,0,0,0,1,2,0,2,2,2,2,0,0,0,21,27,0,0,0,0,0,0,0,0,0,0,0,0,0,0,0,1,0,0,0,0,0,0,0,0,0,0,115,39,0,0,0,0,0,0,0,0,0,0,0,0,0,0,2,0,0,98,106,5,4,0,0,0,11,189,194,0,0,0,0,0,0,0,0,0,0,0,0,0,0,0,0,0,74,195,219,238,227,221,255,226,198,200,171,0,0,0,0,0,0,0,0,0,0,0,0,0,0,0,0,38,231,204,229,227,230,234,231,241,224,192,168,0,0,0,0,0,0,0,0,0,0,0,0,0,0,0,16,224,203,221,232,232,228,227,226,231,209,190,229,0,0,1,0,0,1,0,0,1,0,3,3,0,0,33,212,200,219,233,230,226,231,233,226,243,204,167,244,29,0,0,0,4,4,1,3,1,0,0,0,4,110,230,192,200,234,234,229,224,223,230,245,225,196,175,208,123,0,0,0,0,0,0,0,0,0,19,113,212,231,191,198,223,229,225,244,255,255,238,195,200,209,189,201,199,0,0,0,0,16,24,39,90,178,225,195,191,190,195,217,254,255,254,222,155,89,123,202,231,220,233,198,222,11,0,166,179,197,193,229,198,198,188,190,200,204,209,202,143,78,48,24,93,196,243,241,228,233,204,189,218,28,81,205,198,197,197,198,186,191,207,209,207,199,203,207,184,191,242,255,255,253,237,229,231,222,181,186,214,22,91,221,197,203,196,201,205,214,211,209,206,208,207,216,252,249,210,181,170,167,168,170,174,187,192,195,221,22,0,213,219,205,210,212,206,214,203,204,218,209,215,225,193,162,170,182,197,202,196,199,196,193,195,192,186,15,0,12,187,216,207,209,212,216,211,211,219,217,212,214,218,213,207,202,195,190,191,185,182,187,196,195,215,90,0,0,0,102,207,216,213,217,214,214,220,217,216,220,214,213,215,215,216,215,215,217,217,223,214,210,192,35,1,0,0,0,0,38,111,153,173,167,171,156,161,127,61,46,46,53,51,121,125,131,103,110,70,35,0,0,0,0,0,4,0,0,0,0,0,0,0,0,0,0,0,0,0,0,0,0,0,0,0,0,0,0,0,0,0,0,0,0,0,0,0,0,0,0,0,0,0,0,0,0,0,0,0,0,0,0,0,0,0,0,0,0,0,0,0,0,0,0,0,0,0,0,0,0,0,0,0,0,0,0,0,0,0,0,0,0,0,0,0,0,0,0,0,0,0,0,0,0,0,0,0,0,0,0,0,0,0,0,0,0,0,0,0,0,0,0,0,0,0,0,0,0,0,0,0,0,0,0,0,0,0,0,0,0,0,0,0,0,0,0,0,0,0,0,0,0,0,0,0,0,0,0,0,0,0,0,0,0,0,0,0,0,0,0,0,0,0,0,0,0,0,0,0,0,6
0,0,0,0,0,0,0,0,0,0,0,0,0,0,0,0,0,0,0,0,0,0,0,0,0,0,0,0,0,0,0,0,0,0,0,0,0,0,0,0,0,0,0,0,0,0,0,0,0,0,0,0,0,0,0,0,0,0,0,0,0,0,0,0,0,0,0,0,0,0,0,0,0,0,0,0,0,0,0,0,0,0,0,0,0,0,0,0,0,0,0,0,0,0,0,0,0,0,0,0,0,0,0,0,0,0,0,0,0,0,0,0,0,0,0,0,0,0,0,0,0,0,0,0,0,0,0,0,0,0,0,0,0,0,0,0,0,0,0,0,0,0,0,0,0,0,0,0,0,0,0,0,0,0,0,0,85,230,202,3,0,0,0,0,0,0,0,0,0,0,0,0,0,0,0,0,0,0,0,0,0,0,0,0,146,219,174,181,182,197,185,172,152,153,82,0,0,0,0,0,0,0,0,0,0,0,0,0,0,2,0,0,179,234,183,218,215,220,229,227,226,244,154,0,0,0,0,0,0,0,0,0,0,0,0,0,0,2,0,0,198,235,214,220,212,213,195,218,215,222,171,0,0,0,0,0,0,0,0,0,0,0,0,0,0,2,0,0,234,227,201,227,214,227,183,207,222,224,216,0,0,0,0,0,0,0,0,0,0,0,0,0,0,0,0,16,235,225,219,233,213,215,228,229,216,214,229,0,0,0,0,0,0,0,0,0,0,0,0,0,0,1,0,130,246,209,230,219,217,211,197,195,192,208,194,0,0,0,0,0,0,0,0,0,0,0,0,0,0,0,6,226,191,236,246,226,237,235,228,231,231,249,105,0,0,0,0,0,0,0,0,0,0,0,6,0,0,24,220,212,217,227,242,249,254,250,230,236,218,220,138,0,0,0,0,0,0,0,0,0,0,4,0,0,120,225,197,179,225,237,236,219,240,224,204,213,198,216,191,0,0,1,2,4,5,5,5,0,0,0,1,169,190,165,174,208,206,211,220,235,231,235,218,202,209,217,236,0,2,0,0,0,0,0,0,0,0,94,203,192,149,196,213,206,213,217,216,220,219,231,226,224,222,203,242,64,0,0,17,97,107,94,93,118,175,197,167,171,191,211,192,195,208,217,223,224,224,219,222,213,202,206,236,119,0,159,157,122,135,163,183,163,156,163,172,194,208,214,205,211,222,225,219,218,226,222,220,223,223,208,250,118,103,211,192,162,140,138,141,158,171,179,175,164,182,196,217,222,207,202,205,209,214,214,215,214,223,209,235,54,127,186,189,198,208,208,213,209,207,209,208,207,208,209,213,213,217,229,236,231,220,224,217,209,206,208,216,103,0,49,117,152,179,198,207,214,220,219,219,217,216,218,225,226,215,233,179,209,208,187,189,190,194,191,198,141,0,0,0,0,38,94,149,182,211,220,228,222,217,192,132,49,2,0,0,0,153,222,183,198,193,178,191,93,1,1,0,0,0,0,0,0,0,0,0,0,0,0,0,0,0,0,0,0,0,0,0,0,0,0,0,0,0,0,0,0,0,0,0,0,0,0,0,0,0,0,0,0,0,0,0,0,0,0,0,0,0,0,0,0,0,0,0,0,0,0,0,0,0,0,0,0,0,0,0,0,0,0,0,0,0,0,0,0,0,0,0,0,0,0,0,0,0,0,0,0,0,0,0,0,0,0,0,0,0,0,0,0,0,0,0,0,0,0,0,0,0,0,0,0,0,0,0,0,0,0,0,0,0,0,0,0,0,0,0,0,0,0,0,0,0,0,0,0,6
0,0,0,0,0,0,0,0,0,0,0,0,0,0,0,0,0,0,0,0,0,0,0,0,0,0,0,0,0,0,0,0,0,0,0,0,0,0,0,0,0,0,0,0,0,0,0,0,0,0,0,0,0,0,0,0,0,0,0,0,0,0,0,0,0,0,0,0,0,0,0,0,0,0,0,0,0,0,0,0,0,0,0,0,0,0,0,0,0,0,0,0,0,0,0,0,0,0,0,0,0,0,0,0,0,0,0,0,0,0,0,0,0,0,0,0,0,0,0,0,0,0,0,0,0,0,1,0,0,0,4,75,45,0,0,0,0,0,0,2,0,0,0,0,0,0,0,0,0,0,0,0,0,0,1,2,0,27,122,171,240,104,52,19,0,0,0,0,0,0,0,0,0,0,0,0,0,0,0,0,0,1,1,0,0,193,129,146,255,246,233,221,194,186,69,66,0,0,0,0,0,0,0,0,0,0,0,0,0,1,2,0,1,186,108,144,253,240,235,235,237,227,204,171,0,0,0,0,0,0,0,0,0,0,0,0,0,0,5,0,76,231,109,130,229,231,246,229,222,238,140,0,0,0,0,0,0,0,0,0,0,0,0,0,0,0,0,0,146,178,108,128,114,104,102,119,128,148,0,0,0,0,0,0,0,0,0,0,0,0,1,0,0,3,0,51,144,49,87,146,134,109,97,74,77,93,0,0,0,0,0,0,0,0,0,0,0,0,0,1,4,0,35,139,105,89,131,146,147,131,128,108,123,120,0,0,0,0,0,0,0,0,0,0,0,0,3,0,0,37,121,118,65,129,154,157,152,124,103,81,94,96,0,0,0,0,0,0,0,0,0,0,0,1,0,0,67,121,115,70,120,150,142,152,145,119,103,90,102,118,0,0,0,0,2,3,2,2,1,0,1,2,0,56,165,77,69,131,152,146,141,146,140,123,116,103,79,104,27,0,0,0,0,0,0,0,0,0,0,3,10,71,77,94,132,134,139,141,146,150,138,109,90,93,66,82,67,0,0,0,10,26,30,26,29,49,60,66,85,95,108,130,140,133,139,139,130,130,124,103,90,94,81,60,78,0,0,15,104,80,86,91,87,88,89,76,73,91,135,134,128,130,128,129,135,136,136,131,111,101,90,49,76,14,0,106,170,96,89,79,72,78,89,92,96,102,122,146,135,131,140,147,142,141,136,130,123,119,115,80,90,8,40,117,128,150,167,140,115,97,100,107,107,102,110,118,129,133,128,124,114,122,119,116,122,129,142,129,109,2,72,181,121,95,105,139,161,162,140,137,143,126,121,133,150,140,133,151,166,166,172,163,161,139,110,83,67,11,0,35,145,183,160,107,79,95,112,116,128,142,141,125,120,140,150,140,133,122,92,94,99,105,107,102,72,22,0,0,0,18,99,174,190,157,126,110,99,94,83,93,118,95,78,35,26,196,155,139,133,134,134,116,103,24,0,5,0,0,0,0,15,58,100,110,115,126,130,129,86,0,0,0,0,0,77,130,109,108,100,86,64,0,0,0,0,0,0,0,0,0,0,0,0,0,0,0,0,0,0,0,0,0,0,0,0,0,0,0,0,0,0,0,0,0,0,0,0,0,0,0,0,0,0,0,0,0,0,0,0,0,0,0,0,0,0,0,0,0,0,0,0,0,0,0,0,0,0,0,0,0,0,0,0,0,0,0,0,0,0,0,0,0,0,0,0,0,0,0,0,0,0,0,0,0,0,0,0,0,0,0,0,0,0,0,0,0,0,0,0,0,0,0,0,0,6
0,0,0,0,0,0,0,0,0,0,0,0,0,0,0,0,0,0,0,0,0,0,0,0,0,0,0,0,0,0,0,0,0,0,0,0,0,0,0,0,0,0,0,0,0,0,0,0,0,0,0,0,0,0,0,0,0,0,0,0,0,0,0,0,0,0,0,0,0,0,0,0,0,0,0,0,0,0,0,0,0,0,0,0,0,0,0,0,0,0,0,0,0,0,0,0,0,0,0,0,0,0,0,0,0,0,0,0,0,0,0,0,0,0,0,0,0,0,0,0,0,0,0,0,0,0,0,0,0,0,0,0,0,0,0,0,0,0,0,0,0,0,0,0,0,0,0,0,0,0,0,1,0,1,0,1,0,48,38,0,0,0,0,0,1,1,0,0,0,0,0,0,0,0,0,0,0,1,1,0,1,1,0,0,0,181,112,0,8,0,0,0,3,0,0,0,0,0,0,0,0,0,0,0,0,1,0,0,0,0,0,0,151,230,170,0,46,15,10,0,0,0,0,0,0,0,0,0,0,0,0,0,0,0,0,0,0,1,0,96,223,196,163,17,23,22,0,6,69,152,7,0,0,0,0,0,0,0,0,0,0,0,1,0,0,0,21,123,175,220,213,197,191,188,193,212,188,172,2,0,0,0,0,0,0,0,0,0,0,0,0,0,0,9,187,205,137,225,217,175,198,191,193,182,170,170,8,0,0,0,0,0,0,0,0,0,0,0,1,0,0,172,130,195,234,222,223,177,176,171,172,175,174,203,89,0,0,1,0,0,0,1,0,0,0,0,0,0,69,204,146,146,229,211,217,174,165,168,190,207,211,226,171,0,0,0,2,4,3,5,4,0,0,0,13,140,230,114,211,233,221,218,222,213,218,222,229,233,216,214,217,0,2,1,0,0,0,0,0,0,0,96,252,133,95,237,207,226,222,227,231,235,232,226,221,222,215,207,251,8,1,0,1,51,53,53,66,119,220,169,62,234,136,211,206,214,218,219,216,211,212,218,213,224,212,203,252,41,0,15,213,185,188,215,220,210,216,206,150,229,224,208,206,216,219,220,219,215,211,213,212,214,211,213,247,53,0,98,210,185,189,193,198,199,205,219,229,215,205,210,212,212,214,214,213,214,216,217,215,211,201,201,225,9,14,225,209,201,197,207,217,214,209,217,215,215,212,213,212,216,225,230,230,233,231,226,229,234,230,225,255,73,87,217,200,210,213,219,222,222,219,219,215,220,221,223,223,229,224,224,222,218,216,215,211,215,218,209,243,97,71,210,234,217,210,203,203,208,211,220,227,228,222,218,228,228,255,252,240,230,209,203,205,203,202,195,208,89,0,5,133,223,218,229,226,214,211,213,209,209,209,221,210,174,100,24,0,222,236,227,230,228,234,234,255,58,0,0,0,0,14,64,147,199,189,214,94,217,137,178,0,0,0,0,0,139,179,182,194,191,174,123,42,0,0,2,0,0,0,0,0,0,0,0,0,0,0,0,0,4,1,1,0,0,0,0,0,0,0,0,0,0,0,0,0,0,0,0,0,0,0,0,0,0,0,0,0,0,0,0,0,0,0,0,0,0,0,0,0,0,0,0,0,0,0,0,0,0,0,0,0,0,0,0,0,0,0,0,0,0,0,0,0,0,0,0,0,0,0,0,0,0,0,0,0,0,0,0,0,0,0,0,0,0,0,0,0,0,0,0,0,0,0,0,0,0,0,0,0,0,0,0,0,0,0,0,0,0,0,0,0,0,0,0,0,0,0,0,0,0,0,0,0,0,6
0,0,0,0,0,0,0,0,0,0,0,0,0,0,0,0,0,0,0,0,0,0,0,0,0,0,0,0,0,0,0,0,0,0,0,0,0,0,0,0,0,0,0,0,0,0,0,0,0,0,0,0,0,0,0,0,0,0,0,0,0,0,0,0,0,0,0,0,0,0,0,0,0,0,0,0,0,0,0,0,0,0,0,0,0,0,0,0,0,0,0,0,0,0,0,0,0,0,0,0,0,0,0,0,0,0,0,0,0,0,0,0,0,0,0,0,0,0,0,0,0,0,0,0,0,0,0,0,0,0,0,0,0,0,0,0,0,0,0,0,0,0,0,0,0,0,0,0,0,0,0,0,0,0,0,0,0,0,0,0,1,4,0,2,0,0,29,61,0,0,0,0,0,0,0,0,0,0,0,0,0,1,0,0,132,88,0,0,0,0,0,0,7,39,98,39,0,0,0,0,0,0,0,0,1,1,0,0,0,2,0,2,243,195,147,42,51,59,43,62,234,224,185,33,0,0,0,0,0,0,0,0,1,1,0,0,0,2,0,69,198,186,143,148,176,178,171,193,196,204,196,0,0,0,0,0,0,0,0,0,0,0,0,0,1,0,0,155,213,186,125,119,129,131,126,166,188,208,139,0,0,0,0,0,0,0,0,0,0,0,1,0,0,0,6,217,194,189,101,122,129,139,135,176,187,230,120,0,0,0,0,0,0,0,0,0,0,0,2,0,0,0,106,214,213,162,95,131,131,140,133,180,197,230,90,0,0,0,0,0,0,0,0,0,0,0,0,1,0,4,208,193,199,115,106,131,139,146,130,174,197,226,142,0,0,0,0,0,0,0,0,0,1,1,1,0,0,135,212,192,165,94,121,131,141,144,129,165,208,216,187,0,0,0,0,0,0,0,1,1,1,2,0,0,67,214,175,199,131,103,123,131,138,142,133,159,216,198,233,0,0,0,0,0,0,1,2,3,4,0,0,61,204,176,179,183,101,116,125,134,142,144,126,166,213,195,246,42,0,2,6,5,2,3,0,0,0,0,76,195,160,128,176,133,92,112,114,119,121,117,108,155,217,204,234,102,1,0,0,0,0,0,0,13,49,132,192,111,95,140,160,114,108,123,140,151,150,176,199,206,237,196,255,115,0,1,60,80,95,120,143,125,120,106,108,110,140,167,187,210,214,220,226,217,229,238,235,226,203,199,235,78,15,223,231,126,14,7,8,31,98,133,148,177,188,204,219,205,176,172,166,167,179,183,198,193,213,215,220,69,125,212,193,192,189,149,130,128,146,183,212,228,221,196,199,186,186,202,207,196,184,185,175,165,161,151,179,86,97,177,179,185,210,226,229,217,221,228,231,220,205,216,232,234,211,168,159,160,150,149,149,153,158,158,186,87,0,44,103,152,171,176,192,190,201,214,205,201,198,157,97,46,20,0,17,217,193,197,196,205,207,195,213,106,0,0,0,0,24,56,74,83,97,88,58,39,26,0,0,0,0,0,0,120,104,79,65,73,50,38,35,0,0,0,0,0,0,0,0,0,0,0,0,0,0,0,0,0,0,0,0,0,0,0,0,0,0,0,0,0,0,0,0,0,0,0,0,0,0,0,0,0,0,0,0,0,0,0,0,0,0,0,0,0,0,0,0,0,0,0,0,0,0,0,0,0,0,0,0,0,0,0,0,0,0,0,0,0,0,0,0,0,0,0,0,0,0,0,0,0,0,0,0,0,0,0,0,0,0,0,0,0,0,0,0,0,0,0,0,0,0,0,0,0,6
0,0,0,0,0,0,0,0,0,0,0,0,0,0,0,0,0,0,0,0,0,0,0,0,0,0,0,0,0,0,0,0,0,0,0,0,0,0,0,0,0,0,0,0,0,0,0,0,0,0,0,0,0,0,0,0,0,0,0,0,0,0,0,0,0,0,0,0,0,0,0,0,0,0,0,0,0,0,0,0,0,0,0,0,0,0,0,0,0,0,0,0,0,0,0,0,0,0,0,0,0,0,0,0,0,0,0,0,0,0,0,0,0,0,0,0,0,0,0,0,0,0,0,0,0,0,0,0,0,0,0,0,0,0,0,0,0,0,0,0,0,0,0,0,0,0,0,0,0,0,0,0,0,0,0,0,0,0,0,0,0,0,0,0,0,0,0,0,0,0,0,0,0,0,0,0,0,0,0,0,0,0,1,0,0,0,0,1,2,2,0,0,20,80,0,3,0,0,0,0,0,0,0,0,0,0,0,0,0,3,0,3,103,49,0,0,0,0,0,27,122,79,0,4,0,0,0,0,0,0,0,0,0,0,0,0,0,3,0,72,177,220,160,42,48,24,85,217,228,53,0,1,0,0,0,0,0,0,0,0,0,0,0,0,1,0,0,168,179,199,217,226,225,225,219,200,213,85,0,0,0,0,0,0,0,0,0,0,0,0,0,0,0,0,66,196,195,212,207,204,206,207,206,201,222,150,0,0,0,0,0,0,0,0,0,0,0,0,0,3,0,5,170,182,209,208,217,213,206,220,208,209,228,202,0,0,0,0,1,0,0,0,0,0,0,0,5,0,0,151,182,194,222,208,205,212,209,212,202,205,227,181,0,0,0,0,0,0,0,0,0,0,0,7,0,0,117,198,160,207,213,205,206,213,200,211,213,198,195,201,23,0,1,0,0,0,0,0,0,2,4,0,0,99,205,166,183,217,196,204,207,207,201,222,202,202,194,217,88,0,0,1,4,3,3,4,0,0,0,0,94,171,142,154,173,209,209,208,215,213,209,207,177,193,195,211,130,0,0,0,0,0,0,0,0,0,45,142,183,157,160,163,170,180,194,199,201,208,199,182,181,194,199,217,177,0,0,0,58,90,100,81,116,174,173,160,139,149,143,157,179,176,180,198,199,187,181,187,199,206,211,214,227,0,0,136,177,153,142,157,155,141,148,175,190,187,177,176,175,187,200,211,215,211,221,240,237,238,225,224,214,0,15,144,185,180,179,166,156,162,157,167,183,206,215,211,211,212,215,217,222,217,202,195,181,169,167,171,164,0,93,157,154,160,175,181,187,195,199,204,202,209,200,205,207,200,194,199,190,167,150,158,162,160,183,189,200,65,0,42,126,177,176,181,175,164,157,148,157,162,180,179,180,167,134,85,135,252,255,234,240,240,247,220,217,90,0,0,0,0,0,46,67,94,104,125,119,116,116,28,0,0,0,0,0,39,96,77,79,71,60,65,52,0,0,0,0,0,0,0,0,0,0,0,0,0,0,0,0,0,0,0,0,0,0,0,0,0,0,0,0,0,0,0,0,0,0,0,0,0,0,0,0,0,0,0,0,0,0,0,0,0,0,0,0,0,0,0,0,0,0,0,0,0,0,0,0,0,0,0,0,0,0,0,0,0,0,0,0,0,0,0,0,0,0,0,0,0,0,0,0,0,0,0,0,0,0,0,0,0,0,0,0,0,0,0,0,0,0,0,0,0,0,0,0,0,0,0,0,0,0,0,0,0,0,0,0,0,0,0,0,0,0,0,0,0,0,0,0,0,0,0,0,0,6
0,0,0,0,0,0,0,0,0,0,0,0,0,0,0,0,0,0,0,0,0,0,0,0,0,0,0,0,0,0,0,0,0,0,0,0,0,0,0,0,0,0,0,0,0,0,0,0,0,0,0,0,0,0,0,0,0,0,0,0,0,0,0,0,0,0,0,0,0,0,0,0,0,0,0,0,0,0,0,0,0,0,0,0,0,0,0,0,0,0,0,0,0,0,0,0,0,0,0,0,0,0,0,0,0,0,0,0,0,0,0,0,0,0,0,0,0,0,0,0,0,0,0,0,0,0,0,0,0,0,0,0,0,0,146,37,0,3,0,0,0,0,0,0,0,0,0,0,0,0,0,0,0,0,0,0,0,0,1,0,0,108,247,181,0,7,4,0,0,0,0,0,0,0,0,0,0,0,0,0,0,0,0,0,0,2,0,0,60,219,244,142,0,9,0,0,0,0,0,0,0,0,0,0,0,0,0,0,0,0,1,5,1,0,0,0,189,241,231,22,0,7,1,0,0,0,0,0,0,0,0,0,0,3,1,3,4,3,0,0,0,0,1,62,220,223,243,82,0,3,0,1,0,0,0,0,0,0,0,0,0,0,0,0,0,0,0,21,99,214,255,208,221,245,155,0,0,0,6,0,0,0,0,0,0,0,0,0,0,1,0,0,59,122,191,238,236,180,91,140,239,248,79,0,5,0,0,0,0,0,0,0,0,0,0,0,0,2,0,154,249,225,180,102,0,0,0,128,242,241,88,0,0,0,116,161,0,0,0,0,0,0,0,0,0,6,0,64,65,0,0,0,0,0,0,113,241,247,75,0,127,218,252,164,0,0,0,0,0,0,0,0,0,0,0,0,0,0,0,2,0,1,0,70,246,234,210,243,255,238,243,103,0,0,0,0,0,0,0,1,3,4,5,9,9,3,0,0,0,0,0,30,246,236,241,246,231,230,255,67,0,0,0,0,0,0,4,0,0,0,0,0,0,0,1,0,4,0,64,255,248,190,240,234,241,231,255,41,0,0,0,0,1,0,0,0,0,53,87,84,14,0,0,0,0,92,245,192,0,170,255,229,232,231,255,29,0,0,0,0,3,0,36,218,199,159,97,117,158,105,8,0,82,253,138,0,0,252,247,234,235,235,255,0,0,0,0,2,0,35,221,229,229,232,214,137,79,84,53,20,250,154,0,0,0,255,233,236,235,236,255,0,4,7,0,0,0,175,238,163,180,255,229,236,240,101,0,254,232,0,0,0,35,255,229,239,233,240,251,0,0,0,0,0,0,255,226,201,44,141,250,255,237,240,219,228,0,0,3,0,92,244,231,239,233,244,228,0,34,145,158,171,194,230,155,255,146,0,1,152,227,223,255,88,0,4,4,0,149,240,228,242,233,242,210,0,74,236,246,243,224,247,133,110,255,61,5,15,200,255,180,0,0,0,5,0,167,249,231,234,232,254,191,0,0,0,88,148,201,245,255,250,255,255,255,255,255,157,0,0,5,0,5,0,57,223,236,255,230,237,113,0,0,0,0,0,0,0,0,3,10,47,44,17,0,0,0,0,0,0,1,0,0,52,48,40,33,38,0,0,0,0,0,0,0,0,0,0,0,0,0,0,0,0,0,0,0,0,0,0,0,0,0,0,0,0,0,0,0,0,0,0,0,0,0,0,0,0,0,0,0,0,0,0,0,0,0,0,0,0,0,0,0,0,0,0,0,0,0,0,0,0,0,0,0,0,0,0,0,0,0,0,0,0,0,0,0,0,0,0,0,0,0,0,6
0,0,0,0,0,0,0,0,0,0,0,0,0,0,0,0,0,0,0,0,0,0,0,0,0,0,0,0,0,0,0,0,0,0,0,0,0,0,0,0,0,0,0,0,0,0,0,0,0,0,0,0,0,0,0,0,0,0,0,0,0,0,0,0,0,0,0,0,0,0,0,0,0,0,0,0,0,0,0,0,0,0,0,0,0,0,0,0,0,0,0,0,0,0,2,0,1,4,4,5,1,3,0,4,4,0,0,169,57,0,4,0,0,0,0,0,0,0,0,0,0,1,0,0,0,0,0,0,0,6,0,0,0,0,121,233,46,0,5,0,0,0,0,0,0,0,0,0,0,2,0,0,0,0,79,37,0,0,0,0,62,108,183,203,13,0,5,0,0,0,0,0,0,0,0,0,1,1,0,3,0,167,216,216,199,130,200,254,255,240,214,234,82,0,2,0,0,0,0,0,0,0,0,0,0,0,0,4,0,185,210,200,223,244,240,232,222,217,211,231,129,0,4,0,0,0,0,0,0,0,0,0,0,0,0,6,0,137,229,207,223,218,219,222,228,224,218,230,162,0,0,0,0,0,0,0,0,0,0,0,0,0,0,3,0,55,224,210,230,224,226,224,224,222,217,230,210,0,0,1,0,0,0,0,0,0,0,0,0,0,0,3,0,10,245,210,219,215,220,219,221,222,217,225,246,0,0,1,0,0,0,0,0,0,0,0,0,0,0,2,0,0,243,226,238,244,238,230,234,231,233,225,245,45,0,1,0,0,0,0,0,0,0,0,0,1,0,0,0,68,234,199,207,211,209,215,217,222,224,208,202,200,0,0,0,0,0,0,0,0,0,0,0,0,4,0,41,131,94,131,127,124,139,155,143,150,148,123,121,239,22,0,0,0,0,0,0,0,0,0,0,0,9,0,44,207,133,255,242,242,243,243,255,255,255,255,237,227,0,0,0,0,0,0,0,0,0,0,0,1,0,0,112,255,121,220,189,208,212,211,201,212,217,219,220,227,61,0,0,0,0,0,0,0,0,0,1,0,3,88,127,135,160,241,224,218,223,222,223,227,221,219,215,227,132,0,0,0,0,0,0,0,0,3,0,0,93,173,225,196,209,210,221,226,222,221,227,229,198,216,213,229,193,0,0,1,3,7,5,2,0,0,0,129,229,146,220,239,230,223,226,218,221,226,229,219,214,221,214,215,236,0,3,0,0,0,0,0,0,56,131,229,216,207,220,209,220,236,224,228,220,226,226,211,209,212,202,199,250,31,0,0,14,42,70,79,159,244,164,212,188,197,188,206,211,219,228,225,221,224,224,207,210,222,204,197,247,75,0,173,202,204,209,211,218,173,138,239,208,213,207,192,201,203,207,215,213,209,220,192,211,228,230,212,255,78,84,224,203,203,203,205,215,199,178,241,211,221,229,229,216,200,198,206,232,244,245,225,232,230,230,205,227,26,168,217,230,221,213,213,222,178,159,223,189,194,202,203,228,233,226,255,233,169,139,141,145,129,120,120,134,16,0,81,159,212,244,253,253,229,206,231,213,230,245,253,244,208,165,109,5,121,149,138,148,154,141,153,176,47,0,0,0,0,22,62,97,141,166,179,182,168,146,81,25,0,0,0,0,123,145,122,125,126,117,108,95,0,0,0,0,0,0,0,0,0,0,0,0,0,0,0,0,0,0,0,0,0,0,0,0,0,0,0,0,0,0,0,0,0,0,0,0,0,0,0,0,0,0,0,0,0,0,0,0,0,0,0,0,0,0,0,0,0,6
0,0,0,0,0,0,0,0,0,0,0,0,0,0,0,0,0,0,0,0,0,0,0,0,0,0,0,0,0,0,0,0,0,0,0,0,0,0,0,0,0,0,0,0,0,0,0,0,0,0,0,0,0,0,0,0,0,0,0,0,0,0,0,0,0,0,0,0,0,0,0,0,0,0,0,0,0,0,0,0,0,0,0,0,0,0,0,0,0,0,0,0,0,0,0,0,0,0,1,0,0,0,0,0,0,0,4,4,0,4,114,18,0,0,0,0,0,0,0,0,0,0,0,0,0,3,0,49,149,128,75,7,0,0,0,0,0,51,75,7,0,0,0,0,0,0,0,0,0,0,0,0,0,6,0,44,208,211,211,208,185,16,0,0,0,0,71,29,0,0,0,0,0,0,0,0,0,0,0,0,0,6,0,35,205,216,213,213,224,194,218,227,171,121,106,26,0,0,0,0,0,0,0,0,0,0,0,0,0,6,0,75,218,207,219,218,219,204,222,227,203,208,204,0,0,0,0,0,0,0,0,0,0,1,0,0,0,8,0,126,213,204,210,204,217,185,228,228,199,191,124,0,0,0,0,0,0,0,0,0,0,0,0,0,1,0,0,174,209,217,234,229,211,200,241,227,194,192,73,0,0,0,0,0,0,0,0,0,0,0,0,0,2,0,0,206,199,202,223,223,201,214,239,231,193,213,27,0,0,0,0,0,0,0,0,0,0,1,0,0,2,0,19,176,161,164,190,200,190,219,238,231,188,211,18,0,1,0,0,0,0,0,0,0,3,2,0,3,1,0,85,163,189,205,222,215,187,227,231,219,192,215,13,0,0,0,0,0,0,0,1,0,0,0,4,0,0,65,157,196,191,185,213,209,199,238,229,217,194,218,36,0,0,0,0,0,0,1,1,0,1,1,0,0,95,159,117,87,167,216,222,203,204,246,227,211,191,193,100,0,0,0,0,0,1,2,0,0,0,0,49,142,122,111,97,150,191,194,200,191,195,225,215,210,182,196,156,0,0,1,3,1,0,0,0,9,32,134,165,32,80,158,189,222,230,229,224,208,208,238,214,209,191,197,199,0,1,0,0,0,0,35,129,193,150,116,64,30,134,190,224,217,208,199,186,168,175,215,244,228,201,190,219,20,0,0,69,135,164,167,92,60,57,57,117,166,200,172,171,151,158,203,209,209,193,154,152,243,223,194,213,35,0,117,162,122,151,87,44,136,185,183,144,142,161,159,168,216,221,217,213,210,203,217,180,132,235,195,209,52,9,171,151,39,51,119,139,171,195,209,223,201,192,222,218,214,206,211,201,192,189,185,194,168,110,193,201,24,129,182,197,217,215,196,190,159,157,177,206,213,215,216,211,208,207,207,210,227,232,233,232,242,172,196,231,69,124,177,188,195,207,209,207,202,202,205,208,213,208,215,216,219,219,223,217,201,197,207,206,205,208,193,188,139,0,26,105,163,204,190,203,231,229,229,233,237,241,235,206,170,134,80,90,255,235,241,239,245,216,205,237,144,0,0,0,0,1,17,52,81,100,104,93,72,55,7,0,0,0,0,0,97,83,73,71,75,68,54,51,0,0,0,0,0,0,0,0,0,0,0,0,0,0,0,0,0,0,0,0,0,0,0,0,0,0,0,0,0,0,0,0,0,0,0,0,0,0,0,0,0,0,0,0,0,0,0,0,0,0,0,0,0,0,0,0,0,0,0,0,0,0,0,0,0,0,0,0,0,0,0,0,0,0,0,0,0,0,0,0,0,0,0,0,0,6
0,0,0,0,0,0,0,0,0,0,0,0,0,0,0,0,0,0,0,0,0,0,0,0,0,0,0,0,0,0,0,0,0,0,0,0,0,0,0,0,0,0,0,0,0,0,0,0,0,0,0,0,0,0,0,0,0,0,0,0,0,0,0,0,0,0,0,0,0,0,0,0,0,0,0,0,0,0,0,0,0,0,0,0,0,0,0,0,0,0,0,0,0,0,0,0,0,0,0,0,0,0,0,0,0,0,0,0,0,0,0,0,0,0,0,0,0,0,0,0,0,0,0,0,0,0,0,0,0,0,0,0,0,0,0,0,43,12,0,1,0,0,0,0,0,0,0,0,0,0,0,0,0,0,0,4,7,3,0,1,2,1,9,0,27,14,0,1,0,0,0,0,0,0,0,0,0,0,0,0,0,0,0,0,0,0,0,0,0,0,0,0,73,12,0,2,0,0,0,0,0,0,0,0,0,0,0,0,0,3,0,55,135,0,0,0,0,0,79,134,128,43,0,3,0,0,0,0,0,0,0,0,0,0,0,0,1,0,0,126,162,190,160,179,198,189,157,129,139,72,0,4,0,0,0,0,0,0,0,0,0,0,0,0,2,0,39,149,104,183,244,226,231,205,114,149,131,88,0,0,0,0,0,0,0,0,0,0,0,0,0,1,0,0,115,125,109,181,225,212,221,215,98,164,114,146,7,0,0,0,0,0,0,0,0,0,0,2,0,3,0,26,175,169,137,164,249,217,219,248,121,103,143,155,40,0,0,0,0,0,0,0,1,1,1,3,2,0,0,108,119,120,97,158,251,219,221,245,166,98,148,124,90,0,0,0,0,0,0,0,0,0,0,0,1,0,67,138,136,163,105,133,243,221,221,226,189,85,130,130,148,9,0,0,0,0,0,0,0,0,0,3,0,31,118,131,135,137,120,148,226,216,214,222,241,59,104,131,133,31,0,0,0,0,0,0,0,0,2,0,0,94,128,111,158,146,130,130,255,224,222,180,123,60,121,126,158,60,0,0,0,0,0,0,1,2,0,0,70,137,151,130,114,116,117,115,174,98,84,53,101,143,153,117,118,35,0,1,1,0,0,0,0,0,0,67,98,133,109,130,125,96,95,97,115,121,133,130,131,84,91,135,182,42,0,0,0,0,0,0,0,12,79,100,65,111,121,111,85,116,110,120,152,115,138,157,159,203,238,195,247,65,0,14,47,80,89,88,87,107,48,59,117,110,114,126,96,151,118,107,189,227,216,230,231,230,224,195,229,47,0,76,100,88,62,42,88,37,64,90,131,151,107,145,131,111,166,227,193,106,231,220,221,224,217,196,235,45,57,137,89,80,95,126,97,101,114,153,142,102,136,90,114,222,199,64,0,0,234,217,225,224,218,195,198,39,68,170,182,163,148,141,112,124,86,92,44,78,145,175,224,144,0,0,0,31,234,217,223,224,219,196,204,36,0,0,44,129,156,180,204,210,204,210,193,195,209,211,22,0,0,10,0,27,240,224,219,217,208,188,236,45,0,0,0,0,0,0,0,28,67,78,95,93,31,0,0,0,1,0,0,0,52,19,12,1,0,0,0,0,0,0,0,0,0,0,0,0,0,0,0,0,0,0,0,0,0,0,0,0,0,0,0,0,0,0,0,0,0,0,0,0,0,0,0,0,0,0,0,0,0,0,0,0,0,0,0,0,0,0,0,0,0,0,0,0,0,0,0,0,0,0,0,0,0,0,0,0,0,0,0,0,0,0,0,0,0,0,0,0,0,0,0,0,6
0,0,0,0,0,0,0,0,0,0,0,0,0,0,0,0,0,0,0,0,0,0,0,0,0,0,0,0,0,0,0,0,0,0,0,0,0,0,0,0,0,0,0,0,0,0,0,0,0,0,0,0,0,0,0,0,0,0,0,0,0,0,0,0,0,0,0,0,0,0,0,0,0,0,0,0,0,0,0,0,0,0,0,0,0,0,0,0,0,0,0,0,0,0,0,0,0,0,0,0,0,0,0,0,0,0,0,0,0,0,0,0,0,0,0,0,0,0,0,0,0,0,0,0,0,0,0,0,0,31,149,0,0,4,1,0,0,0,0,0,0,0,0,0,0,0,0,0,0,0,0,0,0,0,0,0,0,193,202,135,0,0,0,0,1,0,0,0,0,0,0,0,0,0,0,0,0,0,0,0,0,0,0,0,0,189,181,195,104,29,0,0,0,0,0,0,0,0,0,0,0,0,0,0,0,0,0,0,0,2,0,20,222,210,213,218,232,231,221,159,0,0,1,0,0,0,0,0,0,0,0,0,0,0,0,0,0,2,0,0,202,218,228,226,225,210,199,209,178,0,0,0,0,0,0,0,0,0,0,0,0,0,0,0,0,7,0,73,210,193,219,227,229,235,198,184,191,125,0,0,0,0,0,0,0,0,0,0,0,0,0,0,0,5,0,144,239,228,223,217,233,207,187,190,188,175,0,0,0,0,0,0,0,0,0,0,0,0,0,0,1,0,0,192,213,214,235,203,234,230,180,170,182,167,10,0,0,0,0,0,0,0,0,0,0,0,0,0,0,0,145,244,189,121,186,234,168,127,252,239,198,197,29,0,0,0,0,0,0,0,1,0,1,0,0,0,65,239,241,204,154,208,213,220,183,18,12,115,121,172,109,0,0,0,2,2,2,3,1,2,0,0,14,216,255,200,107,108,193,220,193,204,220,237,153,73,45,134,146,0,0,0,0,0,0,0,0,0,23,173,222,207,90,54,131,201,221,202,218,197,206,200,223,220,206,210,188,0,0,0,0,0,0,0,3,61,200,168,117,136,150,213,130,230,213,202,200,198,205,197,184,183,197,191,191,3,0,69,146,108,122,130,137,146,144,108,157,174,218,205,213,212,207,210,207,207,206,205,211,217,189,182,203,23,0,102,202,199,177,158,150,133,153,182,182,192,199,200,203,203,201,197,200,199,204,206,203,202,196,192,186,37,0,0,10,118,167,202,217,230,224,223,225,219,219,216,218,215,212,237,238,217,221,224,221,214,205,192,207,31,66,77,0,0,0,0,25,63,108,144,160,168,178,159,149,132,118,113,112,112,113,114,96,63,33,17,3,0,0,120,164,108,42,0,0,0,0,0,0,0,0,0,0,0,0,0,0,0,0,0,0,0,0,0,0,14,0,0,15,87,157,160,137,109,71,42,33,27,30,42,45,48,55,54,49,51,52,53,65,73,88,122,174,62,0,0,0,0,0,0,40,78,86,107,113,111,99,91,89,87,85,89,95,95,97,99,95,90,82,73,17,0,0,0,0,0,0,0,0,0,0,0,0,0,0,0,0,0,0,0,0,0,0,0,0,0,0,0,0,0,0,0,0,0,0,0,0,0,0,0,0,0,0,0,0,0,0,0,0,0,0,0,0,0,0,0,0,0,0,0,0,0,0,0,0,0,0,0,0,0,0,0,0,0,0,0,0,0,0,0,0,0,0,0,0,0,0,0,0,0,0,0,0,0,0,0,0,0,0,0,0,0,0,0,0,0,0,0,0,0,0,0,0,0,6
0,0,0,0,0,0,0,0,0,0,0,136,145,77,64,9,0,0,0,0,0,4,4,0,0,0,0,0,0,0,0,0,0,0,0,0,0,0,0,179,233,206,209,211,212,131,41,0,0,0,0,0,2,1,0,0,0,0,0,0,0,0,0,0,1,0,0,203,198,130,128,146,189,234,230,242,170,64,8,0,0,0,0,0,0,0,0,0,0,0,0,0,2,0,11,201,161,132,152,187,213,214,208,197,202,227,209,185,173,0,0,2,0,0,0,0,0,0,0,0,4,0,44,194,147,166,187,228,229,205,203,189,203,209,208,218,228,26,0,2,0,0,0,0,0,0,0,0,6,0,77,212,185,181,194,228,224,212,204,218,214,218,224,204,221,137,0,0,0,0,0,0,0,0,0,0,2,0,107,211,194,198,220,225,222,227,230,212,221,242,181,162,219,186,0,0,0,0,0,0,0,0,0,0,0,0,130,202,195,206,213,218,225,221,209,212,234,198,114,140,197,213,56,0,0,0,0,0,0,0,0,0,0,0,153,203,190,210,225,220,217,209,210,214,218,192,122,113,170,212,142,0,0,0,0,0,0,0,0,1,0,0,186,194,173,203,229,217,211,206,211,221,225,200,131,96,158,203,203,0,0,0,0,0,0,0,0,1,0,0,203,184,178,222,218,211,211,216,211,229,213,188,147,146,187,200,216,28,0,0,0,0,0,0,0,1,0,0,201,176,202,233,209,209,216,218,228,221,184,187,206,225,217,201,221,56,0,0,0,0,0,0,0,3,0,0,184,189,228,203,206,219,226,216,213,204,213,235,238,229,222,206,204,88,0,0,0,0,0,1,0,3,0,12,188,208,211,211,227,229,209,202,210,220,243,236,225,224,213,202,236,46,0,0,0,0,0,0,0,4,0,52,201,214,214,224,217,208,197,211,227,236,228,210,201,200,200,189,201,0,0,0,0,0,0,1,0,3,0,93,225,211,226,221,220,213,218,232,237,222,202,206,235,217,204,198,190,0,0,0,0,0,0,0,0,0,0,137,225,217,224,226,224,226,232,233,221,200,242,197,68,0,0,176,158,0,0,1,0,0,0,0,2,0,0,204,216,224,225,222,221,227,230,225,206,242,133,0,0,0,0,128,156,0,0,1,0,0,0,0,0,0,94,208,211,220,221,220,222,232,226,211,244,110,0,0,2,3,0,129,144,0,0,1,0,0,0,0,0,0,174,203,210,213,217,221,224,234,218,217,132,0,0,0,1,3,0,124,130,0,0,1,0,0,2,6,0,9,209,190,201,211,218,221,226,225,219,198,0,0,0,0,0,8,0,114,124,0,0,0,0,0,0,0,0,126,181,168,189,209,224,228,226,212,255,42,0,0,0,0,0,6,0,104,122,0,0,0,0,0,0,44,125,179,150,181,197,216,225,229,220,225,162,0,0,0,1,1,0,6,0,91,124,0,0,0,0,101,179,187,161,138,179,201,213,226,224,222,218,211,21,0,1,0,1,1,0,5,0,78,130,0,0,0,0,138,142,142,133,165,192,196,208,218,222,219,226,158,0,0,0,0,0,0,0,5,0,70,137,0,0,9,99,169,149,150,125,131,137,147,179,205,213,219,232,4,0,1,0,0,0,0,0,5,0,61,147,0,0,70,206,182,197,202,237,240,233,236,233,230,212,236,41,0,0,0,0,0,0,0,0,5,0,73,154,0,0,0,0,0,19,51,65,90,116,131,128,136,100,13,0,0,0,0,0,0,0,0,1,3,0,25,66,0,6
0,0,0,0,0,0,0,0,0,0,0,0,0,0,0,0,0,0,0,0,0,0,0,0,0,0,0,0,0,0,0,0,0,0,0,0,0,0,0,0,0,0,0,0,0,0,0,0,0,0,0,0,0,0,0,0,0,0,0,0,0,0,0,0,0,0,0,0,0,0,0,0,0,0,0,0,0,0,0,0,0,0,0,0,0,0,0,0,0,0,0,0,0,0,0,0,0,0,0,0,0,0,0,0,0,0,0,0,0,159,71,0,0,0,0,0,0,0,0,0,0,0,0,0,1,0,77,130,96,10,0,1,1,0,0,0,0,144,197,2,0,0,0,0,0,0,0,0,0,0,0,1,0,0,161,223,216,165,0,0,0,0,102,225,148,161,155,0,0,0,0,0,0,0,0,0,0,0,0,2,0,0,184,187,182,205,22,0,0,47,175,220,215,239,52,0,0,0,0,0,0,0,0,0,0,1,0,5,0,50,203,213,205,170,48,0,0,189,232,211,207,215,46,0,0,0,0,0,0,0,0,0,0,0,0,9,0,103,202,222,214,223,54,0,0,245,211,214,199,226,47,0,0,0,0,0,0,0,0,0,0,0,1,0,0,176,201,193,221,228,101,0,52,238,212,199,214,231,120,0,0,0,0,0,0,0,0,0,0,0,2,0,6,219,196,232,218,231,146,0,141,223,198,214,244,221,196,0,0,0,0,0,0,0,0,0,0,2,7,0,98,213,146,198,229,232,184,0,204,246,218,219,245,214,220,3,0,0,0,0,0,0,0,0,0,3,0,0,203,207,173,207,244,238,229,0,255,199,35,170,238,224,192,65,0,0,0,0,0,0,0,0,0,8,0,29,205,192,187,222,244,228,216,58,255,158,49,62,213,236,194,99,0,0,0,0,0,0,0,0,0,7,0,121,211,193,217,192,224,236,252,173,196,225,100,79,148,238,253,65,0,0,0,0,0,0,0,0,2,0,0,210,200,193,223,179,204,236,198,182,189,114,201,255,245,154,77,0,0,0,0,0,0,0,0,1,2,0,42,192,191,184,170,209,201,66,223,193,241,255,255,110,0,0,107,51,0,2,4,4,5,8,7,0,0,0,188,203,192,192,203,200,164,124,252,198,232,189,0,16,153,229,255,38,0,0,0,0,0,0,0,0,22,177,163,180,181,185,203,152,242,233,210,196,218,117,162,250,221,186,187,6,0,25,39,34,57,67,80,134,178,185,53,0,125,211,195,230,245,185,182,248,196,212,210,180,184,192,215,0,0,104,154,164,158,175,199,188,205,194,25,123,229,199,227,230,196,228,226,86,205,181,187,197,185,194,189,0,91,132,82,99,138,154,206,221,212,198,212,255,217,218,208,183,218,255,6,0,237,185,186,188,185,195,175,0,36,184,163,156,193,219,219,219,193,127,163,194,217,220,207,227,205,23,0,17,222,183,185,182,183,217,145,0,0,0,0,33,78,143,195,245,255,209,236,228,223,216,227,87,0,0,0,23,249,201,199,199,240,127,0,0,3,8,0,0,0,0,0,7,28,97,119,116,108,58,0,0,0,4,0,2,133,109,111,126,32,0,0,0,0,0,0,0,0,0,0,0,0,0,0,0,0,0,0,0,0,0,0,0,0,0,0,0,0,0,0,0,0,0,0,0,0,0,0,0,0,0,0,0,0,0,0,0,0,0,0,0,0,0,0,0,0,0,0,0,0,0,0,0,0,0,0,0,0,0,0,0,0,0,0,0,0,0,0,0,0,0,0,0,0,0,0,0,6
0,0,0,0,0,0,0,0,0,0,0,0,0,0,0,0,0,0,0,0,0,0,0,0,0,0,0,0,0,0,0,0,0,0,0,0,0,0,0,0,0,0,2,1,4,0,0,0,0,1,3,2,0,0,103,168,0,0,0,0,0,0,0,0,0,0,0,0,0,1,0,0,0,0,0,0,0,0,0,0,0,0,144,172,0,0,0,0,0,0,0,0,0,0,0,0,2,0,7,152,169,186,195,194,189,187,180,71,33,37,230,42,0,0,0,0,0,0,0,0,0,0,0,0,2,0,6,200,221,231,240,242,244,245,249,236,242,235,217,0,0,0,0,0,0,0,0,0,0,0,0,0,2,0,0,185,203,220,223,225,228,230,222,221,225,220,176,0,0,0,0,0,0,0,0,0,0,0,0,0,3,0,6,221,209,221,227,233,232,240,234,235,239,218,161,0,0,0,0,0,0,0,0,0,0,0,0,0,1,0,4,220,208,218,225,227,215,221,230,190,184,228,144,0,0,0,0,0,0,0,0,0,0,0,0,0,1,0,0,221,208,217,220,214,212,213,198,194,192,187,204,0,0,0,0,0,0,0,0,0,0,0,0,0,1,0,0,222,209,218,222,229,230,237,244,250,220,166,218,4,0,0,0,0,0,0,0,0,0,0,0,0,2,0,13,222,209,212,221,228,217,217,209,222,207,143,255,37,0,0,0,0,0,0,0,0,0,0,0,0,1,0,66,236,194,210,225,241,245,240,214,173,154,218,212,0,0,0,0,0,0,0,0,0,0,0,0,0,0,0,146,219,203,216,237,216,224,246,241,245,233,249,79,0,0,0,0,0,0,0,0,0,0,0,0,2,0,23,220,194,202,228,221,126,170,189,234,218,206,220,164,0,0,0,0,0,0,0,0,0,0,0,0,1,0,106,214,208,214,252,180,134,234,212,213,221,215,224,177,0,0,1,1,1,0,0,0,0,1,0,3,0,0,195,205,216,238,178,94,236,240,233,224,214,218,222,142,0,0,0,0,0,0,0,0,0,1,3,0,0,56,242,205,244,153,177,173,178,220,212,214,229,216,226,179,0,0,3,6,1,0,0,4,0,0,0,0,66,198,125,250,222,123,187,238,218,230,236,218,221,222,223,217,0,0,0,0,0,0,0,0,0,0,56,175,234,55,115,225,183,157,240,229,230,210,219,225,246,223,219,236,7,0,11,120,153,138,109,86,154,205,201,114,17,45,205,166,230,205,172,217,214,228,225,216,235,230,229,233,13,0,221,172,129,176,210,230,165,90,76,100,162,248,230,206,223,252,244,244,230,216,220,210,222,235,241,207,0,96,221,203,171,101,103,159,70,143,221,220,233,231,239,237,227,203,211,199,197,193,193,200,204,193,189,243,42,175,233,228,232,235,229,226,232,248,219,222,230,235,219,188,203,190,211,243,255,236,227,214,210,206,203,229,56,0,98,199,209,224,231,227,219,222,219,220,217,213,212,219,231,237,255,228,176,212,210,205,203,207,211,208,92,0,0,0,0,86,158,231,221,233,236,238,238,235,231,255,185,110,19,0,0,237,239,226,230,227,219,215,126,0,1,0,0,0,0,0,10,48,91,117,116,85,34,0,0,0,0,0,0,87,153,103,83,56,28,11,0,0,0,0,1,0,0,0,0,0,0,0,0,0,0,0,1,5,0,0,0,0,0,0,0,0,0,0,0,0,0,0,0,0,0,0,0,0,0,0,0,0,0,0,0,0,0,0,0,0,0,0,0,0,0,0,0,6
0,0,0,0,0,0,0,0,0,0,0,0,0,0,0,0,0,0,0,0,0,0,0,0,0,0,0,0,0,0,0,0,0,0,0,0,0,0,0,0,0,0,0,0,0,0,0,0,0,0,0,0,0,0,0,0,0,0,0,0,0,0,0,0,0,0,0,0,0,0,0,0,0,0,16,5,0,0,0,0,0,15,150,0,0,0,0,0,0,0,0,0,0,0,0,0,0,0,47,144,160,149,155,202,223,212,208,175,186,196,79,0,0,0,0,0,0,0,0,0,0,0,0,0,0,0,173,122,119,108,101,161,167,179,178,195,245,42,0,0,0,0,0,0,0,0,0,0,0,0,0,0,0,0,69,142,92,62,173,175,154,216,172,198,192,0,0,0,0,0,0,0,0,0,0,0,0,0,0,1,0,0,147,155,119,106,218,159,180,212,192,226,167,0,0,0,0,0,0,0,0,0,0,0,0,1,0,2,0,1,234,68,108,170,144,144,187,218,196,228,199,0,1,0,0,0,0,0,0,0,0,0,0,1,0,4,0,0,122,103,147,179,98,185,195,189,203,224,201,0,0,0,0,0,0,0,0,0,0,0,0,2,0,5,0,136,151,118,123,131,135,192,174,230,202,173,213,25,0,1,0,0,0,0,0,0,0,0,0,0,0,2,0,193,125,121,144,105,161,206,193,223,195,195,211,153,0,0,0,0,0,0,0,0,0,0,0,1,0,0,0,107,146,148,136,107,130,203,200,192,175,212,203,214,0,0,0,0,0,0,0,0,0,0,0,2,3,0,57,109,192,148,94,103,162,192,162,207,186,167,197,228,135,0,0,0,0,0,0,0,0,0,0,2,0,0,186,182,197,153,72,165,201,197,180,178,190,164,210,227,230,0,1,0,0,1,0,0,0,0,1,0,0,99,144,70,116,116,139,165,168,179,177,186,186,172,198,228,216,0,0,0,0,0,0,0,0,0,6,0,44,189,141,79,157,81,159,228,174,183,195,170,158,170,203,210,255,0,0,0,0,0,0,0,1,1,0,0,137,137,109,152,139,102,123,143,173,174,180,187,176,216,205,192,217,102,0,1,0,0,3,1,4,0,0,178,204,65,135,152,99,102,164,147,217,208,193,228,216,202,191,192,220,149,0,0,1,3,2,0,0,0,57,92,76,97,125,141,136,130,186,222,224,216,209,204,191,196,189,196,221,131,0,0,0,0,0,0,43,77,93,101,59,131,134,119,172,183,226,234,200,235,212,174,210,195,202,196,216,134,2,0,0,45,87,129,147,119,89,112,128,126,147,140,168,226,213,203,232,126,0,61,241,184,201,191,219,135,0,9,102,94,120,143,119,148,131,130,138,133,163,191,218,210,204,211,17,0,0,85,244,191,199,194,213,155,0,113,144,99,90,90,133,137,122,117,179,174,194,193,191,209,201,0,0,7,0,72,213,191,199,195,210,158,37,187,185,189,186,197,190,179,188,181,207,194,195,193,210,190,0,0,0,1,0,60,212,191,199,196,207,168,93,201,181,185,189,188,194,199,194,196,190,200,195,210,207,0,0,5,0,3,0,59,211,191,195,192,199,169,43,201,195,204,204,219,213,206,204,208,226,208,224,225,7,0,2,0,0,4,0,57,215,197,213,209,223,206,0,0,11,55,102,124,147,162,153,157,161,60,1,0,0,0,0,1,0,6,0,38,197,181,177,165,164,99,0,0,0,0,0,0,0,0,0,0,0,0,0,0,0,0,0,0,0,0,0,0,0,0,0,0,0,0,6
0,0,0,0,0,0,0,0,0,0,0,0,0,0,0,0,0,0,0,0,0,0,0,0,0,0,0,0,0,0,0,0,0,0,0,0,0,0,0,0,0,0,0,0,0,0,0,0,0,0,0,0,0,0,0,0,0,0,0,0,0,0,0,0,0,0,0,0,0,0,0,0,0,0,0,0,0,0,0,0,0,0,0,0,0,0,0,0,0,0,0,0,0,0,0,0,0,0,0,0,0,0,0,0,0,0,0,0,0,0,0,0,0,0,0,0,0,0,0,0,0,0,0,0,0,2,0,0,0,0,0,0,0,0,0,0,0,0,0,0,0,0,0,0,0,0,0,0,0,0,0,0,3,0,31,255,0,0,0,1,4,1,0,0,157,28,0,2,0,0,0,0,0,0,0,0,0,0,0,0,0,0,0,143,157,56,0,0,0,0,0,0,218,20,0,3,0,0,0,0,0,0,0,0,0,0,0,0,0,3,0,131,247,224,56,52,71,52,65,175,180,0,0,2,0,0,0,0,0,0,0,0,0,0,0,0,0,0,0,181,218,222,241,237,237,243,244,219,193,0,0,1,0,0,0,0,0,0,0,0,0,0,0,0,1,0,9,216,221,218,222,216,221,225,226,211,192,0,0,0,0,0,0,0,0,0,0,0,0,0,0,0,0,0,90,240,219,225,225,217,231,229,227,211,234,13,0,2,0,0,0,0,0,0,0,0,0,0,0,0,0,0,199,234,211,223,222,221,229,224,239,206,254,31,0,2,0,0,0,0,0,0,0,0,0,0,0,4,0,28,228,224,209,222,218,227,231,227,242,207,226,104,0,1,0,0,0,1,0,0,0,0,0,2,4,0,0,218,219,211,210,229,223,230,230,228,237,205,220,184,0,0,0,0,0,0,0,0,0,0,0,1,0,0,147,197,178,203,218,221,223,226,225,226,235,208,207,241,0,0,0,0,3,4,2,2,2,0,0,0,6,179,173,81,157,200,218,226,221,220,220,231,224,199,201,225,50,0,0,1,0,0,0,0,0,0,0,124,181,67,184,219,194,206,219,213,214,220,217,215,173,183,193,228,139,0,0,0,10,48,51,58,98,145,222,176,18,78,183,219,235,226,227,221,224,217,204,180,179,207,189,218,197,0,0,51,161,164,230,233,198,163,65,68,136,237,225,224,229,229,236,235,234,231,236,243,244,229,212,211,219,0,8,171,192,139,92,129,165,172,183,209,230,202,202,223,226,222,215,207,204,217,221,221,219,227,218,219,199,0,44,147,183,206,191,202,201,188,193,199,199,196,177,184,216,230,228,240,236,234,230,224,228,233,228,233,205,49,10,45,72,105,167,168,169,174,184,196,202,203,204,221,217,219,207,192,193,195,190,191,184,170,145,145,157,59,0,0,18,35,50,60,77,89,94,107,117,125,144,125,104,87,71,85,120,118,112,111,121,121,109,107,102,28,1,0,0,0,0,0,2,6,14,19,14,11,3,2,1,1,0,1,29,21,20,21,22,16,5,2,0,0,0,0,0,0,0,0,0,0,0,0,0,0,0,0,0,0,0,0,0,0,0,0,0,0,0,0,0,0,0,0,0,0,0,0,0,0,0,0,0,0,0,0,0,0,0,0,0,0,0,0,0,0,0,0,0,0,0,0,0,0,0,0,0,0,0,0,0,0,0,0,0,0,0,0,0,0,0,0,0,0,0,0,0,0,0,0,0,0,0,0,0,0,0,0,0,0,0,0,0,0,0,0,0,0,0,0,0,0,0,0,0,0,6
0,0,0,0,0,0,0,0,0,0,0,0,0,0,0,0,0,0,0,0,0,0,0,0,0,0,0,0,0,0,0,0,0,0,0,0,0,0,0,0,0,0,0,0,0,0,0,0,0,0,0,0,0,0,0,0,0,0,0,0,0,0,0,0,0,0,0,0,0,0,0,0,0,0,0,0,0,0,0,0,0,0,0,0,0,0,0,0,0,0,0,0,0,0,1,0,1,1,1,1,0,27,0,0,0,1,1,0,0,0,0,0,0,0,0,0,0,0,0,0,0,0,0,0,0,0,2,0,3,172,164,121,0,0,0,5,2,0,1,0,0,0,0,0,0,0,0,0,0,0,0,0,0,0,4,0,20,162,188,209,228,48,0,0,0,1,5,0,0,0,0,0,0,0,0,0,0,1,1,0,0,0,4,0,80,168,165,166,176,212,95,29,0,0,0,0,0,0,0,0,0,0,0,0,0,1,0,0,0,1,0,0,129,171,193,197,186,185,214,207,191,162,99,0,0,0,0,0,0,0,0,0,1,1,0,0,1,0,10,19,143,183,217,189,196,182,179,167,173,194,148,0,0,0,0,0,0,0,0,0,0,0,0,0,4,0,93,103,152,198,190,187,184,185,193,185,176,168,157,0,0,0,0,0,0,0,0,0,0,0,0,0,0,0,102,192,179,176,179,172,172,190,180,175,180,167,130,0,0,0,0,0,0,0,0,0,0,0,1,2,0,18,96,154,182,151,189,195,196,174,171,174,171,161,98,0,0,0,0,0,0,0,0,0,1,1,0,2,0,0,86,167,194,173,155,169,172,165,181,198,187,179,0,0,0,0,0,0,1,2,1,0,0,2,0,2,0,0,132,180,191,173,184,181,176,180,175,161,176,171,0,0,0,0,1,0,0,0,1,0,1,0,0,5,0,7,184,181,199,190,187,186,180,177,183,173,162,184,103,0,0,0,0,0,0,0,0,0,1,3,4,0,16,141,185,149,182,192,191,186,177,176,172,181,171,172,218,39,0,1,0,0,1,3,3,2,0,0,0,35,140,167,149,160,191,191,185,189,184,179,176,164,168,166,170,5,0,0,0,0,0,0,0,0,0,36,115,146,139,113,143,130,147,154,131,160,180,174,164,158,164,164,178,13,0,41,76,108,92,61,58,67,101,67,195,156,140,172,180,178,185,186,168,168,173,176,170,166,169,161,184,36,0,166,77,23,72,93,69,56,46,13,35,185,166,156,166,165,173,190,178,181,188,189,183,190,192,175,190,57,50,167,169,132,86,79,55,79,116,128,138,120,177,176,151,180,197,197,195,190,189,174,171,184,184,175,191,48,156,210,180,181,175,173,159,152,158,166,162,173,169,216,220,210,187,166,142,156,151,151,161,164,160,164,180,46,24,146,207,207,195,196,179,169,168,161,167,176,180,157,176,184,169,168,215,226,185,195,198,197,193,191,216,118,0,0,27,142,186,210,219,207,194,182,177,179,182,193,213,227,222,250,198,135,214,218,215,215,211,207,204,97,0,0,0,0,0,51,138,199,241,210,216,217,251,227,163,86,14,0,0,0,255,224,222,247,243,213,250,154,0,0,4,1,0,0,0,0,0,26,38,33,18,0,0,0,0,0,0,0,120,114,97,97,96,93,86,30,0,0,0,0,0,0,0,0,0,0,0,0,0,0,0,0,0,0,0,0,0,0,0,0,0,0,0,0,0,0,0,0,0,0,0,0,0,0,0,0,0,0,0,0,0,0,0,0,0,0,0,0,0,0,0,0,6
0,0,0,0,0,0,0,0,0,0,0,0,0,0,0,0,0,0,0,0,0,0,0,0,0,0,0,0,0,0,0,0,0,0,0,0,0,0,0,0,0,0,0,0,0,0,0,0,0,0,0,0,0,0,0,0,0,0,0,0,0,0,0,0,0,0,0,0,0,0,0,0,0,0,0,0,0,0,0,0,0,0,0,0,0,0,0,0,0,0,0,0,0,0,0,0,0,0,0,0,0,0,0,0,0,0,0,0,0,0,0,0,0,0,0,0,0,0,0,0,0,0,0,0,0,0,0,1,0,0,92,9,0,0,0,0,0,0,19,92,0,0,0,0,0,0,0,0,0,0,0,0,0,0,0,3,0,19,163,159,51,48,28,9,0,0,79,39,0,0,0,0,0,0,0,0,0,0,0,0,0,0,0,0,0,144,153,192,199,193,198,193,176,161,58,0,0,0,0,0,0,0,0,0,0,0,0,0,0,0,8,0,54,158,147,185,184,190,199,195,199,171,0,0,0,0,0,0,0,0,0,0,0,0,0,0,0,0,0,0,161,144,153,198,211,209,205,190,189,167,0,0,0,0,0,0,0,0,0,0,0,0,0,0,0,6,0,48,201,153,211,192,182,198,202,182,194,185,0,0,0,0,0,0,0,0,0,0,0,0,0,0,0,0,0,95,141,184,222,206,199,205,189,184,192,205,0,0,0,0,0,0,0,0,0,0,0,1,0,5,0,0,52,137,171,213,213,203,219,208,188,190,187,207,0,0,0,0,0,0,0,0,0,0,1,0,2,0,0,97,145,139,200,208,202,200,206,197,199,190,189,204,0,0,1,1,0,0,0,0,0,0,0,5,0,0,121,84,113,218,227,224,210,211,224,209,203,191,183,214,10,0,0,0,1,2,1,1,1,2,3,0,0,153,119,132,199,159,132,144,151,166,167,172,179,199,181,196,81,0,0,0,0,0,0,0,0,0,0,23,120,66,69,186,190,197,168,155,163,159,166,189,205,197,180,187,165,0,3,0,1,20,13,0,0,8,63,125,108,102,161,161,158,175,194,193,193,201,195,175,149,167,183,185,204,0,0,27,66,67,101,129,141,125,123,109,120,161,165,172,172,169,192,192,193,202,194,187,188,186,178,174,215,22,0,135,162,115,82,75,103,91,103,138,147,140,124,162,204,225,225,219,220,223,215,209,218,208,193,180,220,26,13,110,120,138,154,162,168,180,190,194,207,217,214,219,212,202,184,172,166,166,161,158,156,161,161,159,154,0,137,213,171,160,149,137,112,104,99,100,103,103,104,100,89,96,109,117,125,135,135,138,141,141,132,142,164,47,1,162,217,215,216,216,214,212,211,202,201,198,196,201,223,219,222,255,255,209,214,212,209,210,203,200,218,108,0,0,65,129,159,170,189,199,198,211,206,209,218,186,55,48,25,11,0,132,203,191,218,211,204,207,160,0,0,0,0,0,0,0,0,10,18,48,31,32,47,33,0,0,0,0,0,2,22,12,50,41,44,54,39,0,0,3,2,0,1,0,0,0,0,0,0,0,0,0,2,4,4,2,1,0,0,0,0,0,0,0,0,0,0,0,0,0,0,0,0,0,0,0,0,0,0,0,0,0,0,0,0,0,0,0,0,0,0,0,0,0,0,0,0,0,0,0,0,0,0,0,0,0,0,0,0,0,0,0,0,0,0,0,0,0,0,0,0,0,0,0,0,0,0,0,0,0,0,0,0,0,0,0,0,0,0,0,0,0,0,0,0,0,0,0,0,0,6
0,0,0,0,0,0,0,0,0,0,0,0,0,0,0,0,0,0,0,0,0,0,0,0,0,0,0,0,0,0,0,0,0,0,0,0,0,0,0,0,0,0,0,0,0,0,0,0,0,0,0,0,0,0,0,0,0,0,0,0,0,0,0,0,0,0,0,0,0,0,0,0,73,152,65,30,0,0,0,0,0,0,1,1,0,0,0,0,0,0,0,0,0,0,0,0,0,3,0,0,232,254,236,255,240,207,138,79,32,0,0,0,0,0,0,0,0,0,0,0,0,0,0,0,0,5,0,36,238,227,232,237,239,241,249,239,225,178,95,0,0,0,0,0,0,0,0,0,0,0,0,0,0,0,0,184,251,231,239,241,233,231,238,238,234,252,231,0,0,0,0,0,0,0,0,0,0,0,0,0,1,0,2,255,234,238,237,236,230,239,243,234,232,253,156,0,0,0,0,0,0,0,0,0,0,0,1,4,0,0,180,241,234,236,236,237,235,240,241,241,235,255,72,0,0,0,0,0,0,0,0,0,0,0,0,2,0,123,249,225,244,240,239,236,238,241,243,241,235,255,86,0,0,0,0,0,0,0,0,0,0,0,3,0,0,226,229,225,243,237,239,236,238,242,238,242,236,255,125,0,0,0,0,0,0,0,0,0,0,1,2,0,55,233,217,230,236,241,240,237,239,242,242,245,239,253,191,0,0,0,0,0,0,0,0,0,0,0,0,0,178,242,225,235,239,240,240,237,239,241,242,242,239,241,255,0,0,0,0,0,0,0,0,0,0,4,0,83,255,205,231,250,243,237,239,237,243,245,242,242,242,236,255,62,0,0,0,0,0,0,0,1,0,0,11,215,227,199,198,217,232,244,237,236,241,244,243,242,243,235,254,91,0,0,0,0,0,0,1,0,0,94,255,204,195,205,205,185,200,246,236,234,239,241,241,239,241,233,248,107,0,0,0,0,0,0,0,0,99,231,221,214,186,190,198,196,231,244,235,233,237,239,238,236,236,229,249,114,0,4,3,0,0,0,0,83,255,221,219,230,223,202,200,231,245,241,234,235,240,233,234,237,240,236,255,47,4,0,0,0,0,0,73,255,213,212,224,229,239,236,229,246,233,237,230,228,230,255,253,237,243,222,201,0,0,88,204,211,197,212,255,231,215,225,230,229,228,228,230,233,239,229,235,250,255,223,209,219,189,198,183,0,0,210,222,202,214,215,218,220,228,239,236,233,235,235,236,233,235,250,255,171,37,0,148,234,188,201,173,0,0,181,215,218,212,203,222,225,218,226,231,233,235,232,235,238,250,210,10,0,0,0,189,211,193,203,146,0,92,206,198,213,237,236,224,217,217,226,223,228,235,241,235,242,141,0,0,0,0,0,190,210,197,206,128,0,66,230,200,192,185,210,227,228,231,241,239,239,242,231,236,176,0,0,1,0,0,0,202,211,198,207,109,0,0,156,228,238,212,200,199,198,203,210,210,213,213,216,252,0,0,3,0,1,0,0,181,211,198,207,81,0,0,0,36,156,217,241,237,222,217,211,212,214,217,235,116,0,4,0,0,2,0,0,183,204,192,200,57,0,2,0,0,0,0,92,163,231,255,255,240,248,198,227,0,0,2,0,0,2,0,0,198,221,209,218,59,0,0,0,1,0,0,0,0,0,11,62,46,73,8,154,0,0,0,0,0,1,0,0,83,87,80,90,6,0,0,0,0,0,0,0,0,0,0,0,0,0,0,0,0,0,0,0,0,0,0,0,0,0,0,0,0,0,6
0,0,0,0,0,0,0,0,0,0,0,0,0,0,0,0,0,0,0,0,0,0,0,0,0,0,0,0,0,0,0,0,0,0,0,0,0,0,0,0,0,0,0,0,0,0,0,0,0,0,0,0,0,0,0,0,0,0,0,0,0,0,0,0,0,0,0,0,0,0,0,0,0,0,0,0,0,0,0,0,0,0,0,0,0,0,0,0,0,0,0,0,0,0,0,0,0,0,0,0,0,0,0,0,0,0,0,0,0,0,0,0,0,0,0,0,0,0,0,0,0,0,2,0,27,105,77,55,0,0,0,0,1,0,1,0,5,0,0,74,0,0,0,0,0,0,0,0,0,0,4,0,79,230,217,225,228,169,46,0,0,0,0,0,0,0,120,193,0,0,0,0,0,0,0,0,0,0,2,0,0,182,204,200,212,224,225,212,128,72,10,0,0,0,49,30,0,0,0,0,0,0,0,0,0,0,1,0,0,176,213,208,216,206,205,224,235,238,227,216,215,206,163,0,0,0,0,0,0,0,0,0,0,0,3,5,0,88,227,202,241,190,185,195,206,208,217,218,207,224,125,0,0,0,0,0,0,0,0,0,0,0,0,0,0,1,227,234,251,208,245,213,216,216,203,212,203,217,44,0,0,0,0,0,0,0,0,0,0,0,0,58,81,124,192,209,141,150,201,242,228,221,216,227,215,221,42,0,1,0,0,0,0,1,0,0,1,0,78,79,5,87,214,168,194,220,201,215,207,211,211,211,212,219,30,0,0,0,0,0,0,0,0,1,0,14,88,0,0,60,144,165,184,150,198,250,218,230,213,214,210,212,25,0,0,0,0,0,0,0,0,2,0,36,71,0,0,186,189,168,233,229,203,204,200,197,195,199,194,198,25,0,0,0,0,0,0,0,0,1,0,0,96,0,98,130,135,226,194,214,224,225,227,226,224,213,207,210,29,0,0,0,1,2,4,2,1,0,0,0,0,45,208,230,135,237,245,206,209,213,212,226,224,224,210,212,36,0,1,4,0,0,0,0,0,0,0,51,150,198,151,145,187,255,219,237,222,214,222,213,207,220,203,220,75,0,0,0,0,0,7,33,106,124,201,213,195,186,232,153,196,211,197,206,206,213,211,219,222,212,202,217,97,0,0,41,158,171,182,198,212,209,204,217,214,194,221,128,215,218,214,216,214,211,210,208,214,216,213,215,113,0,9,139,203,201,203,205,203,208,201,204,208,206,205,163,206,211,215,215,211,209,224,217,212,214,207,217,148,0,56,140,114,150,177,201,215,236,238,241,235,231,218,249,241,243,238,237,249,244,242,241,236,233,219,220,153,0,21,180,156,149,118,113,128,145,154,170,180,186,188,190,196,192,193,197,183,182,177,176,168,167,156,146,142,0,0,3,69,140,169,172,180,172,154,135,147,152,149,141,143,152,150,147,134,145,155,162,156,180,158,149,183,0,1,0,0,0,13,44,83,125,140,137,143,147,156,157,155,155,151,152,157,161,167,173,175,194,184,154,113,0,0,0,0,0,0,0,0,0,0,0,0,0,0,0,0,0,0,0,0,0,0,0,0,0,0,0,0,0,0,0,0,0,0,0,0,0,0,0,0,0,0,0,0,0,0,0,0,0,0,0,0,0,0,0,0,0,0,0,0,0,0,0,0,0,0,0,0,0,0,0,0,0,0,0,0,0,0,0,0,0,0,0,0,0,0,0,0,0,0,0,0,0,0,0,0,0,0,0,0,0,0,0,0,0,0,0,0,0,0,0,0,0,6
0,0,0,0,0,0,0,0,0,0,0,0,0,0,0,0,0,0,0,0,0,0,0,0,0,0,0,0,0,0,0,0,0,0,0,0,0,0,0,0,0,0,0,0,0,0,0,0,0,0,0,0,0,0,0,0,0,0,0,0,0,0,0,0,0,0,0,0,0,0,0,0,0,0,0,0,0,0,0,0,0,0,0,0,0,0,0,0,0,0,0,0,0,0,0,0,0,0,0,0,0,0,0,0,0,0,0,0,0,0,0,0,0,0,0,0,0,0,0,0,0,0,0,0,0,0,0,0,0,0,0,0,0,0,0,0,0,0,0,0,0,0,0,0,0,0,0,0,0,1,0,0,1,0,0,0,0,0,0,0,0,0,0,0,0,41,0,0,0,0,0,0,0,0,0,0,0,1,0,0,0,0,1,0,0,0,0,0,0,0,0,0,14,53,0,0,0,0,0,0,0,0,0,0,0,0,0,0,0,1,0,0,99,207,196,0,0,0,0,195,223,106,0,0,0,0,0,0,0,0,0,0,0,0,0,0,1,0,0,55,190,212,225,234,212,203,210,221,230,119,0,0,0,0,0,0,0,0,0,0,0,0,0,0,0,0,11,185,198,205,200,201,209,234,222,207,226,134,0,0,0,0,0,0,0,0,0,0,0,0,0,0,0,0,144,200,208,210,208,199,201,207,214,217,213,142,0,0,0,0,0,0,0,0,0,0,0,0,2,0,0,120,152,192,222,209,216,208,209,217,218,213,216,174,0,0,0,0,0,0,0,1,1,0,0,6,0,0,116,173,159,216,218,209,209,214,210,216,216,226,217,236,12,0,0,0,0,0,0,0,0,1,2,0,0,125,141,142,198,225,210,212,214,210,207,220,214,227,208,230,110,0,0,0,3,3,3,3,0,0,0,2,126,150,135,168,199,213,192,199,209,207,214,223,209,191,179,212,133,0,0,0,0,0,0,0,0,0,41,126,144,133,157,170,179,207,209,212,213,209,220,199,196,194,182,207,164,0,0,0,16,40,58,23,80,146,143,142,146,154,157,179,182,178,170,183,188,168,160,183,200,201,212,214,203,0,0,76,168,141,142,138,152,147,143,154,160,154,164,174,165,170,176,187,174,168,201,225,204,213,203,209,214,0,0,161,183,151,106,95,99,121,148,160,173,174,172,182,190,190,205,227,218,234,242,226,234,245,242,225,186,0,111,157,163,187,201,213,220,174,164,183,214,229,221,212,212,222,221,220,214,205,207,204,198,183,186,194,217,40,45,196,177,174,168,179,183,170,166,174,179,187,194,208,216,214,231,225,239,218,210,216,217,221,222,223,235,88,0,0,24,128,157,199,217,192,195,199,191,192,204,195,156,124,69,10,60,255,242,230,231,231,231,231,223,90,0,0,0,0,0,0,0,18,25,45,42,40,45,0,0,0,0,0,0,2,62,36,40,36,32,36,16,0,0,3,3,0,0,0,0,0,0,0,0,0,0,0,0,0,2,1,0,0,0,0,0,0,0,0,0,0,0,0,0,0,0,0,0,0,0,0,0,0,0,0,0,0,0,0,0,0,0,0,0,0,0,0,0,0,0,0,0,0,0,0,0,0,0,0,0,0,0,0,0,0,0,0,0,0,0,0,0,0,0,0,0,0,0,0,0,0,0,0,0,0,0,0,0,0,0,0,0,0,0,0,0,0,0,0,0,0,0,0,0,0,0,0,0,0,0,0,0,0,0,0,0,0,0,0,0,0,0,0,0,0,0,0,0,0,0,0,0,0,6
0,0,0,0,0,0,0,0,0,0,0,0,0,0,0,0,0,0,0,0,0,0,0,0,0,0,0,0,0,0,0,0,0,0,0,0,0,0,3,0,11,96,96,128,152,166,170,172,175,176,174,196,111,0,0,0,0,0,0,0,0,0,0,0,0,0,9,0,121,255,239,255,255,252,250,252,252,254,245,254,226,0,0,0,0,0,0,0,0,0,0,0,0,0,9,0,80,242,220,224,219,216,222,223,225,226,224,240,216,0,0,0,0,0,0,0,0,0,0,0,0,0,9,0,63,239,221,228,225,225,230,230,233,234,228,239,239,0,0,0,0,0,0,0,0,0,0,0,0,0,5,0,55,238,221,223,226,227,229,230,232,234,232,235,255,0,0,1,0,0,0,0,0,0,0,0,0,0,6,0,54,255,216,222,228,229,227,229,231,232,238,221,255,53,0,1,0,0,0,0,0,0,0,0,0,0,4,0,49,255,210,224,225,226,231,234,233,230,234,227,244,199,0,0,0,0,0,0,0,0,0,0,0,0,5,0,57,255,211,229,226,224,231,234,231,230,233,231,226,255,31,0,0,0,0,0,0,0,0,0,0,0,1,0,112,255,212,227,225,222,230,232,228,228,226,224,219,243,184,0,0,0,0,0,0,0,0,0,0,2,0,0,186,231,220,225,230,227,230,232,228,227,230,228,217,227,255,0,0,0,0,0,0,0,0,0,0,4,0,0,249,224,221,227,231,229,229,230,227,223,232,223,219,223,255,65,0,0,0,0,0,0,0,0,0,2,0,73,255,211,222,226,228,227,227,228,225,224,225,227,220,224,238,123,0,0,0,0,0,0,0,0,0,0,0,169,236,208,224,225,227,227,226,226,226,224,228,226,238,221,255,52,0,0,0,0,0,0,0,0,1,0,0,227,222,217,226,227,228,228,228,227,228,226,235,235,223,247,190,0,0,0,0,0,0,0,0,0,1,0,1,253,220,225,225,228,228,228,229,226,225,234,233,219,238,252,0,0,0,0,0,0,0,2,0,0,7,0,68,255,215,226,225,226,227,230,225,228,228,228,231,233,255,45,0,0,0,0,0,0,0,0,0,0,0,0,180,246,213,226,228,228,229,230,226,225,244,242,228,249,175,0,0,0,0,0,0,0,0,4,1,0,0,91,255,217,229,229,230,230,232,229,243,255,243,255,236,224,3,0,0,0,0,0,2,3,0,0,0,0,129,255,226,224,228,229,229,231,232,233,255,87,0,0,241,182,0,0,1,0,5,7,0,0,0,5,101,247,255,218,212,227,230,232,235,235,231,255,75,0,0,0,217,172,0,4,0,0,0,0,0,60,168,247,255,220,198,206,217,228,231,234,232,228,249,162,0,0,0,0,191,141,0,4,0,0,3,134,202,226,225,212,209,214,226,224,230,232,231,235,235,240,233,0,0,0,0,0,169,112,0,7,0,0,141,255,239,223,216,211,219,223,223,227,227,223,231,228,237,255,5,0,0,0,3,0,158,105,0,7,0,0,0,64,147,192,216,231,245,250,245,245,244,242,243,250,231,54,0,0,0,0,11,0,154,113,0,9,0,0,0,0,0,0,0,33,69,113,148,186,204,211,214,167,17,0,0,0,0,0,7,0,139,144,0,7,0,0,1,3,0,0,0,0,0,0,0,0,0,0,0,0,0,0,0,0,0,0,3,0,39,18,0,2,0,0,0,0,0,0,0,0,0,0,0,0,0,0,0,0,0,0,0,0,0,0,0,0,0,0,0,0,0,0,6
0,0,0,0,0,0,0,0,0,1,0,0,0,0,0,0,0,7,34,45,43,19,0,0,0,0,0,0,0,0,0,0,0,0,0,0,0,1,1,1,0,0,0,116,205,222,200,206,197,230,181,59,0,0,0,0,0,0,0,0,0,0,0,0,0,1,0,0,0,131,188,218,204,197,194,176,162,173,202,197,136,22,0,0,0,0,0,0,0,0,0,0,0,3,0,11,173,217,198,195,199,187,195,184,153,157,181,176,192,61,0,0,0,0,0,0,0,0,0,0,5,0,47,211,206,200,194,207,202,182,202,190,160,166,178,181,173,14,0,0,0,0,0,0,0,0,0,0,3,0,9,200,197,198,199,198,222,189,145,116,135,163,164,183,168,0,0,0,0,0,0,0,0,0,0,0,0,0,0,179,211,190,209,223,173,114,101,140,177,161,139,203,117,0,0,0,0,0,0,0,0,0,0,0,0,0,0,146,210,187,221,175,140,201,238,245,234,223,192,189,84,0,0,0,0,0,0,0,0,0,0,0,0,1,0,10,211,214,149,174,244,247,253,184,163,193,212,229,195,21,0,0,0,0,0,0,0,0,0,0,0,1,0,8,196,204,233,255,255,162,141,188,190,178,170,202,202,39,0,0,0,0,0,0,0,0,0,0,0,4,0,89,218,201,201,204,159,138,192,182,186,170,166,170,162,59,0,0,0,0,0,0,0,0,0,0,0,4,0,39,211,188,180,189,158,133,194,180,173,157,181,153,165,78,0,0,0,0,0,0,0,0,0,0,0,9,0,31,208,196,180,186,145,132,204,162,157,129,174,160,171,116,0,0,0,0,0,0,0,0,0,0,0,3,0,63,226,213,242,233,213,157,165,179,235,175,196,204,194,212,0,0,0,0,0,0,0,0,0,0,0,3,0,117,231,211,216,221,240,237,232,218,209,214,190,168,184,221,10,0,0,0,0,0,0,0,0,0,0,0,0,141,216,218,230,224,214,206,203,187,163,178,178,189,186,201,38,0,0,0,0,0,0,1,0,0,0,0,2,189,186,188,204,199,201,211,216,222,208,217,148,215,176,191,78,0,0,0,0,0,0,1,0,1,0,0,135,198,171,171,181,209,193,194,230,234,209,221,214,182,173,190,89,0,0,0,1,3,3,3,3,0,0,82,204,164,168,164,173,191,205,192,199,202,158,173,174,177,170,188,84,0,0,0,0,0,0,0,0,0,68,181,153,167,172,172,203,188,171,185,183,181,174,183,165,177,181,194,78,0,0,0,0,30,44,25,43,118,168,142,138,176,174,180,187,194,170,175,169,169,184,179,176,177,163,183,50,0,0,13,159,129,129,135,148,106,72,158,169,183,186,198,199,184,160,178,232,189,154,188,168,170,169,191,30,0,0,128,209,150,93,78,109,107,119,142,141,171,200,196,179,174,217,184,79,0,41,213,164,173,171,189,15,0,0,134,203,208,204,191,194,182,174,172,175,199,200,173,178,210,84,0,0,0,67,219,170,176,171,185,0,0,0,65,186,187,185,193,197,194,185,193,200,188,172,181,198,8,0,0,6,0,54,190,173,174,171,184,0,0,0,0,42,168,185,191,186,182,188,185,189,180,179,225,23,0,1,0,5,0,51,184,166,166,167,161,0,0,0,0,0,0,42,119,194,224,219,205,205,185,213,78,0,0,0,0,5,0,53,196,173,176,182,188,0,0,0,0,1,0,0,0,0,31,74,101,104,73,9,0,0,0,0,0,5,0,32,165,133,126,108,63,0,0,6
0,0,0,0,0,0,0,0,0,0,0,0,0,0,0,0,0,0,0,0,0,0,0,0,0,0,0,0,0,0,0,0,0,0,0,0,0,0,0,0,0,0,0,0,0,0,0,0,0,0,0,0,0,0,0,0,0,0,0,0,0,0,0,0,0,0,0,0,0,0,0,0,0,0,0,0,0,0,0,0,0,0,0,0,0,0,0,0,0,0,0,0,0,0,0,0,0,0,0,0,0,0,0,0,0,0,0,0,0,0,0,0,0,0,0,0,0,0,0,0,0,0,0,0,0,0,0,0,0,0,0,0,0,0,0,0,0,0,0,0,0,0,0,0,0,0,0,0,0,0,0,0,0,0,0,0,0,0,0,0,0,0,0,0,0,0,0,0,0,0,0,0,0,0,0,0,0,0,0,0,0,0,0,2,0,0,0,1,2,2,0,0,0,93,6,0,0,0,0,0,0,0,0,0,0,0,0,0,0,0,0,0,22,37,0,0,0,0,0,0,0,130,1,0,0,0,0,0,0,0,0,0,0,0,0,0,0,1,0,0,197,218,109,9,23,13,0,157,181,168,0,0,0,0,0,0,0,0,0,0,0,0,0,0,0,1,0,23,189,189,213,253,253,252,237,216,235,182,0,0,0,0,0,0,0,0,0,0,0,0,0,0,0,0,0,130,207,196,203,204,206,213,214,203,225,187,0,0,0,0,0,0,0,0,0,0,0,1,0,0,0,0,36,241,205,210,210,205,208,214,210,212,230,191,0,0,0,0,0,0,0,0,0,0,0,0,0,0,0,0,196,213,200,204,209,207,213,220,212,220,225,244,0,0,1,0,0,0,0,0,0,1,2,3,0,0,3,173,207,186,202,209,211,209,213,214,215,231,214,228,49,0,0,0,1,5,5,2,4,0,0,0,0,37,192,211,189,192,199,214,203,207,215,210,217,218,206,223,104,0,0,1,0,0,0,0,0,0,0,11,104,201,195,177,183,198,206,209,214,215,205,207,213,204,205,216,193,0,0,0,0,56,74,60,66,94,143,192,201,175,172,197,191,205,210,204,196,201,213,215,205,214,201,201,237,0,0,45,150,155,162,166,180,192,176,170,166,178,194,202,204,204,204,216,207,209,228,212,205,211,209,208,251,0,0,112,182,179,173,169,177,173,172,172,179,189,208,202,213,232,244,250,252,255,250,239,241,236,221,200,209,0,61,109,88,123,150,169,192,200,204,232,229,229,232,229,220,201,173,150,140,119,108,103,98,95,89,84,104,8,8,71,117,111,103,101,102,107,118,126,143,146,127,108,99,102,114,119,112,99,108,113,111,116,119,117,146,57,0,0,0,18,58,92,113,123,125,122,122,127,125,123,111,94,61,20,11,107,113,109,109,112,115,116,125,49,1,3,0,0,0,0,0,0,14,26,31,24,12,0,0,0,0,0,0,42,60,44,48,44,40,39,42,6,0,0,0,0,0,0,0,0,0,0,0,0,0,0,0,0,0,0,0,0,0,0,0,0,0,0,0,0,0,0,0,0,0,0,0,0,0,0,0,0,0,0,0,0,0,0,0,0,0,0,0,0,0,0,0,0,0,0,0,0,0,0,0,0,0,0,0,0,0,0,0,0,0,0,0,0,0,0,0,0,0,0,0,0,0,0,0,0,0,0,0,0,0,0,0,0,0,0,0,0,0,0,0,0,0,0,0,0,0,0,0,0,0,0,0,0,0,0,0,0,0,0,0,0,0,0,0,0,0,0,0,0,0,0,0,0,0,0,0,0,6
0,0,0,0,0,0,0,0,0,0,0,0,0,0,0,0,0,0,0,0,0,0,0,0,0,0,0,0,0,0,0,0,0,0,0,0,0,0,0,0,0,0,0,0,0,0,0,0,0,0,0,0,0,0,0,0,0,0,0,0,0,0,0,0,0,0,0,0,0,2,0,0,0,30,14,0,0,0,0,0,0,0,40,39,0,0,0,0,0,0,0,0,0,0,0,0,0,2,0,0,39,118,146,90,0,0,0,0,0,0,35,54,0,0,0,0,0,0,0,0,0,0,0,0,0,0,4,0,128,128,122,137,195,186,155,137,111,66,103,35,0,0,0,0,0,0,0,0,0,0,0,0,0,0,2,0,133,108,66,102,131,151,159,160,173,189,155,0,0,0,0,0,0,0,0,0,0,0,0,0,0,2,0,39,138,56,117,118,123,133,131,138,138,149,90,0,0,0,0,0,0,0,0,0,0,0,0,0,0,0,0,12,101,89,116,122,138,134,126,141,139,163,43,0,0,0,0,0,0,0,0,0,0,1,0,0,0,4,0,84,136,112,122,123,132,129,137,128,133,178,0,0,0,0,0,0,0,0,0,0,0,1,0,1,0,2,0,70,73,153,152,138,129,128,143,129,149,132,0,0,0,0,0,0,0,0,0,0,0,1,1,1,1,0,4,158,163,165,144,141,141,134,123,118,174,59,0,3,0,0,0,0,0,0,0,0,0,0,0,0,2,0,50,141,125,154,126,132,146,138,138,141,152,18,0,3,0,0,0,0,0,0,0,0,0,1,0,1,3,0,82,159,120,136,128,128,129,136,149,147,158,0,0,1,0,0,0,0,0,0,0,0,0,1,0,2,0,0,151,127,142,131,123,129,127,122,126,144,148,0,0,1,0,0,0,0,0,0,0,0,0,2,1,2,0,33,143,66,141,137,120,133,132,126,121,147,162,0,0,1,0,0,0,0,0,0,0,0,0,1,1,0,0,137,186,152,143,123,118,131,132,133,129,148,191,0,0,0,0,0,0,0,0,0,1,0,0,1,0,0,61,107,85,139,154,127,120,125,139,149,147,144,162,3,0,2,0,0,0,0,0,0,2,1,1,0,0,61,111,162,103,152,137,134,129,134,147,153,146,152,162,21,0,2,0,1,3,2,3,1,0,1,0,0,44,146,63,108,146,146,137,134,133,133,132,131,148,144,139,59,0,2,0,0,0,0,0,0,0,0,0,34,110,158,152,170,134,120,115,143,131,116,129,129,131,126,146,100,0,2,0,0,42,32,33,14,1,29,75,107,123,127,155,174,146,131,134,148,134,134,148,122,128,113,136,105,0,1,0,64,139,147,127,89,77,91,100,113,123,132,163,186,185,183,179,167,147,141,131,125,133,131,158,127,0,0,2,138,107,118,107,99,113,116,110,127,120,112,155,165,167,142,108,101,133,196,154,148,138,132,163,167,24,0,75,195,179,164,142,102,99,107,102,105,136,134,131,138,170,185,205,247,215,217,224,159,112,143,134,147,24,0,0,87,168,203,201,214,196,178,168,175,168,185,212,237,250,254,203,121,236,211,207,240,209,203,198,210,32,0,0,0,0,33,85,127,163,184,185,175,186,185,165,110,45,0,0,0,151,222,179,188,206,196,181,84,0,0,0,0,0,0,0,0,0,0,0,0,0,0,0,0,0,0,0,0,0,0,0,0,0,0,0,0,0,0,0,0,0,0,0,0,0,0,0,0,0,0,0,0,0,0,0,0,0,0,0,0,0,0,0,0,0,0,6
0,0,0,0,0,0,0,0,0,0,0,0,0,0,0,0,0,0,0,0,0,0,0,0,0,0,0,0,0,0,0,0,0,0,0,0,0,0,0,0,0,0,0,0,0,0,0,0,0,0,0,0,0,0,0,0,0,0,0,0,0,0,0,0,0,0,0,0,0,0,0,0,0,0,0,0,0,0,0,0,0,0,0,0,0,0,0,0,0,0,0,0,0,0,0,0,0,0,0,0,0,0,0,0,0,0,0,0,0,0,0,0,0,0,0,0,0,0,0,0,0,0,0,0,0,0,0,23,23,41,52,109,122,86,16,0,0,0,0,0,0,0,0,0,0,0,0,0,0,0,0,0,3,0,0,218,196,204,255,238,213,232,227,215,165,152,97,0,0,0,0,0,0,0,0,0,0,0,0,0,2,0,0,164,186,188,201,202,214,202,190,195,194,213,119,0,0,0,0,0,0,0,0,0,0,0,0,0,2,0,0,184,184,189,196,216,225,204,199,191,188,185,12,0,0,0,0,0,0,0,0,0,0,0,0,0,2,0,0,178,177,180,188,194,199,199,194,186,194,172,0,0,0,0,0,0,0,0,0,0,0,0,0,0,2,0,0,170,176,172,190,189,180,192,197,186,194,123,0,0,0,0,0,0,0,0,0,0,0,0,0,0,1,0,0,174,183,168,200,205,197,197,191,188,193,60,0,0,0,0,0,0,0,0,0,0,0,0,0,0,0,0,0,184,175,165,194,194,190,199,185,188,201,0,0,1,0,0,0,0,0,0,0,0,0,1,0,0,0,0,0,207,167,175,193,187,189,201,183,189,192,0,0,1,0,0,0,0,0,0,0,0,0,1,0,0,0,0,95,205,151,178,194,186,195,201,175,189,212,0,0,2,0,0,0,0,0,0,0,0,0,0,1,0,0,19,201,157,158,186,195,188,190,186,184,194,187,43,0,1,0,0,0,0,0,0,1,2,1,0,0,0,50,188,176,166,177,188,195,198,200,189,190,192,193,101,0,0,0,0,4,4,0,0,0,0,0,0,17,126,167,148,156,176,185,199,200,193,202,201,192,189,202,148,0,0,0,0,0,0,0,0,0,0,48,120,169,140,106,115,148,176,189,206,208,203,210,192,190,188,198,196,0,0,0,0,26,69,86,111,138,153,156,118,75,80,109,149,169,187,198,202,207,206,200,182,188,179,187,191,35,0,0,43,137,125,146,146,133,107,120,109,80,104,151,184,190,200,203,204,208,201,202,194,188,179,176,190,91,0,31,133,170,143,104,78,99,103,139,153,144,166,196,198,196,200,195,194,202,196,201,182,182,179,181,200,117,0,19,106,136,174,185,189,193,189,182,179,191,201,205,205,206,211,213,216,216,221,222,239,237,206,193,186,161,0,1,34,71,105,134,155,180,194,204,204,200,200,198,196,191,195,186,179,152,148,149,125,111,100,80,57,82,44,0,0,3,23,48,68,88,97,113,128,121,120,117,108,99,86,76,76,84,94,100,97,103,110,116,112,116,40,1,0,0,0,0,0,2,17,31,28,27,32,35,26,16,10,4,9,49,72,57,52,41,35,25,13,12,0,0,0,0,0,0,0,0,0,0,0,0,0,0,0,0,0,0,0,0,0,0,0,0,0,0,0,0,0,0,0,0,0,0,0,0,0,0,0,0,0,0,0,0,0,0,0,0,0,0,0,0,0,0,0,0,0,0,0,0,0,0,0,0,0,0,0,0,0,0,0,0,0,0,0,0,0,0,0,0,0,0,0,0,0,6
0,0,0,0,0,0,0,0,0,0,0,0,0,0,0,0,0,0,0,0,0,0,0,0,0,0,0,0,0,0,0,0,0,0,0,0,0,0,0,0,0,0,0,0,0,0,0,0,0,0,0,0,0,0,0,0,0,0,0,0,0,0,0,0,0,0,0,0,0,0,0,0,0,0,0,0,0,0,0,0,0,0,0,0,0,0,0,0,0,0,0,0,0,0,0,0,0,0,0,0,0,0,0,0,0,0,0,0,0,0,0,0,0,0,0,0,0,0,0,0,0,0,0,0,0,0,0,0,0,125,127,0,0,0,0,0,0,0,0,0,0,0,0,0,0,0,0,0,0,0,0,0,1,0,0,15,20,189,239,105,50,66,61,79,93,106,103,0,0,0,0,0,0,0,0,0,0,1,1,0,4,0,99,183,173,183,190,207,222,230,233,235,224,217,211,33,0,0,0,0,0,0,0,0,0,2,0,1,2,0,137,220,222,229,226,224,225,224,221,221,213,202,204,46,0,0,0,0,0,0,0,0,1,3,0,0,0,0,141,232,222,221,219,216,211,210,209,211,214,211,238,49,0,0,0,0,0,0,0,0,0,0,0,2,0,0,137,221,218,229,220,216,209,207,208,209,202,201,244,88,0,0,0,0,0,0,0,0,0,0,0,0,0,117,208,218,219,143,203,222,222,226,235,222,205,204,231,132,0,0,0,0,0,0,0,0,0,1,7,0,0,232,145,219,225,184,215,216,215,204,185,155,144,186,222,196,0,0,0,0,0,0,0,0,0,8,0,0,122,164,156,205,213,221,208,206,214,215,211,236,246,237,242,31,0,0,0,0,0,0,0,0,3,0,0,129,185,183,243,253,237,231,244,253,253,250,241,209,212,212,242,7,0,0,3,3,4,5,5,0,0,7,147,174,174,182,171,193,193,194,188,168,146,157,160,148,173,184,240,101,1,0,0,0,0,0,0,0,0,203,212,153,174,165,173,133,121,158,167,163,155,176,185,190,200,195,225,135,0,0,62,113,129,119,98,129,159,112,134,167,175,193,204,217,213,205,207,214,211,212,235,240,229,215,215,123,0,23,185,140,89,141,161,78,20,91,142,180,211,221,230,234,230,227,219,207,206,207,200,198,202,195,204,104,0,135,206,199,183,138,125,113,159,198,202,208,225,224,213,201,190,181,185,188,204,207,212,221,224,222,231,133,75,196,188,200,216,224,220,239,238,229,230,225,212,212,207,212,216,216,218,226,225,222,213,206,198,192,201,156,60,178,194,184,195,200,211,217,228,226,227,224,220,226,217,218,221,222,254,224,201,198,195,202,207,198,207,156,0,3,134,188,192,200,203,198,202,212,202,204,209,197,207,199,167,117,46,42,199,201,207,199,199,204,201,163,0,0,0,8,57,184,179,213,255,203,247,244,217,251,166,0,0,0,0,0,255,217,154,252,248,214,255,189,0,3,0,0,0,0,0,0,51,0,49,49,1,0,0,0,1,0,0,0,89,61,0,56,37,17,34,0,0,0,0,0,0,0,0,0,0,0,0,0,0,0,0,0,0,0,0,0,0,0,0,0,0,0,0,0,0,0,0,0,0,0,0,0,0,0,0,0,0,0,0,0,0,0,0,0,0,0,0,0,0,0,0,0,0,0,0,0,0,0,0,0,0,0,0,0,0,0,0,0,0,0,0,0,0,0,0,0,0,0,0,0,0,0,0,0,0,0,0,0,0,0,0,0,0,0,0,0,0,0,0,0,0,0,0,0,0,0,0,0,6
0,0,0,0,0,0,0,0,0,0,0,0,0,0,0,0,0,0,0,0,0,0,0,0,0,0,0,0,0,0,0,0,0,0,0,0,0,0,0,0,0,0,0,0,0,0,0,0,0,0,0,0,0,0,0,0,0,0,0,0,0,0,0,0,0,0,0,0,0,0,0,0,0,0,0,0,0,0,0,0,0,0,0,0,0,0,0,0,0,0,0,0,0,0,0,0,0,0,0,0,0,0,0,0,0,2,2,1,2,0,0,0,0,0,0,0,0,0,0,0,0,0,5,0,42,255,207,230,240,0,0,0,0,0,0,0,0,0,69,164,0,0,0,0,0,0,0,0,0,0,4,0,18,242,241,230,244,209,181,172,144,127,73,60,165,38,186,96,0,0,0,0,0,0,0,0,0,0,1,0,0,201,236,227,225,251,251,240,245,244,246,247,243,246,230,0,0,0,0,0,0,0,0,0,0,0,1,0,0,217,232,219,216,226,218,219,219,219,218,230,216,229,98,0,0,0,0,0,0,0,0,0,0,0,1,0,0,212,240,210,232,229,228,230,232,233,235,231,221,251,1,0,0,0,0,0,0,0,0,0,0,0,0,0,0,194,247,229,242,230,228,230,232,230,233,231,235,208,0,0,0,0,0,0,0,0,0,0,0,0,0,0,0,184,248,227,238,224,228,229,231,230,231,229,248,160,0,0,0,0,0,0,0,0,0,0,0,0,1,0,0,237,242,228,226,224,227,227,229,229,239,221,252,139,0,1,0,0,0,0,0,0,0,0,0,0,1,0,8,255,230,234,226,225,227,229,229,227,236,229,255,175,0,0,0,0,0,0,0,0,0,0,0,0,0,0,121,255,208,234,221,226,226,230,230,230,236,225,248,193,0,0,0,0,0,0,0,0,0,0,1,0,0,51,224,250,209,231,220,223,230,235,235,232,214,216,229,255,16,0,0,0,0,0,0,2,1,0,0,0,118,172,207,236,191,225,241,226,221,216,203,185,188,212,222,232,130,0,3,0,7,2,0,0,0,0,38,166,111,50,202,206,197,166,197,205,217,213,218,215,219,221,225,220,197,0,0,0,0,0,0,0,48,144,193,102,83,192,188,218,232,220,221,227,231,240,239,237,237,238,226,227,200,0,0,0,36,127,187,200,184,83,56,178,255,228,205,223,239,234,224,237,231,229,227,221,218,221,225,228,188,0,0,132,220,138,83,65,59,71,173,235,221,238,241,239,232,217,211,217,218,210,211,211,200,193,210,217,253,46,0,225,241,224,247,249,253,247,247,245,246,242,236,228,211,201,211,199,203,215,205,213,217,227,226,217,255,63,113,210,194,208,215,225,231,234,238,232,221,217,205,188,190,209,241,255,255,243,230,225,222,217,222,216,208,34,118,241,235,227,216,211,198,192,188,188,188,201,202,227,255,255,206,145,24,83,236,217,230,228,231,229,234,63,0,49,169,224,255,255,255,255,255,255,255,255,255,255,155,6,0,0,0,46,255,245,234,239,195,185,151,18,0,0,0,0,0,31,56,99,115,61,91,50,24,0,0,0,0,6,0,0,35,0,0,0,0,0,0,0,0,0,0,0,0,0,0,0,0,0,0,0,0,0,0,0,0,0,0,0,0,0,0,0,0,0,0,0,0,0,0,0,0,0,0,0,0,0,0,0,0,0,0,0,0,0,0,0,0,0,0,0,0,0,0,0,0,0,0,0,0,0,0,0,0,0,0,0,0,0,0,0,0,0,0,0,0,0,0,0,0,0,0,0,6
0,0,0,0,0,0,0,0,0,0,0,0,0,0,0,0,0,0,0,0,0,0,0,0,0,0,0,0,0,0,0,0,0,0,0,0,0,0,0,0,0,0,0,0,0,0,0,0,0,0,0,0,0,0,0,0,0,0,0,0,0,0,0,0,0,0,0,0,0,0,0,0,0,0,0,0,0,0,0,0,0,0,0,0,0,0,0,0,0,0,0,0,0,0,0,0,0,0,0,0,0,0,0,0,0,0,0,0,0,0,0,0,0,0,0,0,0,0,0,0,0,0,0,0,0,0,2,0,0,184,213,120,0,0,0,0,0,0,1,0,0,0,0,0,0,0,0,0,0,0,0,0,0,0,5,0,26,233,240,245,119,55,32,0,0,0,0,0,0,0,0,0,0,0,0,0,0,0,0,0,0,0,9,0,160,255,222,232,250,255,247,235,226,198,23,0,0,0,0,0,0,0,0,0,0,0,0,0,0,0,0,0,173,227,222,234,224,227,234,197,200,204,0,0,0,0,0,0,0,0,0,0,0,0,0,0,0,2,0,0,231,232,233,238,216,211,233,180,208,173,114,0,0,0,0,0,0,0,0,0,0,0,0,0,0,5,0,44,226,218,231,236,248,241,249,158,188,196,112,0,0,0,0,0,0,0,0,0,0,0,0,0,0,2,0,92,247,221,233,227,232,223,239,240,222,211,0,0,0,0,0,0,0,0,0,0,0,0,0,0,0,0,0,158,232,200,236,244,244,236,231,227,224,232,0,0,0,0,0,0,0,0,0,0,0,1,0,0,1,0,45,255,215,217,244,229,232,231,226,215,224,252,0,0,0,0,0,0,0,0,0,0,0,0,0,7,0,3,255,210,200,239,227,231,233,230,231,229,219,234,56,0,0,0,0,0,0,0,0,0,0,2,8,0,12,255,198,205,237,232,224,225,231,229,225,222,217,241,165,0,0,0,0,0,0,0,0,0,2,0,0,50,250,202,175,217,226,221,224,232,232,224,226,221,224,232,223,0,0,0,0,3,5,4,9,0,0,0,136,232,189,174,230,231,234,232,227,225,231,233,227,229,227,221,232,0,0,1,0,0,0,0,0,0,0,171,232,196,206,248,235,231,233,232,225,232,236,227,218,216,215,211,245,34,0,0,0,22,32,36,54,129,239,214,198,216,227,213,216,217,222,229,229,232,230,219,213,195,199,208,247,44,0,42,165,176,220,231,255,217,203,201,205,216,215,207,216,223,225,228,227,225,230,228,225,228,222,207,240,39,0,148,209,166,147,107,135,174,195,205,203,208,204,210,222,225,219,226,218,216,209,197,189,194,188,200,224,0,36,196,204,216,216,213,237,224,217,204,177,177,203,226,230,219,211,216,210,224,217,220,213,205,201,207,235,5,102,213,205,198,200,199,200,213,229,235,237,238,237,227,218,213,220,238,231,209,210,207,203,200,196,193,202,88,0,46,135,188,228,244,247,243,237,230,219,210,204,211,239,240,232,181,187,242,213,213,219,219,225,206,255,101,0,0,0,0,0,31,55,86,127,148,167,180,178,174,114,28,0,0,0,98,201,166,172,155,142,132,127,16,0,0,0,0,0,0,0,0,0,0,0,0,0,0,0,0,0,0,0,0,0,0,0,0,0,0,0,0,0,0,0,0,0,0,0,0,0,0,0,0,0,0,0,0,0,0,0,0,0,0,0,0,0,0,0,0,0,0,0,0,0,0,0,0,0,0,0,0,0,0,0,0,0,0,0,0,0,0,0,0,0,0,0,0,6
0,0,0,0,0,0,0,0,0,0,0,0,0,0,0,0,0,0,0,0,0,0,0,0,0,0,0,0,0,0,0,0,0,0,0,0,0,0,0,0,0,0,0,0,0,0,0,0,0,0,0,0,0,0,0,0,0,0,0,0,0,0,0,0,0,0,0,0,0,0,0,0,0,0,0,0,0,0,0,0,0,0,0,0,0,0,0,0,0,0,0,0,0,0,0,0,0,0,0,1,2,5,7,0,0,0,19,139,167,139,0,0,0,0,0,0,0,0,0,0,0,0,0,0,0,3,6,0,0,0,0,0,7,148,215,200,199,131,0,2,0,0,0,0,0,0,0,0,0,0,0,3,0,0,0,0,0,13,30,117,192,193,177,202,129,0,0,2,0,0,0,0,0,0,0,0,0,0,0,0,0,28,85,162,192,220,216,206,221,241,173,53,0,0,6,0,0,0,0,0,4,1,0,1,2,2,0,30,152,170,178,201,211,218,212,207,199,45,0,0,0,7,7,5,0,0,0,0,0,2,0,0,2,0,43,198,160,165,187,202,213,223,216,233,43,0,0,0,0,0,0,0,0,0,0,0,0,3,0,9,0,24,181,151,166,197,212,221,222,225,227,255,3,0,0,0,49,135,207,106,0,0,0,0,0,0,5,0,1,168,154,168,197,204,212,222,227,232,226,175,0,29,134,143,130,97,82,15,0,0,0,0,0,3,0,0,145,153,160,194,214,219,223,228,232,213,176,203,243,245,208,156,146,163,191,72,0,0,0,0,4,0,0,129,187,178,181,225,246,243,232,224,194,185,192,170,170,135,138,142,113,60,52,0,0,0,0,1,0,0,158,244,142,197,19,0,69,182,213,169,177,170,24,0,0,1,4,9,31,86,155,19,1,3,5,0,0,158,166,73,0,234,74,0,0,0,81,255,255,255,255,255,255,255,255,255,255,201,250,13,0,0,0,0,65,127,49,82,165,234,147,0,0,66,249,68,0,0,0,0,0,0,0,0,0,27,0,0,0,5,0,26,140,159,203,239,230,235,170,0,67,205,157,98,166,173,177,182,221,241,232,251,255,220,255,0,65,203,155,198,239,250,247,235,236,230,198,208,255,218,190,205,155,108,129,173,102,66,64,52,29,76,47,0,8,24,0,0,3,25,51,96,117,133,112,49,0,0,0,0,5,55,55,46,116,86,115,112,110,136,128,0,72,252,183,224,196,159,118,92,73,71,84,126,181,231,255,202,210,255,0,32,255,221,230,230,218,180,177,0,0,2,60,28,56,87,117,135,167,171,175,152,115,71,10,48,115,0,0,47,68,25,0,0,0,50,5,0,0,172,194,153,139,128,104,84,64,42,40,48,68,109,145,205,28,0,0,21,213,233,227,213,211,230,176,0,0,37,122,130,127,137,148,155,166,180,184,186,178,184,204,34,0,7,0,23,102,47,56,45,46,65,8,0,0,0,0,1,43,44,45,37,24,16,14,22,34,68,3,0,3,2,0,1,169,131,177,196,181,143,89,0,0,2,0,0,1,0,17,37,53,60,52,46,54,0,0,7,0,1,0,0,14,8,0,0,0,0,0,0,0,0,0,0,0,0,0,0,0,0,0,0,0,0,0,0,0,0,0,0,0,0,0,0,0,0,0,0,0,0,0,0,0,0,0,0,0,0,0,0,0,0,0,0,0,0,0,0,0,0,0,0,0,0,0,0,0,0,0,0,0,0,0,0,0,0,0,0,0,0,0,0,0,0,0,0,0,0,0,0,0,0,0,0,6
0,0,0,0,0,0,0,0,0,0,0,0,0,0,0,0,0,0,0,0,0,0,0,0,0,0,0,0,0,0,0,0,0,0,0,0,0,0,0,0,1,0,0,72,0,0,0,0,0,0,0,0,11,142,0,0,0,0,0,0,0,0,0,0,0,0,0,0,3,0,0,204,174,0,0,4,2,1,0,0,24,195,0,0,0,0,0,0,0,0,0,0,0,0,0,0,4,0,9,172,233,179,0,0,0,0,0,78,233,136,0,1,0,0,0,0,0,0,0,0,0,0,0,0,5,0,60,196,184,218,101,84,108,87,93,228,228,115,0,0,0,0,0,0,0,0,0,0,0,0,0,0,1,0,95,193,190,240,228,255,229,229,248,225,199,126,0,0,0,0,0,0,0,0,0,0,0,0,0,0,0,0,127,202,202,237,214,209,207,212,230,223,211,136,0,0,0,0,0,0,0,0,0,0,0,0,0,3,0,0,203,190,215,249,206,216,217,210,247,221,205,179,0,0,0,0,0,0,0,0,0,0,0,0,0,1,0,59,223,163,244,227,210,216,214,211,246,219,203,208,0,0,0,0,0,0,0,0,0,0,0,0,2,0,0,161,199,179,255,210,213,213,214,219,245,227,204,236,46,0,0,0,0,0,0,0,0,0,0,0,3,0,36,221,165,223,242,205,214,213,213,225,246,229,213,205,135,0,0,0,0,0,0,0,0,0,2,1,0,0,131,220,167,247,222,207,215,211,211,230,248,223,216,203,209,0,0,0,0,0,0,0,0,0,0,9,0,23,210,190,184,253,214,212,211,201,200,255,238,116,185,204,223,39,0,0,0,0,0,0,0,0,0,1,0,139,199,179,203,253,207,207,192,212,255,222,70,96,240,193,222,63,0,0,0,0,0,0,0,0,5,0,28,211,189,185,204,251,206,208,244,255,183,107,157,255,237,189,213,71,0,0,0,0,0,0,0,0,0,0,132,195,193,163,180,254,246,244,221,173,171,253,255,218,192,174,207,44,0,0,0,0,0,0,3,0,0,44,198,193,182,184,220,254,209,214,222,247,224,171,140,161,177,187,219,1,0,2,3,4,8,5,0,0,5,178,184,184,177,196,190,229,227,222,215,153,147,195,225,213,208,192,219,1,0,0,0,0,0,0,0,46,164,179,181,180,187,207,225,218,255,193,129,212,255,174,65,184,201,183,212,0,0,0,26,51,78,109,154,172,131,152,184,185,207,229,243,199,205,231,255,188,20,0,0,221,195,189,209,0,0,164,170,126,138,170,190,64,67,153,181,190,221,249,214,166,186,255,116,0,0,0,50,231,195,190,209,0,11,184,184,163,138,127,107,56,138,169,190,225,247,218,166,192,255,35,0,0,2,0,75,204,196,192,206,0,78,186,168,190,224,234,220,193,206,219,242,253,227,175,188,255,50,0,0,0,0,0,106,207,194,194,199,0,131,213,183,177,178,181,194,216,221,218,216,200,192,192,255,76,0,0,0,1,0,0,130,208,191,195,193,0,64,180,203,220,215,205,202,203,199,194,200,197,207,229,107,0,0,3,0,0,1,0,155,204,187,193,188,0,0,0,57,157,137,235,235,217,255,239,243,221,255,77,0,0,0,0,0,1,0,0,208,224,210,214,204,0,0,0,0,0,0,0,0,16,109,53,134,176,49,0,0,0,0,0,0,0,1,0,29,77,55,68,44,0,0,0,0,0,0,0,0,0,0,0,0,0,0,0,0,0,0,0,0,0,0,0,0,0,0,0,0,0,6
0,0,0,0,0,0,0,0,0,0,0,0,0,0,0,0,0,0,0,0,0,0,0,0,0,0,0,0,0,0,0,0,0,0,0,0,0,0,0,0,0,0,0,0,0,0,0,0,0,0,0,0,0,0,0,0,0,0,0,0,0,0,0,0,0,0,0,0,0,0,0,0,0,0,0,0,0,0,0,0,0,0,44,6,0,0,0,0,0,0,0,0,0,0,0,0,0,20,76,121,195,177,92,147,177,188,184,170,150,152,109,0,0,0,0,0,0,0,0,0,0,2,0,5,192,241,252,253,244,251,255,252,249,243,246,247,246,236,0,0,0,0,0,0,0,0,0,0,0,2,0,0,230,245,229,222,222,228,234,235,234,226,220,216,231,187,0,0,0,0,0,0,0,0,0,0,0,0,0,0,217,238,219,211,228,234,240,240,240,235,236,214,239,147,0,0,0,0,0,0,0,0,0,0,0,0,0,0,223,228,215,234,238,235,242,235,233,235,231,220,239,55,0,2,0,0,0,0,0,0,0,0,0,0,0,0,205,232,224,236,238,235,235,239,238,234,227,224,241,90,0,2,0,0,0,0,0,0,0,0,0,0,0,0,174,235,226,237,241,239,235,235,236,239,237,228,246,134,0,2,0,0,0,0,0,0,0,0,0,0,0,0,126,239,228,239,239,243,241,226,217,217,232,229,246,119,0,1,0,0,0,0,0,0,0,0,0,0,3,0,108,243,229,237,236,235,240,242,239,229,227,228,246,142,0,0,0,0,0,0,0,0,0,0,0,1,0,0,142,246,229,237,238,233,231,234,238,241,236,218,243,205,0,0,0,0,0,0,0,0,0,0,0,0,5,0,155,242,225,238,239,233,230,231,231,233,229,229,231,236,0,0,0,0,0,0,0,0,0,0,0,2,0,0,176,236,221,233,234,235,240,239,237,237,229,236,225,233,12,0,0,0,0,0,0,0,0,0,0,4,0,33,254,213,241,254,255,246,231,231,230,228,236,236,228,248,76,0,1,0,0,0,1,1,1,0,2,10,0,160,235,225,201,129,163,229,249,239,234,237,236,230,226,251,139,0,0,0,0,1,2,5,3,0,0,0,11,255,221,235,130,243,210,144,254,237,240,231,227,225,222,242,194,0,0,4,5,0,0,0,0,0,0,51,211,226,225,237,137,255,225,159,255,226,240,243,242,235,228,229,254,0,1,0,0,0,0,0,0,60,190,255,234,207,235,239,147,168,125,221,236,224,226,236,243,237,233,235,255,29,0,0,169,205,212,247,255,232,232,224,227,224,225,238,253,215,201,254,230,230,226,234,232,225,222,231,255,24,0,174,225,209,217,220,220,219,226,234,228,231,229,227,230,238,246,232,230,245,250,252,249,246,244,234,255,15,54,211,205,214,217,215,218,217,221,213,213,233,235,235,232,227,227,225,242,237,220,216,208,209,205,194,229,27,67,184,207,213,216,222,224,223,222,227,234,244,235,225,226,220,245,246,206,190,182,182,180,181,183,178,210,37,0,3,97,170,209,227,219,225,220,209,213,219,225,232,209,154,74,24,0,152,245,199,217,213,215,212,254,83,0,0,0,0,3,45,79,115,143,172,161,151,140,82,0,0,0,0,0,101,206,172,169,164,158,155,140,17,0,0,0,0,0,0,0,0,0,0,0,0,0,0,0,0,0,0,0,0,0,0,0,0,0,0,0,0,0,0,0,0,0,0,0,0,0,0,0,0,0,0,0,0,0,0,0,0,0,0,0,0,0,0,0,0,6
0,0,0,0,0,0,0,0,0,0,0,0,0,0,0,0,0,0,0,0,0,0,0,0,0,0,0,0,0,0,0,0,0,0,0,0,0,0,0,0,0,0,0,0,0,0,0,0,0,0,0,0,0,0,0,0,0,0,0,0,0,0,0,0,0,0,0,0,0,0,0,0,0,0,0,0,0,0,0,0,0,0,0,0,0,0,0,0,0,0,0,0,0,0,0,0,0,0,0,0,0,0,0,75,98,60,0,0,0,0,0,0,0,0,0,0,0,0,0,0,0,0,0,0,1,0,9,123,165,197,222,212,179,211,197,177,172,155,92,0,0,0,0,0,0,0,0,0,0,0,0,0,1,0,12,128,100,106,139,167,171,170,181,182,157,151,111,0,0,0,0,0,0,0,0,0,0,0,0,0,1,0,17,131,129,148,157,170,180,197,175,167,160,144,32,0,0,0,0,0,0,0,0,0,0,1,0,0,2,0,26,155,136,149,179,201,207,191,182,171,169,167,13,0,0,0,0,0,0,0,0,0,0,1,0,0,2,0,46,160,129,153,180,187,191,186,179,175,174,169,2,0,0,0,0,0,0,0,0,0,0,0,0,0,2,0,72,136,130,156,165,157,161,177,180,181,172,166,0,0,0,0,0,0,0,0,0,0,0,0,0,1,0,0,115,162,185,177,185,177,170,165,169,174,166,185,16,0,0,0,0,1,1,0,0,0,0,0,0,2,0,7,116,140,164,177,185,186,192,200,192,182,170,174,23,0,0,0,0,0,0,0,0,0,0,3,0,2,0,21,172,161,164,164,153,140,143,155,172,187,174,185,24,0,0,0,0,0,0,0,0,0,0,0,0,6,0,31,149,135,155,185,192,201,191,169,153,143,128,176,28,0,0,0,0,0,0,0,0,0,0,0,1,0,0,138,114,99,106,113,118,146,172,182,179,169,160,190,7,0,0,0,0,0,1,0,0,0,1,7,0,0,89,191,143,154,162,172,170,177,175,170,162,161,171,177,32,0,0,0,1,0,0,1,2,0,0,0,0,74,181,141,113,129,150,165,170,174,165,165,176,176,169,176,82,0,0,0,2,14,1,0,0,0,0,36,103,134,146,106,123,143,161,174,176,177,170,190,191,156,157,159,149,0,0,28,97,80,104,104,94,93,108,120,105,140,146,143,164,170,179,171,172,179,174,172,162,154,134,175,161,0,0,126,177,111,74,92,111,105,108,113,125,144,135,146,148,156,169,156,160,160,171,160,138,161,156,235,174,0,149,161,151,175,151,133,110,120,126,136,150,145,145,159,167,172,171,164,157,153,165,136,133,140,125,116,120,0,80,210,201,153,138,145,154,154,144,140,143,160,171,175,154,130,126,126,134,140,176,161,161,156,155,167,201,69,0,0,120,190,217,186,161,140,105,102,106,131,146,130,156,179,196,208,221,226,210,202,221,221,231,228,236,140,0,0,0,0,59,150,217,207,206,236,216,207,211,207,217,211,220,179,109,97,228,255,240,247,228,222,207,120,0,2,2,0,0,0,0,0,37,60,121,131,97,89,41,0,0,0,0,0,70,100,51,67,19,6,0,0,0,0,0,0,0,0,0,0,0,0,0,0,0,0,0,0,0,0,0,0,0,0,0,0,0,0,0,0,0,0,0,0,0,0,0,0,0,0,0,0,0,0,0,0,0,0,0,0,0,0,0,0,0,0,0,0,0,0,0,0,0,0,0,0,0,0,0,0,0,0,0,0,0,0,0,0,0,0,0,0,0,0,0,0,6
0,0,0,0,0,0,0,0,0,0,0,0,0,0,0,0,0,0,0,0,0,0,0,0,0,0,0,0,0,0,0,0,0,0,0,0,0,0,0,0,0,0,0,0,0,0,0,0,0,0,0,0,0,0,0,0,0,0,0,0,0,0,0,0,0,0,0,0,0,0,0,0,0,0,0,0,0,0,0,0,0,0,0,0,0,0,0,0,0,0,0,0,0,0,0,0,0,0,0,0,118,184,30,0,0,0,2,0,2,6,5,0,0,0,0,0,0,0,0,0,0,0,0,0,0,1,0,0,149,218,206,15,0,0,0,0,0,0,0,0,0,0,0,0,0,0,0,0,0,0,0,0,0,5,0,7,196,194,210,213,170,152,128,121,87,60,43,0,0,0,0,0,0,0,0,0,0,0,0,0,0,10,0,73,222,210,220,224,237,232,233,230,225,220,194,11,0,0,0,0,0,0,0,0,0,0,0,0,0,0,0,161,221,215,229,217,216,217,210,197,192,195,189,24,0,0,0,0,0,0,0,0,0,0,0,0,0,0,0,201,216,216,227,227,225,207,209,207,202,216,165,0,0,0,0,0,0,0,0,0,0,0,0,0,2,0,5,228,200,227,225,215,214,217,217,205,216,226,82,0,0,0,0,0,0,0,0,0,0,0,0,0,0,0,92,205,204,227,219,221,223,217,203,206,205,207,149,0,0,0,0,0,0,0,0,0,0,0,0,2,0,0,224,197,215,223,209,208,207,205,208,221,201,193,135,0,0,0,0,0,0,0,0,0,0,0,0,2,0,19,230,200,216,195,203,203,205,206,210,213,184,209,52,0,0,0,0,0,0,0,0,0,0,0,1,0,0,173,209,218,212,208,218,216,217,218,219,197,184,204,136,0,0,0,0,0,0,0,0,0,0,0,0,2,166,225,218,214,213,206,216,216,215,214,214,217,199,211,209,0,1,0,0,0,0,1,0,2,0,0,24,173,195,200,212,211,214,225,219,216,215,220,219,219,212,206,212,0,0,1,5,9,5,4,4,0,0,3,223,188,205,212,208,205,201,209,219,223,220,208,192,190,215,206,224,7,1,0,0,0,0,0,0,0,38,149,192,219,222,232,231,219,213,210,206,210,209,197,199,212,207,205,232,31,0,0,64,73,82,97,119,138,80,137,192,196,194,191,201,211,224,216,218,222,225,229,214,214,210,202,231,51,0,96,205,174,127,96,99,63,52,103,136,123,129,149,165,181,210,210,211,209,208,202,205,212,215,205,235,48,0,145,195,209,223,208,211,199,195,181,181,197,206,211,206,209,200,206,199,191,204,198,198,193,182,179,200,69,2,173,164,160,167,188,199,201,207,200,204,207,209,206,201,194,202,201,197,187,171,170,176,172,169,170,199,134,0,148,217,209,204,195,186,186,185,181,169,167,167,172,176,188,190,178,181,185,194,186,195,193,193,191,198,141,0,0,49,121,189,222,242,255,247,250,244,238,239,239,249,228,238,228,236,233,225,234,239,235,232,206,254,124,0,0,0,0,0,0,13,39,50,72,73,80,89,89,76,14,13,17,78,87,77,89,77,77,70,66,57,0,0,0,0,0,0,0,0,0,0,0,0,0,0,0,0,0,0,0,0,0,0,0,0,0,0,0,0,0,0,0,0,0,0,0,0,0,0,0,0,0,0,0,0,0,0,0,0,0,0,0,0,0,0,0,0,0,0,0,0,0,0,0,0,0,0,0,0,0,0,0,0,0,0,0,0,0,0,0,0,0,0,0,0,0,6
0,0,0,0,0,0,0,0,0,0,0,0,0,0,0,0,0,0,0,0,0,0,0,0,0,0,0,0,0,0,0,0,0,0,0,0,0,0,0,0,0,0,0,0,0,0,0,0,0,0,0,0,0,0,0,0,0,0,0,0,0,0,0,0,0,0,0,0,0,0,0,0,0,0,0,0,0,0,0,0,0,0,0,0,0,0,0,0,0,0,0,0,0,0,0,0,0,1,0,0,0,0,0,0,117,50,47,45,17,9,0,0,0,0,0,0,0,0,0,0,0,0,0,0,0,0,0,0,0,21,6,54,255,220,201,214,223,217,49,0,0,0,0,0,0,0,0,0,0,0,0,0,3,0,111,198,202,215,255,218,207,158,196,208,221,198,0,0,0,0,0,0,0,0,0,0,0,0,0,0,6,0,114,225,202,205,204,207,213,174,210,207,224,173,0,0,0,0,0,0,0,0,0,0,0,0,0,0,1,0,98,217,206,205,199,188,190,217,203,213,226,144,0,0,0,0,0,0,0,0,0,0,0,0,0,0,1,0,109,218,204,209,202,205,220,197,207,217,223,94,0,1,0,0,0,0,0,0,0,0,0,0,0,0,0,0,120,217,191,213,205,216,238,215,215,209,218,64,0,2,0,0,0,0,0,0,0,0,0,0,0,1,0,0,165,212,207,220,218,218,218,219,221,212,217,78,0,2,0,0,0,0,0,0,0,0,0,0,0,1,0,0,221,204,213,210,215,218,220,218,216,216,217,111,0,1,0,0,0,0,0,0,0,0,0,0,0,0,0,96,224,192,212,213,222,216,218,222,221,213,221,134,0,0,0,0,0,0,0,0,0,0,0,0,0,0,10,207,201,206,214,218,215,214,218,222,226,206,219,193,0,0,0,0,0,0,0,0,0,0,0,3,0,0,165,201,201,211,201,212,218,212,213,206,203,207,210,212,30,0,0,0,0,0,0,0,0,0,5,0,0,126,192,178,206,209,203,207,212,214,218,215,214,212,201,229,90,0,1,1,0,0,1,3,6,0,0,0,151,181,146,180,189,183,184,208,211,201,216,210,171,172,186,224,141,0,1,2,5,1,0,0,0,0,30,139,245,140,135,191,190,180,196,203,206,196,176,82,57,121,197,215,197,0,0,0,0,0,0,0,73,154,189,137,62,178,169,166,193,198,212,205,221,220,194,161,185,188,207,212,222,0,0,78,170,144,167,194,189,133,51,63,116,138,169,179,179,216,210,217,220,219,234,248,247,247,221,213,227,0,0,161,191,144,116,158,119,115,149,185,238,217,206,229,228,219,188,223,217,239,235,215,201,191,184,169,194,74,53,183,210,222,201,195,194,195,204,206,223,235,239,231,232,234,232,216,200,178,162,160,158,177,163,174,202,63,57,174,179,190,205,218,222,224,218,222,220,222,205,189,169,160,162,160,176,160,185,185,182,208,183,183,215,36,0,65,167,183,183,177,180,181,176,154,153,157,167,188,211,225,219,195,196,222,184,180,181,185,187,183,214,1,0,0,0,32,158,177,214,219,239,230,233,237,208,177,140,68,27,1,0,82,232,206,205,222,206,226,150,0,0,0,0,0,0,0,0,20,57,43,44,40,0,0,0,0,0,0,0,0,42,84,60,44,8,0,0,0,0,0,0,0,0,0,0,0,0,0,0,0,0,0,0,0,0,0,0,0,0,0,0,0,0,0,0,0,0,0,0,0,0,0,0,0,0,0,0,0,0,0,0,0,0,0,0,0,0,0,0,0,0,0,0,0,6
0,0,0,0,0,0,0,0,0,0,0,0,0,0,0,0,0,0,0,0,0,0,0,0,0,0,0,0,0,0,0,0,0,0,0,0,0,0,0,0,0,0,0,0,0,0,0,0,0,0,0,0,0,0,0,0,0,0,0,0,0,0,0,0,0,0,0,0,0,0,0,0,0,0,0,0,0,0,0,0,0,0,0,0,0,0,0,0,0,0,0,0,0,0,0,0,0,33,20,18,28,33,21,29,28,34,39,43,47,18,0,1,0,0,0,0,0,0,0,0,0,0,1,0,6,119,111,122,152,173,163,152,156,175,165,150,119,88,0,2,0,0,0,0,0,0,0,0,0,0,2,0,10,107,88,90,106,127,138,145,147,141,141,126,98,64,0,2,0,0,0,0,0,0,0,0,0,0,2,0,9,105,80,86,126,147,148,140,135,135,153,111,106,52,0,2,0,0,0,0,0,0,0,0,0,1,3,0,14,105,88,105,143,150,142,140,160,151,161,102,110,49,0,2,0,0,0,0,0,0,0,0,0,1,4,0,24,111,93,121,148,135,127,140,156,148,153,87,116,57,0,2,0,0,0,0,0,0,0,0,0,0,1,0,44,114,94,128,141,158,173,161,147,136,145,97,106,80,0,1,0,0,0,0,0,0,0,0,0,0,1,0,65,106,103,121,147,166,156,136,136,124,144,118,106,96,0,0,0,0,0,0,0,0,0,0,0,0,1,0,90,95,118,121,143,148,148,137,127,120,102,101,104,116,0,0,1,0,0,0,1,1,0,1,1,4,0,31,102,93,117,137,156,143,133,118,113,133,134,163,119,117,45,0,0,0,1,0,0,0,0,0,0,1,0,78,88,107,128,144,158,145,132,121,112,106,114,96,76,112,91,0,0,0,1,1,0,0,0,0,2,0,19,106,78,132,141,144,137,126,109,82,60,39,4,13,101,98,122,1,0,0,0,0,0,0,0,0,0,0,82,91,95,142,126,132,113,96,103,113,110,113,159,203,174,87,127,9,0,0,1,1,1,0,2,3,0,37,107,81,113,130,121,117,95,101,132,168,202,210,197,174,122,49,120,26,0,0,0,1,3,2,1,0,13,104,96,83,116,103,106,105,121,164,157,136,90,36,25,34,88,145,175,75,0,0,1,0,0,0,0,36,99,93,82,73,101,95,117,145,182,147,60,22,72,158,207,192,194,155,124,34,0,0,0,9,27,50,68,89,66,53,64,89,85,116,165,182,140,35,80,232,226,189,161,134,114,70,87,47,0,20,60,73,67,58,32,27,55,52,75,83,121,128,147,101,82,161,255,110,0,62,129,127,150,98,103,47,0,86,62,28,22,12,0,3,48,74,94,117,164,116,39,120,201,167,0,0,0,109,148,129,147,95,98,49,24,107,94,82,80,89,88,81,83,114,133,149,134,96,136,183,66,0,0,2,0,101,137,126,134,94,99,49,48,113,137,140,124,114,107,102,104,124,143,128,106,152,155,12,0,0,0,0,0,99,128,119,129,86,95,43,0,0,12,63,109,130,138,151,159,163,153,150,197,129,0,0,3,0,0,5,0,120,138,129,130,121,127,52,0,0,0,0,0,0,0,18,42,60,65,49,0,0,0,3,0,1,0,0,0,26,43,36,41,39,37,3,0,0,0,0,0,0,0,0,0,0,0,0,0,0,0,0,0,0,0,0,0,0,0,0,0,0,0,0,0,0,0,0,0,0,0,0,0,0,0,0,0,0,0,0,0,0,0,0,0,0,0,0,0,0,0,0,6
0,0,0,0,0,0,0,0,0,0,0,0,0,0,0,0,0,0,0,0,0,0,0,0,0,0,0,0,0,0,0,0,0,0,0,0,0,0,0,0,0,0,0,0,0,0,0,0,0,0,0,0,0,0,0,0,0,0,0,0,0,0,0,0,0,0,0,0,0,0,0,0,0,0,0,0,0,0,0,0,0,0,0,0,0,0,0,0,0,0,0,0,0,0,0,0,0,0,0,0,0,0,0,0,0,0,0,0,0,0,0,0,0,0,0,0,0,0,0,0,0,0,0,0,0,0,0,1,0,0,0,0,0,0,0,0,0,164,122,0,0,0,0,0,0,0,0,0,0,0,0,0,0,0,1,0,0,27,0,0,0,0,0,0,0,148,32,0,0,0,0,0,0,0,0,0,0,0,0,0,0,1,0,0,103,155,154,183,190,185,182,185,166,148,0,0,0,0,0,0,0,0,0,0,0,0,0,0,0,4,0,90,161,159,180,189,192,190,190,197,210,169,0,0,0,0,0,0,0,0,0,0,0,0,0,0,0,7,0,87,159,169,180,186,190,188,189,194,201,173,0,0,0,0,0,0,0,0,0,0,0,0,0,0,0,1,0,148,166,169,186,189,195,198,200,197,198,192,0,0,0,0,0,0,0,0,0,0,0,0,0,0,0,0,0,166,162,163,176,193,198,193,189,177,185,184,0,0,0,0,0,0,0,0,0,0,0,0,0,0,2,0,0,157,158,175,179,189,189,182,178,172,183,178,9,0,0,0,0,0,0,0,0,0,0,1,1,0,0,0,105,176,159,185,194,198,197,188,183,189,187,194,33,0,0,0,0,0,0,0,0,0,0,0,0,4,0,53,165,149,190,191,193,189,182,192,199,192,181,197,52,0,1,1,0,0,0,0,0,0,0,0,7,0,1,178,163,180,186,185,187,187,177,190,192,189,190,200,79,0,0,0,0,0,0,0,0,0,0,2,0,0,151,178,153,179,186,175,179,185,189,196,190,192,189,199,136,0,0,0,0,1,0,0,1,4,0,0,11,136,179,152,179,184,185,174,189,198,190,182,190,196,181,187,183,0,0,2,3,5,2,0,0,0,0,32,176,175,159,185,181,180,180,186,196,189,187,194,188,185,177,179,211,14,0,0,0,0,0,0,0,41,101,155,153,163,182,174,175,173,182,191,191,184,183,178,174,176,171,175,210,29,0,0,52,109,140,150,162,173,162,150,172,183,169,170,176,182,187,193,186,183,200,198,194,195,189,184,231,24,0,129,171,156,152,151,148,140,124,156,166,162,179,184,189,206,215,221,210,185,184,172,161,164,154,151,157,0,0,106,161,175,174,176,195,185,180,176,181,201,214,211,187,147,113,96,94,107,114,109,110,117,129,126,180,74,78,121,81,47,64,94,117,133,136,137,136,125,101,72,86,122,176,218,238,222,215,210,211,211,213,196,204,75,51,226,188,230,189,159,131,121,110,115,131,153,173,225,252,255,226,187,130,195,188,189,183,183,188,192,207,81,0,0,6,56,114,145,179,199,195,207,208,173,181,142,62,11,0,0,0,130,216,172,173,186,183,168,179,41,0,0,0,0,0,0,0,0,0,0,0,0,0,0,0,0,0,0,0,0,0,0,0,0,0,0,0,0,0,0,0,0,0,0,0,0,0,0,0,0,0,0,0,0,0,0,0,0,0,0,0,0,0,0,0,0,0,0,0,0,0,0,0,0,0,0,0,0,0,0,0,0,0,0,0,0,0,0,0,0,0,0,0,0,6
0,0,0,0,0,0,0,0,0,0,0,0,0,0,0,0,0,0,0,0,0,0,0,0,0,0,0,0,0,0,0,0,0,0,0,0,0,0,0,0,0,0,0,0,0,0,0,0,0,0,0,0,0,0,0,0,0,0,0,0,0,0,0,0,0,0,0,0,0,0,0,0,0,0,0,0,0,0,0,0,0,0,0,0,0,0,0,0,0,0,0,0,1,1,2,1,1,0,92,91,62,40,0,0,0,3,2,1,1,1,0,0,0,0,0,0,0,0,0,0,1,1,1,3,0,0,185,126,123,153,95,40,0,0,0,0,0,0,1,0,0,0,0,0,0,0,0,0,0,0,2,7,0,9,162,89,69,103,131,149,102,1,5,0,0,0,0,0,0,0,0,0,0,0,0,0,0,0,2,1,0,136,151,74,49,83,88,45,139,163,167,146,95,119,31,0,0,0,0,0,0,0,0,0,0,0,1,0,0,173,153,160,125,131,95,138,119,117,118,108,65,143,48,0,0,0,0,0,0,0,0,0,1,1,0,0,0,155,160,128,158,180,159,168,172,153,138,78,83,131,32,0,0,0,0,0,0,0,0,0,0,2,3,0,60,180,100,111,115,71,152,182,136,92,154,196,132,123,46,0,0,0,0,0,0,0,0,0,0,1,0,0,196,174,138,128,113,86,103,183,173,183,153,183,104,136,97,0,0,0,0,0,0,0,0,0,1,0,0,0,151,186,135,129,139,138,160,142,164,159,179,146,65,76,151,0,0,0,0,1,0,0,0,0,1,4,0,59,186,150,108,124,112,155,90,146,139,129,166,139,94,33,122,10,1,0,0,0,0,0,0,0,3,0,0,224,165,121,131,150,143,171,175,166,146,166,137,164,170,118,171,89,0,0,0,0,0,0,0,0,0,0,0,164,178,144,143,134,119,132,162,125,157,146,166,173,145,88,122,152,0,0,0,0,0,0,0,0,1,0,59,221,149,145,144,144,163,156,134,93,105,124,107,80,103,83,105,158,1,1,0,0,0,0,0,1,0,0,235,196,130,92,112,128,144,188,101,145,133,154,147,87,136,78,165,110,0,0,1,2,7,2,3,0,0,196,203,150,116,121,111,124,117,168,165,161,157,165,145,115,144,147,175,29,0,0,0,0,0,0,0,0,177,221,168,158,124,107,146,136,99,139,180,179,199,213,173,183,163,140,168,19,0,0,0,0,0,26,128,220,209,183,194,195,164,197,175,118,163,161,145,228,151,78,120,195,182,163,188,12,0,128,214,194,202,215,217,195,177,196,192,206,201,185,124,168,174,155,244,89,0,16,155,110,151,134,186,7,51,243,225,206,203,192,161,179,203,196,172,180,152,119,171,178,177,206,67,0,0,36,177,96,128,99,163,0,137,216,178,166,135,136,103,122,187,154,178,176,166,171,172,192,237,45,0,0,0,24,145,121,155,163,171,0,184,248,210,196,178,188,171,142,171,185,199,193,189,193,207,182,0,0,0,0,0,4,147,170,168,165,158,0,9,104,176,206,234,238,248,248,255,242,246,223,224,249,146,0,0,6,0,3,0,6,192,192,173,177,159,0,0,0,0,0,0,31,71,95,114,149,144,125,90,13,0,0,1,0,0,1,0,0,58,41,17,7,0,0,0,0,0,0,0,0,0,0,0,0,0,0,0,0,0,0,0,0,0,0,0,0,0,0,0,0,0,0,0,0,0,0,0,0,0,0,0,0,0,0,0,0,0,0,0,0,0,0,0,0,0,0,0,0,0,0,6
0,0,0,0,0,0,0,0,0,0,0,0,0,0,0,0,0,0,0,0,0,0,0,0,0,0,0,0,0,0,0,0,0,0,0,0,0,0,0,0,0,0,0,0,0,0,0,0,0,0,0,0,0,0,0,0,0,0,0,0,0,0,0,0,0,0,0,0,0,0,0,0,0,0,0,0,0,0,0,0,0,0,0,0,14,14,14,14,14,14,14,13,16,9,13,18,14,14,15,14,18,22,19,17,17,15,15,15,14,14,15,14,14,14,14,14,14,14,14,14,12,17,16,12,15,16,15,0,0,0,0,0,0,0,15,13,22,12,15,14,14,14,14,14,14,14,14,14,15,13,15,13,4,0,0,0,27,61,51,25,2,0,0,0,0,17,13,14,14,14,14,14,14,14,14,14,15,14,11,6,0,97,169,255,245,252,254,255,255,252,212,212,55,0,20,13,14,14,14,14,14,14,14,14,14,12,19,0,17,241,246,233,232,235,237,240,244,246,251,255,78,0,20,12,14,14,14,14,14,14,14,14,15,16,14,0,88,230,216,223,233,238,241,240,239,233,238,227,113,69,0,16,14,14,14,14,14,14,14,14,13,13,6,0,210,230,224,234,232,233,238,240,239,240,235,252,218,255,0,4,14,14,14,14,14,13,15,13,15,16,0,59,255,223,239,242,241,240,241,242,240,242,239,253,190,255,53,0,14,14,14,14,14,16,11,16,14,4,0,196,246,230,236,239,238,237,240,241,241,239,241,238,231,249,197,0,14,14,14,13,17,13,13,13,16,0,74,255,225,232,233,238,239,238,240,240,239,242,235,243,236,232,255,2,14,14,14,14,16,14,13,12,14,0,189,244,231,239,233,230,237,241,241,240,237,239,240,236,243,224,255,123,14,14,14,14,11,15,14,19,0,50,255,228,229,240,239,236,230,231,240,238,236,238,234,241,230,251,138,0,14,11,15,19,18,19,4,0,17,252,247,230,233,230,233,236,236,233,234,238,236,239,241,246,235,255,27,0,14,18,8,0,0,0,0,90,255,249,222,237,231,233,232,232,238,240,227,229,243,249,244,233,228,228,0,0,14,0,0,0,26,95,212,255,231,224,236,236,233,231,244,238,236,234,255,255,228,217,211,203,213,216,0,1,0,64,238,226,255,255,248,228,233,235,234,235,233,237,238,232,254,255,191,184,224,203,209,205,227,181,0,11,0,222,241,220,226,226,235,243,235,237,232,233,237,239,233,249,255,124,0,145,247,200,212,210,220,142,0,16,80,244,230,237,226,230,232,230,227,225,226,229,236,241,248,210,20,0,0,152,220,200,207,203,220,121,0,17,14,136,211,212,232,242,246,247,246,244,245,245,244,255,136,0,0,20,0,162,240,221,226,224,231,100,0,18,0,0,0,8,60,90,128,164,185,202,212,190,147,42,0,0,17,18,0,53,104,83,78,74,69,4,1,17,16,18,0,0,0,0,0,0,0,0,0,0,0,0,12,14,15,11,19,0,0,0,0,0,0,2,17,13,14,10,18,15,18,18,17,15,15,10,8,9,19,17,13,14,13,15,14,19,16,18,20,15,24,13,14,14,0,0,0,0,0,0,0,0,0,0,0,0,0,0,0,0,0,0,0,0,0,0,0,0,0,0,0,0,0,0,0,0,0,0,0,0,0,0,0,0,0,0,0,0,0,0,0,0,0,0,0,0,0,0,0,0,0,0,0,0,0,0,0,0,0,0,0,0,0,0,0,0,0,0,0,0,0,0,0,0,0,0,0,0,6
0,0,0,0,0,0,0,0,0,0,0,0,0,0,0,0,0,0,0,0,0,0,0,0,0,0,0,0,0,0,0,0,0,0,0,0,0,0,0,0,0,0,0,0,0,0,0,0,2,3,0,0,49,0,0,0,0,0,0,0,0,0,0,0,0,0,0,0,3,0,47,186,40,0,0,0,0,0,0,18,238,0,0,2,0,0,0,0,0,0,0,0,1,1,0,0,6,0,128,247,218,192,165,143,94,45,0,0,192,19,0,3,0,0,0,0,0,0,0,0,0,0,0,5,0,0,170,207,208,232,241,243,242,232,222,207,203,0,0,1,0,0,0,0,0,0,0,0,0,1,1,5,0,135,226,206,216,220,225,228,228,228,230,234,211,0,0,1,0,0,0,0,0,0,0,0,0,2,1,0,0,151,210,214,210,225,231,230,238,234,229,226,207,0,0,1,0,0,0,0,0,0,0,0,0,0,3,0,0,207,212,216,216,234,223,223,230,226,222,235,236,0,0,1,0,0,0,0,0,0,0,0,0,0,8,0,76,234,200,226,213,222,232,234,233,230,229,231,236,0,0,2,0,0,0,0,0,0,0,0,1,0,11,0,98,230,202,207,210,229,237,234,234,232,236,226,233,55,0,0,0,0,0,0,0,0,0,0,0,0,0,0,233,208,196,206,229,236,232,230,231,235,237,221,237,186,0,0,0,0,0,0,0,0,0,0,0,4,0,42,216,190,217,223,234,229,229,230,233,233,225,208,222,231,43,0,0,0,0,0,0,0,0,0,0,3,0,162,215,206,227,233,229,223,227,234,232,218,218,201,212,237,181,0,0,0,0,0,0,0,0,0,2,0,5,237,197,221,217,227,231,240,241,236,228,213,211,201,215,228,232,0,0,0,0,0,0,0,0,1,0,0,202,201,211,218,237,241,236,236,230,222,215,204,215,225,230,226,231,2,0,0,0,0,0,0,0,2,0,52,212,200,215,223,229,208,193,202,205,210,223,226,237,233,234,234,226,49,0,0,4,7,5,8,0,0,0,175,206,211,219,228,228,235,226,211,221,232,230,237,242,238,236,220,255,81,2,0,0,0,0,0,0,30,178,222,208,218,229,227,226,223,217,232,228,232,243,240,226,210,205,208,240,42,0,0,30,54,61,63,123,225,184,172,204,201,210,215,219,232,231,232,234,234,218,212,216,216,220,210,249,40,0,121,174,176,220,222,213,145,137,180,219,222,222,231,241,227,236,229,234,252,219,213,219,218,220,211,246,36,19,196,176,152,126,126,129,158,196,203,227,218,229,241,230,240,222,250,235,52,192,231,213,215,216,213,244,17,94,223,220,223,227,219,206,208,213,219,225,231,241,244,242,216,230,173,0,0,210,237,211,218,221,215,241,0,42,205,211,228,233,248,246,246,248,244,246,251,244,229,206,230,167,0,0,0,215,221,211,217,219,214,236,0,7,195,198,195,206,213,219,221,223,225,219,221,216,206,233,196,0,0,0,0,206,225,212,216,217,213,231,0,0,172,218,216,208,205,202,201,206,204,208,207,207,225,216,0,0,8,0,0,173,219,208,212,211,211,190,0,0,0,60,165,195,211,230,227,225,229,223,229,227,204,0,0,2,0,1,0,186,242,226,234,233,237,212,0,1,0,0,0,0,18,78,131,120,137,153,151,57,12,0,4,0,0,4,0,132,151,126,152,156,142,117,0,0,1,5,0,0,0,0,0,0,0,0,0,0,0,2,0,0,0,1,0,0,0,0,0,0,0,0,0,6
0,0,0,0,0,0,0,0,0,0,0,0,0,12,21,27,38,42,41,45,50,54,54,48,40,35,23,0,0,0,0,0,0,0,0,0,0,0,1,0,37,77,84,90,87,91,92,91,91,91,89,86,82,85,72,51,0,0,0,0,0,0,0,0,0,0,0,0,31,22,0,0,0,0,0,0,0,0,0,0,1,2,12,45,0,0,0,0,0,0,0,0,0,0,7,0,35,175,160,168,169,179,182,179,184,192,203,190,182,209,203,170,0,0,0,0,0,0,0,0,0,0,5,0,10,200,206,194,207,206,172,170,174,178,182,169,184,209,221,128,0,0,0,0,0,0,0,0,0,0,0,0,0,178,203,184,198,188,130,121,123,130,125,129,173,197,207,109,0,0,0,0,0,0,0,0,0,0,0,0,0,194,208,185,204,212,219,222,224,216,222,211,198,202,237,99,0,0,0,0,0,0,0,0,0,0,0,0,0,178,216,192,197,207,206,199,200,204,203,203,203,199,241,80,0,0,0,0,0,0,0,0,0,0,0,0,0,157,221,197,204,212,208,206,204,207,206,203,208,206,244,59,0,0,0,0,0,0,0,0,0,0,0,0,0,141,224,197,209,211,212,212,209,209,208,207,209,208,254,41,0,0,0,0,0,0,0,0,0,0,0,0,0,151,212,203,209,209,207,212,216,216,214,209,211,211,253,15,0,0,0,0,0,0,0,0,0,0,0,0,0,180,208,170,199,212,207,212,216,217,216,212,213,217,249,0,0,1,0,0,0,0,0,0,0,0,0,0,0,190,216,194,190,209,213,212,212,213,211,213,212,224,221,0,0,0,0,0,0,0,0,0,0,1,3,0,0,224,200,193,206,208,211,209,212,212,209,219,213,229,172,0,0,0,0,0,0,0,0,0,0,1,1,0,50,204,193,182,202,204,212,208,208,208,209,217,209,228,128,0,0,0,0,0,0,0,0,0,0,0,1,0,146,203,174,179,204,202,213,209,208,206,211,208,208,227,97,0,0,0,0,0,0,0,0,1,0,5,0,35,226,192,162,188,199,206,208,208,207,208,206,206,206,226,114,0,0,0,0,0,0,0,1,0,0,0,0,189,194,175,162,200,194,208,206,207,206,203,203,209,198,214,124,0,0,0,0,0,0,1,2,0,0,0,158,193,184,157,183,203,202,206,202,200,199,199,197,200,188,203,143,0,0,0,1,1,0,0,0,0,22,162,208,183,168,165,194,199,202,202,195,195,194,197,182,192,165,203,158,0,0,1,0,0,0,2,23,95,187,179,180,174,155,192,189,197,198,194,192,187,195,185,178,179,165,206,194,0,0,0,11,65,80,116,148,182,179,178,182,155,172,184,198,195,194,190,190,180,182,179,173,169,178,203,192,0,0,28,151,134,126,140,162,177,172,163,173,189,175,182,185,182,185,189,190,195,188,183,185,184,209,207,136,1,0,27,134,193,188,182,173,169,158,163,177,182,180,193,202,208,237,233,217,211,189,190,207,185,177,129,76,1,0,65,12,37,114,154,168,198,221,229,234,222,202,159,133,104,69,45,27,25,17,18,27,20,16,21,69,0,0,55,103,62,13,3,7,16,23,28,38,30,13,6,11,21,43,57,69,64,47,48,52,64,75,120,118,0,0,0,16,67,89,94,87,77,72,64,59,74,80,79,77,62,54,41,31,72,111,159,175,162,125,82,26,0,0,0,0,0,0,18,26,38,46,67,65,50,28,10,0,0,0,0,0,0,0,8,0,0,0,0,0,0,6
0,0,0,0,0,0,0,0,0,0,0,0,0,0,0,0,0,0,0,0,0,0,0,0,0,0,0,0,0,0,0,0,0,0,0,0,0,0,0,0,0,0,0,0,0,0,0,0,0,0,0,0,0,0,0,0,0,0,0,0,0,0,0,0,0,0,0,0,0,0,0,0,0,0,0,0,0,0,0,0,0,0,0,0,0,0,0,0,0,0,0,0,0,0,0,0,0,0,0,0,0,0,0,0,0,0,0,0,0,0,0,0,0,0,0,0,0,0,0,0,0,0,0,0,0,0,0,0,0,0,0,0,0,0,0,0,0,0,0,0,0,0,0,0,0,0,0,0,0,0,0,0,0,0,0,0,0,0,0,0,0,0,0,0,0,0,0,0,0,0,0,0,0,0,0,0,0,0,0,0,0,0,0,1,0,24,190,146,87,18,0,0,0,0,13,83,0,0,0,0,0,0,0,0,0,0,0,0,0,0,0,0,0,118,174,168,224,166,98,245,187,125,217,91,0,0,0,0,0,0,0,0,0,0,0,0,0,0,2,0,54,176,176,219,192,202,176,145,164,176,88,0,0,0,0,0,0,0,0,0,0,0,0,0,0,0,0,0,152,210,181,220,221,193,154,95,151,179,30,0,0,0,0,0,0,0,0,0,0,0,0,0,0,0,0,0,128,190,176,197,210,193,245,243,176,216,27,0,0,0,0,0,0,0,0,0,0,0,0,0,0,1,0,10,247,175,191,230,191,189,195,199,181,225,27,0,0,0,0,0,1,1,0,0,0,1,0,2,2,0,6,196,191,164,222,230,198,192,196,204,173,235,32,0,0,0,0,0,1,2,0,0,0,3,2,0,0,27,176,130,137,179,193,218,199,189,200,194,170,238,83,0,0,0,0,1,1,0,1,3,3,2,0,32,163,140,107,125,121,139,191,207,203,189,194,191,181,190,160,0,0,2,4,0,0,0,0,0,0,0,33,173,98,156,163,149,154,167,195,209,177,178,187,186,146,160,213,13,1,0,0,0,0,0,0,21,75,128,121,157,145,179,184,186,190,186,193,185,175,173,153,153,181,199,235,49,0,0,53,105,109,119,144,138,107,28,67,163,188,199,192,179,170,191,207,194,191,195,199,211,206,195,238,45,0,93,165,122,77,39,18,9,18,71,133,149,150,175,199,204,190,182,172,167,176,192,215,204,202,193,234,61,69,189,182,188,188,179,157,161,172,152,133,135,128,138,144,173,185,163,140,154,195,225,225,219,222,222,242,33,0,55,143,179,192,200,202,193,184,177,175,178,175,180,196,202,206,222,255,243,225,226,214,204,195,183,203,129,0,0,0,14,65,121,164,190,182,198,198,209,203,245,220,198,176,140,95,172,238,203,214,217,217,203,214,190,0,1,0,0,0,0,0,0,7,23,9,61,15,40,0,0,0,0,0,29,202,196,181,182,181,174,177,126,0,0,0,0,0,0,0,0,0,0,0,0,0,0,0,0,0,0,0,0,0,0,0,0,0,0,0,0,0,0,0,0,0,0,0,0,0,0,0,0,0,0,0,0,0,0,0,0,0,0,0,0,0,0,0,0,0,0,0,0,0,0,0,0,0,0,0,0,0,0,0,0,0,0,0,0,0,0,0,0,0,0,0,0,0,0,0,0,0,0,0,0,0,0,0,0,0,0,0,0,0,0,0,0,0,0,0,0,0,0,0,0,0,0,0,0,0,0,0,0,0,0,0,0,0,0,0,0,0,0,0,0,0,0,0,0,0,0,0,0,6
0,0,0,0,0,0,0,0,0,0,0,0,0,0,0,0,0,0,0,0,0,0,0,0,0,0,0,0,0,0,0,0,0,0,0,0,0,0,0,0,0,0,0,0,0,0,0,0,0,0,0,0,0,0,0,0,0,0,0,0,0,0,0,0,0,0,0,0,0,0,0,0,0,0,0,0,0,0,0,0,0,0,0,0,0,0,0,0,0,0,0,0,0,0,0,0,0,0,0,0,0,0,0,0,0,0,0,0,0,0,0,0,0,0,0,0,0,0,0,0,0,0,2,0,0,67,16,0,0,0,0,0,3,0,0,0,60,48,0,3,0,0,0,0,0,0,0,0,0,0,5,0,51,238,213,200,241,139,0,0,0,0,0,0,137,117,0,2,0,0,0,0,0,0,0,0,0,0,2,0,63,228,216,223,234,205,44,165,195,216,227,193,214,54,0,2,0,0,0,0,0,0,0,0,0,0,2,0,69,230,212,220,246,138,211,251,235,236,230,226,247,65,0,1,0,0,0,0,0,0,0,0,0,0,1,0,80,229,216,223,243,111,145,237,223,223,218,217,238,132,0,0,0,0,0,0,0,0,0,0,0,0,4,0,118,230,216,218,217,198,205,231,226,228,226,219,231,232,0,0,0,0,0,0,0,0,0,0,0,0,0,0,185,221,214,217,226,230,232,229,219,222,230,227,222,241,73,0,0,0,0,0,0,0,0,0,0,3,0,15,251,213,225,218,222,212,216,221,229,224,230,228,225,235,196,0,0,0,0,0,0,0,0,0,0,0,0,124,222,207,228,219,223,214,221,217,227,223,219,221,229,227,255,12,0,0,0,0,0,0,0,0,3,0,0,228,214,215,224,215,220,211,221,224,219,218,216,218,227,224,255,57,0,0,0,0,0,0,0,0,0,0,113,249,203,218,217,215,226,213,214,228,215,216,215,219,224,224,255,91,0,0,0,0,0,0,0,0,0,5,235,206,209,213,217,221,226,212,209,225,221,218,216,218,218,221,239,80,0,0,0,0,0,0,2,0,0,165,238,203,216,213,218,217,218,218,162,228,215,225,229,238,245,227,255,68,0,0,0,2,2,8,0,0,124,245,200,210,213,212,207,216,221,214,157,245,249,242,227,204,174,141,154,25,0,2,1,0,0,0,0,152,245,196,211,208,221,218,214,222,222,232,254,211,169,143,129,122,119,114,147,11,0,0,0,0,0,65,206,232,190,202,211,218,216,224,222,227,234,253,144,99,122,131,135,137,138,133,144,0,0,43,144,189,220,240,215,195,205,209,215,211,214,222,231,253,184,60,0,129,155,143,140,139,138,141,127,0,67,211,206,203,201,195,197,207,209,206,205,216,227,235,244,113,0,0,0,157,153,137,146,146,138,149,111,0,170,222,215,226,218,219,215,214,216,213,222,232,229,225,69,0,0,0,0,142,133,131,130,127,121,136,81,0,78,127,169,191,222,229,235,239,241,243,242,212,141,26,0,0,0,0,0,191,178,164,171,176,170,192,84,0,0,0,0,0,9,15,28,32,36,42,24,1,0,0,0,0,0,0,0,69,62,58,60,57,46,56,12,0,0,0,0,0,0,0,0,0,0,0,0,0,0,0,0,0,0,0,0,0,0,0,0,0,0,0,0,0,0,0,0,0,0,0,0,0,0,0,0,0,0,0,0,0,0,0,0,0,0,0,0,0,0,0,0,0,0,0,0,0,0,0,0,0,0,0,0,0,0,0,0,0,0,0,0,0,0,0,0,0,0,0,0,0,6
0,0,0,0,0,0,0,0,0,0,0,0,0,0,0,0,0,0,0,0,0,0,0,0,0,0,0,0,0,0,0,0,0,0,0,0,0,0,0,0,0,0,0,0,0,0,0,0,0,0,0,0,0,0,0,0,0,0,0,0,0,0,0,0,0,0,0,0,0,0,0,0,0,0,0,0,0,0,0,0,0,0,0,0,0,0,0,0,0,0,0,0,0,0,3,0,21,119,98,110,102,92,36,0,0,0,0,0,0,0,0,0,0,0,0,0,0,0,0,0,0,0,4,0,29,148,153,182,188,177,228,84,71,84,88,78,76,39,0,0,0,0,0,0,0,0,0,0,0,0,8,0,30,149,147,149,157,153,212,212,169,182,180,178,188,119,0,3,0,0,0,0,0,0,0,0,0,0,4,0,37,148,146,153,163,146,208,187,161,166,167,159,171,91,0,3,0,0,0,0,0,0,0,0,0,0,4,0,62,145,139,151,164,138,213,199,155,168,170,167,173,95,0,0,0,0,0,0,0,0,0,0,0,0,2,0,88,144,136,142,160,137,216,203,146,170,166,164,169,116,0,0,0,0,0,0,0,0,0,0,0,1,0,0,132,148,144,147,161,136,212,210,135,170,167,159,158,152,0,0,0,0,0,0,0,0,0,0,0,3,0,20,158,141,144,150,155,131,211,213,145,170,167,159,160,170,15,0,0,0,0,0,0,0,0,0,0,6,0,72,142,137,142,144,155,137,204,193,151,172,168,168,167,175,97,0,0,0,0,0,0,0,0,0,0,3,0,134,139,138,149,147,159,138,209,180,150,167,164,169,158,165,157,0,0,0,0,0,0,0,0,0,4,0,42,161,139,141,147,147,155,132,210,169,134,149,145,157,155,164,185,0,0,0,0,0,0,0,0,0,0,0,107,133,132,142,144,146,152,126,212,163,135,156,164,161,156,168,188,5,0,0,0,0,0,0,0,3,0,40,147,130,139,144,147,153,157,126,223,170,148,171,165,153,153,170,207,48,0,0,0,2,3,1,8,0,0,132,146,129,133,144,139,147,157,144,234,167,149,169,172,183,199,196,211,96,0,0,0,0,0,0,0,0,87,130,110,123,134,146,143,160,168,158,183,155,182,204,201,208,211,196,205,61,0,0,0,2,2,0,19,105,130,114,116,136,141,145,157,166,166,145,160,240,222,203,204,200,200,195,234,46,0,54,95,94,101,116,130,128,114,114,116,122,147,154,164,161,172,201,255,112,155,213,199,203,203,199,235,35,0,141,113,85,86,104,118,106,117,118,124,141,165,161,156,178,214,238,37,0,126,216,203,210,206,198,231,22,52,150,138,130,114,109,127,118,113,134,135,148,143,143,177,214,180,0,0,0,142,218,200,204,204,199,229,0,102,190,171,165,152,153,140,121,130,125,135,146,158,184,209,195,0,0,2,0,130,218,198,203,202,203,185,0,50,177,200,201,195,191,188,187,186,184,192,192,198,205,213,41,0,3,0,0,116,219,197,206,198,199,187,0,0,0,75,153,175,200,205,209,208,212,211,210,211,211,101,0,0,0,3,0,140,215,199,201,208,203,219,0,0,0,0,0,0,29,54,96,136,123,135,111,151,34,0,0,0,0,5,0,21,18,10,5,17,11,4,0,0,0,0,0,0,0,0,0,0,0,0,0,0,0,0,0,0,0,0,0,0,0,0,0,0,0,0,0,0,0,0,0,0,0,0,0,0,0,0,0,0,0,0,0,0,0,0,0,0,0,0,0,0,0,0,0,6
0,0,0,0,0,0,0,0,0,0,0,0,0,0,0,0,0,0,0,0,0,0,0,0,0,0,0,0,0,0,0,0,0,0,0,0,0,0,0,0,0,0,0,0,0,0,0,0,0,0,0,0,0,0,0,0,0,0,0,0,0,0,0,0,0,0,0,0,0,0,0,0,0,0,0,0,0,0,0,0,0,0,0,0,0,0,0,0,0,0,0,0,0,0,0,0,0,0,0,0,0,0,0,0,0,0,0,0,0,0,0,0,0,0,0,0,0,0,0,0,0,0,0,0,0,0,0,0,0,0,0,0,0,0,0,0,0,0,0,0,0,0,0,0,0,0,0,0,0,0,0,0,0,0,0,0,0,0,0,0,0,0,0,0,0,0,0,0,0,0,0,0,0,0,0,0,0,0,0,0,0,0,0,0,65,174,126,14,0,0,0,0,0,0,66,12,0,0,0,0,0,0,0,0,0,0,0,0,0,1,0,145,216,206,228,255,207,159,119,70,13,0,75,60,0,0,0,0,0,0,0,0,0,0,0,0,0,0,0,174,216,197,205,222,235,237,237,234,224,219,158,17,0,0,0,0,0,0,0,0,0,0,0,0,0,0,114,216,192,217,203,214,222,214,209,210,212,230,166,0,0,0,0,0,0,0,0,0,0,0,0,0,0,0,223,223,195,214,211,207,208,221,224,217,217,221,6,0,0,0,0,0,0,0,0,0,0,0,0,0,0,215,251,166,219,212,211,210,209,203,206,201,218,197,0,0,0,0,0,0,0,3,3,3,2,0,0,109,255,220,177,217,215,209,212,210,211,208,215,205,225,152,0,0,1,3,0,0,0,0,0,0,0,0,167,250,201,195,203,223,208,215,210,213,214,217,209,201,221,179,0,0,0,0,0,0,0,0,43,89,150,226,217,194,202,216,218,209,213,211,215,217,217,216,211,211,213,245,0,0,0,84,173,200,218,230,211,227,225,216,201,199,219,210,209,209,212,218,218,222,219,212,217,215,202,230,46,0,100,237,212,203,204,205,206,204,198,207,210,222,207,214,217,223,217,219,219,214,213,210,218,208,206,233,82,0,197,233,218,212,197,200,208,212,209,216,214,214,215,218,217,218,221,221,218,217,218,219,209,214,205,232,109,0,155,252,218,221,224,217,213,216,209,205,204,202,207,209,211,213,214,215,216,219,222,222,222,223,218,242,163,0,0,185,240,243,230,221,218,218,222,224,241,245,229,231,230,228,225,225,226,227,225,224,222,220,206,228,101,0,0,0,38,174,214,237,241,235,235,217,201,201,205,210,209,211,214,216,212,212,212,209,204,204,216,183,0,0,0,0,0,0,0,47,110,170,217,226,211,211,214,191,178,155,129,121,107,117,153,148,157,117,92,0,0,0,0,0,1,0,0,0,0,0,0,0,0,0,0,0,0,0,0,0,0,0,0,0,0,0,0,0,0,0,0,0,0,0,0,0,0,0,0,0,0,0,0,0,0,0,0,0,0,0,0,0,0,0,0,0,0,0,0,0,0,0,0,0,0,0,0,0,0,0,0,0,0,0,0,0,0,0,0,0,0,0,0,0,0,0,0,0,0,0,0,0,0,0,0,0,0,0,0,0,0,0,0,0,0,0,0,0,0,0,0,0,0,0,0,0,0,0,0,0,0,0,0,0,0,0,0,0,0,0,0,0,0,0,0,0,0,0,0,0,0,0,0,0,0,0,0,0,0,0,0,0,0,0,0,0,0,0,0,0,0,0,0,0,0,0,0,0,0,0,6
0,0,0,0,0,0,0,0,0,0,0,0,0,0,0,0,0,0,0,0,0,0,0,0,0,0,0,0,0,0,0,0,0,0,0,0,0,0,0,0,0,0,0,0,0,0,0,0,0,0,0,0,0,0,0,0,0,0,0,0,0,0,0,0,0,0,0,0,0,0,0,0,0,0,0,0,0,0,0,0,0,0,0,0,0,0,0,0,0,0,0,0,0,0,0,0,0,0,0,0,0,0,0,0,0,0,0,0,0,0,0,0,0,0,0,0,0,0,0,0,0,0,0,0,0,0,0,0,0,0,0,0,0,0,0,0,0,0,0,0,0,0,0,0,0,0,0,0,0,0,0,0,0,0,0,0,0,0,0,0,0,0,0,0,0,0,0,0,0,0,0,0,0,0,0,0,0,0,0,0,0,137,214,161,87,24,0,0,0,0,0,0,0,0,0,0,0,0,0,0,0,0,0,0,0,0,2,0,0,235,241,236,255,255,183,0,0,24,44,70,109,165,28,0,0,0,0,0,0,0,0,0,0,0,3,0,49,242,234,230,222,222,255,239,255,255,242,244,242,254,77,0,0,0,0,0,0,0,0,0,0,0,2,0,192,252,234,239,240,241,229,235,227,225,219,218,208,231,98,0,0,0,0,0,0,0,0,0,0,0,0,31,255,238,239,237,233,231,233,222,216,221,224,226,211,235,145,0,0,0,0,0,0,0,0,0,0,0,0,193,247,224,239,240,234,239,230,226,230,231,224,210,202,228,198,0,0,0,0,0,1,0,0,1,0,0,110,255,231,240,240,240,240,241,232,219,208,195,178,195,187,208,249,0,0,0,2,3,4,1,0,0,0,83,255,235,241,239,242,239,237,233,216,224,204,180,183,167,151,202,255,43,0,0,0,0,0,0,0,19,137,255,232,232,237,237,234,236,239,228,222,216,178,173,162,137,159,219,255,84,0,0,0,15,37,59,125,208,255,223,231,235,230,227,234,238,245,240,227,225,236,231,238,236,236,222,244,70,0,143,194,187,169,170,166,197,215,223,226,226,227,228,237,247,251,241,226,219,211,215,215,214,219,215,242,10,156,247,211,194,171,175,184,201,206,220,223,224,232,248,243,226,201,221,226,211,225,229,232,232,224,220,207,0,185,247,238,225,216,201,184,190,199,212,221,239,242,227,222,234,255,255,211,241,232,230,228,217,207,217,97,0,2,171,224,249,245,239,227,221,223,225,240,229,233,242,255,195,92,0,71,254,198,207,201,199,207,226,4,0,0,0,0,100,207,255,255,255,255,255,255,255,243,115,0,0,0,0,140,255,220,233,232,227,255,158,0,0,0,0,0,0,0,0,56,111,148,144,113,45,0,0,0,0,0,0,91,171,148,165,158,155,161,49,0,0,0,0,0,0,0,0,0,0,0,0,0,0,0,0,0,0,0,0,0,0,0,0,0,0,0,0,0,0,0,0,0,0,0,0,0,0,0,0,0,0,0,0,0,0,0,0,0,0,0,0,0,0,0,0,0,0,0,0,0,0,0,0,0,0,0,0,0,0,0,0,0,0,0,0,0,0,0,0,0,0,0,0,0,0,0,0,0,0,0,0,0,0,0,0,0,0,0,0,0,0,0,0,0,0,0,0,0,0,0,0,0,0,0,0,0,0,0,0,0,0,0,0,0,0,0,0,0,0,0,0,0,0,0,0,0,0,0,0,0,0,0,0,0,0,0,0,0,0,0,0,0,0,0,0,0,0,0,0,0,0,0,0,0,0,0,0,0,0,6
0,0,0,0,0,0,0,0,0,0,0,0,0,0,0,0,0,0,0,0,0,0,0,0,0,0,0,0,0,0,0,0,0,0,0,0,0,0,0,0,0,0,0,0,0,0,0,0,0,0,0,0,0,0,0,0,0,0,0,0,0,0,0,0,0,0,0,0,0,0,0,0,0,0,0,0,0,0,0,0,0,0,0,0,0,0,0,0,0,0,0,0,0,0,0,0,3,0,0,144,178,155,97,132,130,30,88,155,0,0,0,0,0,0,0,0,0,0,0,0,0,0,0,0,6,0,99,248,197,208,181,208,242,239,254,239,28,0,0,0,0,0,0,0,0,0,0,0,0,0,0,0,3,0,28,159,179,203,198,197,164,173,35,82,255,0,0,0,0,0,0,0,0,0,0,0,0,0,0,0,0,0,0,0,0,3,29,20,0,0,0,223,255,181,0,0,0,0,0,0,0,0,0,0,0,0,0,0,0,0,2,5,0,0,0,0,0,0,172,252,225,243,36,0,0,0,0,0,0,0,0,0,0,0,0,0,0,0,0,0,0,2,2,4,0,63,255,226,226,248,205,0,0,0,0,0,0,0,0,0,0,0,0,0,0,0,0,0,0,0,1,0,0,232,238,227,230,231,255,9,0,0,0,0,0,0,0,0,0,0,0,0,0,0,0,0,0,0,6,0,59,247,226,223,232,229,255,62,0,0,0,0,0,0,0,0,0,0,0,0,0,0,0,0,0,0,5,0,146,242,225,230,232,231,255,85,0,0,0,0,0,0,0,0,0,1,0,1,0,0,0,0,0,0,0,0,186,239,227,236,231,228,245,110,0,0,0,0,0,0,0,0,0,2,6,4,4,1,1,0,0,0,0,0,220,239,228,227,235,237,255,57,0,0,0,0,0,0,0,0,2,0,0,0,0,0,1,2,0,1,0,0,242,241,233,252,246,194,117,0,0,0,0,0,0,0,0,2,0,5,41,16,0,0,0,0,0,0,0,10,224,235,232,184,121,13,69,2,0,0,0,0,0,1,5,0,0,152,239,225,220,228,147,55,0,0,31,243,252,187,106,95,21,101,48,0,0,0,0,0,0,1,9,0,108,236,200,224,229,225,243,244,176,22,255,255,41,154,104,131,130,51,73,0,0,0,0,0,0,0,0,0,37,195,232,190,210,234,189,212,221,232,255,0,0,183,115,106,51,111,34,0,0,0,0,0,0,0,0,0,0,0,182,255,164,148,177,26,229,227,13,0,0,190,107,92,89,86,74,0,0,0,0,6,0,82,226,179,0,0,0,73,255,255,165,185,253,53,0,0,0,185,140,122,66,67,53,0,5,10,0,4,0,99,243,194,0,0,0,0,0,109,218,254,143,0,0,0,0,193,91,36,93,82,41,0,0,0,0,0,0,16,236,230,42,0,8,2,0,0,241,194,0,0,0,0,0,184,138,98,65,64,55,0,81,138,133,159,157,167,182,235,196,0,0,0,59,237,223,3,0,1,0,0,0,178,73,55,95,80,9,0,95,197,219,230,230,255,186,234,255,166,187,252,250,208,33,0,1,0,0,2,0,193,92,106,51,107,51,0,0,0,0,34,58,86,124,132,153,197,189,158,71,0,0,2,0,0,0,5,0,131,179,158,166,182,18,0,0,0,0,0,0,0,0,0,0,0,0,0,0,0,0,0,0,0,0,0,0,0,0,0,0,0,0,0,0,0,0,0,0,0,0,0,0,0,0,0,0,0,0,0,0,0,0,0,0,0,0,0,0,0,0,0,6
0,0,0,0,0,0,0,0,0,0,0,0,0,0,0,0,0,0,0,0,0,0,0,0,0,0,0,0,0,0,0,0,0,0,0,0,0,0,0,1,0,18,55,62,64,77,82,3,41,126,112,109,131,14,54,39,0,0,0,0,0,0,0,0,0,0,0,6,0,175,255,255,255,255,255,213,238,255,255,255,255,200,235,137,0,0,0,0,0,0,0,0,0,0,0,1,0,134,250,232,238,227,241,200,217,244,234,231,243,189,211,46,0,0,0,0,0,0,0,0,0,0,0,2,0,116,253,234,244,242,249,242,252,241,242,243,245,237,244,3,0,0,0,0,0,0,0,0,0,0,0,3,0,104,255,234,242,241,240,238,242,241,244,244,239,239,228,0,0,0,0,0,0,0,0,0,0,0,0,3,0,90,255,233,244,242,243,236,242,245,243,244,243,244,226,0,0,0,0,0,0,0,0,0,0,0,0,3,0,81,255,231,244,240,250,205,240,247,246,245,230,223,194,0,0,0,0,0,0,0,0,0,0,0,0,4,0,74,255,232,243,243,250,190,238,247,242,254,219,194,179,0,0,0,0,0,0,0,0,0,0,0,0,4,0,65,253,231,242,242,248,187,248,244,236,255,195,207,183,0,0,0,0,0,0,0,0,0,0,0,0,4,0,56,255,224,242,242,248,186,247,243,236,255,177,235,163,0,0,0,0,0,0,0,0,0,0,1,0,4,0,51,255,229,236,241,243,184,247,241,240,255,177,245,141,0,0,0,0,0,0,0,0,0,0,0,0,0,0,128,255,223,244,244,237,186,253,240,236,255,177,244,129,0,0,0,0,0,0,0,0,0,0,0,0,0,0,210,246,232,237,250,229,188,253,236,232,255,128,254,122,0,0,0,0,0,0,0,0,0,0,0,0,0,0,255,244,236,233,253,221,191,254,231,237,250,144,255,111,0,0,0,0,0,0,0,0,0,0,0,2,0,63,255,229,237,231,255,216,193,255,231,233,228,198,254,117,0,0,0,0,0,0,0,0,0,0,2,0,0,205,251,230,242,235,255,198,201,253,235,225,217,206,224,132,0,0,0,0,0,0,0,0,0,3,0,0,112,255,235,239,240,235,252,198,212,247,230,234,235,228,230,158,0,0,0,0,2,3,5,8,12,0,0,80,255,231,239,238,240,237,249,198,230,244,232,236,232,228,226,187,0,0,2,4,0,0,0,0,0,0,146,255,214,235,239,234,238,242,246,185,240,238,236,233,228,222,220,195,0,0,0,0,0,32,43,69,165,203,178,86,135,218,234,235,242,247,245,185,247,239,244,246,248,238,220,188,0,0,0,155,207,180,182,216,171,0,0,58,189,222,234,242,245,254,228,167,255,235,232,236,231,222,228,133,0,0,166,255,213,125,63,118,149,160,186,224,238,241,245,231,219,237,187,150,241,195,207,204,200,202,237,123,0,59,231,222,239,243,255,255,255,255,254,242,238,241,231,214,211,211,229,239,226,232,228,230,229,226,226,193,0,107,241,234,218,210,214,213,220,221,226,223,221,219,222,226,255,255,255,252,235,197,194,193,195,200,209,182,0,0,35,138,213,251,246,238,233,232,240,252,255,255,245,195,138,69,27,0,151,255,231,255,253,255,233,212,0,0,0,0,0,10,41,88,108,114,114,97,57,38,0,0,0,0,0,0,25,145,113,108,97,71,47,22,0,0,0,0,0,0,0,0,0,0,0,0,0,0,0,0,0,0,0,0,0,0,0,0,0,0,0,0,0,6
0,0,0,0,0,0,0,0,0,0,0,0,0,0,0,0,0,0,0,0,0,0,0,0,0,0,0,0,0,0,0,0,0,0,0,0,0,0,0,0,0,6,0,17,200,232,38,0,0,0,0,0,0,0,0,1,0,0,0,0,0,0,0,0,0,0,0,0,1,0,0,228,253,248,241,11,141,201,207,170,161,128,0,0,0,0,0,0,0,0,0,0,0,0,0,0,0,6,0,187,247,238,241,255,246,228,228,227,204,211,41,0,0,0,0,0,0,0,0,0,0,0,0,0,0,10,0,122,250,235,245,104,155,225,226,212,208,123,0,0,0,0,0,0,0,0,0,0,0,0,0,0,0,7,0,95,254,236,250,157,202,228,226,213,205,137,0,0,0,0,0,0,0,0,0,0,0,0,0,0,0,5,0,42,240,241,236,255,228,226,228,211,210,123,0,0,0,0,0,0,0,0,0,0,0,0,0,0,0,3,0,0,218,242,240,239,220,224,222,212,214,125,0,1,0,0,0,0,0,0,0,0,0,0,0,0,0,2,0,0,224,239,232,253,231,224,231,209,209,138,0,0,0,0,0,0,0,0,0,0,0,0,0,0,0,0,3,0,70,246,232,165,209,225,232,212,208,124,0,0,0,0,0,0,0,0,0,0,0,0,0,0,0,0,0,0,126,249,239,229,219,230,228,216,205,97,0,1,0,0,0,0,0,0,0,0,2,1,0,0,1,3,0,0,154,249,242,242,215,223,220,209,209,52,0,1,0,0,0,0,0,0,0,0,0,1,4,0,0,5,0,0,229,232,221,209,210,232,221,213,214,46,0,1,0,0,0,0,0,0,0,0,0,3,0,0,3,3,0,125,253,231,174,215,230,216,205,207,216,118,0,0,0,0,0,0,0,0,0,0,0,0,1,2,0,0,65,255,240,245,229,223,215,210,220,210,216,225,0,0,0,0,0,0,0,0,0,0,0,5,0,0,0,170,232,230,253,239,214,220,213,214,219,218,206,220,93,0,0,0,1,0,0,0,0,5,0,0,0,58,230,254,240,207,105,231,215,214,217,216,211,212,207,216,193,0,1,1,0,0,1,8,0,0,0,8,205,240,222,230,251,224,150,231,214,216,219,220,217,224,209,210,235,0,0,2,5,3,0,0,0,0,135,208,248,229,228,207,237,217,240,221,216,221,227,227,223,219,214,209,249,26,1,0,0,0,0,196,188,222,249,227,234,245,226,35,202,220,214,218,222,227,235,233,237,225,220,212,251,49,0,0,84,102,135,211,240,240,244,153,165,237,198,231,239,223,224,225,222,227,224,223,215,212,215,208,246,62,0,158,223,161,96,173,204,219,243,132,155,232,228,218,213,222,222,231,215,203,201,198,206,211,217,214,255,53,0,207,223,214,190,184,216,220,223,246,245,232,229,224,225,221,214,205,198,222,228,222,228,228,228,211,254,77,65,218,210,218,229,233,225,233,237,232,236,241,245,229,221,214,223,233,246,229,215,224,218,221,216,211,253,70,115,239,224,213,215,216,220,219,217,223,220,219,219,220,223,235,226,233,125,171,237,210,218,214,215,209,217,74,0,72,164,211,216,235,233,236,235,231,234,237,235,234,230,146,0,0,0,0,245,245,231,239,237,233,248,155,0,0,0,1,14,114,107,114,201,154,159,178,93,49,8,0,0,0,0,0,0,183,79,140,102,61,107,2,1,3,0,0,0,0,0,0,0,0,0,0,0,0,0,0,0,0,3,0,0,0,0,0,0,0,0,0,6
0,0,0,0,0,0,0,0,0,0,0,0,0,0,0,0,0,0,0,6,8,10,37,65,92,64,0,0,0,0,0,0,0,0,0,0,0,0,0,0,0,0,16,156,175,193,205,252,242,238,215,213,234,156,0,0,0,0,0,0,0,0,0,0,0,0,0,1,0,0,75,214,215,224,222,219,217,210,200,212,182,55,0,0,0,0,0,0,0,0,0,0,0,0,0,5,0,115,176,187,212,215,213,209,214,206,214,190,16,57,30,0,0,0,0,0,0,0,0,0,0,0,0,0,0,199,182,204,218,210,207,208,209,208,244,33,29,106,11,0,0,0,0,0,0,0,0,0,0,0,3,0,35,183,165,220,209,205,213,207,204,222,160,4,61,99,29,0,0,0,0,0,0,0,0,0,0,0,2,0,78,207,188,215,200,209,216,217,209,249,82,38,107,57,50,1,0,0,0,0,0,0,0,0,0,2,0,0,168,153,185,204,192,215,216,208,205,237,79,5,99,105,66,1,0,0,0,0,0,0,0,0,0,0,0,75,237,152,215,196,210,220,208,195,197,224,105,74,109,56,73,12,0,0,0,0,0,0,0,0,0,0,0,221,164,168,216,200,212,213,215,205,201,220,116,109,145,52,63,37,0,0,0,0,0,0,0,0,0,0,38,208,171,215,202,205,205,211,210,211,202,200,145,107,42,45,64,29,0,0,0,0,0,0,4,1,0,0,246,148,154,222,204,209,211,213,198,203,201,213,106,3,25,66,63,12,0,0,0,0,0,1,4,0,0,142,167,164,222,204,207,210,208,206,210,212,210,230,115,3,42,27,51,0,0,0,0,0,0,0,0,0,49,255,146,193,197,196,195,195,201,212,217,214,198,207,103,14,76,86,75,7,0,0,3,5,1,5,0,64,225,142,207,215,192,188,194,200,209,215,204,193,193,203,116,78,40,59,80,0,0,0,0,0,0,0,0,186,173,178,214,191,206,209,216,222,219,198,184,201,221,82,23,44,41,52,51,0,0,0,20,67,76,56,142,145,138,216,185,193,205,209,223,219,198,186,209,185,0,0,40,58,66,53,51,0,0,38,144,115,71,105,73,162,194,189,192,203,206,226,217,191,184,248,123,0,0,7,76,76,22,64,43,0,0,114,206,183,173,200,210,199,191,197,201,201,224,214,187,184,250,101,0,0,0,10,40,29,44,51,47,0,0,76,202,197,219,213,207,202,206,210,209,219,207,185,191,215,139,0,0,1,0,9,104,55,22,72,40,0,0,39,219,190,201,209,221,212,210,213,208,198,191,198,212,228,0,0,2,0,0,11,134,53,33,60,16,0,0,19,208,189,199,205,215,209,205,210,210,213,223,207,215,82,0,0,0,2,0,11,83,30,37,55,28,0,0,0,202,189,192,200,211,207,206,208,212,214,206,210,205,0,0,1,0,2,0,2,96,48,39,50,7,0,0,0,182,189,184,194,206,207,204,207,207,210,205,214,72,0,4,0,1,3,0,17,77,41,36,68,10,0,0,0,113,191,193,187,199,202,204,206,212,209,213,195,0,0,1,1,0,2,0,12,87,38,33,47,2,0,0,0,0,57,170,194,206,206,202,209,205,215,200,28,0,0,0,0,1,0,1,1,114,71,29,60,7,0,0,0,0,0,0,30,111,188,218,196,196,197,48,0,0,0,0,0,1,1,0,2,76,52,54,35,0,0,0,0,1,1,0,0,0,0,0,27,19,0,0,0,0,0,0,0,1,3,0,10,79,67,93,15,0,1,6
0,0,0,0,0,0,0,0,0,0,0,0,0,0,0,0,0,0,0,0,0,0,0,0,0,0,0,0,0,0,0,0,0,0,0,0,0,0,0,0,0,0,0,0,0,0,0,0,0,0,0,0,0,0,0,0,0,0,0,0,0,0,0,0,0,0,0,0,0,0,0,0,0,0,0,0,0,0,0,0,0,0,0,0,0,0,0,0,0,0,0,0,0,0,0,0,0,4,0,37,90,95,84,67,57,45,36,37,25,3,3,26,0,0,0,0,0,0,0,0,0,0,0,1,0,9,0,166,194,173,170,191,200,190,179,197,195,154,164,140,0,0,0,0,0,0,0,0,0,0,0,0,0,4,0,132,164,140,150,148,144,142,147,161,168,141,172,84,0,0,0,0,0,0,0,0,0,0,0,0,1,0,0,201,163,154,174,164,167,155,150,153,160,136,170,53,0,0,0,0,0,0,0,0,0,0,0,0,0,0,0,150,187,133,145,155,171,168,175,174,141,124,223,83,0,0,0,0,0,0,0,0,0,0,0,0,4,0,33,196,178,149,153,155,158,149,137,171,179,161,170,0,0,0,0,0,0,0,0,0,0,0,0,1,0,0,175,190,171,169,180,182,200,197,184,122,158,213,72,0,0,0,0,0,0,0,0,0,0,0,0,0,3,0,110,188,133,171,155,143,142,145,154,170,92,139,201,0,0,0,0,0,0,0,0,0,0,0,0,0,0,0,95,193,160,174,205,208,192,185,166,165,163,195,79,0,0,0,0,0,0,0,0,0,0,0,0,0,0,0,177,151,195,171,114,140,148,169,183,165,114,184,1,0,0,0,0,0,0,0,0,0,0,0,0,2,0,1,218,132,129,151,141,153,146,134,146,154,147,193,27,0,0,1,0,0,0,0,0,0,1,1,0,3,0,92,203,173,160,177,184,148,150,143,174,156,115,170,29,0,0,0,0,0,0,0,0,0,0,0,3,0,5,219,142,150,192,177,150,164,163,178,160,159,131,168,35,0,0,0,0,0,0,0,0,0,0,3,0,0,169,181,141,173,160,159,169,170,175,159,171,155,90,148,49,0,0,0,0,0,0,0,0,0,2,0,0,127,187,163,191,171,153,154,174,171,156,161,151,123,91,129,96,0,0,2,4,6,5,2,3,0,0,0,110,198,168,169,171,144,147,177,169,149,150,163,155,131,106,123,165,0,0,0,0,0,0,0,0,0,27,173,225,174,172,142,100,162,157,146,159,153,160,169,164,149,112,95,203,0,0,0,39,38,51,76,120,198,226,183,169,156,139,117,135,168,146,157,166,151,172,160,152,133,86,75,197,6,0,207,210,201,208,210,205,187,172,159,150,139,132,140,168,168,158,160,159,147,160,156,162,154,120,129,193,0,136,197,145,136,138,138,166,188,189,182,149,127,148,163,158,150,142,152,179,176,185,185,196,202,189,165,193,22,141,228,218,190,158,118,92,100,106,124,137,134,146,170,191,210,222,227,246,215,208,203,198,200,195,171,200,16,0,14,103,209,250,255,255,252,247,243,235,248,252,254,241,193,97,40,0,126,255,194,238,229,208,178,167,0,0,0,0,0,0,5,50,77,111,133,135,114,75,29,0,0,0,0,0,0,49,8,6,0,0,0,0,0,0,0,0,0,0,0,0,0,0,0,0,0,0,0,0,0,0,0,0,0,0,0,0,0,0,0,0,0,0,0,0,0,0,0,0,0,0,0,0,0,0,0,0,0,0,0,0,0,0,0,0,0,0,0,0,0,6
0,0,0,0,0,0,0,0,0,0,0,0,0,0,0,0,0,0,0,0,0,0,0,0,0,0,0,0,0,0,0,0,0,0,0,0,0,0,0,0,0,0,0,0,0,0,0,0,0,0,0,0,0,0,0,0,0,0,0,0,0,0,0,0,0,0,0,0,0,0,0,0,0,0,0,0,0,0,0,0,0,0,0,0,0,0,0,0,0,0,0,0,0,0,0,0,0,0,0,0,0,0,0,0,0,0,0,0,0,0,0,0,0,0,0,0,0,0,0,0,0,0,0,0,0,0,0,0,0,0,0,0,0,0,0,0,0,0,0,0,0,0,0,0,0,0,0,0,0,0,0,0,0,0,0,0,0,0,0,3,3,0,0,40,105,0,0,0,0,0,0,0,0,0,0,0,0,0,0,0,0,0,0,0,1,1,0,3,0,0,71,116,116,126,0,3,0,0,0,0,0,0,0,0,0,0,0,0,0,4,4,0,0,0,1,0,0,60,129,103,183,159,0,4,0,0,0,0,0,0,0,0,0,0,0,0,0,0,0,0,0,0,0,0,63,136,113,147,82,0,0,0,0,0,0,0,0,0,0,0,0,0,0,0,0,16,6,185,190,185,79,63,152,146,154,9,0,0,0,0,0,0,0,0,0,0,0,0,0,0,0,0,151,147,162,191,128,233,159,147,146,131,0,0,4,3,8,0,0,0,0,0,0,0,0,0,0,0,8,0,155,178,214,177,203,220,139,129,141,0,0,0,0,0,0,0,0,1,1,0,1,1,0,0,1,1,4,0,24,120,110,146,160,209,237,142,149,0,0,0,0,22,21,3,0,0,0,0,0,0,4,4,0,0,0,0,0,0,0,0,0,0,123,90,102,29,81,129,152,160,147,112,0,0,0,0,6,0,0,0,0,21,0,0,3,1,4,6,0,0,164,129,141,203,181,159,128,105,139,102,0,0,0,0,0,0,35,149,147,240,165,0,0,1,0,0,0,66,199,164,160,147,128,138,138,125,144,42,3,1,1,0,86,185,193,222,183,180,240,149,0,0,0,19,172,180,162,134,131,129,125,133,142,134,160,24,0,0,0,0,240,206,165,100,194,170,165,209,123,0,32,204,144,115,116,123,134,149,147,147,138,105,141,0,0,0,0,0,185,191,167,0,16,190,159,157,227,48,165,125,131,141,133,147,159,162,165,152,129,118,141,0,154,190,144,141,142,131,131,0,0,84,201,188,237,178,129,151,144,139,167,152,146,139,142,147,133,142,110,0,133,188,155,186,190,203,225,162,175,154,186,188,154,142,152,133,160,173,155,154,151,154,141,151,121,157,76,0,43,216,185,165,160,144,138,146,151,152,131,128,129,136,139,147,136,123,125,139,141,138,126,134,95,146,30,0,0,123,224,255,243,230,204,194,185,168,164,167,181,178,190,196,198,199,209,220,217,216,219,203,207,196,9,0,0,0,0,8,69,99,144,155,167,177,159,141,138,103,84,68,66,55,22,30,24,22,24,21,21,12,0,0,0,0,0,0,0,0,0,0,0,0,0,0,0,0,0,0,0,0,0,0,0,0,0,0,0,0,0,0,0,0,0,0,0,0,0,0,0,0,0,0,0,0,0,0,0,0,0,0,0,0,0,0,0,0,0,0,0,0,0,0,0,0,0,0,0,0,0,0,0,0,0,0,0,0,0,0,0,0,0,0,0,0,0,0,0,0,0,0,0,0,0,0,0,0,0,0,0,0,0,0,0,0,0,0,0,0,0,0,0,0,0,0,6
0,0,0,0,0,0,0,0,0,0,0,0,0,0,0,0,0,0,0,0,0,0,0,0,0,0,0,0,0,0,0,0,0,0,0,0,0,0,0,0,0,0,0,0,0,0,0,0,0,0,0,0,0,0,0,0,0,0,0,0,0,0,0,0,0,0,0,0,0,0,0,0,0,0,0,0,0,0,0,0,0,0,0,0,0,0,0,0,0,0,0,0,0,0,0,0,0,0,0,0,0,0,0,0,0,0,0,0,0,0,0,0,0,0,0,0,0,0,0,0,0,0,0,0,0,0,1,0,36,186,136,7,0,0,0,0,0,0,0,0,0,0,0,0,0,0,0,0,0,0,0,0,0,1,0,0,136,173,185,212,175,166,157,129,111,90,81,0,0,0,0,0,0,0,0,0,0,0,0,0,0,8,0,31,189,189,195,202,198,212,217,218,225,220,198,3,0,0,0,0,0,0,0,0,0,0,0,0,0,7,0,173,209,195,186,193,215,205,200,195,195,203,165,0,0,0,0,0,0,0,0,0,0,0,0,0,0,1,0,104,199,212,204,217,233,229,204,212,191,202,160,0,0,0,0,0,0,0,0,0,0,0,0,0,0,0,0,148,218,204,230,230,243,216,197,240,199,191,103,0,0,0,0,0,0,0,0,0,0,0,0,0,1,0,0,162,209,188,209,245,238,225,238,226,211,205,44,0,0,0,0,0,0,0,0,0,0,0,0,0,2,0,42,240,195,215,226,204,186,193,203,223,213,212,8,0,0,0,0,0,0,0,0,0,1,1,0,0,0,0,0,210,197,196,195,189,229,219,211,223,209,188,0,0,0,0,0,0,0,0,0,0,0,0,1,4,0,0,197,216,197,164,204,203,180,196,202,183,192,191,91,0,0,0,0,0,0,0,0,0,0,0,0,0,0,129,202,216,199,184,196,205,205,196,189,171,190,217,0,0,0,0,0,1,1,0,1,1,4,0,0,45,152,189,190,189,171,164,168,195,237,203,191,207,192,225,0,0,0,2,2,0,0,0,0,0,0,0,42,192,203,176,179,149,123,170,197,185,204,203,219,205,203,185,44,0,2,0,0,0,0,0,0,0,24,71,211,189,168,183,178,186,205,190,189,178,200,199,196,192,199,196,102,0,0,0,76,138,163,131,125,145,153,151,157,152,190,164,160,202,186,189,199,200,226,211,204,190,188,185,159,0,0,170,164,90,119,122,98,90,81,117,162,132,155,168,189,215,202,198,211,212,189,193,217,254,193,176,188,0,32,178,170,162,162,148,139,170,205,182,197,215,210,227,207,224,222,189,188,211,207,186,193,226,199,199,229,16,59,143,157,180,195,205,202,191,190,165,207,203,223,216,219,215,219,218,213,235,242,219,212,197,195,184,178,45,0,75,152,146,157,171,185,188,191,199,199,191,202,217,216,209,206,210,226,180,150,155,148,142,131,151,162,42,0,0,0,75,148,173,189,176,166,184,182,189,186,186,191,185,153,131,62,180,198,183,189,186,191,198,227,72,0,0,0,0,0,5,56,90,138,132,136,137,125,122,36,0,0,0,0,52,158,96,106,86,63,48,30,0,0,0,0,0,0,0,0,0,0,0,0,0,0,0,0,0,0,0,0,0,0,0,0,0,0,0,0,0,0,0,0,0,0,0,0,0,0,0,0,0,0,0,0,0,0,0,0,0,0,0,0,0,0,0,0,0,0,0,0,0,0,0,0,0,0,0,0,0,0,0,0,0,0,0,0,0,0,0,0,0,0,0,0,0,6
0,0,0,0,0,0,0,0,0,0,0,0,0,2,4,0,1,1,0,0,0,0,0,145,116,0,0,0,0,0,0,0,0,0,0,0,0,0,0,0,0,0,0,0,0,0,0,1,0,0,0,51,174,0,0,1,0,0,0,0,0,0,0,0,0,0,0,3,0,68,159,149,102,0,0,0,0,0,156,167,185,10,0,3,0,0,0,0,0,0,0,0,0,0,0,4,0,116,196,182,201,138,103,134,139,179,215,216,198,11,0,4,0,0,0,0,0,0,0,0,0,0,0,4,0,95,192,172,195,233,239,241,242,213,195,201,204,11,0,2,0,0,0,0,0,0,0,0,0,0,0,0,0,103,192,177,208,222,219,221,225,191,196,201,199,26,0,2,0,0,0,0,0,0,0,0,0,0,0,0,0,127,195,165,201,234,224,224,244,199,184,173,222,87,0,0,0,0,0,0,0,0,0,0,0,0,0,0,0,146,180,164,209,233,225,225,243,201,172,174,204,160,0,0,0,0,0,0,0,0,0,0,0,0,3,0,0,171,171,170,212,234,225,226,243,204,173,197,193,224,0,0,0,0,0,0,0,0,0,0,0,0,4,0,51,188,156,174,219,229,224,226,241,207,184,208,201,207,74,0,0,0,0,0,0,0,0,0,0,0,0,0,125,181,147,161,226,227,223,224,235,208,188,201,191,195,179,0,0,0,0,0,0,0,0,0,1,7,0,12,180,160,156,165,229,222,218,223,240,204,172,174,172,177,216,12,0,0,0,0,0,0,0,0,0,11,0,90,192,156,162,187,235,211,225,241,230,177,175,180,165,162,228,40,0,0,0,0,0,0,0,0,1,0,0,163,160,156,154,177,229,232,231,180,148,148,143,158,155,164,215,68,0,0,0,0,0,0,0,0,5,0,63,178,145,159,149,209,245,193,148,106,125,131,136,158,166,172,193,95,0,0,0,0,0,0,0,1,0,0,136,157,168,167,164,198,162,125,134,151,159,171,167,170,175,163,204,54,0,0,0,0,0,1,1,0,0,58,175,151,176,156,167,172,148,167,174,182,185,183,182,191,198,195,243,21,0,1,2,3,4,0,0,0,23,168,165,174,159,160,191,182,173,174,189,180,210,227,177,232,209,206,224,19,1,0,0,0,0,0,0,56,174,159,153,157,185,193,188,167,176,179,188,231,205,0,18,231,196,197,221,17,0,0,4,0,10,55,125,160,142,154,173,189,185,172,173,178,170,195,255,105,0,0,60,247,194,193,225,15,0,99,165,161,160,171,173,161,172,175,179,166,166,181,191,189,200,232,20,0,0,0,78,240,197,192,224,12,36,236,140,140,156,172,174,168,178,164,165,160,165,181,181,204,215,0,0,2,2,0,88,214,198,194,227,14,46,192,158,145,141,161,170,163,159,153,150,155,167,174,209,205,0,0,1,0,1,0,110,213,196,198,231,14,97,187,164,172,172,164,168,170,157,162,164,167,183,217,189,0,0,3,0,0,2,0,137,216,194,198,234,22,92,232,223,215,209,194,190,194,194,202,193,198,230,148,0,0,0,0,0,0,0,0,144,213,193,191,200,15,0,35,104,198,193,235,234,236,246,240,241,251,112,0,0,2,0,2,0,0,2,0,151,238,211,215,211,22,0,0,0,0,0,48,30,126,127,124,233,59,0,0,0,1,2,0,0,0,1,0,46,69,48,54,43,0,0,2,0,0,0,0,0,0,0,0,0,0,0,1,0,0,0,0,0,0,0,0,0,0,0,0,0,0,6
0,0,0,0,0,0,0,0,0,0,0,0,0,0,0,0,0,0,0,0,0,0,0,0,0,0,0,0,0,0,0,0,0,0,0,0,0,0,0,0,0,0,0,0,0,0,0,0,0,0,0,0,0,0,0,0,0,0,0,0,0,0,0,0,0,0,0,0,0,0,0,0,0,0,0,0,0,0,0,0,0,0,0,0,0,0,0,0,0,0,0,0,0,0,0,0,0,0,0,0,0,0,0,0,0,0,0,0,0,0,0,0,0,0,0,0,0,0,0,0,0,0,0,2,0,149,127,116,109,62,0,0,0,2,5,25,26,29,18,0,0,0,0,0,0,0,0,0,1,2,0,0,0,177,66,111,225,138,94,178,158,181,181,169,149,153,130,0,0,0,0,0,0,0,0,0,0,0,1,0,0,171,95,106,151,66,129,199,158,178,186,149,120,126,86,0,0,0,0,0,0,0,0,0,0,1,1,0,0,181,142,146,206,212,149,144,154,160,74,143,110,60,38,0,0,0,0,0,0,0,0,0,0,0,0,0,0,137,127,99,135,170,189,211,232,199,113,175,139,173,60,0,0,0,0,0,0,0,0,0,0,1,1,0,0,173,107,66,105,119,102,131,137,108,124,102,123,159,97,0,0,0,0,0,0,0,0,0,0,0,2,0,37,204,101,101,124,149,139,95,66,96,37,64,57,117,128,0,0,0,0,0,0,0,0,0,1,0,0,0,97,171,84,92,155,152,127,114,161,70,104,169,105,104,173,0,0,0,0,0,0,0,0,0,3,5,2,0,193,158,94,137,143,122,108,110,181,65,102,90,46,48,116,48,1,0,0,0,0,0,0,1,0,3,0,73,190,108,115,119,105,133,136,180,215,140,103,112,120,79,79,74,0,0,0,1,1,1,1,0,1,0,0,208,158,109,91,112,139,135,209,148,137,88,107,113,134,5,66,103,0,0,0,0,0,0,0,0,0,0,139,173,109,99,97,126,124,145,134,102,103,47,95,39,119,83,105,79,0,0,1,1,0,0,1,0,0,71,219,149,112,114,120,137,124,137,154,182,155,92,121,127,211,166,156,79,0,4,6,6,5,6,0,0,51,218,153,137,140,141,136,135,143,191,215,184,200,142,133,169,181,162,227,50,0,0,0,0,0,0,0,71,215,168,151,142,148,127,146,133,120,98,160,193,211,205,187,219,172,114,160,0,0,0,42,7,17,82,159,181,163,159,153,127,140,134,142,136,133,46,157,250,159,225,150,164,200,168,101,0,0,222,215,192,215,208,176,163,168,157,146,136,135,146,143,153,146,209,222,45,0,210,177,129,122,187,41,0,52,192,149,133,110,84,101,128,150,135,129,139,146,146,120,162,193,127,0,0,0,166,192,162,158,203,0,0,170,228,180,168,124,91,66,62,82,97,120,135,121,133,175,223,54,0,0,6,0,85,193,145,173,111,0,0,91,215,210,215,255,252,249,239,237,231,235,243,243,241,143,0,0,0,0,5,0,41,206,171,169,49,0,0,0,0,1,24,62,100,145,173,189,191,188,149,88,17,0,0,5,0,0,3,0,0,30,11,10,0,0,0,0,0,0,0,0,0,0,0,0,0,0,0,0,0,0,0,0,0,0,0,0,0,0,0,0,0,0,0,0,0,0,0,0,0,0,0,0,0,0,0,0,0,0,0,0,0,0,0,0,0,0,0,0,0,0,0,0,0,0,0,0,0,0,0,0,0,0,0,0,0,0,0,0,0,0,0,0,0,0,0,0,0,0,0,6
0,0,0,0,0,0,0,0,0,0,0,0,0,0,0,0,0,0,0,0,0,0,0,0,0,0,0,0,0,0,0,0,0,0,0,0,0,0,0,0,0,0,0,0,0,0,0,0,0,0,0,0,0,0,0,0,0,0,0,0,0,0,0,0,0,0,0,0,0,0,0,0,0,0,0,0,0,0,0,0,0,0,0,0,0,0,0,0,0,0,0,0,0,0,0,0,0,0,0,0,0,0,0,0,0,0,0,0,0,0,0,0,0,0,0,0,0,0,0,0,0,0,0,0,0,0,0,0,0,0,0,0,0,0,0,0,0,0,0,0,0,0,0,0,0,0,0,0,0,0,0,0,0,0,3,0,0,0,183,183,0,0,1,0,0,0,0,0,0,0,0,0,0,0,0,0,0,0,0,0,0,0,2,0,0,159,169,239,74,0,3,0,0,0,0,0,0,0,0,0,0,0,0,0,0,2,2,0,0,1,3,0,14,198,194,170,109,0,0,0,0,0,2,0,0,0,0,0,0,0,0,0,3,0,0,1,1,3,0,0,152,232,230,228,238,247,31,0,0,0,0,0,0,0,0,0,0,0,0,0,0,1,0,0,2,0,0,185,235,227,220,224,218,221,255,131,0,0,10,0,0,0,0,0,0,0,0,0,1,3,0,6,0,0,140,236,226,222,231,242,255,171,91,255,199,25,165,0,0,0,0,0,0,0,0,0,0,0,0,0,0,97,255,226,216,228,208,132,178,255,120,102,255,185,203,38,0,0,0,1,0,0,0,2,3,0,0,0,109,255,207,231,213,228,214,212,207,216,255,73,141,247,206,6,0,0,0,1,2,2,0,0,0,20,100,254,254,222,240,209,218,219,185,164,205,253,251,255,26,185,245,43,0,1,3,0,0,0,0,29,81,242,240,219,223,221,219,229,238,245,251,224,157,118,147,255,255,14,170,86,0,0,0,0,0,0,103,255,247,222,209,201,212,207,216,220,184,185,210,255,255,255,166,55,175,4,0,122,0,2,92,155,220,255,220,211,195,227,239,251,255,254,247,227,211,178,88,17,19,109,222,18,0,26,6,90,52,207,220,218,216,215,211,216,158,124,115,110,115,143,190,230,255,255,255,255,179,37,0,15,42,32,2,71,125,238,220,221,204,210,207,218,230,239,234,218,187,150,109,78,41,56,123,161,245,172,2,26,15,29,15,90,11,45,133,218,255,217,222,216,212,212,221,237,255,255,255,255,234,57,0,2,0,0,36,39,55,18,7,23,34,52,0,0,162,236,207,215,226,235,217,192,164,150,147,127,137,180,68,0,87,125,22,0,0,44,39,23,0,30,75,37,11,239,235,255,228,176,171,185,205,212,195,186,212,248,136,86,70,84,230,215,48,255,108,117,0,0,0,19,0,20,128,85,25,81,100,83,63,37,0,0,0,18,146,222,67,113,190,130,118,126,0,0,0,0,0,0,0,0,0,0,0,0,0,0,0,0,0,0,0,0,0,0,0,0,0,0,0,0,0,0,0,0,0,0,0,0,0,0,0,0,0,0,0,0,0,0,0,0,0,0,0,0,0,0,0,0,0,0,0,0,0,0,0,0,0,0,0,0,0,0,0,0,0,0,0,0,0,0,0,0,0,0,0,0,0,0,0,0,0,0,0,0,0,0,0,0,0,0,0,0,0,0,0,0,0,0,0,0,0,0,0,0,0,0,0,0,0,0,0,0,0,0,0,0,0,0,0,0,0,0,0,0,0,0,0,0,0,0,0,0,0,0,6
0,0,0,0,0,0,0,0,0,0,0,0,0,0,0,0,0,0,0,0,0,0,0,0,0,0,0,0,0,0,0,0,0,0,0,0,0,0,0,0,0,0,0,0,0,0,0,0,0,0,0,0,0,0,0,0,0,0,0,0,0,0,0,0,0,0,0,0,0,0,0,0,0,0,0,0,0,0,0,0,0,0,0,0,0,0,0,0,0,0,0,0,0,0,0,0,0,0,0,0,0,0,0,0,0,0,0,0,0,0,0,0,0,0,0,0,0,0,0,0,0,0,0,0,0,0,0,0,62,107,59,0,0,0,0,0,7,3,1,1,0,0,0,0,0,0,0,0,0,0,0,0,4,0,46,222,202,219,209,15,0,103,35,0,0,0,0,0,0,0,0,0,0,0,0,0,0,0,0,3,0,0,184,212,187,190,208,240,91,242,176,126,110,21,0,7,0,0,0,0,0,0,0,0,0,0,1,0,0,169,210,194,195,229,162,169,69,202,149,208,254,203,0,0,0,0,0,0,0,0,0,0,0,0,8,0,80,224,185,186,197,216,111,0,27,52,73,154,196,157,0,0,0,0,0,0,0,0,0,0,0,2,0,0,148,192,196,203,220,166,255,126,205,225,123,121,100,20,0,0,0,0,0,0,0,0,0,0,0,4,0,112,216,167,167,195,208,225,88,33,221,210,171,254,253,198,0,0,0,0,0,0,0,0,0,0,8,0,45,233,183,191,196,205,209,240,0,0,19,42,17,76,198,115,0,0,0,0,0,0,0,0,0,2,0,0,213,201,197,196,206,210,214,254,26,0,0,0,0,0,0,0,0,0,0,0,0,0,0,0,10,0,0,165,206,198,207,207,212,215,212,230,88,0,0,0,0,0,45,115,178,60,0,0,0,4,5,0,0,0,92,233,197,213,209,213,219,216,211,232,144,0,0,96,165,218,205,204,218,105,0,0,0,0,0,0,36,125,214,197,206,212,217,214,219,217,208,215,211,144,240,234,225,218,210,190,197,93,0,0,0,24,132,195,215,210,174,199,212,203,215,220,221,210,221,212,206,213,208,210,215,220,218,195,222,107,5,0,0,186,206,189,183,190,199,193,210,211,209,218,213,220,206,192,234,173,194,225,224,224,225,188,222,111,0,0,0,206,185,186,203,206,208,202,215,216,213,226,216,198,197,232,134,0,133,239,215,223,220,184,220,115,82,38,79,221,205,210,212,213,214,209,203,215,233,211,186,205,197,20,0,0,172,231,213,215,217,184,218,120,178,192,173,182,191,205,217,224,222,228,219,213,198,185,208,138,0,0,0,0,158,222,209,213,221,195,222,122,107,192,207,199,186,177,166,176,185,185,186,188,198,244,80,0,0,1,4,0,168,224,203,208,205,193,206,130,0,7,106,170,213,239,238,222,222,218,237,238,193,28,0,5,1,0,5,0,169,224,202,243,242,193,249,138,0,0,0,0,0,18,53,87,106,98,82,32,0,0,0,0,0,0,1,0,6,21,5,9,9,4,12,0,0,0,0,0,0,0,0,0,0,0,0,0,0,0,0,0,0,0,0,0,0,0,0,0,0,0,0,0,0,0,0,0,0,0,0,0,0,0,0,0,0,0,0,0,0,0,0,0,0,0,0,0,0,0,0,0,0,0,0,0,0,0,0,0,0,0,0,0,0,0,0,0,0,0,0,0,0,0,0,0,0,0,0,0,0,0,0,0,0,0,0,0,0,0,0,0,0,0,0,0,0,0,0,0,0,0,0,0,0,0,0,0,6
0,0,0,0,0,0,0,0,0,1,0,0,47,59,102,128,149,150,158,161,165,171,168,123,0,0,1,0,0,0,0,0,0,0,0,0,0,5,0,30,255,218,247,246,235,222,218,221,226,225,228,218,0,0,1,0,0,0,0,0,0,0,0,0,0,1,0,108,220,193,185,189,196,201,202,203,207,208,219,151,0,5,0,0,0,0,0,0,0,0,0,0,0,2,0,98,226,182,189,199,207,214,214,211,215,206,218,160,0,5,0,0,0,0,0,0,0,0,0,0,0,0,0,73,217,185,192,200,207,207,206,212,213,207,219,157,0,2,0,0,0,0,0,0,0,0,0,0,0,0,0,73,222,209,185,199,211,210,211,209,201,205,217,161,0,0,0,0,0,0,0,0,0,0,0,0,1,0,0,88,202,226,183,199,213,209,208,208,210,204,230,184,0,0,0,0,0,0,0,0,0,0,0,0,2,0,30,68,200,230,187,200,211,208,203,205,209,205,220,212,0,0,0,0,0,0,0,0,0,0,0,0,1,0,0,0,206,215,184,202,212,211,214,211,209,212,191,254,70,0,1,0,0,0,0,0,0,0,0,0,0,1,0,0,221,206,184,206,212,207,208,210,218,218,201,211,213,0,0,0,0,0,0,0,0,0,0,0,0,2,0,0,215,201,192,208,209,208,211,211,221,223,197,174,214,128,0,0,0,0,0,0,0,0,0,0,0,3,0,0,225,198,197,209,209,209,212,211,216,196,168,127,202,242,11,0,0,0,0,0,0,0,0,0,0,3,0,16,224,194,199,211,215,210,210,209,212,145,101,76,173,216,113,0,0,0,0,0,0,0,0,0,0,3,0,37,230,190,202,210,214,212,211,205,200,165,62,113,209,211,159,0,0,0,0,0,0,0,0,0,0,3,0,65,230,186,203,208,212,215,215,200,182,204,205,235,212,201,237,25,0,0,0,0,0,0,0,0,0,2,0,107,233,185,203,207,213,212,209,192,194,235,226,200,204,211,249,38,0,0,0,0,0,0,0,0,0,0,0,162,213,189,199,199,206,206,204,208,229,210,181,219,205,192,98,0,0,0,0,0,0,0,0,0,0,0,0,184,196,188,191,191,202,207,222,227,208,182,241,218,193,224,21,0,0,0,0,0,0,0,0,0,0,0,5,210,194,194,195,203,218,227,221,202,187,255,178,200,202,188,0,0,0,0,0,0,0,0,0,0,1,0,39,232,194,205,203,213,221,219,208,182,255,145,0,104,224,126,0,0,0,0,0,0,0,2,0,0,0,0,145,217,187,191,200,208,216,218,183,244,202,0,0,60,227,47,0,2,0,0,0,1,0,7,3,4,0,56,234,189,188,189,195,211,224,199,210,255,0,0,0,53,220,11,0,2,0,0,3,2,0,0,0,0,4,176,209,192,193,191,202,216,218,200,255,92,0,9,0,48,208,0,0,1,0,0,0,0,0,1,47,93,143,149,151,165,182,194,205,214,200,224,222,0,0,7,0,47,190,0,0,0,0,0,6,123,151,175,207,148,130,154,158,162,178,190,205,215,206,235,59,0,0,7,0,51,178,0,0,0,0,71,218,222,213,200,199,200,205,198,192,189,196,204,208,207,243,158,0,0,1,4,0,48,161,0,5,0,0,54,139,163,187,201,213,244,238,231,224,231,238,245,248,255,173,0,0,0,0,8,0,56,160,0,4,0,0,0,0,0,0,11,43,74,104,135,146,150,152,153,98,31,0,0,0,1,0,5,0,29,133,0,3,0,6
0,0,0,0,0,0,0,0,0,0,0,0,0,0,0,0,0,0,0,0,0,0,0,0,0,0,0,0,0,0,0,0,0,0,0,0,0,0,0,0,0,0,0,0,0,0,0,0,0,0,0,0,0,0,0,0,0,0,0,0,0,0,0,0,0,0,0,0,0,0,0,0,0,0,0,0,0,0,0,0,0,0,0,0,0,0,0,0,0,0,0,0,0,0,0,0,0,0,0,0,0,0,0,0,0,0,0,0,0,0,0,0,0,0,0,0,0,0,0,0,0,0,0,0,0,0,0,0,0,0,0,0,0,0,0,0,0,0,0,0,0,0,0,0,0,0,0,0,0,0,0,0,0,0,0,0,0,120,56,0,0,0,0,0,0,0,0,0,0,0,0,0,0,0,0,0,0,0,0,0,0,0,2,0,8,200,175,106,52,20,0,0,0,134,80,0,0,0,0,0,0,0,0,0,0,0,0,0,0,1,4,0,89,199,222,241,233,223,246,172,180,246,199,0,0,0,0,0,0,0,0,0,0,0,0,0,0,2,0,0,181,189,231,218,211,217,223,240,224,209,139,0,0,0,0,0,0,0,0,0,0,0,0,0,0,2,0,61,208,216,230,204,219,217,219,216,206,222,80,0,0,0,0,0,0,0,0,0,0,0,0,0,1,0,0,172,202,227,202,208,213,213,223,225,208,215,23,0,0,0,0,0,0,0,0,0,0,0,0,0,0,0,63,197,217,218,200,211,216,214,224,217,214,255,17,0,0,0,1,0,0,1,1,0,2,1,0,4,0,0,164,184,219,195,215,217,217,214,224,217,217,226,34,0,0,0,0,0,0,1,0,0,1,6,1,0,0,149,187,207,218,205,214,216,217,216,227,216,216,235,98,0,0,0,0,0,0,1,3,3,0,0,0,55,157,170,159,211,229,212,213,218,224,221,217,234,213,229,183,0,0,1,4,5,4,0,0,0,0,61,172,199,89,71,184,198,204,224,221,218,219,219,222,218,179,221,243,0,4,0,0,0,0,0,10,98,181,188,88,32,125,184,212,225,234,216,222,229,226,225,215,172,165,217,248,27,0,0,61,109,136,176,201,159,62,0,0,30,141,187,209,225,238,222,239,247,240,238,235,246,243,210,218,23,0,156,184,168,126,42,0,0,0,28,119,148,173,214,227,243,234,206,210,207,195,199,204,205,209,210,234,22,29,195,202,205,193,184,174,173,165,175,196,215,232,235,234,225,212,206,190,193,197,188,190,187,182,172,208,57,123,182,155,165,183,195,207,208,218,227,232,228,215,206,197,175,170,184,185,163,167,182,181,187,195,198,218,106,62,210,198,195,190,182,176,168,167,172,175,176,178,181,194,232,241,230,197,214,228,223,226,226,221,218,235,114,0,0,10,36,114,151,187,222,227,240,243,230,238,235,166,88,42,0,0,138,245,215,206,217,216,195,252,117,0,0,0,0,0,0,0,0,0,0,0,0,0,0,0,0,0,0,0,0,0,0,0,0,0,0,0,0,0,0,0,0,0,0,0,0,0,0,0,0,0,0,0,0,0,0,0,0,0,0,0,0,0,0,0,0,0,0,0,0,0,0,0,0,0,0,0,0,0,0,0,0,0,0,0,0,0,0,0,0,0,0,0,0,0,0,0,0,0,0,0,0,0,0,0,0,0,0,0,0,0,0,0,0,0,0,0,0,0,0,0,0,0,0,0,0,0,0,0,0,0,0,0,0,0,0,0,0,0,0,0,0,0,0,0,0,0,0,0,0,6
0,0,0,0,0,0,0,0,0,0,0,0,1,0,5,0,0,91,68,86,59,0,0,1,1,0,0,0,0,0,0,0,0,0,0,0,0,0,0,1,0,0,0,0,138,201,152,197,238,0,0,0,0,2,0,0,0,0,0,0,0,0,0,0,0,2,1,0,0,4,77,139,188,198,213,204,181,157,102,28,0,0,0,0,0,0,0,0,1,0,2,0,0,0,0,1,146,165,168,155,175,229,200,177,199,155,175,157,167,37,0,0,0,0,0,0,2,2,0,0,0,0,0,113,187,147,155,145,157,168,186,157,159,140,140,140,154,146,0,0,0,0,2,0,0,0,40,135,87,92,98,184,194,154,164,170,152,153,163,158,149,145,145,150,147,183,14,0,0,0,0,0,5,14,124,135,135,140,131,113,163,188,181,172,152,157,153,160,149,146,149,132,174,182,83,0,2,0,13,66,94,85,89,121,156,122,143,48,30,67,122,180,164,153,144,154,143,145,146,126,205,174,139,0,0,0,114,92,70,66,70,81,90,51,76,75,68,53,22,96,181,154,145,158,150,151,157,152,211,167,174,0,0,36,115,44,76,73,78,74,81,79,59,64,69,67,64,64,172,161,154,164,150,147,159,156,215,164,194,37,0,74,119,58,74,75,69,75,76,76,68,71,69,68,78,64,130,177,136,157,153,156,155,167,226,170,192,81,0,101,104,86,71,79,68,74,77,75,71,69,71,68,103,74,90,182,147,164,151,161,156,179,234,167,176,126,0,112,97,115,67,78,72,75,78,79,81,74,77,77,123,77,65,181,156,162,154,162,175,172,155,213,170,145,2,122,92,153,66,77,74,77,79,81,85,79,82,83,134,93,52,171,159,155,163,163,179,183,130,255,168,147,25,124,89,165,71,80,77,78,76,76,82,79,86,78,126,96,50,149,179,163,172,161,183,185,85,215,175,152,34,118,77,156,77,85,81,77,74,74,81,80,85,85,161,79,64,118,176,160,172,161,189,197,81,221,175,150,43,107,85,152,75,78,92,80,81,80,83,81,85,85,170,97,66,111,185,160,168,158,185,208,86,227,186,116,65,100,90,139,72,87,95,78,81,78,81,83,90,83,178,143,78,116,163,164,166,166,190,217,89,214,183,92,79,88,98,123,73,98,93,78,82,78,80,85,91,83,179,132,53,103,194,165,165,167,192,228,61,190,177,57,86,85,105,110,80,107,83,80,88,80,80,87,86,85,173,112,48,117,184,172,165,166,187,201,79,195,194,29,99,85,108,94,90,111,78,83,89,83,79,85,87,87,167,110,45,125,170,173,168,170,178,200,33,164,197,0,109,78,107,78,102,110,79,85,88,87,80,85,88,81,201,111,61,139,190,176,178,175,195,247,0,0,0,0,114,85,95,58,121,103,78,85,90,90,83,89,90,100,160,112,58,180,186,176,168,164,145,33,0,0,0,0,119,101,71,46,141,98,79,83,90,90,87,89,93,110,80,88,121,64,0,0,0,0,0,0,0,0,0,0,126,134,61,51,130,96,80,83,90,90,90,91,91,108,122,108,181,40,0,0,0,0,0,1,0,2,2,0,94,118,20,77,137,92,70,80,91,83,81,77,85,134,44,0,31,2,0,2,1,1,0,0,0,1,1,0,0,0,0,22,154,121,101,96,114,111,108,102,120,128,0,0,0,0,0,0,0,0,0,0,0,0,0,0,0,3,0,0,5,27,45,47,64,59,55,34,30,0,0,0,4,0,0,0,0,0,0,0,0,0,0,0,6
0,0,0,0,0,0,0,0,0,2,0,31,89,91,121,144,148,147,143,135,102,108,152,143,7,0,2,0,0,0,0,0,0,0,0,0,0,5,0,162,245,238,244,244,246,248,244,247,246,244,239,227,93,0,5,0,0,0,0,0,0,0,0,0,0,8,0,153,243,223,224,239,210,208,228,234,223,234,238,224,184,0,0,0,0,0,0,0,0,0,0,0,0,8,0,157,221,216,235,235,226,248,252,249,224,217,208,211,202,0,0,0,0,0,0,0,0,0,0,0,0,5,0,131,209,213,224,241,216,200,203,221,218,219,215,204,196,0,0,0,0,0,0,0,0,0,0,0,0,5,0,107,201,216,224,207,202,201,183,212,170,228,236,199,192,0,0,0,0,0,0,0,0,0,0,0,0,5,0,102,196,175,242,219,227,244,183,200,231,186,233,219,177,31,0,0,0,0,0,0,0,0,0,0,0,6,0,86,206,163,179,172,178,242,214,223,240,204,207,247,118,4,0,0,0,0,0,0,0,0,0,0,0,5,0,86,210,185,196,205,205,236,221,189,208,248,203,244,104,0,1,0,0,0,0,0,0,0,0,0,0,4,0,115,199,171,172,254,247,192,226,244,200,226,183,223,196,0,0,0,0,0,0,0,0,0,0,0,0,4,0,149,193,156,180,241,207,166,234,237,214,173,153,191,216,143,0,0,0,0,0,0,0,0,0,0,0,0,0,190,185,146,182,217,212,169,226,227,252,212,193,218,184,255,23,0,0,0,0,0,0,0,0,0,3,0,6,180,184,186,172,233,210,150,193,240,214,141,215,246,215,237,118,0,0,0,0,0,0,0,0,0,5,0,59,196,168,184,154,200,200,173,186,162,158,160,206,198,186,212,144,0,0,0,0,0,0,0,0,0,6,0,117,221,178,206,193,196,191,204,188,177,178,170,230,245,169,243,152,0,0,0,0,0,0,0,0,0,3,0,160,207,176,213,226,227,196,221,191,212,194,206,213,213,210,255,90,0,0,0,0,0,0,0,0,1,0,0,192,180,187,191,227,240,227,214,217,244,243,228,208,216,217,236,6,0,0,0,0,0,0,0,0,4,0,30,214,168,187,221,215,222,242,227,233,229,240,238,230,229,217,232,22,0,0,0,0,0,0,0,0,4,0,88,199,214,215,195,204,215,241,221,222,244,219,46,214,242,215,235,25,0,0,0,0,0,0,0,0,0,0,158,181,214,215,189,199,219,215,216,224,147,0,0,251,238,216,236,24,0,0,0,0,0,2,9,2,0,25,161,195,178,176,231,236,191,216,226,159,0,0,0,255,233,216,237,24,0,0,1,3,1,0,0,0,42,229,186,203,179,189,218,216,199,221,179,0,0,0,0,229,233,215,236,25,0,0,5,0,0,0,58,152,225,242,220,222,179,146,188,194,216,217,9,0,5,0,15,233,226,215,237,25,0,0,0,21,195,218,241,245,232,218,153,148,183,188,198,213,215,57,0,0,1,0,32,235,219,213,238,26,0,0,25,215,224,225,240,233,231,218,182,158,160,179,200,228,108,0,1,0,6,0,55,237,219,214,239,27,0,0,128,205,181,191,216,183,162,205,177,162,172,200,234,166,0,0,3,0,8,0,77,237,213,207,235,26,0,0,61,205,221,211,230,223,230,236,237,239,218,205,130,0,0,4,1,0,8,0,111,242,221,214,255,35,0,0,0,0,62,84,101,133,134,125,128,94,55,0,0,0,1,1,1,1,7,0,93,195,175,171,182,10,0,6
0,0,0,0,0,0,0,0,0,0,0,0,0,0,0,0,0,0,0,0,0,0,0,0,0,0,0,0,0,0,0,0,0,0,0,0,0,0,0,0,0,0,0,0,0,0,0,0,0,0,0,0,0,0,0,0,0,0,0,0,0,0,0,0,0,0,0,0,0,0,0,0,0,0,0,0,0,0,0,0,0,0,0,0,0,0,0,0,0,0,0,0,0,0,0,0,0,0,0,0,0,0,0,0,0,0,12,26,22,27,1,0,0,0,0,0,0,0,0,0,0,0,0,0,0,2,0,123,120,38,2,18,37,12,0,0,4,217,42,0,0,0,0,0,0,0,0,0,0,0,0,0,0,8,0,156,223,175,142,192,232,190,153,185,222,183,0,0,0,0,0,0,0,0,0,0,0,0,0,0,0,0,0,161,205,188,185,199,212,221,236,231,232,166,0,0,0,0,0,0,0,0,0,0,0,0,0,0,2,0,0,198,202,161,209,219,218,217,219,222,222,197,3,0,0,0,0,0,0,0,0,0,0,0,0,0,4,0,7,217,191,165,209,217,218,223,227,225,219,214,54,0,0,0,0,0,0,0,0,0,0,0,0,0,1,0,96,232,192,179,218,225,222,224,225,229,216,220,156,0,0,0,0,0,0,0,0,0,0,0,0,1,0,0,174,231,196,196,214,225,222,222,230,225,219,214,235,0,0,0,0,0,0,0,0,0,0,0,0,4,0,0,210,217,184,190,211,224,222,225,224,230,219,215,255,50,0,0,0,0,0,0,0,0,0,0,0,0,0,92,227,199,189,186,215,222,222,224,225,228,212,218,226,88,0,0,0,0,0,0,0,0,0,0,0,0,0,179,198,191,206,201,220,223,222,224,224,221,209,216,234,138,0,0,0,0,0,0,0,0,0,0,7,0,62,211,160,188,187,203,224,223,221,222,228,223,206,223,234,86,0,0,0,0,0,0,0,0,0,0,0,0,212,187,93,149,156,183,228,219,219,226,226,198,222,242,228,0,0,0,0,0,0,0,0,0,0,0,0,73,222,66,70,97,100,151,237,219,223,222,197,237,234,246,91,0,0,0,0,0,0,0,0,0,9,0,16,215,188,122,147,116,86,139,231,221,214,205,255,196,204,239,0,0,0,0,0,0,0,1,3,0,0,24,203,225,206,208,164,143,157,184,203,215,211,255,203,0,174,218,0,0,0,0,0,2,2,0,0,0,88,219,225,218,183,111,111,151,196,214,222,221,253,213,0,0,191,179,0,0,0,0,0,0,0,0,56,177,241,220,213,159,88,100,153,208,220,225,223,236,240,0,0,0,188,159,0,0,0,0,0,0,83,183,241,245,221,203,168,100,111,153,193,221,219,226,227,235,41,0,0,0,189,131,0,1,0,0,107,207,248,242,216,198,195,191,149,153,173,185,211,222,221,220,245,138,0,0,0,0,221,111,0,7,44,175,199,165,146,104,83,61,95,147,171,177,183,196,211,220,217,233,208,0,0,4,0,0,138,59,0,4,163,234,185,203,240,242,244,253,240,226,217,216,212,225,245,239,243,226,65,0,0,0,0,0,0,0,0,0,0,46,96,123,144,167,187,193,201,213,221,217,203,201,191,161,94,14,0,0,0,3,0,2,5,3,1,0,0,0,0,0,0,0,0,0,0,0,0,0,0,0,0,0,0,0,0,0,0,0,0,0,0,0,0,0,0,0,0,0,0,0,0,0,0,0,0,0,0,0,0,0,0,0,0,0,0,0,0,0,0,0,0,0,6
0,0,0,0,0,0,0,0,0,0,0,0,0,0,0,0,0,0,0,0,0,0,0,0,0,0,0,0,0,0,0,0,0,0,0,0,0,0,0,0,0,0,0,0,0,0,0,0,0,0,0,0,0,0,0,0,0,0,0,0,0,0,0,0,0,0,0,0,0,0,0,0,0,0,0,0,0,0,0,0,0,0,0,0,0,0,0,0,0,0,0,0,0,0,0,0,0,0,0,0,3,0,21,181,211,53,0,151,201,97,0,0,0,0,0,0,0,0,0,0,0,0,0,0,0,0,0,0,5,0,163,253,231,255,249,253,220,222,13,0,0,0,0,0,0,0,0,0,0,0,0,0,0,0,0,0,3,0,162,231,220,227,235,207,215,237,61,0,0,0,0,0,0,0,0,0,0,0,0,0,0,0,0,1,0,0,220,221,227,233,242,218,215,238,130,0,0,0,0,0,0,0,0,0,0,0,0,0,0,0,0,2,0,3,230,240,238,255,236,214,219,224,187,0,0,0,0,0,0,0,0,0,0,0,0,0,0,0,0,0,4,0,49,232,253,133,0,152,226,210,231,0,0,0,0,0,0,0,0,0,0,0,0,0,0,0,0,0,0,0,155,232,213,0,0,133,235,202,255,22,0,0,0,0,0,0,0,0,0,0,0,0,0,0,0,1,0,0,182,224,201,0,0,59,235,211,228,62,0,0,0,0,0,0,0,0,0,0,0,0,0,0,0,6,0,75,221,224,176,0,0,88,242,215,236,111,0,0,0,0,0,0,0,0,0,0,0,0,0,0,1,0,0,220,209,233,112,0,0,154,243,216,239,110,0,0,0,0,0,0,0,0,0,0,0,0,0,0,3,0,17,222,204,243,83,0,0,105,247,217,255,98,0,0,0,0,0,0,0,0,0,0,0,0,0,0,5,0,55,234,214,241,17,0,90,218,233,219,237,109,0,0,0,0,0,0,0,0,0,0,0,0,0,0,8,0,87,232,211,226,165,254,255,231,215,198,255,161,0,0,0,0,2,0,1,1,1,0,0,0,0,0,7,0,74,227,218,240,255,159,202,227,228,175,106,178,0,0,0,0,0,0,0,0,1,0,0,0,0,0,12,0,40,249,226,158,17,0,222,229,221,221,0,0,0,0,0,0,0,6,4,5,2,0,0,0,0,6,0,0,209,204,42,0,1,2,228,227,218,228,20,0,0,0,0,0,2,0,0,0,1,0,0,0,5,0,0,213,191,0,0,0,22,2,225,226,215,230,21,0,0,0,0,0,0,0,127,87,0,6,0,3,0,0,192,199,0,0,4,0,14,1,220,224,212,198,22,0,0,0,4,0,26,142,223,216,25,0,0,0,0,165,227,0,0,4,0,0,26,0,214,223,212,200,24,0,4,0,5,0,81,221,194,212,204,0,0,0,143,237,51,0,5,1,0,0,27,1,212,221,212,202,27,0,0,0,0,0,0,150,214,204,228,186,101,199,226,58,0,8,1,0,0,0,14,0,176,217,207,197,26,0,140,171,183,201,216,225,232,228,226,223,214,153,0,0,5,0,0,1,1,0,40,28,191,229,223,211,42,0,18,89,102,81,71,57,41,38,30,3,0,0,0,5,0,0,0,0,5,0,99,149,104,98,100,87,0,0,0,0,0,0,0,0,0,0,0,0,0,0,0,0,0,0,0,0,0,0,0,0,0,0,0,0,0,0,0,0,0,0,0,0,0,0,0,0,0,0,0,0,0,0,0,0,0,0,0,0,0,0,0,0,0,0,6
0,0,0,0,0,0,0,0,0,0,0,0,0,0,0,0,0,0,0,0,0,0,0,0,0,0,0,0,0,0,0,0,0,0,0,0,0,0,0,0,0,0,0,0,0,0,0,0,0,0,0,0,0,0,0,0,0,0,0,0,0,0,0,0,0,0,0,0,0,0,0,0,0,0,0,0,0,0,0,0,0,0,0,0,0,0,0,0,0,0,0,0,0,0,0,0,0,3,0,0,0,3,0,2,2,2,0,0,0,133,10,0,0,0,0,0,0,0,0,0,0,0,0,0,1,0,9,14,0,0,0,0,0,0,0,20,0,115,23,0,0,0,0,0,0,0,0,0,0,0,0,1,0,0,187,209,221,76,0,9,13,0,124,244,227,172,0,0,0,0,0,0,0,0,0,0,0,0,0,3,0,0,184,204,224,226,251,255,255,248,238,249,232,162,0,0,0,0,0,0,0,0,0,0,2,2,0,4,0,6,191,205,216,214,219,216,208,195,227,240,219,177,0,0,0,0,0,0,0,0,0,0,0,0,1,3,0,13,232,204,222,216,221,212,204,205,238,218,212,168,0,0,0,0,0,0,0,0,0,0,0,0,0,2,0,53,237,201,225,216,218,206,204,210,247,199,226,168,0,0,0,0,0,0,0,0,0,0,0,0,1,0,0,140,227,205,225,209,209,201,207,216,243,193,222,173,0,0,0,0,0,0,0,0,0,0,0,0,4,0,0,214,205,211,223,203,203,202,212,219,236,195,214,195,0,0,0,0,0,0,0,0,0,0,0,1,4,0,101,243,185,219,214,202,206,210,220,214,221,203,209,254,25,0,0,0,0,0,0,0,0,0,0,3,0,0,225,210,188,216,209,203,208,215,218,210,245,223,192,236,131,0,0,0,0,0,0,0,0,0,0,1,0,99,226,194,195,218,207,206,211,216,214,206,252,246,237,226,211,0,0,0,0,0,0,0,0,0,0,0,0,227,210,198,198,226,209,209,213,216,212,202,251,252,251,233,228,30,0,0,0,0,1,1,0,0,0,0,133,228,201,198,199,231,199,214,215,208,189,210,255,248,254,205,228,52,0,0,0,0,2,1,1,0,0,49,206,205,219,192,216,230,196,186,189,195,216,255,255,255,233,180,251,53,0,0,2,4,0,0,0,0,19,165,195,229,191,203,244,233,243,231,240,255,250,230,216,198,167,179,234,15,1,2,0,0,0,0,15,91,170,204,214,189,184,248,252,239,255,254,198,154,156,140,151,163,198,201,229,0,0,0,0,26,67,132,172,200,217,210,180,195,248,247,245,255,212,165,194,213,193,237,246,255,255,211,234,7,0,83,140,167,174,164,181,198,193,180,228,255,246,255,248,186,195,225,152,35,1,255,246,244,255,212,230,14,91,220,206,204,190,180,198,205,208,244,246,242,244,215,179,222,153,2,0,0,0,255,240,245,249,210,233,20,31,150,205,233,228,226,218,234,254,247,244,236,200,203,217,55,0,0,0,0,25,250,241,245,247,208,234,31,0,0,12,83,161,203,225,248,255,253,252,222,207,149,2,0,0,1,4,0,48,255,245,247,255,221,255,53,0,0,0,0,0,0,0,14,32,51,54,45,0,0,0,1,0,0,2,0,7,123,67,67,61,62,70,0,0,0,0,0,0,0,0,0,0,0,0,0,0,0,0,0,0,0,0,0,0,0,0,0,0,0,0,0,0,0,0,0,0,0,0,0,0,0,0,0,0,0,0,0,0,0,0,0,0,0,0,0,0,0,0,0,6
0,0,0,0,0,0,0,0,0,0,0,0,0,0,0,0,0,0,0,0,0,0,0,0,0,0,0,0,0,0,0,0,0,0,0,0,0,0,0,0,0,0,0,0,0,0,0,0,0,0,0,0,0,0,0,0,0,0,0,0,0,0,0,0,0,0,0,0,0,0,0,0,0,0,0,0,0,0,0,0,0,0,0,0,0,0,0,0,0,0,0,0,0,0,0,0,0,0,0,0,0,0,0,0,0,0,0,0,0,0,0,0,0,0,0,0,0,0,0,0,0,0,0,0,0,0,0,90,133,107,23,0,0,0,0,0,0,0,5,0,0,0,0,0,0,0,0,0,0,0,0,0,2,0,0,200,225,220,225,168,143,112,80,45,0,0,0,0,0,0,0,0,0,0,0,0,0,0,0,0,3,0,4,203,189,194,206,226,225,227,230,228,212,191,202,0,0,0,0,0,0,0,0,0,0,0,0,0,5,0,23,217,194,203,214,208,215,216,217,220,217,229,180,0,0,0,0,0,0,0,0,0,0,0,0,0,5,0,48,218,203,218,217,212,215,221,226,221,214,220,201,90,0,0,0,0,0,0,0,0,0,0,0,0,4,0,46,212,200,224,220,220,220,221,216,220,214,222,210,49,0,0,0,0,0,0,0,0,0,0,0,0,5,0,9,215,207,212,221,223,223,222,228,223,213,232,236,0,0,0,0,0,0,0,0,0,0,0,0,0,0,0,128,215,182,209,214,222,224,220,222,223,215,237,92,0,0,0,0,0,0,0,0,0,0,1,0,2,0,0,199,201,191,213,216,224,223,222,220,220,220,216,0,0,0,0,0,0,0,0,0,0,0,0,1,1,0,150,236,178,202,219,221,225,221,219,220,222,219,220,23,0,0,0,0,0,0,0,0,0,0,0,0,0,88,251,193,189,219,221,228,227,221,219,224,222,212,233,63,0,0,0,0,0,0,0,0,0,0,6,0,100,255,190,185,207,217,226,225,224,219,220,218,217,210,237,103,0,0,0,0,0,0,0,0,4,0,0,34,242,177,168,193,220,228,225,219,221,214,212,204,211,212,229,161,0,0,1,4,7,4,4,0,0,0,74,243,186,195,214,212,223,219,209,207,206,197,197,202,206,209,219,215,0,2,0,0,0,0,0,0,0,133,231,192,188,197,212,210,202,202,203,202,202,201,208,210,210,210,216,223,0,0,0,138,170,129,123,142,203,221,162,186,195,195,211,201,203,210,212,210,217,217,223,216,219,215,224,181,0,0,117,210,183,187,192,205,183,159,181,196,197,216,203,210,218,221,212,212,227,227,226,219,215,211,219,199,0,0,180,208,192,186,179,164,180,194,193,199,208,219,215,216,220,228,236,255,230,211,209,206,204,202,205,214,0,116,208,200,204,203,206,213,215,218,214,222,223,225,225,234,233,244,164,54,191,202,194,198,197,197,201,206,0,2,110,181,218,218,210,209,212,221,221,233,227,244,252,183,102,3,0,0,230,222,210,216,213,221,209,241,11,0,0,0,26,68,119,160,179,187,191,202,183,144,44,0,0,0,0,0,205,171,174,147,186,162,175,142,0,0,0,0,0,0,0,0,0,0,0,0,0,0,0,0,0,0,0,0,0,0,0,0,0,0,0,0,0,0,0,0,0,0,0,0,0,0,0,0,0,0,0,0,0,0,0,0,0,0,0,0,0,0,0,0,0,0,0,0,0,0,0,0,0,0,0,0,0,0,0,0,0,0,0,0,0,0,0,0,0,0,0,0,0,6
0,0,0,0,0,0,0,0,0,0,0,0,0,0,0,0,0,0,0,0,0,0,0,0,0,0,0,0,0,0,0,0,0,0,0,0,0,0,0,0,0,0,0,0,0,0,0,0,0,0,0,0,0,0,0,0,0,0,0,0,0,0,0,0,0,0,0,0,0,0,0,0,0,0,0,0,0,0,0,0,0,0,0,0,0,0,0,0,0,0,0,0,0,0,0,0,0,0,0,0,0,0,0,0,0,0,0,0,0,0,0,0,0,0,0,0,0,0,0,0,0,0,0,0,2,0,7,92,101,81,72,49,16,0,0,0,0,0,0,0,0,0,0,0,0,0,0,0,0,0,0,0,5,0,67,190,198,211,248,254,255,239,225,208,162,157,164,4,0,0,0,0,0,0,0,0,0,0,0,0,2,0,51,172,187,203,206,202,205,205,204,194,184,184,150,0,0,0,0,0,0,0,0,0,0,0,0,0,2,0,20,188,200,213,228,229,225,221,213,188,175,184,121,0,0,0,0,0,0,0,0,0,0,0,0,0,1,0,29,194,192,206,215,224,220,212,200,182,174,174,45,0,0,0,0,0,0,0,0,0,0,0,0,0,0,0,50,195,196,218,218,214,202,192,195,192,181,192,4,0,0,0,0,0,0,0,0,0,0,0,0,0,0,0,78,189,198,215,212,203,195,194,206,189,174,181,0,0,0,0,0,0,0,0,0,0,0,0,0,0,0,0,134,178,195,204,206,207,202,214,215,176,163,175,3,0,0,0,0,0,0,0,0,0,0,2,0,0,0,0,213,177,179,173,175,201,223,217,172,157,171,215,53,0,0,0,0,0,0,0,0,0,0,0,0,3,0,110,238,159,163,168,217,232,204,157,160,190,179,177,42,0,0,0,0,0,0,0,0,0,0,1,0,0,54,208,112,150,180,223,221,188,181,188,199,193,176,175,50,0,0,0,2,4,4,4,1,0,0,0,0,70,188,88,122,169,199,211,192,207,170,185,203,175,180,184,95,0,0,1,0,0,0,0,0,0,0,22,96,180,7,110,185,209,209,210,209,240,114,166,202,173,172,182,132,0,0,0,7,85,101,59,35,51,106,76,103,115,117,189,155,170,206,209,219,183,109,219,171,159,160,178,163,0,0,13,142,71,81,166,183,183,111,7,125,192,210,228,209,197,208,208,221,168,150,226,194,183,183,178,181,4,0,76,180,129,116,138,158,155,146,165,169,166,165,204,219,223,214,218,219,231,221,215,207,204,184,171,191,20,5,96,168,200,216,212,210,192,189,197,196,192,192,217,227,222,216,203,196,194,192,188,195,199,189,181,169,13,46,86,95,133,164,186,203,216,223,220,218,208,202,203,197,185,183,182,191,216,206,186,174,146,130,119,85,74,2,36,76,87,91,106,123,134,144,166,174,180,191,196,177,175,165,152,138,130,108,95,92,91,90,93,102,84,0,0,0,14,39,56,66,79,88,92,100,103,114,113,104,101,92,79,80,106,113,112,101,99,87,64,56,23,0,1,0,0,0,0,0,0,6,20,22,20,24,27,18,13,7,0,3,68,47,23,14,4,0,0,0,0,0,0,0,0,0,0,0,0,0,0,0,0,0,0,0,0,0,0,0,0,0,0,0,0,0,0,0,0,0,0,0,0,0,0,0,0,0,0,0,0,0,0,0,0,0,0,0,0,0,0,0,0,0,0,0,0,0,0,0,0,0,0,0,0,0,0,0,0,0,0,0,0,0,0,0,0,0,0,0,0,0,0,0,0,6
0,0,0,0,0,0,0,0,0,0,0,0,0,0,0,0,0,0,0,0,0,0,0,0,0,0,0,0,0,0,0,0,0,0,0,0,0,0,0,0,0,0,0,0,0,0,0,0,0,0,0,0,0,0,0,0,0,0,0,0,0,0,0,0,0,0,0,0,0,0,0,0,0,0,0,0,0,0,0,0,0,0,0,0,0,0,0,0,0,0,0,0,0,0,0,0,1,0,0,13,73,0,0,1,4,0,0,0,0,1,1,0,0,0,0,0,0,0,0,0,0,0,0,0,3,0,36,136,127,62,54,0,0,0,1,3,4,0,0,3,0,0,0,0,0,0,0,0,0,0,0,0,6,0,102,204,176,134,144,123,23,0,0,0,0,12,10,0,0,0,0,0,0,0,0,0,0,0,0,0,0,0,155,236,207,178,107,156,161,109,64,23,77,130,72,15,0,0,0,0,0,0,0,0,0,0,0,1,0,69,207,223,218,216,216,163,127,121,122,146,141,88,172,66,0,0,0,0,0,0,0,0,0,1,1,1,0,200,232,232,233,229,223,223,215,213,164,127,123,196,229,0,0,0,0,0,0,0,0,0,0,0,0,0,0,183,225,216,223,228,235,227,224,222,224,221,223,245,173,0,0,0,0,0,0,0,0,0,0,0,0,0,0,193,228,218,213,198,180,212,210,211,213,223,220,243,202,0,0,0,0,0,0,0,0,0,0,1,3,0,12,219,220,212,218,192,169,227,208,218,224,212,226,197,209,52,0,0,0,0,0,0,0,0,0,0,6,0,99,244,222,220,218,203,198,221,215,213,222,220,245,119,167,56,0,0,0,0,0,0,0,0,0,4,0,0,55,236,228,230,228,240,232,213,218,223,234,217,217,209,92,0,0,0,1,4,6,7,2,0,0,0,0,0,237,226,217,223,222,219,222,221,216,223,229,215,218,255,77,0,0,3,0,0,0,0,0,0,0,62,145,204,228,207,213,221,218,208,211,218,224,223,219,215,224,244,159,0,0,0,0,0,18,44,82,107,189,228,220,222,217,226,200,205,211,230,224,234,176,188,250,248,233,238,215,0,0,57,187,208,224,221,224,208,204,214,208,209,200,159,245,193,206,223,255,255,221,234,221,211,220,232,246,0,3,202,228,224,221,211,211,214,205,205,205,220,240,80,150,255,229,221,188,154,191,210,204,209,222,228,225,0,98,233,198,210,222,229,229,234,249,220,194,215,217,241,65,73,106,117,168,219,221,215,217,223,223,224,229,29,75,204,212,204,193,205,211,225,216,185,197,206,198,213,240,195,227,245,239,223,218,212,209,222,220,221,230,67,48,203,183,194,213,197,185,190,194,192,202,214,219,221,220,236,225,216,199,206,186,181,177,172,181,205,206,115,0,122,219,193,179,171,183,196,204,210,213,207,211,210,200,196,194,191,195,191,198,192,176,156,167,177,210,92,0,0,74,189,212,191,175,172,175,181,185,188,189,188,193,198,204,209,210,210,211,188,188,194,192,216,170,0,2,0,0,0,66,200,222,237,239,242,246,243,244,221,220,193,191,179,182,182,181,176,166,168,99,58,0,0,0,0,0,0,0,0,0,40,61,44,72,41,35,0,0,0,0,0,0,0,0,0,0,0,0,0,0,0,0,0,0,0,0,0,0,0,0,0,0,0,0,0,0,0,0,0,0,0,0,0,0,0,0,0,0,0,0,0,0,0,0,0,0,0,0,0,0,0,0,0,0,0,0,0,0,0,0,0,0,0,0,0,0,0,6
0,0,0,0,0,0,0,0,0,0,0,0,0,0,0,0,0,0,0,0,0,0,0,0,0,0,0,0,0,0,0,0,0,0,0,0,0,0,0,0,0,0,0,0,0,0,0,0,0,0,0,0,0,0,0,0,0,0,0,0,0,0,0,0,0,0,0,0,0,0,0,0,0,0,0,0,0,0,0,0,0,0,0,0,0,0,0,0,0,0,0,0,0,0,0,0,0,0,0,0,0,0,0,0,0,0,0,0,0,0,0,0,0,0,0,0,0,0,0,0,0,0,0,0,0,0,0,0,0,0,0,0,0,0,0,0,0,0,0,0,0,0,0,0,0,0,0,0,0,1,0,109,139,60,0,0,0,0,0,0,0,0,0,0,0,8,197,0,0,0,0,0,0,0,0,0,0,4,0,136,221,233,142,121,255,232,232,211,193,185,173,176,131,175,175,0,0,0,0,0,0,0,0,0,0,9,0,81,208,221,227,221,237,227,228,229,227,224,229,222,217,213,12,0,0,0,0,0,0,0,0,0,0,6,0,59,223,229,218,207,219,219,211,208,209,214,213,199,187,201,26,0,0,0,0,0,0,0,0,0,0,2,0,13,216,233,217,222,231,229,225,213,216,223,217,201,196,195,15,0,0,0,0,0,0,0,0,0,0,1,0,0,216,231,201,227,227,214,211,216,221,222,216,213,209,199,11,0,0,0,0,0,0,0,0,0,0,0,0,0,165,239,206,218,220,221,223,223,223,215,220,218,210,208,8,0,0,0,0,0,0,0,0,0,1,1,1,0,54,221,215,199,216,214,215,211,206,207,208,213,202,228,59,0,0,0,0,0,0,0,0,0,0,4,7,0,37,234,223,210,228,215,216,218,219,215,215,222,201,224,86,0,0,0,1,2,3,3,4,5,0,0,0,0,189,225,192,193,187,205,214,217,227,217,211,217,200,207,82,0,1,3,0,0,0,0,0,0,0,20,82,168,221,175,173,175,196,215,217,210,213,211,207,206,200,195,109,0,1,0,0,3,6,7,20,62,101,150,217,203,181,190,193,211,222,227,228,216,201,211,207,199,195,189,125,0,0,25,137,143,160,156,182,192,174,138,138,158,161,175,210,209,214,215,203,194,186,192,185,202,192,195,165,0,0,175,180,166,160,148,143,148,175,189,180,194,166,164,190,189,200,210,187,183,171,161,178,194,183,188,159,0,35,80,120,167,181,186,189,167,160,181,195,188,210,167,181,216,218,208,206,219,213,221,220,204,201,201,206,0,52,118,71,57,75,117,162,192,204,213,216,215,248,228,208,237,235,200,182,165,152,135,108,114,114,119,147,7,0,45,117,137,133,119,93,91,120,152,160,160,152,154,145,137,129,123,118,107,112,117,115,125,118,94,111,27,0,0,0,11,66,92,123,148,138,129,126,124,126,128,133,139,145,153,160,161,162,162,158,160,158,145,144,36,1,2,0,0,0,0,0,17,44,71,81,85,82,75,72,66,62,58,51,50,51,53,45,45,45,45,25,0,0,0,0,0,0,0,0,0,0,0,0,0,0,0,0,0,0,0,0,0,0,0,0,0,0,0,0,0,0,0,0,0,0,0,0,0,0,0,0,0,0,0,0,0,0,0,0,0,0,0,0,0,0,0,0,0,0,0,0,0,0,0,0,0,0,0,0,0,0,0,0,0,0,0,0,0,0,0,0,0,0,0,0,0,0,0,0,0,0,0,0,0,0,0,0,0,0,0,0,0,0,0,0,0,0,0,0,0,0,0,0,0,6
0,0,0,0,0,0,0,0,0,0,0,0,0,0,0,0,0,0,0,0,0,0,0,0,0,0,0,0,0,0,0,0,0,0,0,0,0,0,0,0,0,0,0,0,0,0,0,0,0,0,0,0,0,0,0,0,0,0,0,0,0,0,0,0,0,0,0,0,1,0,28,52,47,85,96,107,85,55,46,14,0,0,157,16,0,0,0,0,0,0,0,0,0,0,0,0,4,0,106,155,153,192,165,187,209,216,217,215,171,161,199,0,0,0,0,0,0,0,0,0,0,0,0,0,4,0,92,149,156,158,146,169,186,177,173,176,184,220,87,0,0,0,0,0,0,0,0,0,0,0,0,0,3,0,105,147,157,159,147,164,192,187,189,188,189,197,30,0,0,0,0,0,0,0,0,0,0,0,0,0,0,0,126,151,153,163,172,180,176,191,193,188,195,187,21,0,0,0,0,0,0,0,0,0,0,0,0,1,0,0,161,161,174,183,193,145,135,170,184,192,194,210,0,0,0,0,0,0,0,0,0,0,0,0,0,1,0,0,121,147,153,177,172,184,199,204,179,186,195,146,0,0,0,0,0,0,0,0,0,0,0,1,0,2,0,0,144,168,167,180,153,187,193,188,175,175,199,131,0,0,0,0,0,0,0,0,0,0,0,1,0,3,0,68,210,168,190,186,149,193,180,176,183,176,201,124,0,0,0,0,0,0,0,0,0,0,0,2,0,2,0,0,149,164,190,168,222,205,191,199,199,189,204,136,0,0,0,0,0,0,0,0,0,0,1,1,1,4,0,45,154,162,196,115,185,178,180,195,189,183,188,199,0,0,0,0,0,0,0,0,0,0,0,0,2,0,28,157,141,158,135,104,114,201,197,180,189,181,176,203,78,0,1,0,0,0,0,0,0,0,0,0,5,0,31,175,160,192,141,155,124,179,201,184,180,171,179,189,172,0,1,1,0,0,0,0,0,0,0,0,0,0,97,125,157,153,107,164,156,135,171,169,171,180,181,180,213,16,0,0,0,0,2,0,0,0,6,0,34,142,139,164,165,172,177,204,135,118,174,166,187,190,189,183,215,60,0,0,0,0,0,0,2,0,0,0,114,166,160,162,149,170,202,225,202,204,197,170,147,142,177,176,210,78,0,0,2,4,3,1,0,0,26,118,120,128,177,179,183,192,179,163,209,204,195,149,132,127,169,168,213,62,0,0,0,0,0,0,13,80,143,123,110,121,140,161,166,170,168,166,186,172,156,169,196,204,215,208,255,54,0,0,1,38,71,96,131,139,114,119,116,139,140,144,174,140,159,163,160,221,226,227,225,235,219,214,255,35,0,63,165,141,143,115,114,139,150,149,133,139,144,163,163,186,161,179,255,145,32,244,220,221,218,215,254,26,0,134,134,126,121,118,115,122,132,134,145,144,138,163,163,169,203,221,46,0,5,255,214,219,214,212,248,21,85,187,167,167,151,130,124,122,122,121,133,129,162,179,197,199,142,0,0,0,45,223,208,212,208,209,235,16,83,206,224,232,230,218,233,227,226,230,231,219,226,219,170,0,0,0,4,0,78,232,210,231,224,213,255,21,0,0,36,59,107,125,147,178,178,175,180,139,70,37,0,0,0,0,3,0,61,168,136,151,152,153,169,0,0,0,0,0,0,0,0,0,0,0,0,0,0,0,0,0,0,0,0,0,0,0,0,0,0,0,0,0,0,0,0,0,0,0,0,0,0,0,0,0,0,0,0,0,0,0,0,0,0,0,0,0,0,0,0,0,6
0,0,0,0,0,0,0,0,0,0,0,0,0,0,0,0,0,0,0,0,0,0,0,0,0,0,0,0,0,0,0,0,0,0,0,0,0,0,0,0,0,0,0,0,0,0,0,0,0,0,0,0,0,0,0,0,0,0,0,0,0,0,0,0,0,0,0,0,0,0,0,0,0,0,0,0,0,0,0,0,0,0,0,0,0,0,0,0,0,0,0,0,0,0,0,0,0,0,0,0,0,0,0,0,0,0,0,0,0,0,0,0,0,0,0,0,0,0,0,0,0,0,0,0,0,0,0,0,0,0,0,0,0,0,0,0,0,0,0,0,0,0,0,0,0,0,0,0,0,0,0,0,0,0,0,0,0,0,132,51,0,0,0,0,0,1,0,0,0,0,0,0,0,0,0,0,0,0,0,0,0,0,0,3,0,33,201,232,55,0,0,0,0,0,0,0,0,0,0,0,0,0,0,0,0,0,0,0,0,0,0,0,0,162,193,200,210,7,0,0,0,0,0,0,0,0,0,0,0,0,0,0,0,0,0,0,0,0,3,0,65,228,219,214,219,251,236,213,175,245,61,0,0,0,0,0,0,0,0,0,0,0,0,0,0,0,0,0,193,205,233,232,230,215,232,235,231,231,48,0,0,0,0,0,0,0,0,0,0,0,0,0,0,0,0,21,215,245,217,219,226,226,209,215,212,204,12,0,0,0,0,0,2,0,0,0,0,3,0,0,0,0,52,175,147,177,232,218,218,229,221,226,229,242,0,0,0,0,0,0,0,0,0,1,0,0,0,0,13,120,188,162,193,196,166,211,214,215,224,216,200,255,47,0,0,2,7,3,0,0,0,0,0,0,30,162,138,178,144,168,255,255,228,207,227,208,228,212,198,255,67,0,0,0,0,0,0,0,0,0,83,203,168,139,123,122,228,235,192,147,138,152,159,205,212,206,206,220,111,0,0,4,87,70,108,119,121,145,148,89,101,119,161,128,134,123,106,116,136,203,237,227,220,215,216,222,128,0,0,149,233,166,114,89,94,101,122,129,180,212,206,179,172,210,228,243,255,248,222,224,233,229,215,221,163,0,18,202,220,226,222,228,202,186,168,166,149,166,223,250,252,243,226,221,206,203,207,223,227,227,207,213,142,0,122,215,202,206,221,225,224,219,211,187,187,217,229,215,197,191,192,192,191,206,211,199,207,211,212,214,241,0,6,169,195,208,203,207,208,213,213,220,221,221,214,213,224,225,223,222,222,222,219,222,216,210,204,194,190,58,0,0,49,92,152,212,192,216,196,193,190,206,203,199,203,203,211,213,203,198,194,189,195,195,178,177,209,58,0,0,0,0,0,3,7,79,92,78,159,94,112,149,132,88,57,65,88,124,142,128,107,145,93,52,13,0,0,2,2,0,0,0,0,0,0,0,0,0,0,0,0,0,0,0,0,0,0,0,0,0,0,0,0,0,0,0,0,0,0,0,0,0,0,0,0,0,0,0,0,0,0,0,0,0,0,0,0,0,0,0,0,0,0,0,0,0,0,0,0,0,0,0,0,0,0,0,0,0,0,0,0,0,0,0,0,0,0,0,0,0,0,0,0,0,0,0,0,0,0,0,0,0,0,0,0,0,0,0,0,0,0,0,0,0,0,0,0,0,0,0,0,0,0,0,0,0,0,0,0,0,0,0,0,0,0,0,0,0,0,0,0,0,0,0,0,0,0,0,0,0,0,0,0,0,0,0,0,0,0,0,0,0,0,0,0,0,0,0,0,0,0,0,0,0,6
0,0,0,0,0,0,0,0,0,0,0,0,0,0,0,0,0,0,0,0,0,0,0,0,0,0,0,0,0,0,0,0,0,0,0,0,0,0,0,0,0,0,0,0,0,0,0,0,0,0,0,0,0,0,0,0,0,0,0,0,0,0,0,0,0,0,0,0,0,0,0,0,0,0,0,0,0,0,0,0,0,0,0,0,0,0,0,0,0,0,0,0,0,0,0,0,2,0,0,0,0,0,0,7,84,188,223,236,36,0,0,0,0,0,0,0,0,0,0,0,0,0,0,0,0,0,0,0,43,141,239,255,255,245,219,238,203,0,0,0,0,0,0,0,0,0,0,0,0,0,5,0,64,191,186,232,255,252,246,234,217,222,224,221,250,50,0,0,0,0,0,0,0,0,0,0,0,3,0,0,189,246,235,239,233,231,235,230,234,237,229,222,220,251,21,0,0,0,0,0,0,0,0,0,0,2,0,0,211,230,227,232,234,236,238,233,231,229,208,205,217,232,189,0,0,0,0,0,0,0,0,0,1,6,0,19,251,231,229,235,235,235,237,234,228,216,216,212,207,222,243,0,0,0,0,0,0,0,0,0,0,4,0,75,255,225,228,233,233,233,235,233,231,225,225,209,203,223,247,76,0,0,0,0,0,0,0,0,0,6,0,127,229,220,231,235,235,236,234,231,231,226,219,215,233,217,250,127,0,0,0,0,0,0,0,0,0,0,0,166,229,220,231,234,235,236,234,233,227,228,232,235,240,220,249,74,0,0,0,0,0,0,0,0,2,0,0,200,228,224,229,234,236,234,230,231,231,235,228,212,206,201,230,23,0,0,0,0,0,0,0,0,1,0,0,229,225,226,229,234,235,237,229,230,228,209,207,231,219,193,220,8,0,0,0,0,0,0,0,0,0,0,86,240,221,223,230,233,236,235,234,230,207,240,231,174,206,211,235,0,0,0,0,0,1,0,0,1,0,0,177,238,229,224,229,234,236,232,231,207,246,169,0,0,0,209,192,0,0,0,0,0,0,0,0,1,0,29,225,216,224,232,232,236,239,236,211,243,177,0,0,0,0,191,185,0,0,0,0,0,0,2,2,0,0,155,236,225,228,232,241,237,241,210,242,191,0,0,0,0,0,190,176,0,0,1,3,5,0,0,0,0,108,231,220,233,231,234,238,242,221,218,227,0,0,6,0,0,0,183,165,0,0,0,0,0,0,0,32,154,248,204,201,222,235,238,232,235,198,252,69,0,12,0,0,0,0,177,156,0,0,0,13,74,123,154,162,141,99,136,188,223,235,232,244,218,219,202,0,0,0,4,0,0,0,162,156,0,32,147,179,175,178,174,130,95,132,182,201,212,221,232,230,218,255,13,0,0,0,0,0,7,0,155,152,0,169,254,231,234,226,231,236,235,231,223,218,219,225,222,220,255,57,0,0,0,0,0,0,7,0,151,155,0,0,39,104,144,184,210,222,241,249,255,255,255,255,248,222,63,0,0,0,0,0,0,0,6,0,128,158,0,0,0,0,0,0,0,0,7,28,43,44,44,46,34,0,0,0,0,0,0,0,0,0,4,0,25,40,0,0,0,0,0,0,0,0,0,0,0,0,0,0,0,0,0,0,0,0,0,0,0,0,0,0,0,0,0,0,0,0,0,0,0,0,0,0,0,0,0,0,0,0,0,0,0,0,0,0,0,0,0,0,0,0,0,0,0,0,0,0,0,0,0,0,0,0,0,0,0,0,0,0,0,0,0,0,0,0,0,0,0,0,0,6
0,0,0,0,0,0,0,0,0,0,0,0,0,0,0,0,0,0,0,0,0,0,0,0,0,0,0,0,0,0,0,0,0,0,0,0,0,0,0,0,0,0,0,0,0,0,0,0,0,0,0,0,0,0,0,0,0,0,0,0,0,0,0,0,0,0,0,0,0,0,0,0,0,0,0,0,0,0,0,0,0,0,0,0,0,0,0,0,0,0,0,0,0,0,0,0,0,0,0,0,0,0,0,0,0,0,0,0,0,0,0,0,0,0,0,0,0,0,0,0,0,0,0,0,0,0,4,0,26,31,0,0,0,0,0,0,0,0,0,0,0,0,0,0,0,0,0,0,0,0,0,0,0,0,0,0,185,232,209,237,214,200,172,147,122,90,223,41,0,0,0,0,0,0,0,0,0,0,0,0,0,2,0,0,197,225,219,226,233,237,237,240,241,250,196,0,0,0,0,0,0,0,0,0,0,0,0,0,0,7,0,0,217,231,227,226,221,220,222,223,221,237,161,0,0,0,0,0,0,0,0,0,0,0,0,0,0,7,0,51,238,224,232,233,234,240,243,240,232,250,115,0,0,0,0,0,0,0,0,0,0,0,0,0,0,0,0,214,240,215,225,232,235,237,241,235,230,251,66,0,0,0,0,0,0,0,0,0,0,0,0,0,1,0,31,255,216,221,226,235,233,228,231,233,228,246,65,0,0,0,0,0,0,0,0,0,0,0,0,0,0,0,186,227,222,225,229,237,236,233,233,238,226,240,101,0,0,0,0,0,0,0,0,0,0,0,0,0,0,90,255,216,236,238,236,231,230,231,232,231,210,240,156,0,0,0,0,0,0,0,0,0,0,0,4,0,11,255,223,219,236,231,230,229,228,227,228,224,219,237,203,0,0,0,0,0,0,0,0,2,1,0,0,27,241,226,217,225,231,233,236,236,232,228,223,229,232,229,255,0,0,0,3,6,2,2,0,0,0,0,93,250,226,223,227,214,240,233,225,233,234,230,232,236,230,225,255,52,3,0,0,0,0,0,0,0,47,211,255,219,221,232,236,222,222,229,237,232,229,228,234,234,231,225,255,92,0,0,8,69,78,99,136,215,255,229,215,219,226,231,234,233,226,218,228,232,233,229,231,232,235,225,255,114,0,118,214,231,231,229,235,229,211,212,226,219,230,228,227,234,238,230,238,235,232,231,234,232,234,221,255,92,0,200,224,223,219,215,213,210,224,223,222,223,224,233,229,231,235,234,243,238,238,239,235,229,236,226,250,40,100,209,187,202,214,227,232,236,233,234,234,242,239,242,241,240,235,226,228,221,208,199,197,196,205,198,246,66,10,145,199,199,196,194,186,198,212,221,210,214,209,202,194,194,194,191,195,196,197,202,207,204,199,201,222,76,0,0,0,71,213,179,251,221,242,245,231,236,233,230,227,233,238,240,244,240,236,239,239,253,255,214,255,84,0,0,0,0,0,0,47,36,73,97,108,136,137,160,153,141,135,121,111,108,107,111,80,88,68,50,32,0,0,0,0,0,0,0,0,0,0,0,0,0,0,0,0,0,0,0,0,0,0,0,0,0,0,0,0,0,0,0,0,0,0,0,0,0,0,0,0,0,0,0,0,0,0,0,0,0,0,0,0,0,0,0,0,0,0,0,0,0,0,0,0,0,0,0,0,0,0,0,0,0,0,0,0,0,0,0,0,0,0,0,0,0,0,0,0,0,0,0,0,0,0,0,0,0,0,0,0,0,0,0,0,0,0,0,0,0,0,0,0,0,6
0,0,0,0,0,0,0,0,0,0,0,0,0,0,0,0,0,0,0,0,0,0,0,0,0,0,0,0,0,0,0,0,0,0,0,0,0,0,0,0,0,0,0,0,0,0,0,0,0,0,0,0,0,0,0,0,0,0,0,0,0,0,0,0,0,0,0,0,0,0,0,0,0,0,0,0,0,0,0,0,0,0,0,0,0,0,0,0,0,0,0,0,0,0,0,0,0,0,0,0,0,0,0,0,0,0,0,0,0,0,0,0,0,0,0,0,0,0,0,0,0,0,0,0,0,0,0,0,0,0,0,0,0,0,0,0,0,0,0,0,0,0,0,0,0,0,0,0,0,0,0,0,0,0,0,0,81,116,0,0,0,0,0,0,0,0,0,0,0,0,0,0,0,0,0,0,0,0,0,0,0,0,0,0,209,239,205,5,0,0,0,0,0,0,0,0,0,0,0,0,0,0,0,0,0,0,0,0,0,4,0,60,239,215,236,255,30,0,1,0,0,0,0,0,0,0,0,0,0,0,0,0,0,0,0,0,0,0,0,128,229,197,168,196,166,0,0,0,0,0,0,0,0,0,0,0,0,0,0,0,0,0,0,0,2,0,0,255,224,242,241,217,223,247,123,0,0,0,0,0,0,0,0,0,0,0,0,0,0,0,0,0,0,0,91,255,207,223,230,230,215,207,242,192,44,0,0,0,0,0,0,0,0,0,0,0,0,0,0,0,0,19,247,232,225,230,225,206,214,203,197,213,205,192,39,0,0,0,0,0,0,0,0,0,0,0,10,0,103,250,231,221,239,241,235,217,210,217,215,191,195,219,147,0,0,0,0,0,0,0,0,1,0,0,0,36,201,225,211,230,207,233,236,218,213,211,214,218,201,202,152,0,0,1,1,1,3,0,0,0,0,17,107,229,205,150,178,196,189,203,222,209,194,208,210,205,207,206,177,0,0,0,0,0,0,0,0,3,41,186,172,169,207,188,232,196,209,224,235,209,198,197,209,183,199,206,213,0,0,0,0,0,7,95,131,140,187,131,154,190,195,172,213,223,205,220,219,216,233,214,194,206,189,203,226,22,0,140,115,103,133,143,107,108,221,193,105,172,193,223,199,219,222,210,192,207,229,201,181,205,217,189,223,12,45,236,208,180,160,155,162,158,164,174,165,219,196,222,236,214,200,225,217,218,219,227,246,216,195,218,216,24,3,89,152,194,209,223,225,217,203,182,220,224,208,201,218,212,216,211,206,201,163,181,184,167,181,176,202,105,34,24,0,0,27,53,117,229,193,194,177,174,212,229,219,212,213,201,192,198,232,199,198,197,195,203,233,74,8,53,58,38,13,0,0,132,255,225,242,246,138,80,46,9,0,0,0,0,178,255,241,253,246,245,45,0,0,0,6,15,31,41,19,0,91,59,73,55,0,0,0,2,13,13,19,0,0,23,10,3,0,0,0,1,0,0,0,0,0,0,0,0,0,0,0,0,0,0,0,0,0,0,0,0,0,0,0,0,0,0,0,0,0,0,0,0,0,0,0,0,0,0,0,0,0,0,0,0,0,0,0,0,0,0,0,0,0,0,0,0,0,0,0,0,0,0,0,0,0,0,0,0,0,0,0,0,0,0,0,0,0,0,0,0,0,0,0,0,0,0,0,0,0,0,0,0,0,0,0,0,0,0,0,0,0,0,0,0,0,0,0,0,0,0,0,0,0,0,0,0,0,0,0,0,0,0,0,0,0,0,0,0,0,0,0,0,0,0,0,0,0,0,0,0,6
0,0,0,0,0,0,0,0,0,0,0,0,0,0,0,0,0,0,0,0,0,0,0,0,0,0,0,0,0,0,0,0,0,0,0,0,0,0,0,0,0,0,0,0,0,0,0,0,0,0,0,0,0,0,0,0,0,0,0,0,0,0,0,0,0,0,0,0,0,0,0,0,0,0,0,0,0,0,0,0,0,0,0,0,0,0,0,0,0,0,0,0,0,0,0,0,0,0,0,0,0,0,0,0,0,0,0,0,0,0,0,0,0,0,0,0,0,0,0,0,0,0,0,0,0,0,0,0,0,0,0,0,0,0,0,0,0,0,0,0,0,0,0,0,0,0,0,0,0,0,0,0,0,0,0,0,0,0,0,0,0,0,0,0,0,0,0,0,0,0,0,0,0,0,0,0,0,0,0,0,0,0,0,0,0,0,0,85,0,0,0,0,0,1,0,0,0,0,0,0,0,0,0,0,0,0,0,0,0,0,0,0,0,0,126,244,68,0,3,2,3,0,0,0,0,0,0,0,0,0,0,0,0,0,0,0,0,0,0,1,0,89,220,237,129,0,0,0,0,0,0,0,0,0,0,0,0,0,0,0,0,0,0,0,0,0,1,0,31,207,203,207,166,103,63,46,86,208,26,0,0,0,0,0,0,0,0,0,0,0,0,0,0,0,0,0,232,195,189,210,223,249,225,210,228,192,0,0,0,0,0,0,0,0,0,0,0,0,0,0,0,0,0,147,229,191,198,214,219,183,170,166,186,152,0,0,0,0,0,0,1,1,2,0,0,0,0,0,0,0,72,231,210,209,193,189,186,209,218,202,183,130,0,0,0,0,0,0,0,0,0,1,6,0,5,0,0,61,247,213,206,220,217,162,189,190,210,222,197,124,0,0,0,0,0,1,1,3,1,0,0,0,0,0,33,219,204,209,217,197,198,226,185,189,203,195,221,211,0,0,0,3,1,0,0,0,0,0,0,0,80,149,233,199,202,198,179,169,213,211,230,195,184,202,194,225,104,0,0,0,0,0,0,0,7,89,212,202,224,190,163,192,192,210,199,162,166,209,212,190,174,201,186,191,214,0,0,29,104,144,119,179,188,191,193,191,185,198,174,181,206,200,206,191,190,201,174,205,191,166,220,201,236,20,30,151,139,118,112,187,192,193,198,203,222,212,213,180,170,191,194,224,212,207,204,219,214,194,188,206,254,56,105,189,174,164,153,143,152,151,159,158,172,192,191,207,171,171,219,199,200,226,230,227,214,231,208,191,234,49,0,74,153,192,197,193,181,166,163,152,138,142,153,166,179,173,165,166,158,162,158,165,161,172,172,172,194,64,0,0,0,12,104,162,204,236,248,237,239,230,226,218,213,211,210,211,211,207,211,217,211,213,217,209,251,93,0,1,0,0,0,0,0,7,37,56,64,76,87,84,81,76,73,68,63,72,82,89,92,92,86,86,70,0,0,0,0,0,0,0,0,0,0,0,0,0,0,0,0,0,0,0,0,0,0,0,0,0,0,0,0,0,0,0,0,0,0,0,0,0,0,0,0,0,0,0,0,0,0,0,0,0,0,0,0,0,0,0,0,0,0,0,0,0,0,0,0,0,0,0,0,0,0,0,0,0,0,0,0,0,0,0,0,0,0,0,0,0,0,0,0,0,0,0,0,0,0,0,0,0,0,0,0,0,0,0,0,0,0,0,0,0,0,0,0,0,0,0,0,0,0,0,0,0,0,0,0,0,0,0,0,0,0,0,0,0,0,0,0,0,0,0,0,0,6
0,0,0,0,0,0,0,0,0,0,0,0,0,0,0,0,0,0,0,0,0,0,0,0,0,0,0,0,0,0,0,0,0,0,0,0,0,0,0,0,0,0,0,0,0,0,0,0,0,0,0,0,0,0,0,0,0,0,0,0,0,0,0,0,0,5,0,24,47,15,0,0,0,0,0,0,1,0,0,0,0,0,0,0,0,0,0,0,0,0,0,0,0,3,0,63,100,74,73,9,0,2,1,2,2,2,3,3,4,1,0,0,0,0,0,0,0,0,0,0,0,1,0,13,54,52,139,99,0,0,0,0,0,0,0,0,0,1,0,0,0,0,0,0,0,0,0,0,1,0,0,144,106,142,107,97,56,26,23,20,6,8,32,31,20,0,0,0,0,0,0,0,0,0,0,0,2,0,0,254,139,145,126,133,168,131,135,147,125,125,153,143,130,53,0,1,0,0,0,0,0,0,0,0,1,0,3,94,121,182,101,122,116,106,112,113,105,95,96,96,112,45,0,0,0,0,0,0,0,0,0,0,1,0,0,67,136,145,106,131,125,120,128,122,112,123,130,114,155,62,0,0,0,0,0,0,0,0,0,0,2,0,27,141,145,140,139,128,131,135,138,127,128,125,136,130,105,81,0,0,0,0,0,0,0,0,0,0,2,0,2,143,166,153,130,153,149,132,125,126,121,103,125,138,115,129,6,0,0,0,0,0,0,0,0,1,0,3,97,134,145,124,116,136,127,141,145,140,128,132,138,130,110,129,57,0,0,0,0,0,0,0,0,1,0,0,125,161,171,116,138,122,131,120,129,109,127,140,124,111,123,116,114,0,1,0,0,0,0,0,0,0,0,0,75,169,163,93,130,143,128,103,126,130,139,128,101,95,111,108,116,20,0,0,0,0,0,0,0,1,0,12,146,123,88,133,130,132,122,126,124,139,112,106,111,120,114,116,106,36,0,0,0,0,0,0,0,0,0,29,220,186,73,148,132,115,125,140,129,109,111,116,122,129,129,106,113,37,2,0,0,0,0,0,2,0,0,118,121,71,126,142,119,126,136,140,133,108,118,122,129,128,112,91,112,18,1,1,1,1,1,1,0,0,0,187,128,76,172,116,111,127,142,132,136,107,108,120,110,96,128,130,123,0,0,0,0,0,0,0,0,16,31,37,86,139,118,109,124,121,128,131,125,132,147,158,148,161,159,154,99,0,0,22,29,33,27,23,45,56,66,103,110,106,92,122,138,145,119,109,133,121,74,144,183,153,142,153,68,0,26,119,56,35,47,33,35,36,68,91,95,101,122,132,139,132,120,132,45,0,0,21,186,141,140,155,25,0,53,141,112,60,47,41,56,89,88,86,104,106,132,141,111,125,122,10,0,1,0,14,183,141,141,136,0,0,6,123,147,136,107,83,88,102,101,115,123,120,139,128,125,111,0,0,0,1,0,10,148,141,143,93,0,0,0,0,44,130,139,144,143,127,105,106,104,113,127,144,104,0,0,2,0,1,0,2,157,148,151,51,0,0,0,0,0,0,38,87,134,157,165,159,147,136,131,91,0,0,0,0,0,1,0,1,140,105,101,2,0,1,0,0,0,0,0,0,0,0,36,65,44,74,18,0,0,0,0,0,0,0,0,0,0,0,0,0,0,0,0,0,0,0,0,0,0,0,0,0,0,0,0,0,0,0,0,0,0,0,0,0,0,0,0,0,0,0,0,0,0,0,0,0,0,0,0,0,0,0,0,0,0,0,0,0,0,0,0,0,0,0,0,0,0,0,6
0,0,0,0,0,0,0,0,0,0,0,0,0,0,0,0,0,0,0,0,0,0,0,0,0,0,0,0,0,0,0,0,0,0,0,0,0,0,0,0,0,0,0,0,0,0,0,0,0,0,0,0,0,0,0,0,0,0,0,0,0,0,0,0,0,0,0,0,3,0,43,133,111,125,155,176,157,145,128,117,159,95,0,3,0,0,0,0,0,0,0,0,0,0,0,0,6,0,108,209,198,216,202,219,240,255,233,202,213,100,0,5,0,0,0,0,0,0,0,0,0,0,0,1,0,0,144,193,180,182,185,212,206,218,191,192,194,21,0,4,0,0,0,0,0,0,0,0,0,0,0,3,0,0,194,188,181,190,193,220,215,220,195,195,227,16,0,1,0,0,0,0,0,0,0,0,0,0,0,5,0,54,191,187,188,185,191,229,226,210,188,191,231,54,0,0,0,0,0,0,0,0,0,0,0,1,0,3,0,124,198,187,192,184,203,229,221,203,196,187,204,137,0,0,0,0,0,0,0,0,0,0,0,0,3,0,0,195,194,181,192,185,207,224,216,229,216,195,211,200,0,0,0,0,0,0,0,0,0,0,0,0,6,0,62,195,188,189,193,200,222,236,224,238,227,210,208,209,70,0,0,0,0,0,0,0,0,0,0,0,1,0,159,200,187,185,197,220,222,231,234,225,220,206,211,214,173,0,0,0,0,0,0,0,0,0,0,4,0,17,186,190,185,192,212,222,218,220,228,230,218,204,218,210,213,19,0,0,0,0,0,0,0,0,0,6,0,90,196,185,183,190,210,222,223,220,223,217,210,219,211,194,218,48,0,0,0,0,0,0,0,0,1,0,0,171,192,177,182,196,209,221,220,217,218,209,220,240,225,190,220,75,0,0,0,0,0,0,0,0,4,0,30,205,188,181,184,207,214,219,216,218,213,222,221,203,190,175,211,69,0,0,0,0,0,0,0,0,0,0,109,187,194,181,190,216,221,223,220,229,228,191,178,173,181,189,234,76,0,0,0,0,1,0,1,6,0,19,182,189,182,182,214,223,232,230,223,211,180,199,199,203,231,209,230,73,0,0,3,6,7,10,4,0,0,136,193,188,177,214,230,226,227,212,189,176,245,140,208,242,217,203,227,71,2,0,0,0,0,0,0,0,117,197,195,173,200,235,235,226,208,182,188,251,60,0,218,226,216,204,227,72,0,0,0,59,88,75,86,153,181,179,167,201,233,216,230,208,180,183,255,56,0,0,254,223,216,201,229,71,0,103,139,138,134,127,138,142,150,167,198,223,224,224,211,191,181,255,60,0,0,0,255,219,216,192,229,72,107,203,173,165,143,140,148,184,202,210,224,219,212,222,202,189,252,77,0,1,0,16,221,215,215,193,230,75,42,175,200,201,204,205,215,225,224,220,217,219,221,206,188,206,71,0,0,1,0,41,221,209,211,198,228,68,0,0,64,143,170,190,202,205,206,209,208,202,194,192,206,79,0,7,0,4,0,70,224,204,204,192,202,68,3,0,0,0,0,42,109,165,190,212,224,221,225,192,40,0,8,2,0,7,0,120,236,213,220,214,255,80,0,2,5,0,0,0,0,0,0,0,28,31,1,0,0,0,0,0,0,4,0,31,67,42,53,49,45,0,0,0,0,0,0,0,0,0,0,0,0,0,0,0,0,0,0,0,0,0,0,0,0,0,0,0,0,0,0,0,0,0,0,0,0,0,0,0,0,0,0,0,0,0,0,0,0,0,0,0,0,0,0,0,0,0,6
0,0,0,0,0,0,0,1,0,0,21,0,0,0,0,0,0,0,0,0,0,0,0,0,0,0,0,0,0,0,0,0,0,0,0,5,0,41,234,236,164,96,89,36,74,107,128,150,167,180,182,149,128,40,0,0,0,0,0,0,0,0,0,1,0,0,33,14,202,254,242,246,255,250,246,244,246,237,230,230,254,146,0,0,0,0,0,0,0,0,0,0,0,0,0,0,191,250,238,239,228,216,214,215,227,216,233,229,229,90,0,0,0,0,0,0,0,0,0,0,0,2,0,0,255,249,242,241,231,239,233,231,236,233,228,216,237,73,0,0,0,0,0,0,0,0,0,0,0,3,0,9,218,249,241,249,231,228,230,237,222,221,223,212,255,33,0,0,0,0,0,0,0,0,0,0,0,4,0,24,197,255,243,245,242,237,230,230,231,225,219,219,238,0,0,0,0,0,0,0,0,0,0,0,0,0,0,64,175,239,250,241,237,231,230,236,239,231,212,229,232,0,0,0,0,0,0,0,0,0,0,0,0,0,0,152,249,254,244,245,244,231,228,229,224,224,212,245,172,0,0,0,0,0,0,0,0,0,0,0,1,0,0,255,244,237,233,234,235,235,235,214,218,227,213,255,146,0,0,0,0,0,0,0,0,0,0,0,2,0,4,163,230,241,238,238,237,248,231,213,220,230,237,220,248,0,0,0,0,0,0,0,0,0,0,0,3,0,58,233,235,225,246,250,253,238,219,222,227,234,225,205,245,116,0,0,0,0,0,0,0,0,0,0,2,0,58,255,233,241,246,249,241,234,224,217,216,231,214,240,224,236,0,0,0,0,0,0,0,0,0,0,1,0,94,237,216,247,230,244,233,225,236,227,234,240,247,239,201,255,46,0,0,0,0,0,0,0,0,0,0,0,180,242,222,240,236,238,238,218,212,233,234,229,235,230,203,255,83,0,0,0,0,0,0,0,0,0,0,0,235,239,230,243,231,227,234,206,221,234,236,234,242,217,213,252,108,0,0,0,0,0,0,0,1,2,0,0,234,230,219,210,214,232,230,238,239,229,224,234,227,214,216,255,100,0,0,0,0,0,0,0,0,2,0,73,255,227,237,229,226,234,234,238,226,215,217,234,219,199,217,255,101,0,0,0,0,0,0,0,0,0,0,122,239,226,243,237,230,221,221,218,227,225,222,230,233,226,224,255,91,0,0,0,0,0,0,0,0,0,0,232,239,226,241,229,227,223,216,228,223,237,255,215,247,215,226,255,87,0,0,1,2,5,1,5,3,0,0,233,249,232,234,238,240,225,237,223,238,255,34,91,255,219,232,255,70,0,0,0,0,0,0,0,0,0,183,240,227,241,231,233,248,233,222,255,248,30,0,134,255,223,228,255,68,0,0,0,0,42,55,78,145,242,243,228,231,238,240,219,220,216,255,191,0,0,0,130,255,227,227,255,69,0,0,12,195,230,227,239,255,220,227,233,237,229,230,236,218,234,244,0,0,5,0,121,252,228,227,255,71,0,0,149,249,209,226,223,226,230,229,240,240,233,228,225,227,255,18,0,1,2,0,118,250,230,232,255,67,0,0,48,202,245,241,235,233,230,230,222,216,227,223,224,255,99,0,0,0,4,0,136,247,218,226,255,60,0,0,0,0,91,190,254,255,255,255,255,255,255,255,255,134,0,0,0,0,4,0,107,253,229,237,255,69,0,0,0,0,0,0,0,0,37,66,98,130,145,130,45,0,0,0,0,0,4,0,9,143,120,110,99,0,0,6
0,0,0,0,0,0,0,0,0,0,0,0,0,0,0,0,0,0,0,0,0,0,0,0,0,0,0,0,0,0,0,0,0,0,0,0,0,0,0,0,0,0,0,0,0,0,0,0,0,0,0,0,0,0,0,0,0,0,0,0,0,0,0,0,0,0,0,0,0,0,0,0,0,0,0,0,0,0,0,0,0,0,0,0,0,0,0,0,0,0,0,0,0,0,0,0,0,0,0,0,0,0,0,0,0,0,0,0,0,0,0,0,0,0,0,0,0,0,0,0,0,0,0,0,0,0,0,0,0,19,0,0,77,62,52,39,15,0,0,0,0,0,0,0,0,0,0,0,0,0,0,0,0,0,1,0,23,247,124,167,255,255,255,255,211,193,201,0,0,0,0,0,0,0,0,0,0,0,0,0,0,4,0,7,189,198,194,218,211,216,211,212,208,216,210,0,0,0,0,0,0,0,0,0,0,0,0,0,0,2,0,106,222,176,219,219,211,214,215,215,212,214,164,0,0,0,0,0,0,0,0,0,0,0,0,0,0,1,0,100,227,118,201,223,216,211,214,214,200,226,152,0,0,0,0,0,0,0,0,0,0,0,0,0,0,0,0,171,229,167,208,216,219,215,213,211,202,226,145,0,0,0,0,0,0,0,0,0,0,0,0,0,0,0,0,234,212,172,230,216,216,218,215,208,195,216,126,0,0,0,0,0,0,0,0,0,0,0,0,0,0,0,57,255,182,177,222,215,217,220,218,216,200,217,135,0,0,0,0,0,0,0,0,0,0,1,0,0,0,0,200,231,168,207,215,219,219,216,218,220,204,223,147,0,0,0,0,0,0,0,0,0,0,0,0,0,0,125,238,224,171,218,201,213,212,210,217,217,202,222,155,0,0,0,0,0,0,0,0,0,0,0,0,0,85,234,234,169,185,195,207,214,215,213,213,220,200,227,197,0,0,0,0,0,0,0,0,0,0,0,0,103,230,222,169,170,205,201,215,213,215,215,213,216,193,194,243,0,0,0,0,0,0,0,2,0,0,0,43,235,216,219,166,195,193,209,210,211,213,209,221,226,217,214,253,58,0,2,3,4,0,0,0,0,0,91,194,97,241,255,245,208,207,205,211,198,201,195,225,255,255,242,242,109,0,0,0,0,0,0,0,83,167,208,184,187,208,191,190,203,208,207,192,207,209,206,254,255,235,198,232,104,0,0,94,102,95,95,141,209,197,185,194,206,189,195,202,198,192,188,205,216,208,209,214,205,184,185,223,57,0,93,219,220,212,193,175,164,175,187,195,197,203,194,193,199,206,204,209,208,212,189,174,183,195,204,234,87,15,164,192,186,222,254,237,198,176,176,186,185,195,198,193,208,222,227,255,247,220,209,210,213,215,195,219,140,61,188,201,204,200,207,212,207,210,202,204,206,213,218,221,254,226,180,153,108,228,222,220,222,219,207,209,159,0,17,60,115,163,190,210,230,235,245,252,246,248,212,102,9,0,0,0,0,244,233,241,249,248,225,222,156,0,0,0,0,0,0,0,1,10,50,46,28,17,0,0,0,0,2,0,0,65,52,16,0,0,0,0,0,0,0,0,0,0,0,0,0,0,0,0,0,0,0,0,0,0,0,0,0,0,0,0,0,0,0,0,0,0,0,0,0,0,0,0,0,0,0,0,0,0,0,0,0,0,0,0,0,0,0,0,0,0,0,0,0,0,0,0,0,0,0,0,0,0,0,0,0,0,0,0,0,0,0,0,0,0,0,0,0,0,0,0,0,6
0,0,0,0,0,0,0,0,0,0,0,0,0,0,0,0,0,0,0,0,0,0,0,0,0,0,0,0,0,0,0,0,0,0,0,0,0,0,0,0,0,0,0,0,0,0,0,0,0,0,0,0,0,0,0,0,0,0,0,0,0,0,0,0,0,0,0,0,0,0,0,0,0,0,0,0,0,0,0,0,0,0,0,0,0,0,0,0,0,0,0,0,0,0,0,3,0,51,72,46,51,57,57,0,0,0,0,0,0,0,2,0,0,0,0,0,0,0,0,0,0,0,0,5,0,195,227,213,223,226,232,254,198,131,77,56,33,15,0,0,0,0,0,0,0,0,0,0,0,0,1,3,0,150,214,205,211,206,210,226,235,238,242,233,235,217,29,0,0,0,0,0,0,0,0,0,0,0,4,0,0,192,218,214,209,211,206,223,225,218,215,217,210,216,129,20,0,0,0,0,0,0,0,0,0,1,6,0,81,240,214,212,218,213,208,228,232,223,223,220,221,197,93,37,0,0,0,0,0,0,0,0,1,2,1,0,0,179,222,209,213,213,205,223,231,225,228,218,216,225,150,0,0,0,0,0,0,0,0,0,0,0,6,0,53,228,214,215,210,213,207,206,216,209,215,215,224,213,0,0,0,0,0,0,0,0,0,0,2,0,5,0,9,210,214,217,213,216,211,204,206,203,204,204,223,101,0,0,0,0,0,0,0,0,0,0,0,2,4,0,0,200,221,211,211,210,205,207,208,210,221,205,220,62,0,1,0,0,0,0,0,0,0,0,0,0,3,0,59,224,210,220,206,207,204,204,208,207,208,201,221,63,0,0,0,0,0,0,0,0,0,0,0,3,0,0,150,234,207,198,210,207,206,205,208,207,207,202,225,126,0,0,0,0,0,0,0,0,0,0,0,1,0,46,192,200,210,206,204,202,206,205,205,206,207,202,212,203,0,0,0,0,0,0,0,0,0,0,4,0,1,255,219,203,194,210,207,204,206,207,201,200,198,205,208,217,25,0,0,0,0,0,0,0,0,0,0,0,119,208,206,213,206,203,199,198,198,203,204,214,228,229,207,219,127,0,0,2,4,7,6,6,5,0,0,97,198,196,206,213,203,202,212,215,224,224,210,190,172,159,154,180,128,0,0,0,0,0,0,0,0,0,36,241,197,203,214,221,224,217,198,182,166,148,145,157,180,199,206,220,243,0,0,0,83,100,62,66,107,159,154,109,154,165,178,169,169,167,168,175,187,200,216,224,224,222,218,219,214,35,0,177,165,173,193,185,186,190,163,152,176,197,206,215,216,224,224,216,223,230,234,236,237,217,200,170,154,48,25,158,174,169,169,179,176,165,173,187,201,206,206,203,209,221,235,233,222,206,173,147,118,122,116,126,198,60,129,182,130,160,193,206,230,216,225,225,224,222,236,240,222,191,157,126,113,131,145,157,183,209,231,216,230,0,0,173,210,178,157,126,160,191,194,200,195,179,155,118,118,142,193,211,239,237,225,215,206,187,176,179,175,0,0,0,67,186,255,217,178,143,151,124,136,147,185,234,242,215,139,3,101,230,169,163,177,186,190,214,198,0,0,0,0,0,13,88,175,203,223,212,227,209,160,85,18,0,0,0,0,214,216,193,185,200,175,162,71,0,0,0,0,0,0,0,0,0,0,0,0,0,0,0,0,0,0,0,0,0,0,0,0,0,0,0,0,0,0,0,0,0,0,0,0,0,0,0,0,0,0,0,0,0,0,0,0,0,0,0,0,0,0,0,0,0,6
0,0,0,0,0,0,0,0,0,0,0,0,0,0,0,0,0,0,0,0,0,0,0,0,0,0,0,0,0,0,0,0,0,0,0,0,0,0,0,0,0,0,0,0,0,0,0,0,0,0,0,0,0,0,0,0,0,0,0,0,0,0,0,0,0,0,0,0,0,0,0,0,0,0,0,0,0,0,0,0,0,0,0,0,0,0,0,0,0,0,0,0,0,0,0,0,0,0,0,0,0,0,0,0,0,0,0,0,0,0,0,0,0,0,0,0,0,0,0,0,0,0,0,0,0,0,0,0,0,0,0,0,0,0,0,0,0,0,0,0,0,0,0,0,0,0,0,0,0,0,0,0,0,0,0,0,0,0,0,0,0,0,2,0,0,92,6,0,0,0,0,0,0,0,0,0,0,0,0,0,0,0,0,4,6,5,1,2,3,1,1,0,5,128,61,0,0,0,0,0,0,0,0,0,0,0,0,0,0,0,0,0,0,0,0,0,0,0,0,0,32,156,0,0,0,0,0,0,0,0,0,0,0,0,0,0,0,2,0,35,75,52,0,0,0,0,149,208,217,127,0,0,0,0,0,0,0,0,0,0,0,0,0,0,1,0,0,172,219,216,173,218,253,221,236,201,209,123,0,0,0,0,0,0,0,0,0,0,0,0,0,0,4,0,13,195,182,212,229,227,224,224,221,194,201,103,0,0,0,0,0,0,0,0,0,0,0,0,0,0,2,0,93,192,188,214,211,207,223,225,226,196,202,91,0,0,0,0,0,0,0,0,0,0,0,1,0,1,0,0,198,193,210,222,214,223,226,224,224,194,206,140,0,0,0,0,0,0,0,0,0,0,0,2,5,0,0,138,211,171,212,218,221,226,226,222,225,207,194,246,16,0,0,0,1,5,5,6,9,5,0,0,0,0,146,216,167,170,211,227,223,224,223,225,235,212,201,211,99,0,0,3,0,0,0,0,0,0,0,0,73,196,193,164,161,196,222,220,225,232,233,230,207,200,208,206,192,0,0,0,0,28,66,83,99,127,180,229,228,161,80,83,163,216,225,222,225,222,209,192,202,199,216,206,222,0,0,65,167,166,179,128,126,151,124,67,91,100,145,164,221,225,225,230,219,221,223,214,222,225,225,207,220,3,0,170,183,85,108,147,158,167,169,169,202,222,237,238,227,217,229,227,233,236,237,246,250,255,242,216,208,0,122,184,154,169,216,230,225,213,212,221,224,223,227,232,232,224,221,207,200,187,183,170,152,139,148,131,137,2,0,122,171,188,173,176,181,183,192,197,203,200,202,197,184,174,170,181,192,167,150,149,155,160,163,170,203,56,0,0,0,64,153,202,220,205,183,172,172,177,179,195,206,205,189,156,126,190,220,201,201,205,211,189,240,69,0,0,0,0,0,0,23,70,118,145,156,150,133,93,42,0,0,0,0,0,198,176,166,164,143,131,107,1,0,0,0,0,0,0,0,0,0,0,0,0,0,0,0,0,0,0,0,0,0,0,0,0,0,0,0,0,0,0,0,0,0,0,0,0,0,0,0,0,0,0,0,0,0,0,0,0,0,0,0,0,0,0,0,0,0,0,0,0,0,0,0,0,0,0,0,0,0,0,0,0,0,0,0,0,0,0,0,0,0,0,0,0,0,0,0,0,0,0,0,0,0,0,0,0,0,0,0,0,0,0,0,0,0,0,0,0,0,0,0,0,0,0,0,0,0,0,0,0,0,0,0,0,0,0,0,0,0,0,0,0,0,0,0,0,0,0,0,0,6
0,0,0,0,0,0,0,0,0,0,0,0,0,0,0,0,0,0,0,0,0,0,0,0,0,0,0,0,0,0,0,0,0,0,0,0,0,0,0,0,0,0,0,0,0,0,0,0,0,0,0,0,0,0,0,0,0,0,0,0,0,0,0,0,0,0,0,0,0,0,0,0,0,0,0,0,0,0,0,0,0,0,0,0,0,0,0,0,0,0,0,0,0,0,0,0,0,0,0,0,0,0,0,0,0,0,0,0,0,0,0,0,0,0,0,0,0,0,0,0,0,3,1,0,1,1,1,0,0,53,154,114,124,117,104,104,109,37,0,0,0,0,0,0,0,0,0,0,0,0,0,0,0,0,0,0,0,138,255,245,253,248,240,216,230,179,0,0,0,0,0,0,0,0,0,0,0,0,3,0,0,153,174,195,221,227,215,210,196,196,205,198,199,198,0,0,0,0,0,0,0,0,0,0,0,1,6,0,0,220,229,219,229,227,222,218,209,191,218,217,203,210,8,0,0,0,0,0,0,0,0,0,0,0,4,0,6,215,209,215,213,219,233,226,204,222,222,190,191,215,127,0,0,0,0,0,0,0,0,0,0,0,3,0,65,230,219,227,207,219,230,219,222,206,170,169,193,189,217,0,0,0,0,0,0,0,0,0,0,0,0,0,125,231,217,223,213,222,224,227,192,187,169,166,168,169,238,77,0,0,0,0,0,0,0,0,0,2,0,0,188,229,209,213,215,218,224,228,205,179,163,154,148,179,231,151,0,0,0,0,0,0,1,0,0,5,0,6,243,217,212,216,222,219,226,216,190,153,141,157,201,198,198,179,0,0,0,0,0,0,0,1,0,12,0,98,224,211,218,228,229,221,223,221,187,164,190,212,230,200,212,174,0,0,0,0,0,0,0,0,0,0,0,182,210,209,214,214,214,214,216,215,194,207,197,191,190,188,228,138,0,0,0,0,0,0,0,0,1,0,60,250,180,196,198,203,205,214,221,218,213,186,202,252,235,191,230,92,0,0,0,0,2,1,0,0,0,0,181,206,191,212,217,216,215,219,219,215,208,253,185,67,101,194,212,54,1,0,0,0,0,0,0,1,0,54,241,179,212,211,216,217,217,223,216,213,255,117,0,0,0,176,217,25,0,0,0,0,0,3,0,0,0,212,211,193,214,211,213,215,216,217,222,245,71,0,0,6,0,161,215,0,0,0,4,0,0,0,0,16,199,232,197,214,218,212,216,215,211,217,252,57,0,0,0,0,0,129,218,0,4,0,0,0,0,26,145,238,213,195,208,211,208,215,215,219,209,255,82,0,0,0,0,3,0,126,200,0,0,0,27,109,179,192,208,194,195,202,202,208,218,210,225,206,231,120,0,0,1,0,1,1,0,125,200,0,24,175,210,205,200,194,188,191,194,190,193,200,208,212,205,243,175,0,0,1,0,0,0,3,0,124,198,0,59,189,181,198,210,218,222,252,251,252,253,254,252,253,255,175,0,0,0,0,2,2,0,7,0,123,190,0,0,0,0,0,3,28,52,66,72,100,111,115,104,90,42,0,0,1,0,0,1,1,1,6,0,111,159,0,0,0,0,0,0,0,0,0,0,0,0,0,0,0,0,0,0,0,0,0,0,0,0,0,0,0,0,0,0,0,0,0,0,0,0,0,0,0,0,0,0,0,0,0,0,0,0,0,0,0,0,0,0,0,0,0,0,0,0,0,0,0,0,0,0,0,0,0,0,0,0,0,0,0,0,0,0,0,0,0,0,0,0,0,6
0,0,0,0,0,0,0,0,0,0,0,0,0,0,0,0,0,0,0,0,0,0,0,0,0,0,0,0,0,0,0,0,0,0,0,0,0,0,0,0,0,0,0,0,0,0,0,0,0,0,0,0,0,0,0,0,0,0,0,0,0,0,0,0,0,0,0,0,0,0,0,0,0,0,0,0,0,0,0,0,0,0,0,0,0,0,0,0,0,0,0,0,0,0,0,0,0,0,0,0,0,0,0,0,0,0,0,0,0,0,0,0,0,0,0,0,0,0,0,0,0,0,0,0,0,0,0,0,0,0,0,0,0,0,0,0,0,0,0,0,0,0,0,0,0,0,0,0,0,0,0,0,0,0,7,1,4,1,0,0,1,1,7,0,36,167,0,0,0,0,0,0,0,0,0,0,0,0,0,0,0,0,0,0,0,0,0,0,0,0,0,0,0,255,66,0,0,0,0,0,0,0,0,0,0,0,0,1,0,0,70,95,39,0,0,0,46,128,130,96,1,167,59,0,0,0,0,0,0,0,0,0,0,2,0,3,0,47,210,203,182,135,76,100,249,224,221,227,215,190,0,0,0,0,0,0,0,0,0,0,0,1,0,2,0,96,209,186,195,133,47,219,204,144,162,204,199,197,1,0,0,0,0,0,0,0,0,0,0,0,0,0,0,150,196,186,199,152,47,222,199,148,200,197,195,225,0,0,0,0,0,0,0,0,0,0,0,0,1,0,0,208,188,208,228,155,77,211,199,228,229,190,192,194,0,0,0,0,0,0,0,0,0,0,0,0,0,0,147,199,204,116,65,83,86,99,102,97,182,221,192,217,0,0,1,0,0,0,1,1,2,1,0,0,0,114,221,192,148,40,81,87,96,98,96,82,83,213,192,241,54,0,0,0,3,2,0,0,0,0,0,19,131,212,171,211,87,42,91,92,98,104,105,106,71,179,197,207,139,0,0,0,0,0,0,0,0,36,137,194,198,196,187,208,115,43,83,93,100,104,103,102,71,189,201,204,203,0,0,0,0,29,85,174,203,210,223,179,174,186,194,198,207,94,100,108,106,109,109,84,115,220,210,206,230,0,0,80,204,176,177,206,200,178,181,185,184,183,196,197,222,143,81,103,100,114,95,96,194,213,209,193,229,31,18,150,187,197,177,185,167,178,187,194,193,180,182,188,204,216,102,83,100,78,92,192,195,185,200,193,242,41,76,94,80,164,196,225,202,209,209,211,210,196,189,198,208,221,226,208,213,201,229,226,210,224,235,221,242,35,11,129,133,82,105,144,149,162,177,184,194,201,207,204,207,208,211,217,225,227,211,194,184,165,144,121,123,14,0,1,89,151,148,137,137,130,122,114,111,108,104,104,102,109,111,116,120,118,118,120,121,124,135,129,152,42,0,0,0,14,88,120,142,161,169,172,169,167,166,167,167,165,165,165,167,166,165,169,172,164,158,145,116,12,0,0,0,0,0,0,1,21,33,43,49,62,71,72,71,72,71,72,71,67,62,59,41,22,8,1,0,0,0,0,0,0,0,0,0,0,0,0,0,0,0,0,0,0,0,0,0,0,0,0,0,0,0,0,0,0,0,0,0,0,0,0,0,0,0,0,0,0,0,0,0,0,0,0,0,0,0,0,0,0,0,0,0,0,0,0,0,0,0,0,0,0,0,0,0,0,0,0,0,0,0,0,0,0,0,0,0,0,0,0,0,0,0,0,0,0,0,0,0,0,0,0,0,0,0,0,0,0,0,0,0,0,0,0,0,0,0,0,0,0,6
0,0,0,0,0,0,0,0,0,0,0,0,0,0,0,0,0,0,0,0,0,0,0,0,0,0,0,0,0,0,0,0,0,0,0,0,0,0,0,0,0,0,0,0,0,0,0,0,0,0,0,0,0,0,0,0,0,0,0,0,0,0,0,0,0,0,0,0,3,0,41,144,97,95,63,36,1,0,0,0,0,0,0,0,0,0,0,0,0,0,0,0,0,0,0,0,1,0,127,243,231,255,255,255,255,255,249,252,199,200,169,0,0,0,0,0,0,0,0,0,0,0,0,0,0,0,135,233,216,223,229,226,234,238,240,236,228,255,122,0,0,0,0,0,0,0,0,0,0,0,0,0,0,0,174,237,219,234,237,233,228,241,235,234,221,236,42,0,0,0,0,0,0,0,0,0,0,0,0,2,0,0,225,231,228,236,235,237,229,237,233,229,225,255,27,0,0,0,0,0,0,0,0,0,1,1,0,5,0,0,255,231,235,238,237,239,237,238,233,227,221,255,34,0,0,0,0,0,0,0,0,0,0,0,0,1,0,75,255,224,238,236,239,237,238,236,237,234,213,255,55,0,0,0,0,0,0,0,0,0,0,0,0,0,0,192,242,223,238,234,239,237,236,234,239,231,214,248,116,0,0,0,0,0,0,0,0,0,0,0,2,0,1,255,232,234,233,240,240,237,237,233,230,233,223,239,193,0,0,0,0,0,0,0,0,0,0,0,1,0,132,248,233,240,242,239,244,240,239,235,233,233,225,231,250,0,0,0,0,0,0,0,0,0,0,1,0,0,242,241,234,237,240,239,243,240,241,238,232,231,230,222,255,50,0,0,0,0,0,0,0,0,0,1,0,100,250,232,239,238,240,242,242,237,238,239,230,230,232,221,255,76,0,0,0,0,0,0,0,0,1,0,0,242,241,238,237,238,239,242,240,236,235,239,230,230,233,223,255,124,0,0,0,0,0,0,0,0,0,0,94,255,225,237,237,236,236,239,236,239,235,234,234,232,234,221,255,112,1,0,0,1,2,0,0,1,0,0,254,239,232,231,237,233,235,241,233,242,235,238,236,231,229,219,255,64,4,0,0,0,0,0,0,0,0,168,255,224,238,241,239,234,236,240,234,244,241,226,229,231,232,227,255,49,0,0,0,5,1,5,0,0,75,255,230,232,243,235,236,236,238,232,234,231,236,255,246,238,242,234,255,30,0,3,0,0,0,0,0,83,255,243,224,231,232,229,229,235,241,236,224,255,255,147,211,255,237,237,255,0,0,0,0,14,90,132,212,255,235,224,224,236,230,235,233,240,233,232,255,202,110,0,103,255,234,240,255,0,0,54,214,227,231,255,248,221,219,229,234,235,234,234,238,233,239,255,107,0,0,0,119,255,233,239,255,0,84,236,236,219,224,222,219,225,228,233,236,239,236,241,232,238,255,44,0,0,6,0,112,255,231,242,236,0,134,255,227,228,226,229,234,233,231,238,238,239,240,231,241,255,12,0,1,0,6,0,107,255,229,246,212,0,0,168,227,249,247,240,238,233,226,228,226,233,233,251,255,10,0,0,0,1,5,0,111,255,224,248,203,0,0,0,0,70,170,234,255,255,255,255,255,255,255,237,3,0,0,0,0,0,9,0,96,255,238,255,161,0,0,0,0,0,0,0,0,36,67,101,123,104,51,0,0,0,0,0,0,0,3,0,0,109,110,89,0,0,0,0,0,0,0,0,0,0,0,0,0,0,0,0,0,0,0,0,0,0,0,0,0,0,0,0,0,0,6
0,0,0,0,0,0,0,0,0,0,0,0,0,0,0,0,0,0,0,0,0,0,0,0,0,0,0,0,0,0,0,0,0,0,0,0,0,0,0,0,0,0,0,0,0,0,0,0,0,0,0,0,0,0,0,0,0,0,0,0,0,0,0,0,0,0,0,0,0,0,0,0,0,0,0,0,0,0,0,0,0,0,0,0,0,0,0,0,0,0,0,0,0,0,0,0,2,0,0,1,0,5,8,2,1,0,136,153,0,1,1,0,0,0,0,0,0,0,0,0,0,1,1,1,0,1,0,1,4,5,7,0,21,151,199,120,0,0,1,0,0,0,0,0,0,0,0,0,0,1,1,1,2,0,1,0,0,0,0,0,201,196,43,0,1,0,0,0,0,0,0,0,0,0,0,0,0,1,1,0,0,0,0,2,109,103,0,148,214,52,0,2,2,1,0,0,0,0,0,0,0,0,0,0,0,2,0,59,144,161,192,206,209,199,187,198,214,74,0,0,2,4,4,1,0,0,0,0,0,0,0,0,0,4,0,53,145,97,80,62,72,45,189,204,177,134,0,2,0,0,0,0,0,0,0,0,0,0,0,0,0,2,1,0,0,0,0,0,0,0,208,212,0,0,0,0,0,4,107,75,0,0,0,0,0,0,0,0,0,0,0,2,8,5,4,2,0,34,214,221,0,0,0,32,141,189,214,129,0,0,0,0,0,0,0,0,0,0,2,2,0,0,0,4,0,40,217,186,0,0,136,237,218,195,192,84,1,0,0,0,0,0,0,0,0,1,2,1,1,4,1,4,0,49,211,193,68,243,255,189,198,186,214,77,0,0,0,0,0,0,0,0,0,0,1,1,0,0,0,2,0,40,206,187,230,240,1,131,215,187,214,72,0,1,1,0,1,0,1,2,2,1,1,4,1,4,1,1,1,7,190,215,196,0,0,180,205,187,218,64,0,0,0,1,2,0,0,0,0,1,2,7,0,0,0,0,0,118,224,189,0,0,0,183,199,186,221,59,4,0,1,1,0,0,18,46,0,0,0,0,2,2,5,0,78,230,160,1,0,1,0,195,192,187,220,58,1,1,0,0,20,74,132,161,163,125,46,0,0,0,0,34,208,166,1,0,2,0,0,196,190,185,217,52,1,5,0,67,136,148,145,136,157,173,179,123,39,0,0,171,187,10,0,2,0,1,0,205,190,186,212,49,0,0,0,106,180,153,166,166,169,177,174,177,113,7,136,222,61,0,5,0,2,1,0,211,189,185,212,51,18,29,0,87,193,166,170,174,179,177,189,214,198,154,215,198,0,2,0,1,4,0,0,218,189,185,215,53,112,220,163,170,189,170,166,171,177,182,174,187,199,198,211,69,0,4,0,0,2,0,11,224,192,183,220,55,26,185,182,183,190,196,205,205,202,215,205,204,189,201,190,0,1,2,0,0,1,0,18,187,190,186,212,62,0,118,177,193,187,187,179,182,198,193,183,185,186,252,52,0,4,0,0,0,2,0,27,198,187,189,218,64,0,0,7,90,185,218,236,227,217,199,204,220,249,104,0,2,4,0,0,0,1,0,24,244,190,187,236,77,0,0,0,0,0,0,59,94,125,166,161,136,34,0,1,1,4,2,0,0,1,0,0,62,59,48,55,1,0,0,0,0,0,0,0,0,0,0,0,0,0,0,0,0,0,0,0,0,0,0,0,0,0,0,0,0,0,0,0,0,0,0,0,0,0,0,0,0,0,0,0,0,0,0,0,0,0,0,0,0,0,0,0,0,6
0,0,0,0,0,0,0,0,0,0,0,0,0,0,0,0,0,0,0,2,1,0,15,32,0,3,0,0,0,0,0,0,0,0,0,0,0,0,0,0,0,0,0,0,0,0,0,0,0,0,138,131,0,8,0,0,0,0,0,0,0,0,0,0,0,0,0,0,0,0,0,0,0,0,0,1,151,131,196,162,0,0,1,0,0,0,0,0,0,0,0,0,0,0,0,0,0,0,0,5,0,0,0,207,238,179,219,188,11,0,3,0,0,0,0,0,0,0,0,0,0,0,0,1,3,10,3,0,0,0,0,157,174,0,111,232,99,0,0,0,0,0,0,0,0,0,0,0,0,2,4,0,0,0,0,59,191,255,208,183,255,63,0,173,240,0,0,0,0,0,0,0,0,0,0,0,3,0,0,0,37,41,52,209,221,104,88,158,203,249,147,34,221,118,0,0,0,0,0,0,0,2,0,5,0,0,120,151,72,216,233,131,0,31,160,200,197,207,235,206,196,196,41,0,0,0,0,0,0,0,1,0,30,157,86,0,134,138,219,174,189,234,138,175,187,202,212,208,206,197,169,0,0,0,0,0,1,1,0,23,112,2,0,118,169,37,234,253,241,201,0,210,79,26,254,61,206,200,185,47,0,0,0,0,1,0,5,71,0,0,67,211,40,202,153,0,17,173,232,234,3,0,255,0,74,219,193,119,0,0,0,0,3,0,38,34,0,56,112,110,18,255,166,103,128,67,124,255,69,30,255,0,19,224,201,151,0,0,0,0,2,0,68,2,0,133,46,138,104,255,184,126,178,227,208,234,118,174,123,0,137,214,205,147,0,0,0,0,2,0,74,0,130,10,132,182,211,55,0,109,186,209,174,246,218,242,55,167,212,199,190,29,0,0,0,0,3,0,27,138,46,29,183,155,191,181,237,250,185,165,193,0,197,207,203,218,185,196,109,0,0,0,0,0,0,4,0,152,87,120,37,175,206,255,0,169,100,44,255,0,197,219,213,182,187,189,4,0,0,0,0,0,3,0,0,79,143,2,110,246,80,145,205,231,107,104,216,208,255,105,110,189,201,156,0,0,0,0,0,0,1,4,0,37,40,0,193,231,90,0,94,255,205,174,209,194,0,0,0,105,224,84,0,0,0,0,0,0,0,0,0,0,0,85,231,32,200,255,202,224,211,202,210,0,0,7,0,48,221,10,0,2,0,0,0,0,1,4,2,0,1,255,168,48,195,218,240,222,192,205,40,0,5,4,0,37,206,0,0,2,1,0,1,1,0,0,0,0,9,193,212,153,116,146,226,203,206,136,0,0,0,6,0,79,200,0,1,0,1,0,2,0,0,98,143,194,178,214,189,125,217,248,219,199,220,0,0,0,0,6,0,90,189,0,1,0,2,5,2,0,60,206,96,112,170,30,183,255,0,49,216,209,50,0,1,0,0,9,0,96,179,0,4,0,0,0,0,0,155,191,36,154,158,169,200,126,97,201,217,190,0,0,0,0,0,10,0,107,165,0,8,0,15,51,18,0,160,209,199,214,225,246,226,231,230,207,213,22,0,11,0,0,0,10,0,114,156,0,11,0,64,188,182,166,181,199,194,197,209,214,216,209,193,216,93,0,4,0,0,0,0,11,0,121,145,0,10,0,0,106,154,181,192,195,213,202,199,202,198,194,217,165,0,0,0,0,0,0,0,8,0,147,141,0,9,0,0,0,0,5,50,78,112,149,176,173,169,185,100,0,0,0,0,0,0,0,0,4,0,109,91,0,6,0,6
0,0,0,0,0,0,0,0,0,0,0,0,0,0,0,0,0,0,0,0,0,0,0,0,0,0,0,0,0,0,0,0,0,0,0,0,0,0,0,0,0,0,0,0,0,0,0,0,0,0,0,0,0,0,0,0,0,0,0,0,0,0,0,0,0,0,0,0,0,0,0,0,0,0,0,0,0,0,0,0,0,0,0,0,0,0,0,0,0,0,0,0,0,0,0,0,0,0,0,0,0,0,0,0,0,0,0,0,0,0,0,0,0,0,0,0,0,0,0,0,0,0,0,0,0,0,0,0,0,0,0,0,0,0,0,0,0,0,0,0,0,0,0,0,0,0,0,0,0,0,0,1,0,0,35,0,0,1,8,57,0,0,3,0,0,0,0,0,0,0,0,0,0,0,0,0,0,0,0,3,0,56,186,120,125,136,155,245,0,0,0,0,0,11,0,0,0,0,0,0,0,0,0,0,0,0,0,0,0,107,142,129,137,160,205,190,0,8,57,128,149,186,59,0,0,0,0,0,0,0,0,0,0,0,0,0,0,145,137,133,161,187,197,176,137,235,218,182,179,192,46,0,0,0,0,0,0,0,0,0,0,0,4,0,16,178,136,144,163,178,194,229,224,171,142,150,145,187,75,0,0,0,0,0,0,0,0,0,0,0,0,0,70,171,126,142,163,186,213,229,161,126,150,161,160,178,149,0,0,0,0,0,0,0,0,0,0,1,0,0,142,147,142,157,184,211,206,198,129,168,194,149,48,166,216,0,0,0,0,0,0,0,0,0,0,4,0,43,181,144,155,163,200,218,208,205,186,173,102,20,9,173,181,12,0,0,0,0,0,0,0,0,0,0,0,144,152,131,155,170,190,210,226,208,129,38,25,11,4,157,192,56,0,0,0,0,0,0,0,0,3,0,17,181,134,128,142,163,173,170,176,128,6,0,0,33,128,194,182,78,0,0,0,0,0,0,0,0,0,0,78,131,115,126,128,150,152,137,101,93,93,160,206,238,197,160,173,59,0,0,0,0,0,1,3,0,0,25,134,102,112,120,139,139,147,144,189,255,214,208,171,160,102,134,195,35,0,0,1,3,4,0,0,0,14,155,99,78,113,110,128,178,211,226,195,155,129,134,144,131,144,161,174,0,1,0,0,0,0,0,8,70,165,133,76,88,96,128,161,208,194,137,129,190,192,160,186,211,139,139,85,0,0,0,0,25,73,107,112,93,86,76,52,73,129,192,187,152,134,198,179,65,0,0,0,76,144,134,35,0,0,89,117,123,120,76,46,22,41,76,107,149,213,158,131,168,210,56,0,0,0,1,0,4,153,115,0,0,102,178,141,142,133,121,107,115,128,158,171,153,125,142,202,125,0,0,0,0,0,0,0,0,155,86,0,0,46,104,129,149,157,160,197,195,187,186,168,165,218,234,52,0,0,1,0,0,0,0,0,0,214,46,0,1,0,0,0,0,14,27,52,73,85,88,80,78,59,0,0,3,0,0,0,0,0,0,0,0,141,17,0,0,0,0,0,0,0,0,0,0,0,0,0,0,0,0,0,0,0,0,0,0,0,0,0,0,0,0,0,0,0,0,0,0,0,0,0,0,0,0,0,0,0,0,0,0,0,0,0,0,0,0,0,0,0,0,0,0,0,0,0,0,0,0,0,0,0,0,0,0,0,0,0,0,0,0,0,0,0,0,0,0,0,0,0,0,0,0,0,0,0,0,0,0,0,0,0,0,0,0,0,0,0,0,0,0,0,0,0,0,0,0,0,0,6
0,0,0,0,0,0,0,0,0,0,0,0,0,0,0,0,0,0,0,0,0,0,0,0,0,0,0,0,0,0,0,0,0,0,0,0,0,0,0,0,0,0,0,0,0,0,0,0,0,0,0,0,0,0,0,0,0,0,0,0,0,0,0,0,0,0,0,0,0,0,0,0,0,0,0,0,0,0,0,0,0,0,0,0,0,0,0,0,0,0,0,0,0,0,0,0,0,0,0,0,0,0,0,0,0,0,0,0,0,0,0,0,0,0,0,0,0,0,0,0,0,0,0,0,0,0,0,0,0,0,0,0,0,0,0,0,0,0,0,0,0,0,0,0,0,0,0,0,0,0,0,0,0,0,0,0,0,0,0,0,0,0,0,0,0,0,0,0,0,0,0,0,0,0,0,0,0,0,0,0,0,0,0,0,0,66,20,0,0,0,0,0,0,3,4,3,0,0,0,0,0,0,0,0,0,0,0,0,0,0,2,0,65,193,156,64,0,1,0,0,0,0,0,0,0,0,0,0,0,0,0,0,0,0,0,0,0,2,0,0,196,167,204,203,0,0,0,0,0,3,87,86,0,0,0,0,0,0,0,0,0,0,0,0,1,0,4,243,213,198,212,217,166,15,0,0,82,209,218,91,0,0,0,0,0,0,0,0,0,0,0,1,0,0,182,198,202,218,217,210,242,242,168,164,209,219,202,0,0,0,0,0,0,0,0,0,0,0,0,0,0,104,255,214,217,228,220,222,225,224,248,223,201,219,124,0,0,0,0,0,2,0,1,0,0,7,0,0,171,239,202,219,214,224,228,226,227,227,219,213,205,213,43,0,0,0,0,0,0,0,0,3,0,0,0,131,212,193,218,223,222,223,221,221,219,213,213,214,196,247,80,0,0,0,3,4,3,1,2,0,0,5,129,218,182,175,228,215,210,222,219,221,223,218,215,213,196,217,136,0,1,2,0,0,0,0,0,6,127,203,229,114,200,216,205,217,219,214,212,215,216,212,215,207,202,210,196,0,0,0,3,19,16,24,146,217,240,93,156,211,211,197,202,205,217,219,213,210,206,200,198,192,198,198,235,5,0,112,176,174,218,222,247,109,87,136,171,178,183,199,202,198,205,217,215,206,200,197,191,184,188,197,239,53,42,194,190,152,143,105,120,124,120,133,149,167,182,190,201,211,216,221,221,221,221,222,221,217,213,204,245,39,117,149,163,187,181,182,186,173,179,198,206,209,214,226,233,238,236,235,235,234,233,232,232,229,223,204,225,24,106,176,154,152,164,171,169,168,166,170,170,166,169,165,161,160,154,147,146,145,144,144,146,147,148,157,159,2,0,19,74,131,166,178,202,212,217,221,221,217,218,214,212,210,210,199,194,196,197,197,192,184,180,188,187,12,0,0,0,0,0,0,18,32,47,56,59,57,57,67,65,63,63,65,68,71,73,75,76,75,63,52,35,0,0,0,0,0,0,0,0,0,0,0,0,0,0,0,0,0,0,0,0,0,0,0,0,0,0,0,0,0,0,0,0,0,0,0,0,0,0,0,0,0,0,0,0,0,0,0,0,0,0,0,0,0,0,0,0,0,0,0,0,0,0,0,0,0,0,0,0,0,0,0,0,0,0,0,0,0,0,0,0,0,0,0,0,0,0,0,0,0,0,0,0,0,0,0,0,0,0,0,0,0,0,0,0,0,0,0,0,0,0,0,0,0,0,0,0,0,0,0,0,0,0,0,0,0,0,0,0,0,0,0,0,0,0,0,0,0,0,0,0,0,6
0,0,0,0,0,0,0,0,0,0,0,0,0,0,0,0,0,0,0,0,0,0,0,0,0,0,0,0,0,0,0,0,0,0,0,0,0,0,0,0,0,0,0,0,0,0,0,0,0,0,0,0,0,0,0,0,0,0,0,0,0,0,0,0,0,0,0,0,0,0,0,0,0,0,0,0,0,0,0,0,0,0,0,0,0,0,0,0,0,0,0,0,0,0,0,0,0,0,0,0,0,0,0,0,0,0,0,0,0,0,0,0,0,0,0,0,0,0,0,0,0,0,0,0,0,0,0,0,0,10,7,0,0,0,0,0,0,0,0,37,0,0,0,0,0,0,0,0,0,0,0,3,0,0,172,203,236,255,251,249,237,224,205,182,167,111,116,209,0,0,0,0,0,0,0,0,0,0,0,5,0,19,198,160,168,190,187,187,190,203,219,230,242,243,200,95,0,0,0,0,0,0,0,0,0,0,0,5,0,25,201,177,185,184,180,178,166,166,192,214,223,218,238,20,0,0,0,0,0,0,0,0,0,0,0,5,0,19,199,192,203,211,208,209,213,220,224,234,229,228,117,0,0,0,0,0,0,0,0,0,0,0,0,4,0,14,200,204,213,214,213,223,228,234,235,234,226,247,7,0,0,0,0,0,0,0,0,0,0,0,0,4,0,9,221,192,181,192,205,210,217,224,232,236,223,220,0,0,0,0,0,0,0,0,0,0,0,0,0,4,0,6,209,188,190,214,212,202,205,221,236,233,224,171,0,0,0,0,0,0,0,0,0,0,0,0,0,2,0,4,216,211,216,211,203,213,220,229,230,222,226,140,0,0,0,0,0,0,0,0,0,0,2,1,0,8,0,61,234,100,120,184,205,219,229,233,228,222,226,154,0,0,0,0,0,0,1,1,1,0,0,3,11,0,0,172,206,113,167,220,223,231,232,224,226,224,220,185,0,0,0,1,0,0,1,0,1,2,7,0,0,0,168,194,97,142,220,215,224,229,224,218,219,213,211,227,2,0,1,0,0,2,2,6,1,0,0,0,83,196,141,104,94,192,214,221,221,221,213,201,195,200,205,215,33,0,1,4,0,0,0,0,0,11,113,176,129,75,85,146,200,218,215,221,216,195,178,166,163,192,198,213,102,0,2,0,0,8,29,66,153,172,113,21,24,117,175,201,209,212,217,224,221,212,192,189,196,200,200,214,171,0,0,30,139,146,158,145,68,17,21,99,181,209,208,211,214,210,204,206,214,216,222,214,209,213,217,216,187,0,0,134,175,127,111,34,53,123,161,202,201,206,213,213,216,217,212,208,205,204,213,224,228,230,233,232,189,0,5,148,215,225,225,227,221,211,210,214,217,222,221,222,224,227,222,246,248,248,234,229,220,211,183,185,180,0,2,1,27,82,137,162,193,205,208,212,212,202,217,181,142,100,65,41,29,14,2,3,1,1,1,1,20,11,1,12,2,0,0,0,1,7,12,13,16,11,4,0,0,0,1,3,12,17,19,25,28,31,36,47,60,18,0,0,0,4,9,3,2,3,7,9,8,14,17,23,20,14,12,11,17,25,22,12,20,26,18,13,24,5,0,0,0,0,0,0,0,0,0,0,0,0,0,0,0,0,0,0,0,0,0,0,0,0,0,0,0,0,0,0,0,0,0,0,0,0,0,0,0,0,0,0,0,0,0,0,0,0,0,0,0,0,0,0,0,0,0,0,0,0,0,0,0,0,0,0,0,0,0,0,0,0,0,0,0,0,0,0,0,0,0,0,0,0,6
0,0,0,0,0,0,0,0,0,0,0,0,0,0,0,0,0,0,0,0,0,0,0,0,0,0,0,0,0,0,0,0,0,0,0,0,0,0,0,0,0,0,0,0,0,0,0,0,0,0,0,0,0,0,0,0,0,0,0,0,0,0,0,0,0,0,0,0,0,0,0,0,0,0,0,0,0,0,0,0,0,0,0,0,0,0,0,0,0,0,0,0,0,0,0,0,0,0,0,0,0,0,0,0,0,0,0,0,0,0,0,0,0,0,0,0,0,0,0,0,0,0,0,0,0,0,0,0,0,0,0,0,0,0,0,0,0,0,0,0,0,0,0,0,0,0,0,0,0,0,0,0,0,0,0,0,0,6,38,0,0,0,0,0,0,0,0,0,0,0,0,0,0,0,0,0,0,0,0,0,0,0,1,0,40,123,163,43,0,0,0,1,2,6,3,0,0,0,0,0,0,0,0,0,0,0,0,0,0,1,0,0,179,183,178,161,1,0,0,0,0,0,0,0,0,0,0,0,0,0,0,0,0,0,0,0,0,2,0,0,183,181,186,202,208,187,131,88,51,107,59,0,0,0,0,0,0,0,0,0,0,0,0,0,0,0,0,46,183,204,183,185,194,208,214,209,196,210,78,0,0,0,0,0,0,0,0,0,0,0,0,0,2,0,37,207,157,197,224,202,187,166,181,182,179,152,0,0,0,0,0,0,0,0,0,0,0,0,0,0,0,0,140,199,168,164,173,214,217,214,205,195,195,194,0,0,0,0,0,0,0,0,0,0,0,0,0,0,27,100,139,168,186,220,175,179,199,192,194,189,191,144,0,0,0,0,0,0,0,0,1,0,1,2,0,66,196,139,174,239,180,164,192,234,201,205,198,197,196,157,0,0,0,1,2,4,5,5,3,0,0,0,0,137,154,133,134,197,250,252,255,202,198,203,200,188,191,211,1,0,0,0,0,0,0,0,0,0,0,29,113,149,120,153,130,160,160,191,201,207,219,200,201,206,186,188,34,0,0,0,15,34,73,52,69,110,146,176,139,141,218,180,201,231,189,185,190,193,196,178,164,189,181,201,91,0,0,62,150,168,134,153,159,173,115,113,157,167,179,217,236,205,199,207,202,197,198,200,202,204,196,196,151,0,24,120,84,84,114,125,132,118,145,175,184,189,190,193,201,205,211,206,204,211,214,208,208,203,192,196,202,3,65,119,117,110,112,148,211,214,187,186,184,187,206,213,221,223,221,210,205,200,205,211,213,210,200,176,151,47,34,136,138,145,150,131,111,163,197,208,211,211,211,204,176,145,136,132,131,133,135,132,135,136,136,136,156,59,0,43,122,147,152,151,149,120,111,117,135,133,119,119,134,149,159,155,156,158,151,144,147,146,141,146,172,14,0,0,0,23,85,117,157,168,175,179,172,166,177,178,164,134,145,149,160,160,168,175,172,167,177,168,63,0,2,0,0,0,0,0,1,16,21,57,58,27,38,27,6,0,0,0,0,0,9,25,26,28,28,0,0,0,0,0,0,0,0,0,0,0,0,0,0,0,0,0,0,0,0,0,0,0,0,0,0,0,0,0,0,0,0,0,0,0,0,0,0,0,0,0,0,0,0,0,0,0,0,0,0,0,0,0,0,0,0,0,0,0,0,0,0,0,0,0,0,0,0,0,0,0,0,0,0,0,0,0,0,0,0,0,0,0,0,0,0,0,0,0,0,0,0,0,0,0,0,0,0,0,0,0,0,0,0,0,0,0,0,0,0,0,0,0,0,0,6
0,0,0,0,0,0,0,0,0,0,0,0,0,0,0,0,0,0,0,0,0,0,0,0,0,0,0,0,0,0,0,0,0,0,0,0,0,0,0,0,0,0,0,0,0,0,0,0,0,0,0,0,0,0,0,0,0,0,0,0,0,0,0,0,0,0,0,0,0,0,0,0,0,0,0,0,0,0,0,0,0,0,0,0,0,0,0,0,0,0,0,0,0,0,0,0,0,0,0,0,0,0,0,0,0,0,0,0,0,0,0,0,0,0,0,0,0,0,0,0,0,0,0,0,1,0,0,0,0,0,0,0,0,0,0,82,53,0,0,0,0,0,0,0,0,0,0,0,0,0,0,1,0,1,128,150,83,9,0,0,0,0,220,229,205,186,0,0,0,0,0,0,0,0,0,0,0,0,0,3,0,46,176,170,213,218,241,209,165,214,222,162,162,183,6,0,0,0,0,0,0,0,0,0,0,0,0,1,0,83,171,155,150,162,184,201,211,213,186,170,176,223,2,0,0,0,0,0,0,0,0,0,0,0,0,0,0,133,186,158,180,183,172,153,149,165,187,186,174,209,55,0,0,0,0,0,0,0,0,0,0,0,2,0,0,192,170,171,184,187,177,182,197,125,137,199,143,122,122,0,0,0,0,0,0,0,0,0,0,0,0,0,75,198,172,174,171,180,170,175,194,151,169,179,174,179,186,0,0,0,0,0,0,0,0,1,0,1,0,0,184,161,167,179,175,171,185,170,189,202,195,185,185,173,202,27,0,0,0,0,0,0,1,2,5,0,0,138,178,153,172,173,176,174,172,177,172,175,167,169,170,161,203,66,0,0,0,0,0,0,0,5,0,0,127,203,149,168,175,172,177,174,168,170,174,166,160,167,168,156,189,93,0,2,3,3,5,0,0,0,0,127,178,153,156,172,172,168,173,171,162,162,170,168,160,162,159,155,193,110,1,0,0,0,0,0,0,24,138,171,158,153,153,170,161,160,168,167,163,160,168,172,168,172,171,175,221,58,0,0,9,27,51,76,104,157,159,142,158,159,150,165,154,156,165,173,162,167,176,178,183,188,183,197,244,2,22,153,150,152,153,145,147,146,147,155,154,151,157,162,157,160,168,165,176,175,182,193,205,213,215,236,182,0,45,213,146,143,141,141,143,140,148,154,156,157,159,166,170,169,172,168,191,237,254,218,235,225,222,243,67,0,98,191,161,159,157,150,146,146,151,156,161,156,150,159,169,169,176,208,255,142,82,166,226,226,218,225,0,0,157,241,211,188,179,172,168,156,160,157,157,156,160,165,178,199,230,216,40,0,46,194,227,219,243,198,0,0,0,120,179,220,221,210,198,202,192,192,192,190,189,204,219,210,121,0,0,0,0,192,234,218,207,109,0,0,0,0,0,39,98,182,216,234,254,255,224,226,219,241,170,0,0,0,0,0,0,15,29,0,0,0,0,0,0,3,0,0,0,0,0,0,17,46,43,55,49,0,0,0,1,0,0,0,0,0,0,0,0,0,1,0,0,0,0,0,0,0,0,0,0,0,0,0,0,0,0,0,0,0,0,0,0,0,0,0,0,0,0,0,0,0,0,0,0,0,0,0,0,0,0,0,0,0,0,0,0,0,0,0,0,0,0,0,0,0,0,0,0,0,0,0,0,0,0,0,0,0,0,0,0,0,0,0,0,0,0,0,0,0,0,0,0,0,0,0,0,0,0,0,0,0,0,0,0,0,0,0,0,0,0,0,0,0,0,0,0,0,0,0,0,0,0,0,6
0,0,0,0,0,0,0,0,0,0,0,0,0,0,0,0,0,0,0,0,0,0,0,0,0,0,0,0,0,0,0,0,0,0,0,0,0,0,12,72,115,150,195,249,255,255,255,246,237,217,170,178,71,0,4,0,0,0,0,0,0,0,0,1,0,0,250,255,252,254,251,245,242,240,243,248,250,249,251,255,111,0,4,0,0,0,0,0,0,0,0,0,5,0,178,246,233,236,232,235,239,234,236,241,239,239,231,253,90,0,4,0,0,0,0,0,0,0,0,0,1,0,128,254,235,242,246,247,244,243,240,238,240,240,236,255,97,0,4,0,0,0,0,0,0,0,0,0,3,0,85,254,232,238,232,227,237,240,236,235,234,238,236,255,48,0,3,0,0,0,0,0,0,0,0,0,5,0,24,255,234,239,242,241,237,237,242,247,248,240,243,255,0,0,0,0,0,0,0,0,0,0,0,0,1,0,0,255,240,237,243,242,245,244,238,239,246,241,251,222,0,0,0,0,0,0,0,0,0,0,0,0,0,0,0,164,252,231,237,241,239,241,236,239,241,238,255,171,0,0,0,0,0,0,0,0,0,0,0,0,0,4,0,85,255,223,245,245,243,241,241,249,246,241,253,249,0,0,0,0,0,0,0,0,0,0,0,0,0,2,0,39,255,239,234,235,240,238,236,243,240,243,231,255,89,0,1,0,0,0,0,0,0,0,0,0,0,1,0,0,178,255,238,248,245,242,239,244,245,243,230,253,179,0,0,0,0,0,0,0,0,0,0,0,0,4,0,20,255,247,238,242,242,238,238,243,241,239,236,246,253,0,0,0,0,0,0,0,0,0,0,0,0,2,0,113,255,226,243,242,243,237,235,240,237,236,242,237,255,56,0,0,0,0,0,0,0,0,0,0,0,0,0,175,245,230,243,243,242,239,239,241,238,241,240,231,251,190,0,0,0,0,0,0,0,0,0,0,1,0,0,255,239,236,241,242,243,239,238,241,236,239,242,234,239,255,0,0,0,0,0,0,0,0,0,0,1,0,63,255,233,239,239,240,243,238,236,240,235,238,241,241,229,255,88,0,0,0,0,0,0,0,0,0,0,0,193,245,222,244,239,239,240,239,236,239,242,245,237,233,226,255,133,0,0,0,0,0,0,0,0,0,0,21,255,229,229,238,238,239,242,236,231,236,230,229,232,235,231,255,90,0,0,0,0,0,0,0,0,0,0,187,255,224,235,231,238,238,243,238,238,232,255,255,255,255,239,255,58,0,0,1,0,0,0,5,0,0,105,255,224,233,231,230,237,247,243,236,245,255,243,95,0,9,230,240,24,0,0,0,2,0,0,0,0,105,255,226,225,227,235,230,229,242,232,251,255,117,0,0,0,0,214,238,7,0,0,0,0,0,0,75,224,255,230,228,227,233,227,227,239,234,243,255,36,0,0,7,0,0,211,233,0,0,0,0,136,222,223,242,237,214,238,229,231,233,233,235,232,247,255,12,0,0,0,0,0,0,206,230,0,0,0,159,255,229,229,217,220,228,226,229,227,229,235,231,250,255,20,0,0,1,0,2,0,0,202,224,0,0,0,87,233,245,252,251,247,244,245,247,243,249,249,253,246,13,0,0,0,0,0,2,0,0,205,228,0,0,0,0,0,63,103,154,178,205,218,226,232,228,216,117,0,0,0,0,0,0,0,2,0,0,183,183,0,0,0,0,0,0,0,0,0,0,0,0,0,0,0,0,0,0,0,1,0,0,0,0,0,0,0,0,0,0,6
0,0,0,0,0,0,0,0,0,0,0,0,0,0,0,0,0,0,0,0,0,0,0,0,0,0,0,0,0,0,0,0,0,0,0,0,0,0,0,0,0,0,0,0,0,0,0,0,0,0,0,0,0,0,0,0,0,0,0,0,0,0,0,0,0,0,0,0,0,0,0,0,0,0,0,0,0,0,0,0,0,0,0,0,0,0,0,0,0,0,0,0,0,0,0,0,0,0,0,0,0,0,0,0,0,0,0,0,0,0,0,0,0,0,0,0,0,0,0,0,0,0,0,0,0,0,0,0,0,0,0,0,0,0,0,0,0,0,0,0,0,0,0,0,0,0,0,0,0,0,0,0,0,0,0,0,0,0,0,0,0,0,0,0,0,0,0,0,0,0,0,0,0,0,0,0,0,0,0,0,0,0,2,1,0,0,35,0,0,0,3,1,2,3,0,0,0,0,0,0,0,0,0,0,0,0,0,0,0,0,2,6,0,54,204,153,4,0,0,0,0,0,0,0,0,0,0,0,0,0,0,0,0,0,0,0,0,0,2,0,0,171,199,195,166,130,135,135,155,52,0,2,0,0,0,0,0,0,0,0,0,0,0,0,0,0,6,0,22,200,185,180,178,178,173,170,179,120,0,6,0,0,0,0,0,0,0,0,0,0,0,0,0,0,3,0,122,214,194,192,152,158,170,163,158,168,0,0,0,0,0,0,0,0,0,0,0,1,0,0,1,0,0,27,224,202,203,194,168,129,145,168,165,197,2,0,0,0,1,0,0,0,0,0,0,4,3,3,0,0,41,211,208,185,185,178,156,173,201,166,152,189,5,0,0,0,0,0,0,0,0,0,0,1,2,0,0,89,246,209,187,185,178,158,179,190,108,120,159,193,57,0,0,0,0,1,2,0,0,0,0,4,0,0,157,208,189,187,176,184,173,160,150,65,112,190,189,216,131,0,0,0,2,0,0,0,0,1,0,0,0,54,255,192,180,164,163,144,122,143,83,64,195,153,185,204,166,0,6,0,0,0,0,0,0,0,0,0,44,156,216,186,185,166,168,165,182,153,44,55,165,103,202,197,196,0,10,0,30,166,154,126,85,72,82,116,173,167,184,197,175,174,191,192,182,189,147,125,191,170,214,195,178,0,0,0,153,197,179,181,177,196,200,197,190,177,161,187,139,170,187,173,171,171,210,194,212,213,193,217,166,0,0,24,193,215,204,199,187,189,192,190,189,189,167,163,160,167,191,228,240,221,203,193,184,161,162,145,178,29,0,0,0,108,174,223,242,248,230,209,209,204,202,201,223,236,211,170,111,101,188,175,173,156,171,164,223,66,0,0,0,0,0,0,32,76,124,161,171,175,155,175,90,5,0,0,0,0,188,164,163,160,157,154,137,15,0,0,0,0,0,0,0,0,0,0,0,0,0,0,0,0,0,0,0,0,0,0,0,0,0,0,0,0,0,0,0,0,0,0,0,0,0,0,0,0,0,0,0,0,0,0,0,0,0,0,0,0,0,0,0,0,0,0,0,0,0,0,0,0,0,0,0,0,0,0,0,0,0,0,0,0,0,0,0,0,0,0,0,0,0,0,0,0,0,0,0,0,0,0,0,0,0,0,0,0,0,0,0,0,0,0,0,0,0,0,0,0,0,0,0,0,0,0,0,0,0,0,0,0,0,0,0,0,0,0,0,0,0,0,0,0,0,0,0,0,0,0,0,0,0,0,0,0,0,0,0,0,0,0,0,0,0,0,0,0,0,0,0,0,0,0,0,0,6
0,0,0,0,0,0,0,0,0,0,0,0,0,0,0,0,0,0,0,0,0,0,0,0,0,0,0,0,0,0,0,0,0,0,0,0,0,0,0,0,0,0,3,2,3,2,3,2,3,2,1,2,0,0,99,0,0,0,0,0,0,0,0,0,0,0,0,0,0,0,0,0,0,0,0,0,0,0,0,0,0,64,188,85,0,0,0,0,0,0,0,0,0,1,0,2,0,1,15,0,0,0,0,0,0,4,0,0,0,16,244,28,0,0,0,0,0,0,0,0,0,0,0,6,0,66,235,222,233,255,255,233,223,218,255,255,204,185,210,0,0,0,0,0,0,0,0,0,0,0,0,4,0,31,245,214,189,118,132,197,226,220,216,222,213,227,133,0,0,0,0,0,0,0,0,0,0,0,0,4,0,30,243,185,211,204,193,153,194,241,232,225,208,211,64,0,0,0,0,0,0,0,0,0,0,0,0,4,0,41,236,103,65,255,225,197,157,222,189,191,239,214,35,0,0,0,0,0,0,0,0,0,0,0,0,4,0,55,227,101,0,251,214,235,191,144,142,118,49,255,23,0,0,0,0,0,0,0,0,0,0,0,0,3,0,77,212,199,140,228,219,217,236,236,239,255,2,155,39,0,0,0,0,0,0,0,0,0,0,0,0,2,0,89,226,141,63,252,234,209,220,232,217,246,48,115,30,0,0,0,0,0,0,0,0,0,0,1,0,1,0,123,236,147,0,223,240,224,230,225,231,255,5,162,0,0,0,0,0,0,0,0,0,0,0,1,0,0,0,163,239,180,4,164,223,220,232,254,255,117,47,255,0,0,0,0,0,0,0,0,0,0,0,0,1,0,0,238,229,226,6,120,231,229,255,223,19,34,249,219,58,0,0,0,0,0,0,0,0,0,0,0,4,0,66,222,207,255,64,1,131,42,0,0,126,255,208,215,118,0,0,0,0,0,0,0,0,0,0,3,0,0,199,220,213,225,218,52,62,132,205,255,255,211,212,216,173,0,0,0,0,0,0,0,1,0,0,0,0,161,245,209,217,206,227,255,255,254,233,217,213,223,217,214,218,0,0,2,5,0,0,1,0,0,0,18,170,195,179,211,214,221,215,211,208,213,220,222,225,222,220,208,245,24,0,0,0,0,0,0,0,30,98,166,137,115,177,184,195,195,200,214,220,226,226,220,215,222,230,208,247,55,0,0,65,113,139,140,154,158,83,69,145,174,208,204,208,214,219,225,222,210,202,204,208,208,209,206,240,27,0,166,186,75,74,69,67,6,0,142,208,194,198,204,213,231,220,205,195,202,216,220,215,215,218,209,247,79,0,216,236,195,143,97,80,84,129,162,184,187,197,221,229,204,201,208,216,225,213,209,207,201,203,195,233,77,82,220,218,236,244,255,241,211,178,167,186,212,227,220,212,211,218,231,255,237,215,202,207,206,209,203,241,69,86,224,197,194,202,210,215,225,219,215,215,230,226,221,216,218,255,248,121,43,204,225,203,208,208,201,235,65,4,174,220,230,215,201,196,200,209,213,211,209,206,199,211,234,119,0,0,0,234,211,208,209,207,205,217,69,0,0,9,116,208,255,224,224,221,215,217,217,219,229,237,0,0,0,0,41,255,230,209,226,230,217,255,78,0,0,0,0,0,0,45,137,174,172,206,196,133,75,0,0,0,1,0,0,32,47,2,24,38,13,5,0,0,0,2,0,0,0,0,0,0,0,0,0,0,0,0,0,0,0,0,0,0,0,0,0,0,0,0,0,6
0,0,0,0,0,0,0,0,0,0,0,0,0,0,0,0,0,0,0,0,0,0,0,0,0,0,0,0,0,0,0,0,0,0,0,0,0,0,0,0,0,0,0,0,0,0,0,0,0,0,0,0,0,0,0,0,0,0,0,0,0,0,0,0,0,0,0,0,0,0,0,0,0,0,0,0,0,0,0,0,0,0,0,0,0,0,0,0,0,0,0,0,0,0,0,0,0,0,0,0,0,0,0,0,0,0,0,0,0,0,0,0,0,0,0,0,0,0,0,0,0,0,0,0,0,0,4,1,1,0,9,38,0,0,0,0,0,1,1,1,0,0,0,0,0,0,0,0,0,0,0,0,0,0,1,2,0,0,84,149,183,87,0,0,0,0,0,0,0,0,0,0,0,0,0,0,0,0,0,0,0,0,1,3,0,18,148,120,228,230,219,156,90,28,0,0,0,0,0,0,0,0,0,0,0,0,0,0,0,0,1,0,0,72,138,147,247,236,236,237,238,228,223,187,0,0,0,0,0,0,0,0,0,0,0,0,0,0,2,0,0,108,104,164,255,239,236,233,232,226,239,139,0,0,0,0,0,0,0,0,0,0,0,0,0,0,4,0,31,164,108,138,237,230,237,245,229,221,232,64,0,0,0,0,0,0,0,0,0,0,0,0,0,2,0,0,123,133,120,126,127,125,135,153,176,191,247,23,0,0,0,0,0,0,0,0,0,0,0,0,0,0,0,49,115,79,93,121,102,107,105,105,93,93,143,0,0,0,0,0,0,1,0,0,2,0,0,2,0,0,49,97,79,109,123,132,132,129,126,126,119,115,141,0,0,0,0,0,0,0,2,0,2,2,1,0,0,65,91,91,102,128,133,138,136,134,126,121,113,111,135,0,1,0,0,0,0,1,1,0,1,1,0,9,77,88,97,139,143,138,142,141,136,136,138,138,128,120,143,0,0,1,1,0,0,0,0,0,0,2,16,70,105,102,123,126,132,138,146,147,143,141,136,134,128,115,150,17,2,0,0,1,3,2,5,18,37,63,84,98,114,114,114,104,109,112,112,119,121,121,120,121,115,98,140,26,0,9,73,84,83,83,79,79,81,73,79,108,111,98,104,97,95,99,93,104,112,116,129,134,120,107,138,25,0,67,126,87,78,78,78,81,83,84,91,91,93,93,105,108,108,109,122,126,123,120,131,131,111,115,129,35,0,90,122,133,131,131,106,87,83,78,83,85,93,102,111,108,116,127,133,138,138,139,140,134,128,132,131,32,36,67,54,78,109,134,160,162,147,141,131,131,141,147,157,157,166,177,182,183,177,174,171,163,173,152,138,25,5,42,53,52,47,49,50,61,77,92,100,112,113,100,91,81,72,66,61,59,58,56,57,54,53,45,51,38,0,0,0,2,14,37,53,57,66,67,64,63,54,52,53,54,60,64,64,66,69,70,70,69,67,70,74,66,1,2,0,0,0,0,0,0,8,22,24,36,40,38,38,35,35,35,35,36,38,39,45,47,42,36,35,19,0,0,0,0,0,0,0,0,0,0,0,0,0,0,0,0,0,0,0,0,0,0,0,0,0,0,0,0,0,0,0,0,0,0,0,0,0,0,0,0,0,0,0,0,0,0,0,0,0,0,0,0,0,0,0,0,0,0,0,0,0,0,0,0,0,0,0,0,0,0,0,0,0,0,0,0,0,0,0,0,0,0,0,0,0,0,0,0,0,0,0,0,0,0,0,0,0,0,0,0,0,0,0,0,0,0,0,0,0,0,0,0,6
0,0,0,0,0,0,0,0,0,0,0,0,0,0,0,0,0,0,0,0,0,0,0,0,0,0,0,0,0,0,0,0,0,0,0,0,0,0,0,0,0,0,0,0,0,0,0,0,0,0,0,0,0,0,0,0,0,0,0,0,0,0,0,0,0,0,0,0,0,0,0,0,0,0,0,0,0,0,0,0,0,0,0,0,0,0,0,0,0,0,0,0,0,0,0,0,0,0,28,169,182,206,229,171,86,69,54,41,24,0,0,0,0,0,0,0,0,0,0,0,0,0,0,0,0,0,128,237,232,241,239,250,255,255,255,223,255,60,0,0,0,0,0,0,0,0,0,0,0,0,0,3,0,8,201,219,215,234,226,231,231,217,217,203,221,98,0,0,0,0,0,0,0,0,0,0,0,0,0,7,0,107,209,204,216,216,224,226,204,196,230,212,212,219,215,0,0,0,0,0,0,0,0,0,0,0,0,0,0,132,209,210,215,220,222,221,211,200,230,209,214,232,135,0,0,0,0,0,0,0,0,0,0,0,0,0,0,154,223,229,241,242,231,238,255,246,226,204,217,208,0,0,0,0,0,0,0,0,0,0,0,0,2,0,0,198,212,227,228,226,234,242,234,223,212,222,218,214,90,0,0,0,0,0,0,0,0,0,0,0,4,0,36,234,214,235,236,239,234,230,232,217,209,227,202,218,192,0,0,0,0,0,0,0,0,0,0,0,1,0,101,234,211,225,226,229,235,231,226,216,209,198,139,154,232,47,0,0,0,0,0,0,0,0,0,4,0,0,198,216,214,226,232,230,227,230,206,201,166,147,63,72,254,113,0,0,0,0,0,0,0,0,0,6,0,61,209,212,225,231,235,231,223,235,209,191,159,154,123,150,250,134,0,0,0,0,0,0,0,0,1,0,0,191,214,205,217,225,228,234,236,215,214,219,219,224,252,253,222,141,0,0,0,0,0,0,0,1,5,0,82,236,168,175,198,213,229,236,217,213,228,242,248,253,244,208,206,143,0,0,1,3,4,5,6,2,0,23,180,148,159,194,209,221,232,233,223,229,242,230,205,171,154,163,206,110,0,2,1,0,0,0,0,0,42,179,139,136,193,196,209,220,229,233,227,219,185,165,165,193,233,254,240,103,3,0,0,10,26,27,79,167,172,115,92,153,200,201,217,235,235,233,194,190,235,211,255,253,252,244,228,93,0,10,108,130,155,182,164,63,0,30,151,197,222,227,244,235,210,182,228,245,101,12,255,230,239,238,233,88,0,155,184,48,0,0,0,0,96,202,212,220,237,239,228,208,175,227,145,0,0,0,255,231,240,233,230,82,41,197,204,219,215,207,240,226,217,208,216,230,232,223,202,182,229,101,0,0,0,2,255,228,237,234,235,68,63,184,186,193,212,223,229,230,234,237,237,235,230,205,195,239,90,0,0,4,0,0,227,225,235,230,225,56,0,57,121,159,181,192,209,220,221,227,229,233,224,225,215,56,0,0,0,5,0,8,241,244,250,247,255,79,0,0,0,0,0,14,33,56,82,96,105,107,96,62,0,0,1,4,0,5,0,0,171,130,127,123,97,5,0,0,0,0,0,0,0,0,0,0,0,0,0,0,0,0,0,0,0,0,0,0,0,0,0,0,0,0,0,0,0,0,0,0,0,0,0,0,0,0,0,0,0,0,0,0,0,0,0,0,0,0,0,0,0,0,0,0,0,0,0,0,0,0,0,0,0,0,0,0,0,0,0,0,0,0,0,0,0,0,0,0,0,0,6
0,0,0,0,0,0,0,0,0,0,0,0,0,0,0,0,0,0,0,0,0,0,0,0,0,0,0,0,0,0,0,0,0,0,0,0,0,0,0,0,0,0,0,0,0,0,0,0,0,0,0,0,0,0,0,0,0,0,0,0,0,0,0,0,0,0,0,0,0,0,0,0,0,0,0,0,0,0,0,0,0,0,0,0,0,0,0,0,0,0,0,0,0,0,0,0,0,0,0,0,0,0,0,0,0,0,0,0,0,0,0,0,0,0,0,0,0,0,0,0,0,1,1,0,0,2,0,0,122,158,27,0,0,0,0,0,0,0,0,0,0,0,0,0,0,0,0,0,0,0,0,1,0,2,0,63,163,175,246,96,24,0,0,0,5,48,18,0,0,0,0,0,0,0,0,0,0,0,0,0,2,0,29,205,207,209,225,238,250,240,224,202,204,235,161,0,0,0,0,0,0,0,0,0,0,3,1,0,0,0,141,205,193,191,186,190,204,225,244,241,228,238,110,0,0,0,0,0,0,0,0,0,0,2,1,3,0,0,203,210,209,211,206,203,215,198,238,235,218,227,59,0,0,0,0,0,0,0,0,0,0,0,4,4,0,51,254,195,190,195,211,202,204,205,211,191,168,188,68,0,0,0,0,0,0,0,0,0,1,1,0,2,0,98,245,237,239,219,218,214,207,204,190,171,165,188,145,0,0,0,0,0,0,0,0,0,0,0,2,0,2,223,218,178,232,245,249,248,233,202,191,175,177,174,183,0,0,0,0,0,0,0,0,0,1,2,0,0,144,240,230,202,180,201,228,226,215,199,195,195,158,161,236,61,0,0,0,1,1,0,0,0,2,4,0,105,251,215,202,249,233,172,174,191,194,186,175,166,144,195,238,52,0,1,1,0,0,0,1,0,0,0,68,195,163,187,245,245,249,240,200,188,181,190,206,221,219,236,236,73,1,0,1,1,2,4,0,0,0,33,204,193,187,169,201,244,248,248,248,244,239,239,244,249,247,236,238,114,1,2,0,0,0,0,0,0,10,198,224,188,181,182,170,183,219,236,228,232,235,235,239,246,242,219,248,86,0,0,0,9,14,18,65,136,149,82,176,225,181,196,193,194,193,234,251,252,254,252,246,226,175,195,244,0,0,42,191,209,216,223,234,233,233,236,239,238,221,217,207,211,210,242,254,247,232,200,179,159,179,233,211,0,53,189,164,154,165,186,199,216,237,239,239,241,236,214,232,219,194,190,190,163,157,169,181,206,235,237,152,0,49,184,206,183,161,154,157,166,180,199,227,246,251,247,215,202,180,174,194,218,242,252,252,247,233,241,72,0,0,49,175,194,212,209,217,205,202,204,196,209,242,228,179,186,233,249,254,250,241,238,230,228,228,222,9,0,0,0,0,70,155,192,210,207,213,219,222,212,204,192,184,209,233,222,193,183,214,242,241,235,240,224,0,0,0,1,0,0,1,55,117,154,170,170,183,188,182,198,192,187,182,181,194,207,238,239,232,225,237,131,0,0,1,0,3,2,0,0,0,6,40,76,109,116,114,114,106,96,94,95,90,99,96,74,64,72,76,15,0,0,0,0,0,0,0,0,0,0,0,0,0,0,0,0,0,0,0,0,0,0,0,0,0,0,0,0,0,0,0,0,0,0,0,0,0,0,0,0,0,0,0,0,0,0,0,0,0,0,0,0,0,0,0,0,0,0,0,0,0,0,0,0,0,0,0,0,0,0,0,0,0,0,0,0,0,0,0,0,0,0,0,0,0,0,6
0,0,0,0,0,0,0,0,0,0,0,0,0,0,0,0,0,0,0,0,0,0,0,0,0,0,0,0,0,0,0,0,0,0,0,0,0,0,0,0,0,0,0,0,0,0,0,0,0,0,0,0,0,0,0,0,0,0,0,0,0,0,0,0,0,0,0,0,0,0,0,0,0,0,0,0,0,0,0,0,0,0,0,0,0,0,0,0,0,0,0,0,0,0,0,0,0,0,0,0,0,0,0,0,0,0,0,0,0,0,0,0,0,0,0,0,0,0,0,0,0,0,0,0,0,0,0,0,0,0,0,0,0,0,0,0,0,0,0,0,0,0,0,0,0,0,0,0,0,0,1,0,0,0,0,0,0,87,98,3,0,0,0,0,0,0,129,96,0,0,0,0,0,0,0,0,0,0,0,0,0,0,0,0,128,195,186,216,212,211,205,180,130,156,109,11,0,0,0,0,0,0,0,0,0,0,0,0,0,4,0,0,216,186,182,182,191,197,202,203,219,175,0,0,0,0,0,0,0,0,0,0,0,0,0,0,0,3,0,32,201,185,187,189,203,199,197,192,204,132,0,1,0,0,0,0,0,0,0,0,0,0,0,0,0,0,0,170,202,169,189,192,194,205,200,192,206,104,0,0,0,0,0,0,0,0,0,0,0,1,0,0,1,0,72,244,171,189,184,190,195,197,200,187,205,81,0,0,0,0,0,0,1,0,0,1,0,0,4,0,0,25,193,144,146,170,182,200,200,189,184,183,202,80,0,0,1,0,0,0,0,0,0,2,2,6,0,0,80,178,160,167,184,190,197,203,204,201,204,181,200,165,0,0,0,1,3,4,4,5,1,0,0,0,0,157,189,118,167,191,192,201,203,207,200,189,185,178,182,223,0,0,0,0,0,0,0,0,0,0,0,83,171,138,108,166,175,170,189,191,192,190,177,161,160,170,174,194,11,0,0,0,9,25,28,21,67,104,159,186,149,133,168,176,175,186,171,168,174,170,175,176,170,166,186,206,37,0,0,130,158,146,155,185,185,151,137,117,134,177,168,178,184,198,199,193,203,204,207,223,216,220,214,214,47,0,142,199,175,153,116,104,122,105,133,150,154,160,164,174,195,207,209,209,202,205,201,206,205,206,206,195,14,0,151,203,203,211,217,202,181,176,174,181,177,177,199,206,196,189,173,178,171,182,184,191,198,203,204,190,3,0,0,59,160,179,201,215,216,206,193,194,201,198,200,201,212,223,227,255,224,218,213,219,210,208,209,197,5,0,0,0,0,0,89,160,184,212,220,226,237,233,228,220,221,146,78,0,69,237,238,234,235,229,230,200,9,0,0,2,0,0,0,0,0,3,52,81,97,91,69,7,0,0,0,0,0,106,106,94,78,56,44,30,0,0,0,0,0,0,2,0,0,0,0,0,0,0,0,0,0,3,1,0,0,0,0,0,0,0,0,0,0,0,0,0,0,0,0,0,0,0,0,0,0,0,0,0,0,0,0,0,0,0,0,0,0,0,0,0,0,0,0,0,0,0,0,0,0,0,0,0,0,0,0,0,0,0,0,0,0,0,0,0,0,0,0,0,0,0,0,0,0,0,0,0,0,0,0,0,0,0,0,0,0,0,0,0,0,0,0,0,0,0,0,0,0,0,0,0,0,0,0,0,0,0,0,0,0,0,0,0,0,0,0,0,0,0,0,0,0,0,0,0,0,0,0,0,0,0,0,0,0,0,0,0,0,0,0,0,0,0,0,0,0,0,0,0,0,0,0,0,0,0,6
0,0,0,0,0,0,0,0,0,0,0,0,0,0,0,0,0,0,0,0,0,0,0,0,0,0,0,0,0,0,0,0,0,0,0,0,0,0,0,0,0,0,0,0,0,0,0,0,0,0,0,0,0,0,0,0,0,0,0,0,0,0,0,0,0,0,0,0,0,0,0,0,0,0,0,0,0,0,0,0,0,0,0,0,0,0,0,0,0,0,0,0,0,0,1,0,0,115,127,127,121,129,137,143,140,114,86,61,36,23,0,0,0,0,0,0,0,0,0,0,0,0,3,0,1,185,208,203,209,210,217,225,244,240,255,255,203,190,44,0,0,0,0,0,0,0,0,0,0,0,3,0,0,173,192,195,197,202,202,219,201,82,100,106,170,195,30,0,0,0,0,0,0,0,0,0,0,0,2,0,0,177,196,200,208,211,217,216,228,215,209,190,182,186,21,0,0,0,0,0,0,0,0,0,0,0,2,0,0,206,194,196,212,212,214,213,213,217,213,207,189,176,0,0,0,0,0,0,0,0,0,0,0,0,2,0,0,196,193,202,217,213,210,213,209,205,203,193,188,192,0,0,0,0,0,0,0,0,0,0,0,0,1,0,0,179,193,202,212,212,213,215,212,209,212,195,192,185,0,0,0,0,0,0,0,0,0,0,0,0,2,0,0,187,193,201,207,209,213,214,212,208,208,194,189,184,0,0,0,0,0,0,0,0,0,0,0,0,3,0,13,218,193,200,206,211,213,215,212,209,210,200,190,187,0,0,0,0,0,0,0,0,0,0,0,0,3,0,26,202,194,199,204,212,215,215,213,210,206,194,190,201,0,0,0,0,0,0,0,0,0,0,0,0,0,0,119,208,187,195,204,210,213,212,210,206,203,194,192,194,14,0,0,0,0,0,0,0,0,0,0,3,0,14,217,190,186,203,214,213,210,211,207,203,204,203,195,202,35,0,0,0,0,1,0,0,2,4,0,0,16,177,188,179,195,202,207,209,211,211,206,202,212,211,194,198,56,0,1,4,6,5,0,0,0,0,0,40,164,171,177,188,210,211,211,214,216,218,201,186,198,193,189,198,132,0,0,0,0,0,0,0,5,30,100,149,120,68,157,182,191,196,196,201,200,198,200,207,196,196,192,196,186,0,0,33,125,162,142,124,149,154,140,119,155,138,152,178,185,191,199,209,206,197,207,225,215,212,202,195,195,0,0,183,145,67,167,208,156,94,132,172,171,156,158,184,203,205,200,203,214,219,221,220,210,225,222,200,204,48,103,154,188,153,79,127,187,176,202,194,188,180,174,185,200,206,212,221,226,219,217,216,211,216,202,192,199,100,95,177,154,188,234,213,214,233,227,226,234,227,208,192,180,184,187,181,172,180,189,183,174,192,198,197,197,80,0,164,207,180,179,187,198,201,194,193,192,189,194,205,209,205,202,202,208,207,208,205,210,216,211,204,200,44,0,47,147,207,218,217,217,209,207,211,219,219,212,210,209,212,214,216,214,218,220,211,220,215,216,219,171,0,0,0,0,43,121,205,202,203,203,234,225,215,214,185,181,169,132,138,136,198,169,221,177,191,152,163,0,0,0,1,0,0,0,0,0,33,12,14,19,2,8,0,0,0,0,0,0,0,0,12,0,11,0,0,0,0,0,0,0,0,0,0,0,0,0,0,0,0,0,0,0,0,0,0,0,0,0,0,0,0,0,0,0,0,0,0,0,0,0,0,0,0,0,0,0,0,0,0,0,0,0,0,0,0,0,0,0,0,0,0,0,0,6
0,0,0,0,0,0,0,0,0,0,0,0,0,0,0,0,0,0,0,0,0,0,0,0,0,0,0,0,0,0,0,0,0,0,0,0,0,0,0,0,0,0,0,0,0,0,0,0,0,0,0,0,0,0,0,0,0,0,0,0,0,0,0,0,0,0,0,0,0,0,0,0,0,0,0,0,0,0,0,0,0,0,0,0,0,0,0,0,0,0,0,0,0,0,0,0,0,0,0,0,0,0,0,0,0,0,0,0,0,0,0,0,0,0,0,0,0,0,0,0,0,0,0,0,0,0,0,0,0,0,0,0,0,0,0,0,0,0,0,0,0,0,0,0,0,0,0,0,0,0,0,0,0,0,2,0,46,153,104,67,0,0,0,0,0,0,1,1,0,0,0,0,0,0,0,0,0,0,0,0,0,1,4,0,147,235,217,242,149,33,9,0,0,0,0,0,0,0,0,0,0,0,0,0,0,0,0,0,0,3,0,0,217,208,195,237,163,172,255,179,169,159,107,0,0,0,0,0,0,0,0,0,0,0,0,0,0,5,0,41,247,189,206,255,76,193,222,223,225,237,192,0,0,0,0,0,0,0,0,0,0,0,0,0,0,0,0,157,203,209,219,255,63,207,219,208,204,212,174,0,0,0,0,0,0,0,0,0,0,0,0,0,0,0,0,254,209,222,215,228,162,227,210,210,210,220,152,0,0,0,0,0,0,0,0,0,0,2,2,0,0,0,108,255,208,185,206,219,191,227,205,213,203,222,101,0,0,0,0,0,0,0,0,0,0,3,0,0,132,166,188,229,231,237,225,214,197,224,210,216,209,231,102,0,0,0,0,0,0,0,0,0,1,0,0,115,178,221,204,200,215,195,166,214,176,215,206,207,203,230,140,0,0,0,0,0,0,1,1,2,0,0,132,218,151,175,254,221,197,218,217,191,178,219,206,210,207,226,182,0,0,0,3,3,2,0,0,0,0,111,176,103,152,117,141,237,221,198,227,184,206,218,210,214,212,216,233,0,1,0,0,0,0,0,0,32,88,204,179,150,104,83,68,97,211,241,230,161,202,225,215,213,222,215,238,34,0,0,26,54,104,124,136,203,121,66,175,176,125,77,88,78,97,164,224,194,205,213,197,206,220,214,242,59,1,169,176,147,90,87,126,178,149,156,148,137,124,98,92,124,159,149,197,231,223,216,216,212,214,214,237,73,81,205,181,185,187,193,190,150,170,123,108,108,138,178,207,229,222,226,216,215,213,210,212,213,212,209,249,63,115,221,213,210,202,191,189,187,185,196,199,206,210,201,204,197,196,194,185,187,184,186,188,191,196,203,209,41,0,47,134,201,239,255,255,252,242,232,234,236,236,242,243,245,242,244,251,250,251,251,254,255,255,224,255,114,0,0,0,0,0,2,42,69,92,116,117,125,131,126,120,112,107,100,93,95,94,94,100,94,82,75,51,0,0,0,0,0,0,0,0,0,0,0,0,0,0,0,0,0,0,0,0,0,0,0,0,0,0,0,0,0,0,0,0,0,0,0,0,0,0,0,0,0,0,0,0,0,0,0,0,0,0,0,0,0,0,0,0,0,0,0,0,0,0,0,0,0,0,0,0,0,0,0,0,0,0,0,0,0,0,0,0,0,0,0,0,0,0,0,0,0,0,0,0,0,0,0,0,0,0,0,0,0,0,0,0,0,0,0,0,0,0,0,0,0,0,0,0,0,0,0,0,0,0,0,0,0,0,0,0,0,0,0,0,0,0,0,0,0,0,0,0,0,6
0,0,0,0,0,0,0,0,0,0,0,0,0,0,0,0,0,0,0,0,0,0,0,0,0,0,0,0,0,0,0,0,0,0,0,0,0,0,0,0,0,0,0,0,0,0,0,0,0,0,0,0,0,0,0,0,0,0,0,0,0,0,0,0,0,0,0,0,0,0,0,0,0,0,0,0,0,0,0,0,0,0,0,0,0,0,0,0,0,0,0,0,0,0,0,0,0,0,0,0,0,0,0,0,0,0,0,0,0,0,0,0,0,0,0,0,0,0,0,0,0,0,0,0,0,2,0,0,161,173,164,0,0,0,0,0,0,0,0,0,0,0,0,0,0,0,0,0,0,0,0,0,0,2,0,0,205,202,225,160,68,181,250,209,209,217,55,0,0,0,0,0,0,0,0,0,0,0,0,0,0,2,0,0,190,227,214,240,252,230,231,223,218,222,25,0,0,0,0,0,0,0,0,0,0,0,0,0,0,4,0,9,212,229,207,184,174,220,224,220,216,198,0,0,0,0,0,0,0,0,0,0,0,0,0,0,0,2,0,50,245,223,185,218,218,221,231,224,217,241,7,0,0,0,0,0,0,0,0,0,0,0,0,0,0,0,0,108,230,213,192,231,226,219,227,213,210,243,8,0,0,0,0,0,0,0,0,0,0,0,0,0,2,0,0,215,225,215,201,217,231,224,222,208,207,226,6,0,0,0,0,0,0,0,0,0,0,0,0,1,0,0,141,244,220,238,228,204,239,216,211,217,202,222,16,0,0,0,0,0,0,0,0,1,1,1,0,0,0,61,233,197,214,231,226,205,242,202,203,223,202,237,49,0,0,0,0,0,0,0,0,0,0,0,5,0,10,230,201,211,212,215,206,200,229,203,199,220,209,212,127,0,0,0,0,1,0,0,0,0,0,9,0,0,209,208,201,217,222,217,215,207,222,215,199,197,211,204,188,0,0,0,0,0,0,0,0,1,3,0,0,172,210,194,214,217,214,215,224,203,213,217,222,214,198,198,223,19,0,0,0,0,0,0,2,0,0,0,120,227,197,206,214,218,219,223,216,190,204,221,221,219,227,209,223,75,1,0,2,8,5,1,0,0,19,162,208,190,206,210,220,220,220,228,216,190,214,232,231,230,241,220,222,91,3,5,0,0,0,0,6,108,219,204,184,207,215,213,218,218,217,229,223,194,235,233,227,219,216,199,219,43,0,0,0,62,113,153,204,223,198,192,207,218,222,217,222,220,217,238,208,158,184,160,170,168,177,183,222,0,0,80,181,205,204,196,199,203,204,209,218,221,220,223,226,216,217,230,194,196,220,192,199,197,195,195,211,0,54,210,206,198,197,203,206,210,210,208,217,217,219,223,222,228,236,255,233,134,160,203,181,187,191,197,173,0,108,233,218,219,214,215,215,212,214,216,219,222,226,232,238,252,143,42,0,0,121,208,174,183,184,198,135,0,15,111,168,195,215,224,233,239,247,252,255,253,228,182,86,0,0,0,0,0,188,214,210,225,199,218,95,0,0,0,0,0,0,0,8,27,38,44,36,16,0,0,0,0,0,2,0,0,108,132,111,111,102,119,19,0,0,0,0,0,0,0,0,0,0,0,0,0,0,0,0,0,0,0,0,0,0,0,0,0,0,0,0,0,0,0,0,0,0,0,0,0,0,0,0,0,0,0,0,0,0,0,0,0,0,0,0,0,0,0,0,0,0,0,0,0,0,0,0,0,0,0,0,0,0,0,0,0,0,0,0,0,0,0,0,0,0,0,0,0,6
0,0,0,0,0,0,0,0,0,0,0,0,0,0,0,0,0,0,0,0,0,0,0,0,0,0,0,0,0,0,0,0,0,0,0,0,0,0,0,0,0,0,0,0,0,0,0,0,0,0,0,0,0,0,0,0,0,0,0,0,0,0,0,0,0,0,0,0,0,0,0,0,0,0,93,0,0,0,0,2,1,0,0,0,0,0,0,0,0,0,0,0,0,0,0,0,0,3,0,0,0,106,210,134,8,0,0,0,0,2,1,0,0,0,0,0,0,0,0,0,0,0,0,0,0,0,0,138,160,192,198,189,160,89,65,26,3,0,0,0,0,0,0,0,0,0,0,0,0,1,0,0,0,22,144,217,196,173,164,155,166,167,171,148,107,92,14,0,0,0,0,0,0,0,0,0,0,0,3,0,0,206,235,203,216,219,218,199,187,190,184,179,182,225,88,0,0,0,0,0,0,0,0,0,0,0,6,0,33,205,192,212,231,222,205,214,183,194,189,195,204,236,72,0,0,0,0,0,0,0,0,0,0,0,4,0,58,245,209,194,205,218,212,210,208,205,210,195,202,229,39,0,0,0,0,0,0,0,0,0,0,1,2,0,140,242,225,235,221,210,198,211,200,214,173,186,221,235,53,0,0,0,0,0,0,0,0,0,0,0,0,0,42,228,213,233,240,253,218,230,208,156,128,195,182,210,156,0,0,0,0,0,0,0,0,0,0,2,0,3,214,219,221,203,212,221,184,161,121,141,141,116,167,238,69,0,0,0,0,0,0,0,0,0,0,0,0,214,226,212,245,238,217,204,156,137,137,160,135,143,139,203,27,0,0,0,0,0,0,3,1,0,0,0,151,244,189,236,218,196,205,190,214,213,207,179,139,143,122,185,55,0,0,0,1,1,2,2,0,5,0,23,239,224,216,197,216,198,194,192,175,193,140,145,225,126,115,185,67,0,0,2,0,0,0,0,0,0,0,173,218,227,241,210,200,209,185,196,209,149,151,241,196,119,129,212,76,0,0,0,0,0,0,0,0,0,148,246,211,208,235,249,209,213,207,195,224,230,217,170,114,144,141,249,119,0,0,0,173,212,196,188,214,233,236,197,235,219,204,226,207,219,213,207,172,138,117,141,121,139,177,245,196,0,0,178,192,219,230,230,228,227,199,213,219,215,213,207,203,200,190,110,88,103,107,133,133,186,216,247,219,0,53,219,182,163,180,207,224,233,210,255,243,200,195,210,220,207,206,192,206,194,194,178,165,204,224,242,214,0,96,200,211,204,164,151,157,165,165,173,173,225,226,232,229,232,241,252,244,252,242,245,226,212,239,235,221,54,78,185,173,212,216,192,184,181,175,170,152,218,242,220,233,239,229,219,222,233,238,242,211,241,232,201,196,76,22,227,179,174,212,214,199,187,186,198,190,165,230,251,231,197,175,180,181,176,179,183,185,182,172,186,202,42,0,109,198,180,172,187,200,204,203,208,217,205,208,201,167,167,190,187,186,187,184,183,184,183,190,202,192,0,0,0,100,184,193,186,179,182,169,175,173,172,161,177,195,206,225,197,203,199,197,194,196,195,211,216,119,0,0,0,0,0,131,182,208,215,222,222,221,218,233,224,175,102,62,62,111,186,196,207,178,194,94,47,0,0,0,0,0,0,0,0,30,16,72,89,82,52,41,0,0,0,0,0,0,0,0,0,0,0,0,0,0,0,0,0,0,0,0,0,0,0,0,0,0,0,0,0,0,0,0,0,0,0,0,0,0,0,0,0,0,0,6
0,0,0,0,0,0,0,0,0,0,0,0,0,0,0,0,0,0,0,0,0,0,0,0,0,0,0,0,0,0,0,0,0,0,0,0,0,0,0,0,0,0,0,0,0,0,0,0,0,0,0,0,0,0,0,0,0,0,0,0,0,0,0,0,0,0,0,0,0,0,0,0,0,0,0,0,0,0,0,0,0,0,0,0,0,0,0,0,0,0,0,0,0,0,0,0,0,0,0,0,0,0,0,0,0,0,0,0,0,0,0,0,0,0,0,0,0,0,0,0,0,0,0,0,0,0,0,0,0,0,0,0,0,0,0,0,0,0,0,0,0,0,0,0,0,0,0,0,0,0,0,0,0,0,0,0,0,0,0,0,0,0,0,0,0,0,0,0,0,0,0,0,0,0,0,0,0,2,0,0,1,0,0,120,144,65,0,0,0,0,0,0,54,9,0,0,0,0,0,0,0,0,0,0,0,1,1,0,0,0,70,136,119,195,196,176,186,175,102,132,183,157,13,0,0,0,0,0,0,0,0,0,1,0,0,2,0,14,126,119,129,203,241,233,238,254,232,165,164,137,0,0,0,0,0,0,0,0,0,0,0,0,0,0,0,98,129,103,129,228,218,218,225,232,216,159,167,134,0,0,0,0,0,0,0,0,0,0,0,0,4,0,40,130,118,102,159,233,219,224,228,236,222,137,165,177,0,0,0,0,0,0,0,0,0,0,0,3,0,4,132,119,120,96,207,227,215,225,229,237,238,135,163,169,9,0,0,0,0,0,0,0,0,0,3,0,0,106,117,117,106,105,240,227,222,229,230,236,244,142,157,172,97,0,0,0,0,0,0,0,2,1,0,0,91,117,112,122,102,123,229,222,226,228,228,237,239,141,152,152,151,0,0,1,2,2,2,3,0,0,3,83,107,109,112,106,96,155,237,218,225,227,234,247,216,114,130,143,164,12,2,0,0,0,0,0,0,49,106,113,107,110,105,113,129,135,225,237,238,241,249,227,134,125,145,134,180,36,0,0,25,41,47,55,91,111,99,98,99,97,101,113,126,109,151,204,206,189,151,131,151,160,156,151,167,13,0,114,131,112,116,111,99,98,101,99,93,99,118,123,128,148,153,151,135,129,138,145,146,149,155,164,194,26,75,122,111,116,110,108,98,112,119,124,136,140,141,140,152,151,156,144,164,186,199,195,196,203,203,206,227,75,189,199,169,148,136,122,113,102,103,114,120,134,157,169,187,202,219,229,216,219,213,210,209,204,202,201,214,61,49,140,191,212,215,207,199,182,187,189,191,198,213,221,204,169,118,28,0,206,225,212,223,230,216,213,234,84,0,0,0,24,71,146,190,205,207,203,190,169,131,28,0,0,0,0,0,158,165,158,138,151,147,149,153,22,0,0,0,0,0,0,0,0,0,0,0,0,0,0,0,0,0,0,0,0,0,0,0,0,0,0,0,0,0,0,0,0,0,0,0,0,0,0,0,0,0,0,0,0,0,0,0,0,0,0,0,0,0,0,0,0,0,0,0,0,0,0,0,0,0,0,0,0,0,0,0,0,0,0,0,0,0,0,0,0,0,0,0,0,0,0,0,0,0,0,0,0,0,0,0,0,0,0,0,0,0,0,0,0,0,0,0,0,0,0,0,0,0,0,0,0,0,0,0,0,0,0,0,0,0,0,0,0,0,0,0,0,0,0,0,0,0,0,0,0,0,0,0,0,0,0,0,0,0,0,0,0,0,0,0,0,0,0,0,0,0,0,0,0,0,0,0,0,6
0,0,0,0,0,0,0,0,0,0,0,0,0,0,0,0,0,0,0,0,0,0,0,0,0,0,0,0,0,0,0,0,0,0,0,0,0,0,0,0,0,0,0,0,0,0,0,0,0,0,0,0,0,0,0,0,0,0,0,0,0,0,0,0,0,0,0,0,0,0,0,0,0,0,0,0,0,0,0,0,0,0,0,0,0,0,0,0,0,0,0,0,0,0,1,0,0,0,0,67,37,24,0,0,0,0,0,0,0,0,2,3,0,0,0,0,0,0,0,0,0,0,1,0,2,0,2,189,175,179,191,132,86,56,3,0,1,0,0,0,0,0,0,0,0,0,0,0,0,0,0,0,4,0,15,186,152,172,170,176,176,169,30,0,2,0,20,24,0,0,0,0,0,0,0,0,0,0,0,0,5,0,76,190,155,172,160,158,160,154,16,0,0,0,97,118,0,0,0,0,0,0,0,0,0,0,0,0,6,0,122,195,161,157,164,172,169,181,186,156,145,79,80,99,0,0,0,0,0,0,0,0,0,0,0,1,0,0,197,178,159,170,180,161,160,171,154,174,187,178,170,50,0,0,0,0,0,0,0,0,0,1,0,4,0,15,190,147,165,197,177,151,139,172,160,170,177,153,165,28,0,0,0,0,0,0,0,0,0,0,0,6,0,18,185,157,166,207,167,176,164,161,165,163,176,183,194,0,0,0,0,0,0,0,0,0,0,0,0,6,0,63,187,174,170,202,206,197,198,195,178,177,167,187,146,0,0,0,0,0,0,0,0,0,0,1,0,2,0,189,174,155,165,175,167,197,191,202,205,181,123,170,102,0,0,0,0,0,0,0,0,0,0,0,0,0,0,197,165,147,183,160,116,109,156,166,187,200,130,168,56,0,0,0,0,0,0,0,0,0,0,0,7,0,32,188,168,176,179,143,191,149,162,163,164,187,166,177,43,0,0,0,0,0,0,0,0,0,0,5,0,0,216,178,170,187,200,144,157,161,117,156,160,165,136,168,101,0,1,1,0,0,0,0,0,0,3,0,0,130,198,162,160,158,181,183,186,219,158,159,158,171,123,156,159,0,1,0,0,0,4,0,5,8,0,0,141,207,177,145,163,183,132,158,169,171,198,192,181,175,156,128,213,0,0,1,4,5,6,10,0,0,7,201,209,184,172,174,177,138,174,164,179,157,165,182,158,165,176,96,236,17,2,0,0,0,0,0,0,101,202,201,172,171,160,188,196,212,184,152,160,167,181,161,150,155,145,81,239,72,0,0,0,13,81,152,195,209,186,174,150,145,154,168,178,186,196,170,154,155,199,200,198,199,166,107,236,62,0,199,226,223,227,225,195,182,179,166,160,162,175,176,172,170,193,217,180,157,216,222,214,223,218,170,218,133,40,231,180,163,158,143,161,167,157,161,173,181,177,169,171,177,191,211,231,223,215,210,209,208,202,174,189,174,166,238,189,179,157,162,158,153,155,167,170,173,175,186,193,215,229,222,183,201,213,188,187,181,180,160,186,145,118,203,212,206,229,232,216,206,215,214,213,217,237,249,243,202,104,21,0,96,255,205,228,224,219,196,227,193,0,0,37,57,110,120,146,166,186,197,216,207,159,93,24,0,0,0,0,0,70,138,128,136,134,122,128,65,0,0,0,0,0,0,0,0,0,0,0,0,0,0,0,0,0,0,0,0,0,0,0,0,0,0,0,0,0,0,0,0,0,0,0,0,0,0,0,0,0,0,0,0,0,0,0,0,0,0,0,0,0,0,0,0,6
0,0,0,0,0,0,0,0,0,0,0,0,0,0,0,0,0,0,0,0,0,0,0,0,0,0,0,0,0,0,0,0,0,0,0,0,0,0,0,0,0,0,0,0,0,0,0,0,0,0,0,0,0,0,0,0,0,0,0,0,0,0,0,0,0,0,0,0,0,0,0,0,0,0,0,0,0,0,0,0,0,0,0,0,0,0,0,0,0,0,0,0,0,0,0,0,0,0,0,0,0,0,0,0,0,0,0,0,0,0,0,0,0,0,0,0,0,0,0,0,0,0,0,0,0,0,0,0,0,0,0,0,0,0,0,0,0,0,0,0,0,0,0,0,0,0,0,0,0,0,0,0,1,0,0,102,141,139,153,125,88,64,41,0,0,0,0,0,0,0,0,0,0,0,0,0,0,0,0,0,1,0,0,190,203,210,224,232,233,235,243,223,205,89,0,0,0,0,0,0,0,0,0,0,0,0,0,0,1,0,17,199,176,186,197,197,199,196,203,192,207,124,0,0,0,0,0,0,0,0,0,0,0,1,0,0,1,0,54,213,182,194,216,201,204,204,203,183,196,135,0,0,0,0,0,0,0,0,0,0,0,1,0,0,0,0,111,213,181,204,219,200,203,205,200,187,197,225,0,0,0,0,0,0,0,0,0,0,0,0,0,0,0,7,196,185,179,207,218,205,211,207,198,189,189,241,49,0,0,0,0,0,0,0,0,0,0,0,0,0,0,130,206,171,192,213,217,206,210,208,200,192,187,203,124,0,0,0,0,0,0,0,0,0,0,0,0,0,19,199,180,189,194,211,211,209,206,189,143,168,194,196,188,0,0,0,0,0,0,0,0,0,0,0,0,0,135,213,186,191,182,208,219,216,183,115,96,171,203,197,218,16,0,0,0,0,0,0,0,0,0,3,0,35,227,181,167,167,184,217,198,152,126,112,123,178,195,188,218,58,0,0,0,0,0,0,0,0,1,0,0,178,191,134,157,174,191,208,129,126,178,198,214,221,213,190,217,80,0,0,0,0,0,0,1,0,0,0,121,188,156,152,175,189,196,203,198,222,220,211,210,204,192,178,228,63,0,0,0,2,1,0,0,0,0,131,187,156,167,181,182,198,218,221,205,177,176,179,166,172,175,218,160,0,0,5,0,0,0,0,2,70,147,104,154,176,170,190,206,224,214,179,162,201,213,206,208,170,204,111,0,0,0,0,0,27,77,114,136,132,103,119,179,184,195,219,224,197,173,202,225,174,45,0,109,240,119,0,0,0,0,101,150,174,162,99,70,130,180,182,190,200,218,217,192,202,226,159,28,0,0,0,0,253,19,0,3,0,137,236,207,198,190,190,189,192,194,197,205,209,210,200,233,181,39,0,0,0,0,0,0,184,2,0,1,0,8,56,118,175,204,211,223,236,248,241,249,255,240,205,83,0,0,0,0,0,0,0,0,195,26,0,3,0,0,0,0,0,0,25,54,70,78,95,114,116,80,0,0,0,2,0,0,0,1,0,0,155,12,0,4,0,0,0,0,0,0,0,0,0,0,0,0,0,0,0,0,0,0,0,0,0,0,0,0,0,0,0,0,0,0,0,0,0,0,0,0,0,0,0,0,0,0,0,0,0,0,0,0,0,0,0,0,0,0,0,0,0,0,0,0,0,0,0,0,0,0,0,0,0,0,0,0,0,0,0,0,0,0,0,0,0,0,0,0,0,0,0,0,0,0,0,0,0,0,0,0,0,0,0,0,0,0,0,0,0,0,0,0,0,0,0,0,0,6
0,0,0,0,0,0,0,0,0,0,0,0,0,0,0,0,0,0,0,0,0,0,0,0,0,0,0,0,0,0,0,0,0,0,0,0,0,0,0,0,0,0,0,0,0,0,0,0,0,0,0,0,0,0,0,0,0,0,0,0,0,0,0,0,0,0,0,0,0,0,0,0,0,0,0,0,0,0,0,0,0,0,0,0,0,0,0,0,0,0,0,0,0,0,0,0,0,0,0,0,0,0,0,0,0,0,0,0,0,0,0,0,0,0,0,0,0,0,0,0,0,0,0,0,0,0,0,0,0,0,0,0,0,0,0,0,0,0,0,0,0,0,0,0,0,0,0,0,0,1,0,0,0,0,0,0,0,0,0,0,0,1,1,2,0,0,74,62,0,0,0,0,0,0,0,0,0,0,0,0,0,0,0,0,147,177,49,0,0,0,0,0,1,89,38,24,0,0,0,0,0,0,0,0,0,0,0,0,0,5,0,0,178,216,184,108,92,85,65,46,191,234,144,18,0,0,0,0,0,0,0,0,0,0,0,0,0,3,0,20,180,195,194,153,174,190,181,197,208,201,109,0,0,0,0,0,0,0,0,0,0,0,0,0,0,5,0,105,156,185,175,125,155,156,139,167,205,219,33,0,0,0,0,0,0,0,0,0,0,0,0,0,2,0,0,192,186,216,145,136,151,151,137,191,174,216,46,0,0,0,0,0,0,0,0,0,0,1,0,0,0,0,47,202,195,195,130,150,148,153,144,198,170,114,43,0,0,0,0,0,0,0,0,0,1,1,0,1,0,0,72,85,200,175,132,155,154,159,148,175,221,160,81,0,0,0,0,0,0,0,1,1,1,0,0,0,0,84,185,182,232,142,142,153,153,159,145,175,204,226,104,0,0,0,0,0,1,1,0,0,2,0,1,0,69,241,218,215,179,125,148,151,153,161,147,178,209,212,133,0,0,0,1,2,2,3,4,0,0,0,0,36,171,184,184,202,150,129,150,151,155,157,128,181,226,204,182,0,2,5,2,0,0,0,0,0,0,5,141,225,201,210,148,168,136,126,137,138,134,134,158,204,190,205,202,0,1,0,0,0,20,9,32,71,123,173,208,174,180,198,145,216,170,177,199,209,217,233,255,212,188,206,187,0,0,37,147,121,102,135,141,134,136,154,128,179,139,122,178,251,248,242,235,226,216,212,210,196,197,211,151,0,6,166,206,171,103,21,0,2,87,150,166,173,196,192,222,184,149,170,178,188,190,189,215,214,208,198,132,0,47,141,168,188,212,221,250,218,198,202,229,229,218,208,207,216,217,224,204,177,166,145,137,127,113,115,121,0,0,45,98,135,148,162,184,206,214,216,212,197,195,194,179,155,126,76,78,115,106,110,114,120,123,128,139,0,0,0,0,7,47,79,103,116,127,129,127,109,99,67,14,0,0,0,21,172,146,153,151,153,141,141,112,0,2,0,0,0,0,0,0,0,5,6,1,0,0,0,0,0,0,0,0,38,28,24,24,17,1,0,0,0,0,0,0,0,0,0,0,0,0,0,0,0,0,0,0,0,0,0,0,0,0,0,0,0,0,0,0,0,0,0,0,0,0,0,0,0,0,0,0,0,0,0,0,0,0,0,0,0,0,0,0,0,0,0,0,0,0,0,0,0,0,0,0,0,0,0,0,0,0,0,0,0,0,0,0,0,0,0,0,0,0,0,0,0,0,0,0,0,0,0,0,0,0,0,0,0,0,0,0,0,0,0,0,0,0,0,0,0,0,0,0,0,6
0,0,0,0,0,0,0,0,0,0,0,0,0,0,0,0,0,0,0,0,0,0,0,0,0,0,0,0,0,0,0,0,0,0,0,0,0,0,0,0,0,0,0,0,0,0,0,0,0,0,0,0,0,0,0,0,0,0,0,0,0,0,0,0,0,0,0,0,0,0,0,0,0,0,1,0,0,107,36,0,0,1,0,0,0,0,0,0,0,0,0,0,0,0,0,0,0,0,0,0,0,1,6,0,101,248,186,37,0,0,3,0,0,0,0,0,0,0,0,0,0,1,0,0,0,0,0,0,0,1,0,0,219,225,207,253,209,0,3,0,0,0,0,0,0,0,0,0,0,1,0,0,2,3,0,0,0,5,0,0,184,204,213,221,126,0,0,0,0,0,0,0,0,0,0,0,0,0,0,0,0,0,0,0,0,0,9,165,208,216,210,237,124,0,0,0,0,0,0,0,0,0,0,0,0,0,2,0,7,20,0,0,0,19,125,244,221,206,227,227,226,0,0,0,0,0,0,0,0,0,0,0,0,0,6,0,115,183,100,132,184,217,161,171,77,86,242,217,232,78,0,1,0,0,0,0,0,0,0,0,0,3,3,0,163,221,218,219,211,185,179,0,0,78,240,202,216,241,0,0,0,0,0,0,0,0,0,0,0,7,0,56,219,194,200,157,141,101,0,0,0,85,245,130,183,234,121,0,0,0,0,0,0,0,0,0,0,2,0,92,229,183,116,152,96,0,0,5,0,75,250,101,181,225,212,0,0,0,0,0,0,0,0,0,0,0,0,187,239,152,158,63,0,0,0,3,0,99,212,143,225,215,231,36,0,0,0,0,0,0,0,0,3,0,29,201,189,189,169,0,0,1,0,6,0,116,223,224,218,209,253,55,0,0,0,0,0,0,0,0,0,0,123,216,204,200,248,120,0,0,2,1,0,92,244,215,230,211,230,35,0,0,0,0,0,0,0,1,0,0,195,216,208,197,193,232,189,0,0,0,0,149,251,186,167,141,207,27,0,0,0,0,0,2,0,1,0,87,210,205,200,188,243,217,216,188,43,92,151,167,167,166,191,207,253,44,0,0,0,0,5,0,2,0,0,198,215,202,214,121,0,196,210,223,226,152,140,169,203,243,240,202,243,44,0,0,0,0,0,0,0,0,68,229,176,174,226,245,0,0,187,200,168,177,230,124,190,234,222,205,245,44,1,4,8,0,37,169,180,200,255,25,105,190,203,252,102,134,154,154,208,125,0,0,165,239,220,205,246,45,0,0,0,0,73,141,152,211,147,228,6,197,192,179,251,119,161,222,50,0,0,0,221,233,222,197,247,45,20,73,61,16,107,186,193,213,161,95,176,12,255,142,172,161,210,5,0,0,0,0,233,231,221,198,241,47,38,113,112,119,167,225,222,200,232,211,189,122,221,126,140,203,0,0,0,0,0,0,208,231,220,204,245,54,69,156,119,109,64,82,119,136,124,208,76,82,81,128,216,44,0,9,0,5,0,0,217,226,216,202,241,54,14,106,136,161,175,139,125,118,108,90,115,136,156,147,156,0,3,1,0,5,0,17,228,224,218,207,217,63,0,0,1,23,65,118,151,154,159,159,164,165,149,165,33,0,5,0,1,7,0,65,222,208,203,191,254,83,2,3,0,0,0,0,6,18,27,30,29,28,20,1,0,1,0,0,1,4,0,3,55,27,31,21,37,0,0,0,0,0,0,0,0,0,0,0,0,0,0,0,0,0,0,0,0,0,0,0,0,0,0,0,0,0,6
0,0,0,0,0,0,0,0,0,0,0,0,0,0,0,0,0,0,0,0,0,0,0,0,0,0,0,0,0,0,0,0,0,0,0,0,0,0,0,0,0,0,0,0,0,0,0,0,0,0,0,0,0,0,0,0,0,0,0,0,0,0,0,0,0,0,0,0,0,0,0,0,0,0,0,0,0,0,0,0,0,0,0,0,0,0,0,0,0,0,0,0,0,0,0,0,0,0,0,0,0,0,0,0,0,0,0,0,0,0,0,0,0,0,0,0,0,0,0,0,0,0,0,0,0,0,84,80,56,62,33,0,0,0,0,0,0,0,0,0,0,0,0,0,0,0,0,0,0,0,0,1,0,0,224,208,197,236,255,66,0,150,245,228,187,177,172,0,0,0,0,0,0,0,0,0,0,0,0,1,0,0,209,185,186,185,231,123,99,242,187,183,189,213,186,0,0,0,0,0,0,0,0,0,0,0,0,1,0,0,232,189,187,183,201,170,196,187,178,173,168,184,128,0,0,0,0,0,0,0,0,0,0,0,0,1,0,0,235,183,188,185,219,178,191,194,185,191,178,226,51,0,0,0,0,0,0,0,0,0,0,0,0,3,0,66,250,175,184,183,219,180,206,187,180,186,176,252,56,0,0,0,0,0,0,0,0,0,0,0,0,0,0,195,202,177,187,197,209,142,189,192,185,183,182,246,66,0,0,0,0,0,0,0,0,0,0,0,1,0,60,252,178,194,187,192,209,191,198,181,185,197,179,213,158,0,0,0,0,0,0,0,0,0,0,1,0,0,211,199,185,192,186,184,200,191,181,188,188,194,187,193,224,0,0,0,0,0,0,0,0,0,0,5,0,93,249,178,188,189,193,184,197,191,188,194,183,186,190,181,236,57,0,0,0,0,0,0,0,0,0,0,9,244,192,187,181,183,194,192,194,194,189,190,189,191,187,166,213,136,0,0,0,0,0,0,0,0,0,0,214,219,183,192,188,177,185,196,191,195,188,183,187,186,181,174,196,167,0,1,3,2,0,9,0,0,0,203,237,180,190,193,186,179,181,191,193,192,189,190,184,188,183,178,201,179,0,5,0,0,0,0,0,51,239,212,176,190,185,192,181,181,179,185,196,194,185,187,198,197,198,178,236,110,0,0,0,0,27,74,151,247,203,193,193,183,189,190,185,184,179,178,173,198,228,224,212,213,208,208,254,0,0,101,217,228,242,243,228,187,190,195,185,183,180,181,179,182,177,184,240,255,182,228,229,217,208,234,120,0,22,214,194,191,184,183,181,194,188,187,192,191,187,178,176,180,211,255,182,32,0,186,228,211,212,243,0,0,32,223,195,189,183,181,177,173,177,180,169,170,174,184,196,216,201,43,0,0,0,149,227,195,225,124,0,0,0,191,222,224,220,215,212,205,201,196,197,206,213,220,255,100,0,0,0,5,0,139,245,222,209,0,0,0,0,0,17,61,132,173,191,218,235,233,229,211,184,129,0,0,0,4,0,0,0,68,157,160,86,0,2,0,0,1,0,0,0,0,0,0,0,0,0,0,0,0,0,5,0,4,0,0,0,0,0,0,0,0,0,0,0,0,0,0,0,0,0,0,0,0,0,0,0,0,0,0,0,0,0,0,0,0,0,0,0,0,0,0,0,0,0,0,0,0,0,0,0,0,0,0,0,0,0,0,0,0,0,0,0,0,0,0,0,0,0,0,0,0,0,0,0,0,0,0,0,0,0,0,0,0,0,0,0,0,0,0,0,0,0,0,0,0,0,0,6
0,0,0,0,0,0,0,0,0,0,0,0,0,0,0,0,0,0,0,0,0,0,0,0,0,0,0,0,0,0,0,0,0,0,0,0,0,0,0,0,0,0,0,0,0,0,0,0,0,0,0,0,0,0,0,0,0,0,0,0,0,0,0,0,0,0,0,0,0,0,0,0,0,0,0,0,0,0,0,0,0,0,0,0,0,0,0,0,0,0,0,0,0,0,1,0,3,0,31,106,22,0,0,0,0,0,0,0,0,5,24,0,0,0,0,0,0,0,0,0,0,0,1,0,3,0,59,223,200,222,90,111,134,125,118,76,137,188,166,0,0,0,0,0,0,0,0,0,0,0,1,0,2,0,31,204,185,201,227,224,222,226,235,235,205,201,133,0,0,0,0,0,0,0,0,0,0,0,2,0,2,0,38,209,187,203,214,205,204,190,175,147,96,79,43,0,0,0,0,0,0,0,0,0,0,1,1,0,6,0,60,232,236,107,165,234,207,65,13,3,4,13,26,0,0,0,0,0,0,0,0,0,0,2,0,0,0,0,125,225,232,68,163,249,222,87,47,30,37,45,43,0,0,0,0,0,0,0,0,0,0,1,0,3,0,0,199,214,221,59,178,237,227,93,41,34,25,27,43,1,0,0,0,0,0,0,0,0,0,0,0,1,0,37,251,200,219,55,204,224,231,100,39,38,30,27,34,0,0,0,0,0,0,0,0,0,0,0,0,0,0,138,220,175,226,62,214,209,220,74,21,11,4,6,34,0,0,0,0,0,0,0,0,0,0,0,1,0,5,232,201,191,197,85,163,124,159,95,104,130,126,177,233,68,0,0,0,0,0,0,0,0,0,1,0,0,131,245,186,196,189,189,201,196,204,224,246,246,205,198,214,121,0,0,0,0,0,0,0,0,0,1,0,11,247,199,188,205,185,222,223,218,210,203,205,197,176,179,188,161,0,0,0,0,0,0,0,0,0,0,0,153,243,178,198,188,199,211,199,199,207,205,224,206,181,187,184,162,0,0,0,0,0,0,0,0,4,0,29,244,200,190,194,192,237,212,194,207,206,203,213,205,182,182,194,149,0,0,0,0,1,0,0,1,0,0,168,243,177,188,181,217,232,209,194,206,207,203,210,196,157,162,183,91,0,1,4,4,1,4,0,0,0,88,235,212,202,204,196,224,227,214,202,203,196,194,206,172,176,187,215,84,0,0,0,0,0,0,0,0,82,198,223,210,195,212,223,240,232,201,190,202,233,230,203,193,200,178,200,75,0,0,5,40,62,87,128,165,202,199,224,244,218,216,244,230,169,183,232,247,136,111,186,172,170,164,204,73,0,90,166,171,178,144,102,111,167,135,228,176,163,249,226,147,163,254,208,18,0,84,214,179,187,172,198,51,44,204,202,205,207,199,200,221,246,210,178,179,240,217,135,186,240,93,0,0,0,78,212,182,182,177,202,40,60,192,188,191,185,191,194,187,216,225,200,211,164,139,244,230,6,0,0,0,0,78,181,176,170,164,208,51,0,25,105,141,176,198,208,213,213,207,197,193,215,254,142,0,0,3,0,0,0,157,220,209,239,236,255,88,0,0,0,0,0,0,14,40,67,104,117,132,106,11,0,0,0,0,0,0,0,23,124,84,87,63,52,0,0,0,0,0,0,0,0,0,0,0,0,0,0,0,0,0,0,0,0,0,0,0,0,0,0,0,0,0,0,0,0,0,0,0,0,0,0,0,0,0,0,0,0,0,0,0,0,0,0,0,0,0,0,0,0,0,6
0,0,0,0,0,0,0,0,0,0,0,0,0,0,0,0,0,0,0,0,0,0,0,0,0,0,0,0,0,0,0,0,0,0,0,0,0,0,0,0,0,0,0,0,0,0,0,0,0,0,0,0,0,0,0,0,0,0,0,0,0,0,0,0,0,0,0,0,0,0,0,0,0,0,0,0,0,0,0,0,0,0,0,0,0,0,0,0,0,0,0,0,0,0,0,0,0,0,62,66,16,21,22,32,33,35,12,0,0,0,0,0,0,0,0,0,0,0,0,0,0,1,0,0,35,162,230,255,248,255,255,255,255,243,253,127,130,118,3,0,0,0,0,0,0,0,0,0,0,5,0,86,255,237,217,217,223,230,230,203,198,229,233,133,150,155,0,0,0,0,0,0,0,0,0,0,0,2,0,0,208,228,219,224,215,241,234,242,238,234,240,178,102,132,67,0,0,0,0,0,0,0,0,0,0,0,0,0,183,243,220,227,220,238,233,231,227,228,241,223,132,185,242,0,0,0,0,0,0,0,0,0,0,2,0,0,178,225,221,221,207,233,227,231,230,235,243,235,250,151,0,0,0,0,0,0,0,0,0,0,0,2,0,0,135,163,255,241,240,255,254,252,242,238,231,220,231,79,0,0,0,0,0,0,0,0,0,0,0,4,0,0,206,200,147,151,159,168,137,120,118,136,165,177,231,28,0,0,0,0,0,0,1,0,2,0,4,0,30,119,0,181,220,201,231,239,241,242,239,230,224,210,233,15,0,1,0,0,0,0,1,0,2,3,0,29,118,0,0,135,246,209,235,230,230,232,239,239,243,235,243,90,0,0,0,0,0,0,0,0,0,0,16,119,0,0,83,254,129,222,221,230,232,224,228,233,233,230,232,253,0,0,0,0,0,0,1,1,0,20,99,0,0,28,173,231,208,223,225,231,235,233,236,237,226,228,216,240,181,0,1,0,6,1,2,5,0,15,0,0,135,255,157,160,235,219,234,235,237,240,238,226,221,216,231,230,255,0,0,1,0,0,0,0,0,0,0,155,167,195,235,226,235,228,233,235,231,234,221,213,210,245,230,225,237,41,0,0,47,154,123,79,70,85,113,253,217,211,203,230,229,234,217,227,231,230,215,217,227,241,180,206,255,49,0,48,209,214,231,233,228,239,254,168,221,214,211,197,210,226,243,232,234,221,221,217,220,203,215,214,246,67,0,166,227,201,206,217,221,215,210,214,213,211,217,221,210,206,213,232,230,214,217,228,242,243,243,222,255,52,105,190,196,221,224,221,220,220,222,224,224,224,228,222,218,223,208,208,232,247,240,237,235,229,222,212,244,28,4,126,166,188,204,208,220,225,225,226,229,229,230,228,232,233,255,249,210,178,160,158,153,148,151,154,202,72,0,0,28,125,174,197,187,192,204,214,213,216,214,214,224,180,125,45,71,200,169,173,167,165,163,172,209,68,1,0,0,0,0,39,106,128,151,181,162,182,197,157,2,0,0,0,67,255,206,221,218,206,213,206,228,76,0,0,0,2,0,0,0,0,0,0,0,0,0,0,0,0,4,0,24,105,72,59,55,44,49,44,53,0,0,0,0,0,0,0,0,0,0,0,0,0,0,0,0,0,0,0,0,0,0,0,0,0,0,0,0,0,0,0,0,0,0,0,0,0,0,0,0,0,0,0,0,0,0,0,0,0,0,0,0,0,0,0,0,0,0,0,0,0,0,0,0,0,0,0,0,0,0,0,0,0,0,0,0,0,0,0,0,0,0,0,0,0,6
0,0,0,0,0,0,0,0,0,0,0,0,0,0,0,0,0,0,0,0,0,0,0,0,0,0,0,0,0,0,0,0,0,0,0,0,0,0,0,0,0,0,0,0,0,0,0,0,0,0,0,0,0,0,0,0,0,0,0,0,0,0,0,0,0,0,0,0,0,0,0,0,0,0,0,0,0,0,0,0,0,0,0,0,0,0,0,0,0,0,0,0,0,0,0,0,0,0,0,0,0,0,0,0,0,0,0,0,0,0,0,0,0,0,0,0,0,0,0,0,0,0,0,0,0,0,0,0,0,0,0,0,0,0,0,0,0,0,0,0,0,0,0,0,0,0,0,0,0,0,0,0,0,0,0,19,183,58,29,20,0,0,0,0,0,0,39,173,0,0,0,0,0,0,0,0,0,0,0,0,0,0,0,149,223,218,255,255,249,246,226,191,140,40,108,112,0,0,0,0,0,0,0,0,0,0,0,0,4,0,33,216,199,198,208,211,217,219,224,227,232,238,222,0,0,0,0,0,0,0,0,0,0,0,0,0,7,0,54,220,200,220,221,213,208,209,211,214,205,222,147,0,0,0,0,0,0,0,0,0,0,0,0,3,0,5,175,212,206,221,218,220,222,221,218,220,208,228,111,0,0,0,0,0,0,0,0,0,0,0,0,6,0,81,255,200,192,200,211,219,225,221,217,219,209,223,58,0,0,0,0,0,0,0,0,0,0,0,0,0,0,63,209,174,208,219,222,220,220,221,218,211,206,225,64,0,0,0,0,0,0,0,0,0,0,0,1,0,45,255,198,192,217,219,220,218,216,213,214,212,203,225,96,0,0,0,0,0,0,0,0,0,0,1,0,0,181,203,180,221,225,223,221,218,215,211,212,218,203,221,163,0,0,0,0,0,0,0,0,0,2,0,0,229,238,174,222,228,221,220,222,219,216,212,213,219,197,210,231,0,0,0,0,0,0,0,3,1,0,83,198,183,178,211,218,214,222,220,222,221,219,218,220,203,198,208,255,50,1,0,3,6,7,0,0,0,0,149,196,148,204,213,212,213,216,216,217,218,216,211,208,200,213,204,240,145,4,0,0,0,0,0,18,111,186,146,172,228,218,217,221,222,220,220,221,221,219,215,214,209,211,198,233,177,0,0,30,94,133,183,206,157,86,187,198,202,212,206,213,221,220,218,225,222,219,221,218,216,219,206,231,167,0,129,173,158,147,95,85,139,188,204,206,202,206,211,216,223,217,210,202,195,196,203,197,197,202,192,212,120,45,211,195,180,167,152,190,212,209,209,201,205,213,217,212,192,196,193,215,212,194,199,196,200,203,201,233,117,75,207,229,229,224,220,212,206,208,221,217,203,210,212,211,223,233,255,247,200,225,209,210,210,205,197,221,106,0,0,104,190,207,219,254,251,247,241,236,245,255,255,237,177,84,20,0,0,255,231,250,254,255,241,255,144,0,0,0,0,11,45,78,126,147,163,172,156,109,45,0,0,0,0,0,0,128,113,111,109,110,102,105,5,0,0,0,0,0,0,0,0,0,0,0,0,0,0,0,0,0,0,0,0,0,0,0,0,0,0,0,0,0,0,0,0,0,0,0,0,0,0,0,0,0,0,0,0,0,0,0,0,0,0,0,0,0,0,0,0,0,0,0,0,0,0,0,0,0,0,0,0,0,0,0,0,0,0,0,0,0,0,0,0,0,0,0,0,0,0,0,0,0,0,0,0,0,0,0,0,0,0,0,0,0,0,0,0,0,0,0,0,0,0,0,0,6
0,0,0,0,0,0,0,0,0,0,0,0,0,0,0,0,0,0,0,0,0,0,0,0,0,0,0,0,0,0,0,0,0,0,0,0,0,0,0,0,0,0,0,0,0,0,0,0,0,0,0,0,0,0,0,0,0,0,0,0,0,0,0,0,0,0,0,0,0,0,0,0,0,0,0,0,0,0,0,0,0,0,0,0,0,0,0,0,0,0,0,0,0,0,0,0,0,0,0,0,0,0,0,0,0,0,0,0,0,0,0,0,0,0,0,0,0,0,0,0,0,0,0,0,0,1,0,1,0,3,0,0,0,0,21,95,5,0,2,0,0,0,0,0,0,0,0,0,0,0,0,0,0,1,0,4,2,0,0,0,43,169,216,216,1,0,4,0,0,0,0,0,0,0,0,0,0,0,0,0,0,0,5,0,0,0,129,231,216,218,208,216,32,0,4,0,0,0,0,0,0,0,0,0,0,0,0,0,0,3,0,0,40,195,217,226,221,196,225,165,0,0,2,0,0,0,0,0,0,0,0,0,0,0,0,0,1,0,48,142,216,207,176,214,182,163,129,0,0,3,0,0,0,0,0,0,0,0,0,0,0,0,0,0,2,0,141,223,188,195,214,191,221,255,61,0,0,0,0,0,0,0,0,0,0,0,0,0,0,0,1,5,6,0,31,128,5,0,63,255,230,239,112,0,18,98,229,74,0,0,0,0,0,0,0,0,0,1,0,0,0,3,0,0,0,0,0,113,219,203,189,173,255,223,222,46,0,0,0,0,0,0,0,0,2,0,35,132,24,0,0,0,0,1,0,0,210,193,221,228,220,218,211,34,0,0,0,0,0,0,0,0,0,5,0,122,173,227,123,1,0,0,9,204,217,255,167,237,224,221,239,33,0,0,0,0,0,0,0,1,0,0,117,73,33,69,208,255,175,26,194,224,236,23,0,255,223,218,235,25,0,0,0,0,0,0,0,0,2,0,57,173,237,191,0,0,161,221,223,205,28,0,60,255,217,217,237,22,0,0,0,0,0,1,0,0,0,0,0,0,0,98,250,177,174,230,194,55,0,0,105,239,220,218,234,13,0,0,0,0,0,0,0,170,123,0,0,0,0,0,0,179,231,207,1,0,0,0,143,240,219,215,234,13,0,1,1,0,0,132,0,125,212,28,0,0,0,0,111,239,211,15,0,4,0,0,184,232,219,215,236,10,0,0,0,3,0,142,29,73,220,240,0,0,0,55,231,219,56,0,0,0,0,0,215,229,218,213,237,11,0,0,0,0,0,33,172,0,204,150,0,0,111,231,238,110,0,0,0,2,0,0,235,227,217,215,235,1,77,174,161,156,147,131,198,158,209,185,171,226,251,234,122,0,0,1,0,4,0,4,208,214,213,215,231,0,15,77,77,109,152,151,176,205,192,199,202,180,132,37,0,0,2,0,0,6,0,56,233,220,227,228,255,10,0,0,0,0,0,0,0,0,0,0,0,0,0,0,0,0,0,0,0,3,0,0,84,55,72,83,79,0,0,0,0,0,0,0,0,0,0,0,0,0,0,0,0,0,0,0,0,0,0,0,0,0,0,0,0,0,0,0,0,0,0,0,0,0,0,0,0,0,0,0,0,0,0,0,0,0,0,0,0,0,0,0,0,0,0,0,0,0,0,0,0,0,0,0,0,0,0,0,0,0,0,0,0,0,0,0,0,0,0,0,0,0,0,0,0,0,0,0,0,0,0,0,0,0,0,0,0,0,0,0,0,0,0,0,0,0,0,0,0,0,6
0,0,0,0,0,0,0,0,0,0,0,0,0,0,0,0,0,0,0,0,0,0,0,0,0,0,0,0,0,0,0,0,0,0,0,0,0,0,0,0,0,0,0,0,0,0,0,0,0,0,0,0,0,0,0,0,0,0,0,0,0,0,0,0,0,0,0,0,0,0,0,0,0,0,0,0,0,0,0,0,0,0,0,0,0,0,0,0,0,0,0,0,0,0,0,0,0,0,0,0,0,0,0,0,0,0,0,0,0,0,0,0,0,0,0,0,0,0,0,0,0,0,0,2,0,0,180,183,70,39,0,0,0,0,72,93,121,22,0,2,0,0,0,0,0,0,0,0,0,0,0,3,0,0,197,230,230,255,247,237,217,223,237,238,249,53,0,5,0,0,0,0,0,0,0,0,0,0,0,4,0,0,197,211,218,218,227,234,234,230,221,216,224,11,0,2,0,0,0,0,0,0,0,0,0,1,0,5,0,5,214,214,221,220,221,216,221,225,223,222,227,18,0,3,0,0,0,0,0,0,0,0,0,2,0,4,0,38,223,218,227,217,225,222,223,227,221,220,229,26,0,2,0,0,0,0,0,0,0,0,0,0,0,2,0,96,225,218,223,220,224,222,224,225,220,219,235,103,0,0,0,0,0,0,0,0,0,0,0,0,0,0,0,164,226,221,222,220,224,222,224,225,224,218,234,202,0,0,0,0,0,0,0,0,0,0,0,0,2,0,0,242,219,225,220,216,224,223,224,226,221,220,215,229,21,0,0,0,0,0,0,0,0,0,1,1,0,0,122,227,214,225,219,222,221,221,224,226,217,218,209,235,145,0,0,0,0,0,0,0,0,0,0,2,0,17,250,210,216,223,218,222,222,223,222,221,212,201,200,217,232,0,0,0,0,0,0,0,0,0,1,0,0,202,218,206,220,227,224,223,225,227,218,207,204,196,203,213,255,17,0,0,0,0,0,0,0,0,0,0,154,216,199,215,211,224,221,215,213,211,213,215,212,216,214,216,220,35,0,0,7,6,0,0,0,0,0,138,222,196,209,200,211,206,204,206,213,215,215,221,229,234,233,223,248,27,0,0,0,0,0,0,0,0,156,217,200,205,202,203,212,214,223,223,228,233,234,233,225,213,208,203,236,69,0,0,60,149,159,146,149,210,213,197,202,192,205,212,217,227,231,227,224,211,201,199,205,209,213,201,229,47,0,132,224,213,212,212,216,204,198,203,198,206,212,219,230,231,214,212,247,232,224,215,207,196,193,185,219,29,0,210,212,192,191,193,180,194,194,191,200,207,226,238,219,208,222,234,136,0,165,215,185,192,195,185,216,29,67,202,210,220,217,225,215,212,211,215,226,234,227,206,203,243,116,0,0,0,166,207,190,195,193,183,208,31,87,202,197,195,201,199,207,216,215,219,211,206,191,220,237,1,0,0,5,0,146,199,183,187,187,180,188,40,0,67,182,220,241,237,228,222,214,220,217,242,255,214,37,0,6,3,2,0,165,239,218,220,220,213,255,51,0,0,0,0,24,78,115,150,166,155,155,97,52,0,0,0,3,2,0,0,72,106,57,58,46,38,31,0,0,0,0,0,0,0,0,0,0,0,0,0,0,0,0,0,0,0,0,0,0,0,0,0,0,0,0,0,0,0,0,0,0,0,0,0,0,0,0,0,0,0,0,0,0,0,0,0,0,0,0,0,0,0,0,0,0,0,0,0,0,0,0,0,0,0,0,0,0,0,0,0,0,0,0,0,0,0,0,0,0,0,0,0,6
0,0,0,0,0,0,0,0,0,0,0,0,0,0,0,0,0,0,0,0,0,0,0,0,0,0,0,0,0,0,0,0,0,0,0,0,0,0,0,0,0,0,0,0,0,0,0,0,0,0,0,0,0,0,0,0,0,0,0,0,0,0,0,0,0,0,0,0,0,0,0,0,0,0,0,0,0,0,0,0,0,0,0,0,0,0,0,0,0,0,0,0,0,0,0,0,0,0,0,0,0,0,0,0,0,0,0,0,0,0,0,0,0,0,0,0,0,0,0,0,0,0,0,0,0,0,0,0,0,0,0,0,0,0,0,0,0,0,0,0,0,0,0,0,0,0,0,0,0,0,0,0,0,0,0,0,0,0,0,0,0,0,0,0,0,0,0,0,0,0,0,0,0,0,0,0,0,0,0,0,0,0,1,0,0,0,151,76,0,0,0,0,0,0,0,0,0,0,0,0,0,0,0,0,0,0,0,0,0,3,7,0,7,207,242,240,204,154,105,75,64,60,67,3,0,0,0,0,0,0,0,0,0,0,0,0,0,0,3,0,54,249,233,236,255,255,255,255,255,255,242,15,0,0,0,0,0,0,0,0,0,0,0,0,0,0,3,0,155,247,236,244,243,242,245,243,237,253,195,0,0,0,0,0,0,0,0,0,0,0,0,0,0,0,0,0,237,242,235,249,249,245,251,247,244,255,162,0,0,0,0,0,0,0,1,0,0,0,0,0,0,0,0,99,255,233,236,254,248,246,243,245,240,255,134,0,0,0,0,0,4,0,1,0,1,0,2,2,0,0,74,255,231,227,238,242,251,248,251,253,240,254,91,0,0,0,0,0,1,1,1,0,3,1,0,0,57,200,255,225,246,249,246,242,238,250,242,241,220,240,147,0,0,0,0,0,0,0,0,2,0,0,0,159,255,226,205,245,238,155,195,254,234,233,232,232,237,237,255,0,0,0,0,0,4,1,0,0,0,120,243,237,219,218,233,187,132,163,139,233,249,229,235,239,236,234,249,0,0,7,4,0,0,0,0,49,221,241,218,213,241,211,148,181,184,173,103,147,247,217,240,229,238,233,255,1,0,0,0,0,8,47,122,251,206,197,251,224,169,159,204,199,196,117,137,220,223,230,213,213,224,219,255,40,0,28,157,186,207,217,199,187,190,171,120,107,175,198,198,145,134,217,255,248,238,238,230,229,232,221,255,34,52,224,244,219,208,202,198,159,66,7,76,130,133,204,155,184,253,252,234,232,245,229,236,240,243,224,255,73,156,255,214,222,223,225,221,216,229,255,247,254,241,239,235,247,224,221,224,223,221,229,223,224,223,222,239,116,76,255,234,248,255,255,255,255,255,255,255,255,255,255,255,255,255,255,255,255,255,255,255,255,255,247,255,78,0,0,0,51,88,109,136,160,168,165,162,159,154,149,148,151,150,154,161,159,159,159,159,155,140,121,121,0,0,0,0,0,0,0,0,0,0,0,0,0,0,0,0,0,0,0,0,0,0,0,0,0,0,0,0,0,0,0,0,0,0,0,0,0,0,0,0,0,0,0,0,0,0,0,0,0,0,0,0,0,0,0,0,0,0,0,0,0,0,0,0,0,0,0,0,0,0,0,0,0,0,0,0,0,0,0,0,0,0,0,0,0,0,0,0,0,0,0,0,0,0,0,0,0,0,0,0,0,0,0,0,0,0,0,0,0,0,0,0,0,0,0,0,0,0,0,0,0,0,0,0,0,0,0,0,0,0,0,0,0,0,0,0,0,0,0,0,0,6
0,0,0,0,0,0,0,0,0,0,0,0,0,0,0,0,0,0,0,0,0,0,0,0,0,0,0,0,0,0,0,0,0,0,0,0,0,0,0,0,0,0,0,0,0,0,0,0,0,0,0,0,0,0,0,0,0,0,0,0,0,0,0,0,0,0,0,0,0,0,0,0,0,0,0,0,0,0,0,0,0,0,0,0,0,0,0,0,0,0,0,0,0,0,0,0,0,0,0,0,0,0,0,0,0,0,0,0,0,0,0,0,0,0,0,0,0,0,0,0,0,0,0,0,0,5,0,0,185,156,116,91,64,57,27,6,0,0,0,0,0,0,0,0,0,0,0,0,0,0,0,0,0,4,0,99,255,231,255,255,255,255,255,255,220,255,52,0,0,0,0,0,0,0,0,0,0,0,0,0,2,0,0,206,220,224,224,227,229,229,235,232,229,251,51,0,0,0,0,0,0,0,0,0,0,1,0,0,0,0,67,244,208,225,225,237,239,236,237,223,221,227,20,0,0,0,0,0,0,0,0,0,0,2,0,1,0,0,196,227,211,224,225,236,240,241,226,220,224,255,15,0,0,0,0,0,0,0,0,0,0,0,0,1,0,60,245,209,213,227,229,236,236,230,229,224,217,255,24,0,0,0,0,0,0,0,0,0,0,0,0,0,0,198,214,226,216,219,231,233,231,225,229,219,224,255,33,0,0,0,0,0,0,0,0,0,0,0,3,0,44,247,218,231,220,222,232,236,233,226,232,235,229,254,100,0,0,0,0,0,0,0,0,0,0,0,0,0,166,233,224,229,234,233,230,236,235,238,237,241,239,249,217,0,0,0,0,0,0,0,0,0,0,3,0,35,240,217,233,233,235,233,234,235,238,244,241,243,240,241,255,50,0,0,0,0,0,0,0,0,1,0,0,186,229,219,231,247,241,235,235,231,235,239,249,248,243,239,255,127,0,0,0,0,0,0,0,0,0,0,97,244,202,233,217,217,225,235,226,233,244,249,247,239,245,226,255,119,0,0,0,0,0,0,1,0,0,30,237,208,235,221,219,205,206,216,209,223,245,231,221,216,225,216,255,99,0,0,5,8,2,0,0,0,5,223,223,182,235,247,241,226,217,215,198,216,225,209,217,224,231,226,255,44,0,0,0,0,0,0,0,96,237,235,215,211,219,246,239,232,223,210,215,230,255,237,230,236,232,230,255,6,0,0,27,79,125,182,235,255,236,225,245,237,237,229,225,222,212,216,255,255,169,252,236,228,210,215,253,0,0,201,226,237,245,247,241,228,230,231,237,235,232,221,223,211,229,255,239,0,18,255,205,218,208,218,245,0,124,226,195,208,216,221,226,239,242,234,231,225,227,223,221,245,255,101,0,0,54,255,206,219,210,221,239,0,54,188,220,230,228,226,222,211,217,216,223,225,231,238,255,162,0,0,0,0,65,255,207,209,210,223,226,0,0,0,16,61,156,213,255,255,255,255,241,252,255,254,59,0,0,1,4,0,57,237,221,244,240,237,231,0,0,0,0,0,0,0,0,39,81,138,175,165,92,0,0,0,1,1,0,0,0,180,139,140,128,146,77,0,0,0,0,0,0,0,0,0,0,0,0,0,0,0,0,0,0,0,0,0,0,0,0,0,0,0,0,0,0,0,0,0,0,0,0,0,0,0,0,0,0,0,0,0,0,0,0,0,0,0,0,0,0,0,0,0,0,0,0,0,0,0,0,0,0,0,0,0,0,0,0,0,0,0,0,0,0,0,0,0,0,0,0,0,6
0,0,0,0,0,0,0,0,0,0,0,0,0,0,0,0,0,0,0,0,0,0,0,0,0,0,0,0,0,0,0,0,0,0,0,0,0,0,0,0,0,0,0,0,0,0,0,0,0,0,0,0,0,0,0,0,0,0,0,0,0,0,0,0,0,0,0,0,0,0,0,0,0,0,0,0,0,0,0,0,0,0,0,0,0,0,0,0,0,0,0,0,0,0,0,0,0,0,0,0,0,0,0,0,0,0,0,0,0,0,0,0,0,0,0,0,0,0,0,0,0,0,0,0,0,0,0,0,0,0,0,0,1,4,1,6,0,0,73,75,0,0,0,0,0,0,0,0,0,0,0,0,0,0,0,1,0,0,0,0,0,0,0,0,0,0,189,142,0,0,0,0,0,0,0,0,0,0,0,0,0,0,0,3,0,123,229,145,93,82,43,93,129,61,134,0,0,0,0,0,0,0,0,0,0,0,0,0,0,1,1,0,1,209,173,206,251,248,249,238,167,227,71,0,0,0,0,0,0,0,0,0,0,0,0,0,0,0,1,0,17,208,163,193,234,226,229,216,155,204,31,0,0,0,0,0,0,0,0,0,0,0,0,0,0,0,5,0,78,191,151,210,249,230,242,230,135,206,9,0,0,0,0,0,0,0,0,0,0,1,0,0,0,1,0,0,154,173,149,211,243,224,239,227,140,163,0,0,0,0,0,0,0,0,0,0,0,0,0,0,0,0,0,80,182,166,159,214,245,227,244,214,149,146,0,0,0,0,0,0,0,0,0,0,1,0,0,0,1,0,19,175,162,173,157,227,239,228,245,205,132,168,0,0,0,0,0,0,0,0,0,0,0,0,0,4,0,0,162,158,164,176,158,234,239,227,249,204,130,184,34,0,0,0,0,0,0,0,0,0,0,0,1,0,0,113,174,171,175,178,166,242,237,227,253,187,144,191,118,0,0,0,0,0,0,0,0,0,0,2,0,0,85,193,165,181,181,166,174,245,229,227,245,170,140,170,164,0,0,0,0,0,0,0,0,2,0,0,0,62,166,155,156,148,166,155,183,245,229,241,255,179,137,148,186,32,0,0,1,3,3,0,0,0,0,0,79,164,140,152,156,150,159,141,219,255,241,223,190,157,157,149,185,40,0,1,0,0,0,0,0,0,55,149,158,151,162,166,167,161,164,154,181,172,144,138,148,154,160,152,182,44,0,0,0,20,58,89,119,141,175,153,147,165,168,176,167,161,173,172,167,170,159,146,151,140,136,143,177,0,0,50,170,193,169,164,159,149,150,149,159,164,155,156,161,172,175,156,159,165,159,159,173,193,196,216,202,0,114,225,181,158,162,164,169,180,173,167,158,158,168,172,149,143,168,206,255,240,219,238,241,233,225,231,174,0,45,167,222,232,209,197,179,158,151,152,156,158,156,161,188,216,253,182,84,0,161,229,216,217,210,232,155,0,0,0,5,84,194,244,255,255,255,236,222,229,247,255,221,102,0,0,0,0,98,255,241,242,237,255,166,0,0,0,0,0,0,0,19,62,97,129,148,127,92,24,0,0,0,1,2,0,0,99,81,89,87,70,21,0,0,0,0,0,0,0,0,0,0,0,0,0,0,0,0,0,0,0,0,0,0,0,0,0,0,0,0,0,0,0,0,0,0,0,0,0,0,0,0,0,0,0,0,0,0,0,0,0,0,0,0,0,0,0,0,0,0,0,0,0,0,0,0,0,0,0,0,0,0,0,0,0,0,0,0,0,0,0,0,0,0,0,0,0,6
0,0,0,0,0,0,0,0,0,0,0,0,0,0,0,0,0,0,0,0,0,0,0,0,0,0,0,0,0,0,0,0,0,0,0,0,0,0,0,0,0,0,0,0,0,0,0,0,0,0,0,0,0,0,0,0,0,0,0,0,0,0,0,0,0,0,0,0,0,0,0,0,0,0,0,0,0,0,0,0,0,0,0,0,0,0,0,0,0,0,0,0,0,0,0,0,0,0,0,0,0,0,0,0,0,0,0,0,0,0,0,0,0,0,0,0,0,0,0,0,0,0,0,0,0,0,0,0,0,0,0,0,0,0,0,0,0,0,0,0,0,0,0,0,0,0,0,0,0,0,0,0,0,0,0,0,0,0,0,0,0,0,0,0,0,0,0,0,0,0,0,0,0,0,0,0,0,0,0,0,0,0,2,0,54,0,0,0,0,0,0,0,0,2,0,0,0,0,0,0,0,0,0,0,0,0,0,0,0,0,8,0,194,219,0,0,0,0,0,0,0,0,0,0,0,0,0,0,0,0,0,0,0,0,0,0,0,0,0,0,0,200,131,87,76,76,87,82,93,2,52,95,0,0,0,0,0,0,0,0,0,0,0,0,0,5,8,0,180,230,126,159,139,134,137,161,180,186,139,13,0,0,0,0,0,0,0,0,0,0,0,0,0,2,0,8,202,156,205,222,224,227,230,235,194,222,183,10,0,0,0,0,0,0,0,0,0,0,0,0,0,0,0,120,134,172,109,123,159,164,211,211,208,202,186,0,0,0,2,0,0,0,0,0,0,2,2,10,0,0,106,216,170,148,134,172,175,183,183,191,205,202,82,0,0,2,2,0,2,0,0,2,5,2,0,0,38,142,230,134,145,128,161,164,170,186,186,197,189,211,115,0,2,0,0,0,2,2,0,0,0,0,13,126,194,137,109,137,115,145,159,148,150,183,191,197,180,197,175,0,0,0,0,2,0,0,0,0,90,145,156,161,112,150,115,98,145,128,156,156,164,186,191,167,191,175,219,0,0,0,0,8,21,43,104,104,167,120,139,104,137,93,115,150,156,161,183,200,189,172,153,167,164,172,241,57,0,54,87,93,106,120,115,93,153,131,128,120,137,153,150,148,153,175,189,189,197,189,191,189,180,180,227,98,104,126,112,98,109,95,76,134,117,109,120,137,153,156,156,167,180,191,202,186,191,194,205,200,202,189,216,98,172,164,159,148,148,142,123,123,90,104,112,134,148,186,197,208,222,233,216,200,205,211,222,219,224,208,227,93,139,219,205,183,175,186,197,170,194,189,178,183,194,211,219,227,230,227,219,211,222,224,224,213,216,208,235,85,0,79,191,230,227,216,235,222,211,222,222,222,216,213,216,213,205,200,205,211,224,222,224,208,213,216,254,109,0,0,0,19,112,183,186,205,200,200,183,191,194,200,202,194,186,194,202,205,208,208,230,238,227,205,208,38,0,0,0,0,0,0,0,0,0,0,0,0,0,0,0,0,0,0,0,0,0,0,0,0,0,0,0,0,0,0,0,0,0,0,0,0,0,0,0,0,0,0,0,0,0,0,0,0,0,0,0,0,0,0,0,0,0,0,0,0,0,0,0,0,0,0,0,0,0,0,0,0,0,0,0,0,0,0,0,0,0,0,0,0,0,0,0,0,0,0,0,0,0,0,0,0,0,0,0,0,0,0,0,0,0,0,0,0,0,0,0,0,0,0,0,0,0,0,0,0,0,0,0,0,0,0,0,0,0,0,0,0,0,0,0,0,0,0,0,0,6
0,0,0,0,0,0,0,0,0,0,0,0,0,0,0,0,0,0,0,0,0,0,0,0,0,0,0,0,0,0,0,0,0,0,0,0,0,0,0,0,2,0,0,149,166,66,39,30,21,17,28,21,5,0,0,0,0,0,0,0,0,0,0,0,0,0,0,0,5,0,84,209,187,201,213,211,205,210,218,186,170,96,0,2,0,0,0,0,0,0,0,0,0,0,0,3,0,0,220,200,172,130,144,162,168,175,172,168,191,89,0,0,0,0,0,0,0,0,0,0,0,0,0,1,0,0,162,198,172,170,160,135,152,162,173,178,161,160,80,0,0,0,0,0,0,0,0,0,0,0,0,2,0,0,213,204,210,227,241,183,171,175,158,191,208,206,0,0,0,0,0,0,0,0,0,0,0,0,0,5,0,33,222,177,188,200,223,204,191,188,192,203,211,119,0,0,0,0,0,0,0,0,0,0,0,0,1,4,0,76,198,180,184,196,201,193,186,182,208,209,211,120,0,0,0,0,0,0,0,0,0,0,0,0,0,3,0,135,194,185,202,200,199,188,179,178,202,204,211,144,0,0,0,0,0,0,0,0,0,0,0,0,1,0,0,157,174,197,192,193,170,159,174,202,209,202,211,190,0,0,0,0,0,0,0,0,0,0,0,0,7,0,73,219,186,192,188,204,198,191,205,213,204,200,205,233,41,0,0,0,0,0,0,0,0,0,0,0,0,0,75,167,172,196,197,215,224,230,223,207,207,202,209,214,150,0,0,0,0,0,0,0,0,0,0,1,0,0,178,200,185,195,196,210,222,210,192,203,197,193,211,210,207,0,0,0,0,0,0,0,0,0,0,2,0,5,171,164,196,186,189,207,199,194,198,197,200,203,203,204,225,28,0,0,0,0,0,0,0,0,0,8,0,123,241,169,177,175,207,198,200,220,219,217,225,221,207,198,224,51,0,0,0,0,0,0,0,0,3,0,39,170,145,170,166,204,203,210,218,222,225,219,208,191,183,188,216,30,1,0,0,0,0,0,0,1,0,0,159,198,152,178,205,202,207,216,222,205,203,184,170,186,202,201,224,0,0,0,1,3,3,2,4,1,0,80,174,146,197,200,209,204,217,215,198,177,193,192,221,227,219,203,198,0,0,3,0,0,0,0,0,0,0,166,173,199,201,204,210,216,216,203,175,202,251,223,229,212,203,204,172,0,0,0,0,8,0,5,27,93,122,174,185,202,202,206,209,222,204,175,215,255,29,130,246,205,203,209,148,0,0,44,149,122,119,124,128,118,82,152,213,196,191,203,226,215,187,207,231,5,0,178,245,206,199,209,115,0,0,180,186,137,86,58,41,94,157,176,180,183,203,232,216,193,204,231,0,0,0,171,223,204,195,208,84,0,0,166,197,196,195,203,191,190,183,184,190,200,220,219,196,197,253,0,0,2,0,183,220,203,195,204,46,0,72,162,160,176,190,200,210,210,221,221,228,235,218,199,190,246,53,0,0,0,0,178,220,200,198,195,22,0,48,212,187,180,169,169,168,177,189,188,194,191,195,184,205,125,0,0,0,0,0,157,215,190,195,189,11,0,0,0,56,150,208,194,199,200,182,189,189,185,193,219,156,0,0,0,0,1,0,171,224,207,212,170,0,0,0,0,0,0,0,5,53,70,66,159,88,215,155,162,1,0,4,0,0,0,0,52,51,39,36,24,0,0,0,3,6,0,0,0,0,0,0,0,0,0,0,0,0,1,0,0,0,0,0,0,0,0,0,0,0,0,6
0,0,0,0,0,0,0,0,0,0,0,0,0,0,0,0,0,0,0,0,0,0,0,0,0,0,0,0,0,0,0,0,0,0,0,0,0,0,0,0,0,0,0,0,0,0,0,0,0,0,0,0,0,0,0,0,0,0,0,0,0,0,0,0,0,0,0,0,0,0,0,0,0,0,0,0,0,0,0,0,0,0,0,0,0,0,0,0,0,0,0,0,0,0,0,0,0,0,0,22,60,110,126,144,117,93,47,10,0,0,0,0,0,0,0,0,0,0,0,0,0,0,3,0,41,121,160,172,192,187,190,174,187,143,194,197,175,122,25,0,0,0,0,0,0,0,0,0,0,0,4,0,65,180,138,131,165,163,189,166,188,144,131,175,179,194,204,62,0,0,0,0,0,0,0,0,0,1,0,0,0,112,146,149,173,215,185,147,199,199,202,163,131,117,142,0,0,0,0,0,0,0,0,0,0,0,0,3,0,65,136,131,213,115,78,149,101,115,183,95,159,160,64,0,0,0,0,0,0,0,0,0,0,0,0,3,0,24,147,131,170,23,117,208,144,158,192,178,65,182,32,0,0,0,0,0,0,0,0,0,0,0,0,2,0,0,111,160,79,218,224,163,182,229,140,144,128,143,0,0,0,0,0,0,0,0,0,0,0,0,0,0,0,0,133,157,93,182,178,196,189,181,132,158,122,138,0,0,0,0,0,0,0,0,0,0,0,0,0,2,0,0,156,149,102,128,178,180,181,227,182,128,145,109,0,0,0,0,0,0,0,0,0,0,0,0,0,4,0,61,154,119,156,237,182,207,206,181,139,112,133,156,1,0,0,0,0,0,0,0,0,0,0,0,3,0,0,133,131,103,168,224,122,174,150,216,227,197,138,160,30,0,0,0,0,0,0,0,0,0,0,1,0,0,54,160,166,152,228,196,132,173,190,181,154,144,142,146,18,0,0,0,0,0,0,0,0,0,5,0,0,52,150,128,129,119,145,195,167,160,195,164,163,166,143,153,50,0,0,0,2,2,3,4,3,0,0,0,82,138,131,139,158,146,196,238,216,195,182,167,164,190,140,145,123,0,0,0,0,0,0,0,0,0,11,118,138,131,135,139,147,149,178,207,228,255,186,172,181,150,145,133,165,5,0,0,0,15,24,25,40,80,129,122,130,143,145,144,143,152,173,140,151,195,200,200,234,181,159,135,172,36,0,45,124,124,142,138,132,122,121,129,138,153,167,160,151,173,183,172,157,171,144,153,174,190,153,116,144,9,0,112,129,122,121,117,122,125,137,147,151,161,156,165,171,158,158,178,168,182,125,140,140,164,182,165,172,12,110,160,160,157,151,152,147,142,140,135,140,138,142,159,168,174,199,220,225,228,217,224,228,218,214,200,199,116,104,178,185,187,189,189,188,186,187,190,190,193,196,207,224,243,245,236,216,210,208,209,203,206,199,194,189,138,0,16,86,142,160,185,200,208,215,223,222,223,224,214,186,172,96,0,27,228,222,228,229,229,223,217,206,163,0,0,0,0,0,0,25,50,67,75,75,75,80,24,0,0,0,0,0,153,102,111,93,76,71,53,44,2,0,0,0,0,0,0,0,0,0,0,0,0,0,0,0,0,0,0,0,0,0,0,0,0,0,0,0,0,0,0,0,0,0,0,0,0,0,0,0,0,0,0,0,0,0,0,0,0,0,0,0,0,0,0,0,0,0,0,0,0,0,0,0,0,0,0,0,0,0,0,0,0,0,0,0,0,0,0,0,0,0,0,0,0,6
0,0,0,0,0,0,0,0,0,0,0,0,0,0,0,0,0,0,0,0,0,0,0,0,0,0,0,0,0,0,0,0,0,0,0,0,0,0,0,0,0,0,0,0,0,0,0,0,0,0,0,0,0,0,0,0,0,0,0,0,0,0,0,0,0,0,0,1,0,0,96,80,53,66,45,31,18,0,0,0,0,0,1,0,0,0,0,0,0,0,0,0,0,0,0,5,0,0,209,229,229,255,255,255,255,254,227,187,194,0,0,2,0,0,0,0,0,0,0,0,0,0,0,0,0,118,199,106,122,119,121,137,228,230,211,217,219,52,0,1,0,0,0,0,0,0,0,0,0,0,3,0,0,202,148,32,110,97,91,98,233,207,229,216,211,135,0,0,0,0,0,0,0,0,0,0,0,0,6,0,27,220,135,182,255,230,249,254,214,204,203,206,206,163,0,0,0,0,0,0,0,0,0,0,0,0,0,0,116,223,86,52,206,187,191,217,209,209,197,210,211,208,0,0,0,0,0,0,0,0,0,0,0,0,1,0,165,224,114,156,254,199,221,211,197,208,200,199,204,245,33,0,0,0,0,0,0,0,0,0,0,0,0,0,200,216,122,130,240,189,202,186,217,205,209,205,212,209,61,0,0,0,0,0,0,0,0,0,0,1,0,61,204,203,184,44,50,37,4,93,255,232,234,222,227,211,154,0,0,0,0,0,0,0,0,0,0,0,0,165,209,192,216,249,253,255,255,250,198,179,192,204,215,210,207,0,0,0,0,0,0,0,0,0,3,0,5,223,195,199,197,194,197,202,215,214,203,231,227,208,206,206,203,0,0,0,0,0,0,0,0,0,0,0,102,207,191,201,205,213,214,219,215,217,237,229,211,198,190,204,228,33,0,0,0,0,0,0,0,1,0,0,188,198,193,196,204,209,213,210,217,242,216,176,179,186,197,206,252,69,0,0,0,0,0,1,0,0,0,64,234,194,198,198,201,202,204,228,234,189,166,191,217,230,204,192,228,30,2,0,0,0,1,2,5,0,0,212,198,194,196,204,199,201,229,226,177,167,231,241,227,217,186,199,239,20,0,0,2,5,7,1,0,0,161,221,184,195,195,188,200,224,217,166,189,255,164,92,247,204,189,199,231,16,0,2,0,0,0,0,0,145,229,185,185,183,190,191,231,209,164,202,255,116,0,65,255,191,189,201,225,6,0,0,7,49,84,131,178,212,183,182,189,197,199,220,211,169,209,250,36,0,0,93,255,197,189,198,224,0,0,91,197,175,107,34,80,178,189,192,205,197,208,224,175,208,245,0,0,3,0,78,224,196,192,201,218,0,19,202,193,172,101,72,118,164,194,200,198,205,229,189,200,254,13,0,0,0,0,79,221,193,190,201,209,0,96,202,186,201,205,231,209,181,191,200,205,217,196,192,255,53,0,0,0,3,0,77,218,192,190,201,200,0,79,197,208,207,202,197,197,199,193,196,193,189,189,226,134,0,3,1,0,3,0,72,212,186,186,197,195,0,0,6,78,167,217,235,245,246,241,230,236,231,255,185,0,0,3,0,0,7,0,91,232,208,205,214,224,0,0,0,0,0,0,0,38,59,92,121,129,129,76,0,0,0,0,0,1,4,0,26,100,70,59,63,39,0,0,0,0,0,0,0,0,0,0,0,0,0,0,0,0,0,0,0,0,0,0,0,0,0,0,0,0,0,0,0,0,0,0,0,0,0,0,0,0,0,0,0,0,0,0,0,0,0,0,0,0,0,0,0,0,0,6
0,0,0,0,0,0,0,0,0,0,0,0,0,0,0,0,0,0,0,0,0,0,0,0,0,0,0,0,0,0,0,0,0,0,0,0,0,0,0,0,0,0,0,0,0,0,0,0,0,0,0,0,0,0,0,0,0,0,0,0,0,0,0,0,0,0,0,0,0,0,0,0,0,0,0,0,0,0,0,0,0,0,0,0,0,0,0,0,0,0,0,0,0,0,0,0,0,0,0,0,0,0,0,0,0,0,0,0,0,0,0,0,0,0,0,0,0,0,0,0,0,1,0,0,0,0,0,0,0,0,0,0,0,3,6,3,2,0,0,0,0,0,0,0,0,0,0,0,0,0,0,2,0,37,113,70,61,42,0,0,0,0,0,0,0,38,32,0,0,0,0,0,0,0,0,0,0,0,0,3,0,65,145,154,170,218,43,0,1,5,5,1,1,108,15,0,0,0,0,0,0,0,0,0,0,0,0,2,0,79,138,145,163,109,150,192,178,183,185,151,159,142,0,0,0,0,0,0,0,0,0,0,0,0,0,0,0,102,152,157,165,135,147,185,163,158,158,158,162,140,0,0,0,0,0,0,0,0,0,0,0,0,1,0,1,126,147,157,154,146,157,160,169,161,158,155,152,153,0,0,0,0,0,0,0,0,0,0,0,0,3,0,28,140,146,156,150,169,177,170,157,162,161,154,150,199,39,0,0,0,0,0,0,0,0,0,0,0,3,0,70,141,141,155,150,170,155,172,153,159,153,146,151,175,107,0,0,0,0,0,0,0,0,0,0,2,0,0,111,137,136,151,153,168,153,176,150,152,151,156,159,146,160,0,0,0,0,0,0,0,0,0,0,5,0,42,137,128,140,145,147,153,155,173,147,154,158,153,154,145,173,32,0,0,0,0,0,0,0,0,1,0,1,113,132,135,138,141,141,148,169,169,152,155,151,139,142,151,166,62,0,0,0,1,1,0,0,0,1,0,67,130,123,132,135,135,137,136,152,168,165,153,150,150,152,141,153,52,1,0,0,1,0,0,1,1,0,22,127,113,116,126,135,130,135,157,165,160,151,152,153,152,159,151,188,50,1,0,0,1,2,3,1,0,5,101,102,108,121,125,139,136,148,166,125,128,146,159,174,183,192,180,207,48,0,0,1,0,0,0,0,22,98,115,114,130,129,144,130,153,157,137,154,184,205,191,182,170,159,141,173,21,1,0,0,0,8,17,64,110,112,116,117,123,130,136,153,147,159,226,228,157,171,154,157,154,156,156,172,2,0,7,75,97,105,107,118,112,115,117,128,129,128,141,145,182,255,160,0,19,193,152,160,156,156,157,150,0,0,93,107,98,93,88,98,113,117,116,121,121,127,147,198,222,38,0,0,75,191,144,158,159,147,155,127,0,61,162,146,135,123,118,105,103,100,109,121,153,178,206,184,0,0,0,0,80,166,147,151,148,146,159,111,0,1,83,145,147,167,174,230,232,231,231,196,193,208,101,0,0,1,2,0,108,176,161,190,189,181,204,85,0,0,0,0,0,1,16,23,27,31,34,30,11,0,0,0,0,0,0,0,23,52,35,33,30,21,22,0,0,0,0,0,0,0,0,0,0,0,0,0,0,0,0,0,0,0,0,0,0,0,0,0,0,0,0,0,0,0,0,0,0,0,0,0,0,0,0,0,0,0,0,0,0,0,0,0,0,0,0,0,0,0,0,0,0,0,0,0,0,0,0,0,0,0,0,0,0,0,0,0,0,0,0,0,0,0,0,0,0,0,0,0,0,6
0,0,0,0,0,0,0,0,0,0,0,0,0,0,0,0,0,0,0,0,0,0,0,0,0,0,0,0,0,0,0,0,0,0,0,0,0,0,0,0,0,0,0,0,0,0,0,0,0,0,0,0,0,0,0,0,0,0,0,0,0,0,0,0,0,0,0,0,0,0,0,0,0,0,0,0,0,0,0,0,0,0,0,0,0,0,0,0,0,0,0,0,0,0,0,0,0,2,1,0,0,0,0,1,0,0,33,7,0,0,1,0,0,0,0,0,0,0,0,0,0,1,0,0,0,0,1,2,1,2,1,0,0,33,44,39,0,0,0,0,0,0,0,0,0,0,0,0,0,0,0,0,0,0,0,0,0,0,0,0,31,44,54,12,0,1,0,0,0,0,0,0,0,0,0,0,0,0,0,0,0,3,22,13,0,0,10,38,40,61,29,0,0,1,0,0,0,0,0,0,0,0,0,0,0,1,0,0,5,62,54,55,38,26,37,43,48,43,0,0,3,3,4,0,0,0,0,0,0,0,0,0,0,0,0,0,26,72,71,84,96,53,44,53,47,0,0,0,0,0,0,0,0,0,0,0,0,0,0,0,0,0,0,0,0,0,2,40,95,84,51,48,48,0,0,0,2,63,176,99,0,0,0,0,0,0,0,0,0,0,0,0,0,0,0,0,0,17,40,40,55,21,48,124,168,187,193,68,0,0,0,0,0,0,0,0,0,0,0,0,1,1,1,3,0,0,36,61,61,71,221,193,190,177,178,37,1,0,1,0,1,1,0,0,2,0,0,0,0,2,2,1,0,0,47,67,28,35,162,179,177,178,209,27,1,0,0,0,0,0,0,0,0,0,0,0,0,0,1,0,0,121,201,29,81,193,182,176,187,179,198,13,0,0,1,0,0,0,0,0,60,0,0,0,0,1,0,0,125,192,181,159,255,188,184,169,185,182,188,0,2,1,1,1,0,0,17,0,132,85,0,6,1,0,0,120,192,181,178,255,81,0,215,175,182,181,185,0,0,0,0,0,9,17,29,0,92,145,0,1,0,0,87,187,176,177,190,63,0,2,218,166,177,184,176,0,3,18,34,37,19,23,29,11,13,190,36,0,0,56,219,173,173,196,72,0,0,11,217,174,173,181,159,0,71,136,51,61,18,18,26,30,5,161,108,14,81,203,174,163,195,124,0,1,0,20,210,173,171,187,143,0,52,184,169,161,100,5,44,40,26,66,126,130,209,179,161,178,186,0,0,1,0,17,209,170,174,192,129,0,7,160,168,182,207,51,52,69,66,27,186,221,168,168,165,219,14,0,5,3,0,21,217,169,176,195,103,0,5,196,161,167,187,144,17,30,34,1,72,179,167,165,194,114,0,5,0,2,0,14,216,168,174,194,78,0,0,167,187,166,168,170,175,165,159,167,191,185,168,175,217,0,0,4,0,3,0,15,182,167,168,196,67,0,0,0,144,184,178,169,165,176,178,175,171,163,169,191,84,0,7,0,0,3,0,19,187,166,171,199,52,0,0,0,0,31,135,190,200,209,208,203,215,192,206,221,0,0,0,0,0,2,0,20,187,177,182,182,44,0,0,2,0,0,0,0,33,64,79,91,92,72,64,14,0,1,0,0,0,0,0,0,19,19,15,5,0,0,0,0,0,0,0,0,0,0,0,0,0,0,0,0,0,0,0,0,0,0,0,0,0,0,0,0,0,0,0,0,0,0,0,0,0,0,0,0,0,0,0,0,0,0,0,0,0,0,0,0,0,0,0,0,0,0,6
0,0,0,0,0,0,0,0,0,0,0,0,0,0,0,0,0,0,0,0,0,0,0,0,0,0,0,0,0,0,0,0,0,0,0,0,0,0,0,0,0,0,0,0,0,0,0,0,0,0,0,0,0,0,0,0,0,0,0,0,0,0,0,0,0,0,0,0,0,0,0,0,0,0,0,0,0,0,2,0,28,28,0,0,0,0,0,0,0,0,0,0,0,0,0,0,0,0,0,2,0,0,0,0,0,0,4,0,151,228,4,0,0,0,0,0,0,0,0,0,0,0,0,0,0,0,7,0,0,5,6,5,2,1,11,0,83,255,92,0,0,0,0,0,0,0,0,0,0,0,0,0,0,0,0,0,0,0,0,0,0,0,0,0,56,255,88,0,0,0,0,0,0,0,0,0,0,0,0,0,3,0,131,237,185,136,95,70,31,12,11,0,104,248,0,0,0,0,0,0,0,0,0,0,0,0,0,0,0,0,214,255,248,255,255,255,255,255,255,255,229,0,0,0,0,0,0,0,0,0,0,0,1,1,0,0,0,0,204,230,232,236,238,239,239,242,240,246,205,0,0,0,0,0,0,0,0,0,0,0,0,0,0,0,0,0,255,235,236,240,245,244,242,242,242,242,186,0,0,0,0,0,0,0,0,0,0,0,0,0,0,2,0,121,255,228,232,241,244,243,242,242,241,244,185,0,0,0,0,0,0,0,0,0,0,0,0,0,0,0,0,233,247,228,238,246,244,245,241,244,242,239,205,0,0,1,0,0,0,0,0,0,0,0,1,2,0,0,190,255,231,231,237,241,244,243,243,244,244,240,229,0,0,1,0,0,0,0,0,0,0,0,0,7,0,106,255,228,226,232,234,243,244,245,246,246,251,216,255,28,0,2,0,0,0,0,0,0,0,0,1,0,0,252,238,232,206,226,245,245,245,242,238,233,242,221,255,100,0,0,0,0,0,0,0,0,0,0,0,0,148,255,191,198,243,244,247,236,226,224,217,215,208,203,243,181,0,0,0,0,0,0,0,0,0,0,0,203,255,121,206,231,244,243,233,225,224,228,231,233,241,250,242,252,0,0,6,3,3,7,5,3,8,0,106,255,154,196,248,249,240,241,243,242,242,249,254,255,255,180,155,255,44,0,0,0,0,0,0,0,0,0,159,208,207,255,247,236,243,247,247,251,249,255,243,195,110,75,161,243,121,0,0,0,30,90,94,72,90,173,172,246,255,244,242,244,237,227,212,199,174,149,140,140,160,218,250,239,188,0,0,31,252,192,206,255,255,207,181,213,202,221,220,226,238,244,236,231,234,233,242,255,255,255,239,237,214,0,0,127,236,204,131,125,194,154,194,221,211,214,226,224,225,234,239,234,233,236,246,239,236,240,244,234,207,0,6,220,212,225,255,255,255,253,250,243,240,244,252,255,248,235,230,211,208,220,209,208,213,213,211,219,216,0,121,216,187,200,201,200,213,233,239,245,248,247,242,233,221,217,223,210,207,216,220,210,207,206,193,194,255,89,45,253,224,177,200,218,203,189,193,199,201,200,198,194,191,202,216,217,233,221,209,209,201,194,186,211,251,83,0,0,52,81,170,255,255,255,255,252,246,243,248,255,255,255,255,231,190,242,255,226,215,201,207,243,255,82,0,0,0,0,0,0,35,74,139,166,170,155,173,77,42,12,0,0,0,0,218,205,197,183,174,163,164,2,0,0,0,0,0,0,0,0,0,0,0,0,0,0,0,0,0,0,0,0,0,0,0,0,0,0,0,0,6
0,0,0,0,0,0,0,0,0,0,0,0,0,0,0,0,0,0,0,0,0,0,0,0,0,0,0,0,0,0,0,0,0,0,0,0,0,0,0,0,0,0,0,0,0,0,0,0,0,0,0,0,0,0,0,0,0,0,0,0,0,0,0,0,0,0,0,0,0,0,0,0,0,0,0,0,0,0,0,0,0,0,0,0,0,0,0,0,0,0,0,0,0,0,0,0,0,0,0,0,0,0,0,0,0,0,0,0,0,0,0,0,0,0,0,0,0,0,0,0,0,0,0,0,0,0,0,0,0,0,0,0,0,0,0,0,0,0,0,0,0,0,0,0,0,0,0,0,0,0,0,1,0,92,125,109,89,56,0,0,0,0,0,0,0,0,0,0,0,0,0,0,0,0,0,0,0,0,0,2,0,121,164,164,190,217,197,54,0,116,188,162,165,146,128,25,0,0,0,0,0,0,0,0,0,0,0,1,0,109,157,146,166,184,206,246,16,117,213,190,192,189,192,65,0,0,0,0,0,0,0,0,0,0,0,2,0,116,158,153,173,188,204,234,96,9,197,176,174,176,173,8,0,0,0,0,0,0,0,0,0,0,0,2,0,134,166,152,157,205,64,213,188,86,210,177,180,169,200,0,0,0,0,0,0,0,0,1,1,0,1,5,0,128,158,136,173,129,16,141,233,216,178,137,165,176,120,0,0,0,0,0,0,0,0,0,0,0,1,0,0,109,148,158,217,166,134,245,182,198,186,126,185,193,10,0,0,0,0,0,0,0,0,0,0,0,0,6,0,104,148,170,200,64,170,254,109,141,237,156,174,160,0,0,0,0,0,0,0,0,0,0,0,2,0,0,0,124,193,158,149,150,196,213,56,26,246,184,180,162,0,0,1,0,0,1,1,0,0,1,0,0,0,20,80,85,121,170,177,172,180,220,148,60,188,165,161,117,0,0,1,1,2,2,1,2,0,0,0,9,65,105,106,98,85,101,130,158,184,141,196,252,164,128,125,140,1,0,1,0,0,0,0,0,0,6,49,89,89,76,76,97,121,121,110,118,153,138,140,161,134,124,124,173,30,0,0,0,40,44,56,58,66,94,106,82,80,90,100,118,121,133,142,138,140,129,149,122,140,130,121,160,77,0,1,92,124,100,81,97,94,85,82,92,93,102,86,113,122,125,133,141,138,136,176,141,142,132,125,133,106,0,82,134,81,77,76,85,89,86,97,105,100,102,105,106,116,113,120,128,117,129,174,116,109,101,105,112,109,1,46,160,161,137,125,106,97,102,100,102,100,104,112,116,133,133,128,126,121,134,168,113,114,116,126,142,161,25,0,16,109,194,172,204,197,178,177,178,181,197,204,204,214,209,206,205,201,188,198,197,208,220,186,182,213,22,0,0,0,0,32,60,112,129,142,138,129,130,124,96,94,88,88,114,128,121,149,125,104,104,57,37,1,0,0,0,0,0,0,0,0,0,0,0,0,0,0,0,0,0,0,0,0,0,0,0,0,0,0,0,0,0,0,0,0,0,0,0,0,0,0,0,0,0,0,0,0,0,0,0,0,0,0,0,0,0,0,0,0,0,0,0,0,0,0,0,0,0,0,0,0,0,0,0,0,0,0,0,0,0,0,0,0,0,0,0,0,0,0,0,0,0,0,0,0,0,0,0,0,0,0,0,0,0,0,0,0,0,0,0,0,0,0,0,0,0,0,0,0,0,0,0,0,0,0,0,0,0,0,0,0,0,0,0,0,0,0,0,0,0,0,0,0,0,6
0,0,0,0,0,0,0,0,0,0,0,0,0,0,0,0,0,0,0,0,0,0,0,0,0,0,0,0,0,0,0,0,0,0,0,0,0,0,0,0,0,0,0,0,0,0,0,0,0,0,0,0,0,0,0,0,0,0,0,0,0,0,0,0,0,0,0,0,0,0,0,0,0,0,0,0,0,0,0,0,0,0,0,0,0,0,0,0,0,0,0,0,0,0,0,0,0,0,0,68,107,123,87,17,0,0,0,17,24,0,0,0,0,0,0,0,0,0,0,0,0,0,0,0,0,0,0,190,226,248,245,254,255,245,230,226,191,209,202,88,0,0,0,0,0,0,0,0,0,0,0,0,1,0,0,173,199,233,224,215,218,217,222,226,152,176,217,53,0,0,0,0,0,0,0,0,0,0,0,0,4,0,0,197,200,232,224,211,215,218,218,243,242,210,190,0,0,0,0,0,0,0,0,0,0,0,0,0,2,0,50,208,195,238,216,209,215,218,219,238,235,207,187,0,0,0,0,0,0,0,0,0,0,0,0,0,1,0,123,209,197,240,219,209,215,220,218,251,215,206,156,0,0,0,0,0,0,0,0,0,0,0,0,1,0,0,194,200,208,249,221,212,212,223,217,214,201,209,92,0,0,0,0,0,0,0,0,0,0,0,0,1,0,23,243,189,213,243,221,212,210,226,219,191,197,208,42,0,0,0,0,0,0,0,0,0,0,0,0,0,0,144,205,186,234,239,219,210,209,226,216,199,196,204,34,0,0,0,0,0,1,1,0,0,0,0,1,0,14,237,188,193,245,239,218,208,217,230,220,202,196,205,28,0,0,0,0,0,2,0,0,1,1,1,0,0,174,203,171,232,247,234,215,214,219,230,214,191,196,208,38,0,0,0,0,0,0,0,5,6,0,0,0,117,204,181,215,249,235,238,217,205,220,203,197,208,192,205,88,0,0,0,0,0,5,0,0,0,0,4,141,240,185,205,235,239,230,236,214,200,217,195,241,248,220,219,151,0,1,7,7,0,0,0,0,35,90,169,183,162,207,255,255,234,241,214,199,216,223,239,239,232,238,233,181,0,0,0,0,0,9,74,153,193,199,229,42,133,255,102,74,255,231,229,229,243,243,237,235,235,226,212,193,0,0,66,124,142,175,175,169,133,166,208,223,247,153,54,189,251,226,237,247,243,236,245,236,246,213,199,167,0,0,200,206,198,194,198,182,136,166,227,223,228,235,255,255,239,242,252,214,173,180,179,185,225,213,202,123,0,68,186,170,183,173,186,223,225,238,251,241,238,238,224,219,221,214,214,200,195,201,203,204,204,202,202,229,9,110,208,194,192,186,185,187,186,204,205,203,202,199,200,198,198,199,199,204,209,208,209,209,208,210,205,211,12,84,216,191,196,203,202,206,205,203,204,207,209,210,210,211,210,209,208,207,207,208,209,210,205,208,207,202,5,26,196,205,212,210,203,201,202,203,204,201,201,200,197,197,203,204,203,202,203,203,203,205,203,203,205,211,14,0,0,19,116,188,229,209,217,252,249,251,252,250,251,253,254,254,254,254,254,255,255,255,223,219,217,219,2,0,0,0,0,0,0,31,60,74,92,89,90,91,82,73,65,62,61,61,62,62,62,62,59,60,42,0,0,0,0,0,0,0,0,0,0,0,0,0,0,0,0,0,0,0,0,0,0,0,0,0,0,0,0,0,0,0,0,0,0,0,0,0,0,0,0,0,0,0,0,0,0,0,0,0,0,0,0,0,0,0,0,0,0,6
0,0,0,0,0,0,0,0,0,0,0,0,0,0,0,0,0,0,0,0,0,0,0,0,0,0,0,0,0,0,0,0,0,0,0,0,0,0,0,0,0,0,0,0,0,0,0,0,0,0,0,0,0,0,0,0,0,0,0,0,0,0,1,0,0,6,29,54,78,60,191,211,113,28,0,0,0,0,0,1,0,0,0,0,0,0,0,0,0,0,4,0,17,228,252,255,255,188,214,249,249,238,217,199,74,0,0,0,0,0,0,0,0,0,0,0,0,0,3,0,10,175,185,184,197,205,167,204,235,251,255,255,255,198,0,0,3,1,0,0,0,0,0,0,0,0,0,0,0,0,0,0,0,5,10,0,13,44,90,104,223,255,109,0,11,0,0,0,0,0,0,0,0,0,0,0,2,4,0,0,0,0,0,0,0,0,0,96,245,239,208,0,0,0,0,0,0,0,0,0,0,0,0,0,0,0,0,0,1,3,2,1,2,0,76,255,234,229,219,0,0,0,4,4,0,0,0,0,0,0,0,0,0,0,0,0,0,0,0,0,0,0,255,239,231,234,102,0,4,1,0,0,0,0,0,0,0,0,0,0,0,0,0,0,0,0,0,0,0,152,255,230,239,255,0,0,0,0,21,22,0,0,0,0,0,0,0,0,0,0,0,0,0,0,1,0,0,255,242,232,255,130,0,0,3,132,219,133,0,0,0,0,0,0,0,0,0,0,0,0,0,0,1,0,151,254,235,246,255,0,0,159,226,242,255,74,0,0,0,0,0,0,0,0,0,0,0,0,0,1,0,0,255,246,240,255,97,16,255,255,234,243,248,40,0,0,0,0,0,0,0,0,0,0,0,0,0,2,0,113,255,237,250,203,124,255,147,0,20,234,238,13,0,0,0,0,0,0,0,0,0,0,0,0,0,0,0,237,240,236,243,242,255,63,0,0,0,208,237,0,2,0,1,0,0,0,1,0,0,1,0,0,2,0,56,255,233,238,237,255,65,0,0,0,0,199,237,0,7,1,0,0,0,0,1,0,2,2,1,4,0,0,255,242,239,235,254,185,0,1,0,0,0,194,231,0,0,3,1,1,9,2,0,0,0,0,0,0,8,250,255,232,238,247,255,0,0,3,0,0,0,189,223,0,1,0,1,0,0,0,0,0,0,0,0,86,255,255,231,238,240,255,78,0,5,0,0,0,0,184,213,0,0,0,0,0,99,152,197,197,176,202,240,255,252,235,238,239,253,209,0,0,0,3,0,1,0,179,208,0,3,6,0,55,247,241,241,241,254,254,247,232,239,239,240,241,255,28,0,0,0,0,0,0,0,166,203,0,0,0,0,110,244,218,228,225,222,227,234,242,245,239,236,254,175,0,0,0,0,0,0,1,0,159,200,0,59,140,31,167,242,226,233,236,240,241,242,241,237,238,243,255,0,0,0,0,0,0,0,1,0,150,194,0,46,230,246,232,254,244,241,238,233,229,231,233,235,245,255,75,0,0,0,0,0,0,0,8,0,143,190,0,0,0,14,78,208,248,255,255,255,255,255,255,255,255,82,0,0,0,0,0,0,0,0,9,0,133,181,0,0,0,0,0,0,0,0,37,60,70,76,60,43,0,0,0,0,0,0,0,0,0,0,3,0,39,63,0,0,0,0,0,0,0,0,0,0,0,0,0,0,0,0,0,0,0,0,0,0,0,0,0,0,0,0,0,0,0,0,0,0,0,0,0,0,0,0,0,0,0,0,0,0,0,0,0,0,0,0,0,0,0,0,0,6
0,0,0,0,0,0,0,0,0,0,0,0,0,0,0,0,0,0,0,0,0,0,0,0,0,0,0,0,0,0,0,0,0,0,0,0,0,0,0,0,0,0,0,0,0,0,0,0,0,0,0,0,0,0,0,0,0,0,0,0,0,0,0,0,0,0,0,0,0,0,0,0,0,0,0,0,0,0,0,0,0,0,0,0,0,0,0,0,0,0,0,0,0,0,0,0,0,0,0,0,0,0,0,0,0,0,0,0,0,0,0,0,0,0,0,0,0,0,0,0,0,0,0,0,3,0,49,155,95,72,62,30,40,46,51,59,61,66,45,0,0,0,0,0,0,0,0,0,0,0,0,0,5,0,82,196,178,205,212,168,204,203,190,185,163,171,142,0,0,0,0,0,0,0,0,0,0,0,0,0,5,0,88,186,156,168,174,145,164,154,154,146,147,154,99,0,0,0,0,0,0,0,0,0,1,1,1,0,2,0,113,193,191,198,174,185,171,165,175,170,149,162,88,0,0,0,0,0,0,0,0,0,0,1,0,0,0,0,144,190,144,105,142,210,193,183,178,168,161,181,83,0,0,0,0,0,0,0,0,0,0,0,0,8,0,66,222,178,164,172,154,157,136,152,173,162,152,163,124,0,0,0,0,0,0,0,0,0,0,0,1,2,0,145,177,175,111,188,190,182,166,156,163,145,140,161,134,0,0,0,0,0,0,0,0,0,0,0,1,0,0,223,194,215,124,152,155,167,153,174,189,203,192,178,137,0,0,0,0,0,0,0,0,0,0,0,3,0,31,210,175,205,205,189,178,226,235,238,215,178,148,161,127,0,0,0,0,0,0,0,0,0,0,7,0,0,168,189,154,164,180,227,240,240,215,164,146,157,163,162,156,0,0,0,0,0,0,0,0,1,4,0,0,140,183,181,213,152,146,140,176,166,111,142,163,146,140,148,177,26,1,1,2,3,3,3,3,0,0,8,149,187,172,163,193,222,167,144,139,150,145,152,134,132,122,125,179,56,1,0,0,0,0,0,0,0,71,186,189,155,167,169,149,164,220,191,154,155,171,145,133,131,152,153,172,69,0,0,32,55,49,34,58,143,188,161,161,159,158,174,166,163,166,196,205,173,164,155,164,164,165,148,175,64,0,161,154,96,108,113,139,158,133,150,162,163,161,173,178,168,179,163,171,172,158,163,166,164,170,160,214,92,113,195,155,131,109,75,81,131,134,139,159,158,169,173,184,173,156,144,159,161,174,182,186,187,194,192,241,69,157,231,194,168,170,186,152,138,159,151,167,165,170,166,160,167,207,239,239,223,213,218,223,219,221,208,242,42,0,110,215,227,196,176,161,159,155,162,165,162,172,190,211,212,202,101,41,241,214,205,204,206,210,204,200,39,0,0,0,126,229,215,211,215,201,199,215,244,252,218,117,6,0,0,0,255,213,229,229,239,247,222,255,28,0,0,0,0,0,45,117,166,187,182,163,97,36,0,0,0,0,0,0,216,192,166,153,142,112,70,43,0,0,0,0,0,0,0,0,0,0,0,0,0,0,0,0,0,0,0,0,0,0,0,0,0,0,0,0,0,0,0,0,0,0,0,0,0,0,0,0,0,0,0,0,0,0,0,0,0,0,0,0,0,0,0,0,0,0,0,0,0,0,0,0,0,0,0,0,0,0,0,0,0,0,0,0,0,0,0,0,0,0,0,0,0,0,0,0,0,0,0,0,0,0,0,0,0,0,0,0,0,0,0,0,0,0,0,0,0,0,0,0,0,6
0,0,0,0,0,0,0,0,0,0,0,0,0,0,0,0,0,0,0,0,0,0,0,0,0,0,0,0,0,0,0,0,0,0,0,0,0,0,0,0,0,0,0,0,0,0,0,0,0,0,0,0,0,0,0,0,0,0,0,0,0,0,0,0,0,0,0,0,0,0,0,0,0,0,0,0,0,0,0,0,0,0,0,0,0,0,0,0,0,0,0,0,0,0,0,0,0,0,0,0,0,0,0,0,0,0,0,0,0,0,0,0,0,0,0,0,0,0,0,0,0,0,0,0,0,0,0,0,0,0,0,0,0,0,0,0,0,0,0,0,0,0,0,0,0,0,0,0,0,0,0,0,0,0,0,0,0,0,0,0,0,0,0,1,0,0,57,7,0,0,0,0,0,0,0,0,0,0,0,0,0,3,0,13,176,144,10,0,0,0,0,0,0,67,93,16,0,0,0,0,0,0,0,0,0,0,0,0,0,10,0,27,198,192,196,190,163,146,119,84,158,228,152,0,0,0,0,0,0,0,0,0,0,0,0,0,0,6,0,114,194,155,193,236,237,238,246,203,187,207,93,0,0,0,0,0,0,0,0,0,0,0,0,0,0,0,0,188,180,156,206,223,222,221,225,173,189,198,32,0,0,0,0,0,0,0,0,0,0,0,0,0,2,0,36,198,174,202,227,227,232,224,245,194,190,218,20,0,0,0,0,0,0,0,0,0,0,1,0,0,0,0,122,187,180,200,228,224,234,221,248,196,173,203,5,0,0,0,0,0,0,0,0,0,1,0,0,2,0,27,201,171,155,203,234,226,227,221,244,202,161,220,38,0,0,0,0,0,0,0,0,0,0,0,4,0,0,168,166,136,156,240,223,226,227,223,241,206,147,219,88,0,0,0,0,0,0,0,0,1,3,0,0,19,163,188,128,143,199,228,211,219,219,217,255,197,124,199,147,0,0,3,5,6,4,2,0,0,0,0,51,184,167,121,141,165,249,239,241,247,255,251,233,137,165,198,174,0,0,0,0,0,0,0,0,0,29,128,200,100,0,61,184,136,159,163,145,130,125,81,61,186,239,207,202,0,0,6,42,86,76,52,117,150,159,116,24,0,85,182,157,157,161,168,186,179,199,204,214,237,195,198,186,0,31,188,192,142,141,188,150,64,25,28,136,211,222,201,189,209,216,200,186,188,186,177,198,195,202,211,163,0,153,209,197,176,158,180,174,99,119,186,200,195,213,202,192,194,193,197,207,218,225,221,227,219,191,178,161,0,80,154,177,188,189,180,195,207,205,206,220,227,215,201,213,215,247,216,176,174,142,138,122,128,130,138,147,0,0,0,45,97,134,167,193,199,221,198,221,203,197,165,81,21,0,0,0,158,170,168,174,182,178,164,142,10,0,0,0,0,0,0,2,0,31,37,15,0,0,0,0,0,0,0,0,41,50,30,10,8,2,0,0,0,0,0,0,0,0,0,0,0,0,0,0,0,0,0,0,0,0,0,0,0,0,0,0,0,0,0,0,0,0,0,0,0,0,0,0,0,0,0,0,0,0,0,0,0,0,0,0,0,0,0,0,0,0,0,0,0,0,0,0,0,0,0,0,0,0,0,0,0,0,0,0,0,0,0,0,0,0,0,0,0,0,0,0,0,0,0,0,0,0,0,0,0,0,0,0,0,0,0,0,0,0,0,0,0,0,0,0,0,0,0,0,0,0,0,0,0,0,0,0,0,0,0,0,0,0,0,0,0,0,0,0,0,0,0,0,0,0,0,0,0,6
0,0,0,0,0,0,0,0,0,0,0,0,0,0,0,0,0,0,0,0,0,0,0,0,0,0,0,0,0,0,0,0,0,0,0,0,0,0,0,0,0,0,0,0,0,0,0,0,0,0,0,0,0,0,0,0,0,0,0,0,0,0,0,0,0,0,0,0,0,0,0,83,153,67,77,93,45,9,0,0,0,0,0,1,0,0,0,0,0,0,0,0,0,0,0,2,1,0,0,179,192,164,236,181,229,222,192,178,154,129,46,0,0,0,0,0,0,0,0,0,0,0,0,0,3,0,16,165,165,169,223,186,184,175,175,205,208,223,164,0,0,0,0,0,0,0,0,0,0,0,0,0,4,0,75,193,198,186,204,191,187,181,168,176,172,175,86,0,0,0,0,0,0,0,0,0,0,0,0,0,2,0,137,176,147,146,135,134,137,139,148,156,159,166,53,0,0,0,0,0,0,0,0,0,0,0,0,2,0,9,142,114,115,140,150,163,151,136,140,149,164,187,33,0,0,0,0,0,0,0,0,0,0,1,0,3,0,24,142,129,158,163,162,165,164,158,156,165,164,190,23,0,0,0,0,0,0,0,0,0,1,1,1,3,0,64,149,142,155,137,133,140,156,173,173,169,158,169,6,0,0,0,0,0,0,0,0,0,0,0,1,1,0,112,137,111,98,112,133,157,169,165,158,163,172,200,15,0,0,0,0,0,0,0,0,0,0,0,2,0,5,132,129,140,141,158,166,168,170,161,171,180,161,178,61,0,0,0,0,0,0,0,0,0,0,1,2,0,79,137,140,130,144,165,169,161,169,162,176,201,173,212,105,0,0,0,0,0,0,0,0,0,0,2,0,19,144,107,117,144,168,168,162,165,151,153,255,169,181,232,157,0,0,0,0,0,0,0,0,0,0,0,0,97,133,133,135,170,168,158,161,156,128,154,198,128,118,179,226,8,0,0,0,0,0,0,0,0,1,0,35,162,127,140,129,102,106,112,133,127,133,156,81,85,24,78,195,44,0,0,0,0,2,0,0,2,0,2,127,137,121,130,150,150,114,118,128,117,143,147,102,113,155,168,193,33,0,0,0,0,0,0,3,0,0,85,127,111,139,163,155,155,146,146,144,141,183,214,181,224,209,166,198,19,0,0,1,1,2,3,0,0,75,148,115,125,127,140,149,146,161,151,161,158,190,180,148,191,158,155,212,62,0,1,0,0,0,0,5,81,127,112,119,134,137,147,128,139,163,159,155,161,202,170,178,184,176,176,206,75,0,0,0,0,31,73,115,76,112,142,151,132,127,141,158,168,181,190,180,134,84,199,194,169,173,175,206,61,0,17,76,93,104,71,52,27,91,88,89,173,136,140,187,180,173,150,30,0,0,202,176,169,176,164,204,55,28,100,103,100,95,53,54,95,92,166,156,149,133,154,176,114,22,0,0,0,0,193,171,165,171,168,204,51,70,146,141,140,141,148,142,151,155,171,200,170,158,170,99,0,0,1,4,0,0,197,172,168,173,173,202,45,0,38,100,132,151,164,173,176,176,150,163,154,129,22,0,0,6,3,1,0,1,209,186,184,215,187,224,54,0,0,0,0,0,0,11,18,24,32,18,0,0,0,0,1,0,1,1,0,0,75,85,69,66,68,64,0,0,0,0,0,0,0,0,0,0,0,0,0,0,0,0,0,0,0,0,0,0,0,0,0,0,0,0,0,0,0,0,0,0,0,0,0,0,0,0,0,0,0,0,0,0,0,0,0,0,0,0,0,0,0,0,0,6
0,0,0,0,0,0,0,0,0,0,0,0,0,0,0,0,0,0,0,0,0,0,0,0,0,0,0,0,0,0,0,0,0,0,0,0,0,0,0,0,0,0,0,0,0,0,0,0,0,0,0,0,0,0,0,0,0,0,0,0,0,0,0,0,0,0,0,0,0,0,0,0,0,0,0,0,0,0,0,0,0,0,0,0,0,0,0,0,0,0,0,0,0,0,0,0,0,0,0,0,0,0,0,0,0,0,0,0,0,0,0,0,0,0,0,0,0,0,0,0,0,0,0,0,0,0,0,0,0,0,0,0,0,0,0,0,0,0,0,0,0,0,0,0,0,0,0,0,0,0,0,0,0,0,0,0,0,0,0,0,0,0,0,0,0,0,0,0,0,0,0,0,0,0,0,0,0,0,0,0,0,0,0,0,0,87,67,0,0,0,3,0,0,0,0,0,0,0,0,0,0,0,0,0,0,0,0,0,0,0,1,0,0,138,102,208,3,0,0,0,15,81,0,0,0,0,0,0,0,0,0,0,0,0,0,0,0,7,0,0,95,191,156,144,153,50,26,0,15,126,15,0,0,0,0,0,0,0,0,0,0,0,0,0,0,2,0,0,202,203,207,134,189,195,162,146,115,156,83,0,0,0,0,0,0,0,0,0,0,0,0,0,0,6,0,49,218,188,150,168,185,159,176,175,153,169,178,0,0,0,0,0,0,0,0,0,0,0,0,0,2,0,0,190,218,207,166,189,180,170,168,177,162,192,149,0,0,0,0,0,4,5,0,1,0,1,0,0,0,0,114,225,187,104,175,167,172,184,170,169,135,192,114,0,0,0,0,0,1,1,3,0,0,5,0,0,22,164,228,198,151,171,218,181,171,168,174,174,133,209,98,0,0,0,0,0,0,1,0,2,0,0,0,92,244,214,185,118,156,203,184,190,176,173,173,168,143,179,154,0,0,1,3,0,0,0,0,0,0,44,212,243,112,139,43,125,218,163,173,184,179,168,163,161,159,155,195,0,0,0,0,0,0,0,0,60,176,227,127,166,73,118,195,198,174,180,176,170,181,175,169,168,171,137,208,16,0,9,51,71,144,83,31,255,96,8,79,101,172,200,168,161,168,169,168,173,181,175,168,159,161,137,203,64,0,195,232,212,214,193,73,79,98,102,178,176,160,158,169,179,180,181,179,175,174,170,181,171,166,150,179,112,33,172,209,230,212,169,180,170,160,143,102,72,76,117,152,173,169,160,152,154,155,157,155,159,161,149,185,118,125,195,171,178,188,187,167,166,166,175,186,196,190,179,178,181,183,180,181,182,184,188,187,190,192,189,200,76,65,223,238,242,231,229,234,236,234,233,230,230,233,239,238,236,235,240,246,243,240,240,249,253,250,208,255,65,0,0,32,61,101,115,131,153,165,164,164,164,165,154,151,149,146,139,130,130,127,127,102,87,63,53,60,0,0,0,0,0,0,0,0,0,0,0,0,0,0,0,0,0,0,0,0,0,0,0,0,0,0,0,0,0,0,0,0,0,0,0,0,0,0,0,0,0,0,0,0,0,0,0,0,0,0,0,0,0,0,0,0,0,0,0,0,0,0,0,0,0,0,0,0,0,0,0,0,0,0,0,0,0,0,0,0,0,0,0,0,0,0,0,0,0,0,0,0,0,0,0,0,0,0,0,0,0,0,0,0,0,0,0,0,0,0,0,0,0,0,0,0,0,0,0,0,0,0,0,0,0,0,0,0,0,0,0,0,0,0,0,0,0,0,0,0,0,6
0,0,0,0,0,0,0,0,0,0,0,0,0,0,0,0,0,0,0,0,0,0,0,0,0,0,0,0,0,0,0,0,0,0,0,0,0,0,0,0,0,0,0,0,0,0,0,0,0,0,0,0,0,0,0,0,0,0,0,0,0,0,0,0,0,0,0,0,0,0,0,0,0,0,0,0,0,0,0,0,0,0,0,0,0,0,0,0,0,0,0,0,0,0,0,0,0,0,0,0,0,0,0,0,0,0,0,0,0,0,0,0,0,0,0,0,0,0,0,0,0,0,0,0,0,0,0,0,0,28,81,104,112,8,0,0,0,0,0,1,0,0,0,0,0,0,0,0,0,0,0,0,0,0,0,0,71,147,152,142,120,144,52,0,0,0,0,0,0,0,0,0,0,0,0,0,0,0,0,0,0,0,0,18,160,180,187,187,177,140,125,43,0,0,0,0,0,0,0,0,0,0,0,0,0,0,0,0,0,0,26,101,110,112,31,147,182,178,178,147,124,38,0,0,0,0,0,0,0,0,0,0,0,0,0,0,0,0,120,178,183,240,67,248,216,216,193,158,147,122,0,0,0,0,0,0,0,0,0,0,0,0,0,0,0,0,115,170,193,119,142,250,187,208,170,152,149,163,26,0,0,0,0,0,0,0,0,0,0,0,0,0,0,41,87,193,132,69,187,240,180,200,168,149,149,152,9,0,0,0,0,1,0,0,0,0,0,0,0,0,72,216,180,198,225,158,235,198,175,193,163,140,125,144,109,0,0,0,0,0,0,0,0,0,1,0,16,157,107,91,135,168,115,221,216,178,188,158,150,162,115,157,139,0,0,0,0,0,0,1,0,0,0,4,87,127,192,180,109,112,187,231,183,208,228,197,203,177,147,160,115,0,0,0,1,1,1,0,0,0,36,119,130,72,96,197,175,163,255,205,200,203,187,198,200,175,168,150,124,0,1,1,0,0,0,1,46,86,87,59,150,240,198,129,195,243,230,215,202,190,168,153,129,147,129,71,81,13,0,0,3,38,79,101,86,76,135,200,124,120,135,223,241,213,198,203,190,183,163,144,173,167,76,72,96,26,4,69,79,89,81,39,69,187,173,150,142,200,240,213,198,192,211,172,170,192,162,153,195,120,61,92,87,48,61,129,124,117,110,48,110,109,89,107,183,206,205,187,200,211,203,152,149,188,170,170,182,57,52,51,57,36,0,1,54,107,157,168,192,160,149,211,158,157,200,206,198,200,220,230,213,215,203,211,193,132,145,135,135,97,39,14,0,0,0,6,38,71,104,84,120,152,165,182,198,220,202,193,180,180,185,182,165,182,168,140,94,59,66,114,114,101,71,41,16,1,0,0,0,0,0,0,4,3,6,8,8,16,0,0,3,0,0,0,8,11,0,8,31,66,114,152,158,170,153,140,129,105,97,94,56,72,74,77,84,57,81,124,91,120,122,110,101,28,0,0,0,0,0,0,0,48,92,104,110,110,107,135,26,3,19,11,0,0,28,61,38,41,33,14,0,0,0,0,0,0,0,0,0,0,0,0,0,0,0,0,0,0,0,0,0,0,0,0,0,0,0,0,0,0,0,0,0,0,0,0,0,0,0,0,0,0,0,0,0,0,0,0,0,0,0,0,0,0,0,0,0,0,0,0,0,0,0,0,0,0,0,0,0,0,0,0,0,0,0,0,0,0,0,0,0,0,0,0,0,0,0,0,0,0,0,0,0,0,0,0,0,0,0,0,0,0,0,0,0,0,0,0,0,0,0,0,0,0,6
0,0,0,0,0,0,0,0,0,0,0,0,0,0,0,0,0,0,0,0,0,0,0,0,0,0,0,0,0,0,0,0,0,0,0,0,0,0,0,0,0,0,0,0,0,0,0,0,0,0,0,0,0,0,0,0,0,0,0,0,0,0,0,0,0,0,0,0,0,0,0,0,0,0,0,0,0,0,0,0,0,0,0,0,0,0,0,0,0,0,0,0,0,0,0,0,0,0,0,0,0,0,0,0,0,0,0,0,0,0,0,0,0,0,0,0,0,0,0,0,0,0,0,0,0,2,0,0,121,175,149,154,154,155,149,132,154,47,24,44,0,0,0,0,0,0,0,0,0,0,0,0,0,4,0,0,219,218,206,224,226,227,236,217,241,173,25,32,0,0,0,0,0,0,0,0,0,0,0,0,0,2,0,0,197,207,197,200,201,204,206,203,212,156,0,0,0,0,0,0,0,0,0,0,0,0,0,0,0,1,0,0,216,214,198,210,215,215,213,207,224,123,0,2,0,0,0,0,0,0,0,0,0,0,0,0,0,1,0,0,213,211,191,210,215,214,212,204,224,94,0,1,0,0,0,0,0,0,0,0,0,0,0,0,0,1,0,0,192,208,198,215,212,209,209,200,223,53,0,2,0,0,0,0,0,0,0,0,0,0,0,0,0,2,0,0,244,205,207,219,203,194,195,194,219,54,0,3,0,0,0,0,0,0,0,0,0,0,0,0,0,0,0,59,255,178,200,210,203,202,203,195,213,74,0,2,0,0,0,0,0,0,0,0,1,2,0,2,4,0,38,209,180,183,203,211,214,219,211,199,214,115,0,0,0,0,0,0,0,0,0,0,0,2,3,0,0,34,242,193,182,197,211,211,211,213,208,202,219,163,0,0,0,0,0,0,0,0,0,0,0,1,0,0,124,229,183,183,181,195,202,200,208,213,216,203,210,210,0,0,0,0,4,4,7,4,2,4,5,0,14,177,196,177,179,197,198,192,197,210,219,214,202,203,197,212,20,0,2,0,0,0,0,0,0,0,0,2,216,161,160,166,199,196,209,211,216,217,213,211,204,193,189,213,100,0,2,0,33,105,92,52,24,27,80,146,147,159,175,188,184,185,200,207,213,210,205,201,199,190,190,205,171,0,0,18,177,105,136,174,189,174,155,133,182,194,195,203,209,212,210,207,211,211,211,209,209,211,202,202,141,0,0,148,202,172,139,98,110,130,125,135,164,163,171,179,199,207,212,218,209,211,216,217,223,224,212,217,109,0,93,209,181,211,218,215,221,200,187,182,171,176,200,213,219,219,217,222,218,231,225,228,224,219,213,211,205,0,51,179,214,204,201,200,207,219,228,215,218,220,218,213,215,220,230,255,237,211,212,203,206,209,212,218,180,0,0,0,79,184,236,254,240,224,217,224,220,228,230,245,253,221,154,47,128,255,225,255,255,254,232,240,242,0,0,0,0,0,0,54,109,139,188,185,188,191,175,135,18,0,0,0,4,185,141,113,127,111,86,85,52,0,0,0,0,0,0,0,0,0,0,0,0,0,0,0,0,0,0,0,0,0,0,0,0,0,0,0,0,0,0,0,0,0,0,0,0,0,0,0,0,0,0,0,0,0,0,0,0,0,0,0,0,0,0,0,0,0,0,0,0,0,0,0,0,0,0,0,0,0,0,0,0,0,0,0,0,0,0,0,0,0,0,0,0,0,0,0,0,0,0,0,0,0,0,0,0,0,0,0,0,0,0,0,0,0,0,0,0,0,0,0,0,0,6
0,0,0,0,0,0,0,0,0,0,0,0,0,0,0,0,0,0,0,0,0,0,0,0,0,0,0,0,0,0,0,0,0,0,0,0,0,0,0,0,0,0,0,0,0,0,0,0,0,0,0,0,0,0,0,0,0,0,0,0,0,0,0,0,0,0,0,0,0,0,0,0,0,0,0,0,0,0,0,0,0,0,0,0,0,0,0,0,0,0,0,0,0,0,0,0,0,0,0,0,0,0,0,0,0,0,0,0,0,0,0,0,0,0,0,0,0,0,0,0,0,0,0,0,0,0,0,0,0,0,0,0,0,0,3,0,0,0,0,0,0,0,0,0,0,0,0,0,0,0,0,4,0,15,171,40,0,0,0,0,0,0,0,0,90,37,0,3,0,0,0,0,0,0,0,0,0,0,0,2,0,77,255,242,134,0,0,0,0,0,0,20,255,138,0,1,0,0,0,0,0,0,0,0,0,0,0,0,0,164,242,232,232,169,183,201,215,221,206,220,254,162,0,0,0,0,0,0,0,0,0,0,0,0,1,0,0,243,236,233,230,237,246,233,231,228,230,237,238,226,0,0,0,0,0,0,0,0,0,0,0,0,2,0,36,233,228,238,238,208,205,217,217,212,215,240,236,255,103,0,0,0,0,0,0,0,0,0,0,0,1,0,138,247,225,235,240,225,214,223,221,219,227,245,236,246,239,0,0,0,0,0,0,0,0,0,0,0,0,0,225,238,225,231,240,225,214,221,217,212,234,240,228,234,255,27,0,0,0,0,0,0,0,0,0,2,0,42,235,228,232,231,240,224,215,216,209,219,235,226,236,231,251,89,0,0,0,0,0,0,0,0,0,0,0,157,243,227,233,236,240,228,209,206,215,236,238,229,235,234,253,121,0,0,0,0,0,0,0,0,1,0,0,254,231,233,232,234,240,225,204,219,236,236,232,236,242,241,255,74,0,0,0,0,0,0,0,0,0,0,87,241,221,239,231,235,238,222,218,241,235,232,238,245,221,223,128,0,0,0,0,0,0,0,0,0,0,0,222,230,228,232,234,233,236,231,243,228,239,255,255,193,142,172,8,0,0,0,1,0,2,1,0,1,0,108,255,216,231,230,237,237,234,244,230,247,255,131,63,169,201,116,0,0,0,0,0,1,4,0,0,0,47,255,225,224,230,236,240,239,241,227,251,243,20,0,0,127,223,0,0,0,0,4,6,0,0,0,0,41,255,236,224,237,232,239,236,244,232,253,210,0,0,4,0,122,194,0,0,0,0,0,0,0,33,96,130,204,228,223,232,229,236,237,239,235,253,206,0,0,5,2,0,130,158,0,2,0,0,27,110,162,187,175,154,179,224,226,237,238,231,235,231,254,225,0,0,1,0,3,0,127,123,0,8,0,94,190,176,173,164,163,164,191,230,233,231,232,236,237,254,230,0,0,0,0,0,1,0,140,124,0,9,0,58,139,148,173,209,210,206,232,255,255,255,255,255,255,165,0,0,2,0,0,0,5,0,172,151,0,8,0,0,0,0,0,20,34,41,50,59,53,58,54,61,5,0,0,0,1,0,0,0,2,0,129,121,0,4,0,0,0,0,0,0,0,0,0,0,0,0,0,0,0,0,0,0,0,0,0,0,0,0,0,0,0,0,0,0,0,0,0,0,0,0,0,0,0,0,0,0,0,0,0,0,0,0,0,0,0,0,0,0,0,0,0,0,0,0,0,0,0,0,0,0,0,0,0,0,0,0,0,0,0,0,0,0,0,0,0,0,0,0,0,6
0,0,0,0,0,0,0,0,0,0,0,0,0,0,0,0,0,0,0,0,0,0,0,0,0,0,0,0,0,0,0,0,0,0,0,0,0,0,0,0,0,0,0,0,0,0,0,0,0,0,0,0,0,0,0,0,0,0,0,0,0,0,0,0,0,0,0,0,0,0,0,0,0,0,0,0,0,0,0,0,0,0,0,0,0,0,0,0,0,0,0,0,0,0,0,0,0,0,0,0,0,0,0,0,0,0,0,0,0,0,0,0,0,0,0,0,0,0,0,0,0,0,0,0,1,0,0,119,84,47,23,0,0,0,0,0,0,0,13,0,0,0,0,0,0,0,0,0,0,0,0,0,4,0,8,195,171,178,225,151,14,0,0,0,25,137,151,0,0,0,0,0,0,0,0,0,0,0,0,0,5,0,47,185,140,163,160,210,221,201,227,182,188,202,136,0,0,0,0,0,0,0,0,0,0,0,0,0,6,0,100,186,162,170,150,198,213,212,218,195,166,175,130,0,0,0,0,0,0,0,0,0,0,0,0,0,0,0,155,174,140,158,168,222,210,204,209,181,171,187,124,0,0,0,0,0,0,0,0,0,0,0,0,0,0,0,173,171,149,152,175,222,209,206,224,169,149,184,80,0,0,0,0,0,0,0,0,0,0,0,0,2,0,0,195,140,141,165,191,223,210,211,221,178,138,197,65,0,0,0,0,0,0,0,0,0,0,1,0,2,0,57,207,143,157,178,200,218,206,209,217,194,152,202,65,0,0,0,0,0,0,0,0,0,0,0,5,0,0,224,191,160,169,179,207,216,209,207,216,176,158,187,106,0,0,0,0,0,0,0,0,0,0,7,0,0,164,211,168,172,176,181,212,205,205,210,215,162,166,142,157,0,0,0,0,0,0,2,4,1,0,0,0,169,230,188,176,183,178,191,217,206,209,219,210,162,166,127,187,0,0,3,2,0,0,0,0,0,0,53,241,218,193,173,175,186,179,201,210,211,199,186,175,160,155,115,183,81,0,0,0,0,0,0,49,102,208,226,214,184,170,182,186,188,190,194,196,187,171,169,160,165,184,160,164,137,0,24,165,161,171,199,225,224,212,189,179,182,180,179,186,191,189,193,199,195,183,178,178,198,197,146,148,162,8,225,234,226,223,213,196,184,167,167,173,179,178,179,184,187,184,184,183,187,177,171,171,179,153,84,170,161,70,231,185,158,130,156,185,188,180,163,170,183,180,177,180,187,201,215,220,225,223,227,244,249,248,213,243,120,174,195,171,172,156,118,126,151,175,156,167,203,202,204,203,206,204,201,194,192,185,177,180,179,169,161,191,125,118,203,213,206,191,188,177,159,160,171,180,187,183,190,196,204,200,206,189,175,181,178,171,171,178,173,192,133,0,0,54,140,204,229,208,210,245,232,229,200,224,182,177,143,79,42,162,252,227,240,236,239,235,197,255,145,0,0,0,0,0,0,24,45,80,79,99,69,81,0,0,0,0,0,0,47,36,40,50,55,50,50,56,0,0,0,0,0,0,0,0,0,0,0,0,0,0,0,0,0,0,0,0,0,0,0,0,0,0,0,0,0,0,0,0,0,0,0,0,0,0,0,0,0,0,0,0,0,0,0,0,0,0,0,0,0,0,0,0,0,0,0,0,0,0,0,0,0,0,0,0,0,0,0,0,0,0,0,0,0,0,0,0,0,0,0,0,0,0,0,0,0,0,0,0,0,0,0,0,0,0,0,0,0,0,0,0,0,0,0,0,0,0,0,0,0,6
0,0,0,0,0,0,0,0,0,0,0,0,0,0,0,0,0,0,0,0,0,0,0,0,0,0,0,0,0,0,0,0,0,0,0,0,0,0,0,0,0,0,0,0,0,0,0,0,0,0,0,0,0,0,0,0,0,0,0,0,0,0,0,0,0,0,0,0,0,0,0,0,0,0,0,0,0,0,0,0,0,0,0,0,0,0,0,0,0,0,0,0,0,0,0,0,0,6,0,18,80,0,0,0,0,0,0,0,0,0,0,0,0,0,0,0,0,0,0,0,0,0,0,1,0,8,0,111,217,170,158,182,170,169,136,137,87,0,0,0,0,0,0,0,0,0,0,0,0,0,0,0,1,0,0,160,180,167,175,200,181,201,192,189,177,30,0,3,0,0,0,0,0,0,0,0,0,0,0,0,3,0,22,193,182,162,185,169,150,168,202,186,178,107,0,4,0,0,0,0,0,0,0,0,0,0,0,0,5,0,31,207,204,178,189,188,195,199,201,210,189,103,0,4,0,0,0,0,0,0,0,0,0,0,0,0,1,0,108,185,177,175,206,202,180,177,210,192,193,49,0,0,0,0,0,0,0,0,0,0,0,1,0,1,0,0,196,221,214,186,181,161,222,198,168,185,213,25,0,1,0,0,0,0,0,0,0,0,0,0,0,2,0,0,223,169,182,221,237,197,171,165,151,181,176,105,0,0,0,0,0,0,0,0,0,0,0,1,0,2,0,0,175,212,234,144,137,182,172,177,181,197,190,215,37,0,1,1,0,0,0,0,0,0,0,0,0,3,0,19,121,177,191,169,175,190,186,164,174,226,172,169,46,0,0,0,0,0,0,0,0,0,0,0,0,0,0,0,196,205,182,190,156,204,170,162,189,181,181,186,3,0,0,0,0,0,0,0,0,1,0,2,1,0,0,135,185,201,197,172,179,182,199,213,191,138,162,192,94,0,0,0,0,0,0,0,0,2,4,1,0,24,140,185,202,192,212,215,180,191,194,162,168,177,192,225,174,0,1,1,9,8,7,5,0,0,0,0,0,138,197,175,186,205,207,214,215,209,209,217,217,217,213,208,187,0,2,0,0,0,0,0,0,0,37,98,182,184,180,202,200,211,201,200,209,213,217,221,214,221,204,197,227,0,0,0,73,119,135,128,162,192,193,204,194,175,223,211,202,204,212,210,209,212,215,213,212,219,197,205,255,49,0,157,191,189,194,182,183,183,177,183,206,142,161,181,176,180,189,189,205,217,211,204,217,213,199,211,251,57,46,206,177,179,177,184,177,180,188,184,194,208,196,192,194,198,192,184,184,189,213,209,213,198,209,216,241,45,61,191,197,194,187,194,188,170,188,180,180,194,188,189,189,204,211,211,224,193,197,228,226,209,226,213,224,90,11,124,165,185,198,205,203,182,193,202,183,217,205,207,211,205,200,217,216,210,166,212,205,210,193,197,214,107,0,0,42,100,139,169,192,198,194,210,200,204,204,197,184,146,101,65,2,110,178,196,193,227,209,195,242,76,0,0,0,0,10,24,73,103,104,112,105,107,95,92,3,0,0,0,0,59,158,128,150,136,127,104,85,0,0,0,0,0,0,0,0,0,0,0,0,0,0,0,0,0,0,0,0,0,0,0,0,0,0,0,0,0,0,0,0,0,0,0,0,0,0,0,0,0,0,0,0,0,0,0,0,0,0,0,0,0,0,0,0,0,0,0,0,0,0,0,0,0,0,0,0,0,0,0,0,0,0,0,0,0,0,0,0,0,0,0,0,0,6
0,0,0,0,0,0,0,0,0,0,0,0,0,0,0,0,0,0,0,0,0,0,0,0,0,0,0,0,0,0,0,0,0,0,0,0,0,0,0,2,0,0,169,145,151,176,219,212,218,220,226,206,189,196,0,0,0,0,0,0,0,0,0,0,0,0,0,4,0,27,255,250,255,255,252,245,233,232,227,221,233,202,0,0,0,0,0,0,0,0,0,0,0,0,0,4,0,27,238,231,226,229,234,230,220,222,216,207,250,128,0,0,0,0,0,0,0,0,0,0,0,0,0,3,0,42,255,234,232,234,238,236,226,226,221,211,255,100,0,1,0,0,0,0,0,0,0,0,0,0,0,2,0,59,255,226,239,234,237,238,227,225,219,210,255,47,0,0,0,0,0,0,0,0,0,0,0,0,0,0,0,105,255,224,239,232,237,238,229,226,216,210,250,31,0,0,0,0,0,0,0,0,0,0,0,0,0,0,0,157,247,232,236,232,239,234,233,225,223,208,246,103,0,0,0,0,0,0,0,0,0,0,0,0,1,0,0,203,255,226,234,233,240,233,228,222,213,206,237,219,0,0,0,0,0,0,0,0,0,0,0,0,3,0,2,247,238,226,236,237,238,231,226,221,217,220,215,255,54,0,0,0,0,0,0,0,0,0,0,0,1,0,97,255,229,238,235,236,240,231,227,227,221,221,216,242,177,0,0,0,0,0,0,0,0,0,0,4,0,0,204,255,227,236,235,236,233,227,231,220,213,200,208,216,238,15,0,0,0,0,0,0,0,0,0,7,0,33,255,227,233,232,236,236,234,224,224,204,190,160,191,222,237,64,0,0,0,0,0,0,0,0,0,2,0,144,255,217,231,232,237,234,233,226,223,211,201,175,203,224,233,94,0,0,0,0,0,0,0,0,0,0,0,242,241,224,225,233,239,234,236,237,240,234,240,235,236,220,244,122,0,0,0,0,0,0,0,0,0,0,110,255,233,234,229,235,243,234,241,234,231,231,215,227,230,217,238,57,2,0,0,1,2,1,1,7,0,0,245,245,219,232,237,236,240,237,234,230,206,204,218,208,202,198,185,0,0,2,8,0,0,0,0,0,0,170,252,224,240,236,239,241,237,230,222,192,233,241,207,203,175,211,142,0,0,0,0,0,0,0,0,0,146,226,204,224,236,241,235,233,232,210,204,255,214,0,67,222,175,227,75,0,0,0,109,159,171,178,176,195,220,214,232,231,247,240,239,233,200,241,255,101,0,0,107,230,184,228,17,0,0,186,226,180,140,111,119,160,194,236,240,242,233,237,238,206,247,227,9,0,0,0,131,201,192,208,0,0,109,242,223,226,224,193,174,180,196,231,235,240,236,234,219,241,225,0,0,0,0,0,141,205,201,176,0,0,95,213,213,229,249,255,255,255,244,230,236,233,231,221,229,237,0,0,1,0,1,0,153,208,208,132,0,0,0,182,198,194,195,196,206,222,238,244,245,240,229,221,255,51,0,8,0,0,1,0,161,211,209,87,0,1,0,0,123,217,223,203,186,180,197,209,210,201,197,255,120,0,3,2,0,0,0,0,156,206,202,44,0,1,0,0,0,5,116,205,237,241,224,215,203,224,254,126,0,0,0,1,0,0,0,0,160,224,210,21,0,3,1,1,0,0,0,0,24,89,140,180,188,148,45,0,0,0,1,2,0,1,3,0,112,137,127,0,0,1,1,1,0,0,0,0,0,0,0,0,0,0,0,0,0,0,2,0,0,1,0,0,0,0,0,0,1,0,6
0,0,0,0,0,0,0,0,0,0,0,0,0,0,0,0,0,0,0,0,0,0,0,0,0,0,0,0,0,0,0,0,0,0,0,0,0,0,0,0,0,0,0,0,0,0,0,0,0,0,0,0,0,0,0,0,0,0,0,0,0,0,0,0,0,0,0,0,0,0,0,0,0,0,0,0,0,0,0,0,0,0,0,0,0,0,0,0,0,0,0,0,0,0,0,0,0,0,0,0,0,0,0,0,0,0,0,0,0,0,0,0,0,0,0,0,0,0,0,0,0,0,0,0,0,0,0,0,0,0,0,0,0,0,0,0,0,0,0,0,0,0,0,0,0,0,0,0,0,0,0,0,0,0,0,0,0,0,0,0,0,0,0,0,0,0,0,0,0,0,0,0,0,0,0,0,0,0,0,0,0,0,0,0,59,30,0,0,0,0,0,0,0,38,60,0,0,0,0,0,0,0,0,0,0,0,0,1,0,5,0,0,215,224,206,235,213,176,124,58,0,140,168,0,0,0,0,0,0,0,0,0,0,0,1,1,0,7,0,84,225,208,218,220,230,235,241,248,221,224,74,0,0,0,0,0,0,0,0,0,0,1,0,3,4,0,0,196,221,212,215,214,212,215,216,220,226,247,73,0,0,0,0,0,0,0,0,0,0,0,0,0,0,0,106,211,216,211,211,217,218,219,224,225,225,241,61,0,0,0,0,0,0,0,0,0,1,1,3,0,35,173,189,162,194,230,216,211,216,220,218,227,228,242,88,0,0,1,0,0,0,0,0,0,4,5,0,20,202,186,165,175,164,174,213,226,219,221,224,229,228,238,133,0,0,2,0,0,1,0,6,7,0,0,0,171,183,190,216,184,182,176,170,190,217,215,215,239,226,229,183,0,0,1,3,5,7,0,0,0,0,60,211,200,174,171,185,225,199,171,181,171,163,238,237,227,209,218,231,0,3,1,0,0,0,0,0,80,167,197,186,179,188,174,158,170,255,216,171,156,222,221,201,202,190,205,222,20,0,0,0,39,101,146,214,199,192,180,185,191,193,173,167,156,193,229,225,214,234,219,192,181,210,211,228,59,3,157,187,194,195,195,184,182,191,205,196,181,201,205,168,176,191,205,218,247,202,137,116,120,158,201,235,41,134,200,174,181,191,189,191,191,161,128,102,96,112,189,204,185,192,214,224,143,114,133,157,166,141,160,209,50,115,167,156,159,170,159,155,145,139,140,155,166,140,139,216,223,222,231,162,113,156,149,157,152,156,168,194,145,0,157,222,194,199,208,202,189,189,193,200,193,189,207,214,215,170,229,196,153,186,207,190,188,208,198,203,138,0,0,0,38,78,109,139,139,140,163,174,157,147,120,0,0,0,9,168,159,175,165,144,129,118,88,50,0,0,0,0,0,0,0,0,0,0,0,0,0,0,0,0,0,0,0,0,0,0,0,0,0,0,0,0,0,0,0,0,0,0,0,0,0,0,0,0,0,0,0,0,0,0,0,0,0,0,0,0,0,0,0,0,0,0,0,0,0,0,0,0,0,0,0,0,0,0,0,0,0,0,0,0,0,0,0,0,0,0,0,0,0,0,0,0,0,0,0,0,0,0,0,0,0,0,0,0,0,0,0,0,0,0,0,0,0,0,0,0,0,0,0,0,0,0,0,0,0,0,0,0,0,0,0,0,0,0,0,0,0,0,0,0,0,0,0,0,0,0,0,0,0,0,0,0,0,0,0,0,0,0,0,0,0,0,0,0,0,0,0,0,0,0,0,0,0,6
0,0,0,0,0,0,0,0,0,0,0,0,0,0,0,0,0,0,0,0,0,0,0,0,0,0,0,0,0,0,0,0,0,0,0,0,0,0,0,0,0,0,0,0,0,0,0,0,0,0,0,0,0,0,0,0,0,0,0,0,0,0,0,0,0,0,0,0,0,0,0,0,0,0,0,0,0,0,0,0,0,0,0,0,0,0,0,0,0,0,0,0,0,0,0,0,0,0,0,0,0,0,0,0,0,0,0,0,0,0,0,0,0,0,0,0,0,0,0,0,0,0,0,3,0,9,123,143,170,197,210,212,219,217,237,213,168,47,0,0,0,0,0,0,0,0,0,0,0,0,0,4,0,46,255,247,243,238,239,242,245,245,248,225,191,174,0,0,0,0,0,0,0,0,0,0,0,0,0,3,0,75,241,216,227,224,226,226,230,226,238,208,173,252,37,0,0,0,0,0,0,0,0,0,0,0,0,0,0,128,244,228,233,236,239,236,236,231,250,214,160,197,72,0,0,0,0,0,0,0,0,0,0,0,0,0,0,173,244,223,234,235,237,235,235,232,246,208,172,182,106,0,0,0,0,0,0,0,0,0,0,1,0,0,0,217,239,225,233,234,237,235,236,229,244,209,185,105,0,0,0,0,0,0,0,0,0,0,0,0,0,0,0,253,230,230,232,235,237,235,234,233,242,221,177,164,0,0,0,0,0,0,0,0,0,0,0,0,5,0,31,255,221,236,234,238,236,235,237,228,247,210,174,203,89,0,0,0,0,0,0,0,0,0,0,0,4,0,98,255,220,237,237,235,239,235,232,234,242,221,215,176,173,0,0,0,0,0,0,0,0,0,0,4,1,0,208,240,222,237,238,238,236,235,242,235,224,183,90,204,197,61,0,0,0,0,0,0,0,0,0,0,0,0,255,232,231,238,237,233,244,243,221,213,176,1,63,221,192,136,0,0,0,0,0,0,0,0,0,2,0,123,255,221,237,237,234,246,234,198,191,181,140,171,251,192,182,42,0,0,0,0,0,0,0,0,2,0,0,250,246,233,235,234,239,219,194,198,210,224,234,243,221,178,212,46,0,0,0,0,0,0,2,0,0,0,171,255,226,235,229,235,228,202,230,227,212,160,119,117,127,152,199,31,0,0,0,0,0,2,4,0,0,90,255,220,237,227,236,233,207,214,184,150,102,133,186,194,180,141,140,0,0,0,1,0,0,0,0,0,131,255,232,235,227,236,248,200,167,159,118,120,196,187,77,6,24,174,136,0,0,0,0,0,0,3,86,220,255,232,229,232,237,249,222,178,163,113,162,214,100,0,0,0,0,205,96,0,0,0,26,111,212,255,255,230,218,235,239,235,249,224,196,176,115,207,185,2,0,0,1,0,0,177,56,0,61,192,233,239,226,218,215,221,229,233,243,246,218,212,189,129,216,119,0,0,1,0,0,0,0,180,33,0,152,245,239,250,247,249,244,238,236,234,231,199,196,189,160,230,88,0,0,0,0,2,1,0,0,170,8,0,0,1,40,75,130,172,208,230,255,255,213,206,190,180,173,23,0,0,0,0,0,1,3,0,11,185,2,0,0,0,0,0,0,0,0,0,0,0,17,24,17,8,0,0,0,0,0,0,0,0,3,0,0,134,0,0,0,0,0,0,0,0,0,0,0,0,0,0,0,0,0,0,0,0,0,0,0,0,0,0,0,0,0,0,0,0,0,0,0,0,0,0,0,0,0,0,0,0,0,0,0,0,0,0,0,0,0,0,0,0,0,0,6
0,0,0,0,0,0,0,0,0,0,0,0,0,0,0,0,0,0,0,0,0,0,0,0,0,0,0,0,0,0,0,0,0,0,0,0,0,0,0,0,0,0,0,0,0,0,0,0,0,0,74,110,18,0,4,0,0,0,0,0,0,0,0,0,0,1,0,0,0,0,0,0,14,24,25,34,1,98,225,212,78,0,6,0,0,0,0,0,0,0,0,0,0,1,4,0,41,195,202,212,217,225,224,225,223,215,196,198,102,0,8,0,0,0,0,0,0,0,0,0,0,0,4,0,32,221,213,216,211,211,210,211,216,202,186,214,119,0,8,0,0,0,0,0,0,0,0,0,0,0,6,0,25,214,210,214,210,215,217,216,217,219,199,201,113,0,7,0,0,0,0,0,0,0,0,0,0,1,7,0,64,213,208,215,212,217,217,215,222,214,195,210,117,0,2,0,0,0,0,0,0,0,0,0,0,0,6,0,98,220,219,210,215,219,219,217,218,217,207,204,182,0,0,0,0,0,0,0,0,0,0,0,0,0,1,0,138,227,223,213,218,220,219,217,218,219,202,189,220,10,0,3,0,0,0,0,0,0,0,0,0,0,0,0,186,221,223,213,216,217,219,217,218,218,210,194,201,124,0,0,0,0,0,0,0,0,0,0,0,4,0,0,221,213,223,213,218,218,219,217,218,216,215,199,200,218,0,0,0,0,0,0,0,0,0,0,0,5,0,52,199,211,221,214,218,216,218,214,220,221,200,192,188,207,107,0,0,0,0,0,0,0,0,0,0,6,0,121,207,210,221,215,217,220,217,220,224,194,220,188,171,186,192,0,0,0,0,0,0,0,0,0,2,0,0,183,209,213,220,214,213,213,221,216,183,201,215,147,171,160,220,33,0,0,0,0,0,0,0,0,4,0,47,198,202,217,220,218,213,212,197,175,212,228,210,215,225,184,230,61,0,0,0,0,0,0,0,0,1,0,146,203,199,211,200,207,211,210,202,221,220,206,199,200,216,189,214,102,0,0,0,0,0,0,0,3,0,18,201,173,183,216,207,205,214,235,221,240,204,174,182,181,156,169,194,157,0,0,0,0,0,0,0,5,0,119,181,174,205,214,225,216,227,238,202,170,183,190,197,209,211,215,222,143,0,2,5,5,5,4,9,0,6,206,171,185,204,200,204,226,231,185,173,211,255,227,204,210,219,207,217,123,0,0,0,0,0,0,0,4,169,189,170,172,176,199,229,236,177,167,219,255,169,27,240,219,222,207,224,106,0,1,78,82,69,60,83,169,177,145,126,171,202,228,243,180,180,227,248,135,0,0,255,212,216,204,229,86,0,177,169,135,134,143,158,132,40,111,172,194,229,234,188,177,231,216,111,0,0,13,255,212,215,202,230,76,18,189,198,188,156,92,96,153,189,222,214,208,217,194,186,224,215,125,0,0,0,24,222,209,213,203,230,62,91,194,189,201,212,221,219,219,215,214,214,217,200,197,215,214,184,0,0,4,0,27,224,210,214,204,234,44,36,176,189,205,203,199,199,194,205,209,207,199,196,193,208,216,0,0,1,2,0,38,221,206,211,202,204,40,0,0,7,65,145,190,217,235,235,233,230,225,226,242,173,0,0,2,0,5,0,54,214,199,201,202,255,54,0,0,0,0,0,0,0,24,47,63,90,92,76,30,0,0,0,0,0,3,0,0,54,30,33,32,48,0,0,0,0,0,0,0,0,0,0,0,0,0,0,0,0,0,0,0,0,0,0,0,0,0,0,0,0,0,6
0,0,0,0,0,0,0,0,0,0,0,0,0,0,0,0,0,0,0,0,0,0,0,0,0,0,0,0,0,0,0,0,0,0,0,0,0,0,0,0,0,0,0,0,0,0,0,0,0,0,0,0,0,0,0,0,0,0,0,0,0,0,0,0,0,0,0,0,0,0,0,0,0,0,0,0,0,0,0,0,0,0,0,0,0,0,0,0,0,0,0,0,0,0,0,0,0,0,0,0,0,0,0,0,0,0,0,0,0,0,0,0,0,0,0,0,0,0,0,0,0,0,0,0,0,0,0,0,33,145,156,0,0,0,2,0,2,0,1,0,0,0,0,0,0,0,0,0,0,1,0,0,0,1,0,5,155,142,159,160,83,0,0,0,0,0,1,0,0,0,0,0,0,0,0,0,0,0,1,0,0,5,0,29,154,146,163,170,198,194,127,40,0,0,0,0,0,0,0,0,0,0,0,0,0,0,1,0,0,4,0,101,153,158,159,171,159,191,212,199,228,104,0,0,0,0,0,0,0,0,0,0,0,0,0,0,1,0,0,109,149,207,175,180,188,174,216,212,212,212,126,18,0,0,0,0,0,0,0,0,0,0,1,0,1,0,0,124,158,178,167,182,197,163,222,227,218,205,232,66,0,0,0,0,0,0,0,0,0,0,1,0,0,0,1,157,183,243,184,191,192,187,167,199,215,209,226,0,0,0,0,1,1,0,0,1,0,2,1,1,0,0,63,148,190,146,136,159,159,170,177,168,154,180,121,0,0,0,0,0,0,3,2,2,0,1,0,0,0,109,205,221,171,131,160,171,170,177,178,179,173,190,89,0,1,0,0,1,0,0,0,0,2,0,0,9,135,201,168,129,158,170,173,173,172,174,174,180,179,201,99,0,0,0,0,2,4,2,0,0,0,0,100,182,184,126,152,149,155,171,181,177,183,178,157,158,151,175,143,0,0,1,2,0,0,0,0,1,38,119,204,116,124,144,147,151,159,159,163,165,181,175,177,177,165,166,166,0,1,0,0,0,20,45,101,136,138,135,118,151,154,154,163,171,174,166,173,180,158,157,178,176,174,169,177,2,0,17,112,122,152,157,160,150,140,148,168,177,171,171,174,173,168,164,167,180,176,173,175,165,167,164,177,16,27,151,150,140,135,138,143,141,146,142,147,145,155,152,154,160,164,166,160,153,160,165,159,173,175,170,182,57,34,182,199,196,183,175,167,163,159,159,174,171,181,184,191,199,204,209,215,212,216,219,255,245,201,193,240,51,27,1,38,116,172,197,220,222,227,240,240,226,228,227,210,190,182,168,145,133,109,87,65,48,40,24,13,0,74,140,61,2,0,0,0,0,0,0,0,0,0,0,0,0,0,0,0,0,0,0,0,0,0,0,5,36,0,12,94,149,153,131,123,103,86,76,77,77,73,89,103,109,109,108,117,122,122,103,125,136,146,143,148,104,3,0,0,0,0,10,56,80,95,110,119,108,83,95,94,85,80,78,75,72,63,43,63,66,53,38,14,0,0,0,0,0,0,0,0,0,0,0,0,0,0,0,0,0,0,0,0,0,0,0,0,0,0,0,0,0,0,0,0,0,0,0,0,0,0,0,0,0,0,0,0,0,0,0,0,0,0,0,0,0,0,0,0,0,0,0,0,0,0,0,0,0,0,0,0,0,0,0,0,0,0,0,0,0,0,0,0,0,0,0,0,0,0,0,0,0,0,0,0,0,0,0,0,0,0,0,0,0,0,0,0,0,0,0,0,0,0,0,0,0,6
0,0,0,0,0,0,0,0,0,0,0,0,0,0,0,0,0,0,0,0,0,0,0,0,0,0,0,0,0,0,0,0,0,0,0,0,0,0,0,0,0,0,0,0,0,0,0,0,0,0,0,0,0,0,0,0,0,0,0,0,0,0,0,0,0,0,0,0,0,0,0,0,0,0,0,0,0,0,0,0,0,0,0,0,0,0,0,0,0,0,0,0,0,0,0,0,0,0,0,0,0,0,0,0,0,0,0,0,0,0,0,0,0,0,0,0,0,0,0,0,0,0,0,0,0,8,0,5,1,3,0,0,0,0,2,2,4,3,4,0,0,0,0,0,0,0,0,0,0,0,0,0,0,0,0,0,0,0,0,0,0,0,0,0,0,0,0,0,0,0,0,0,0,0,0,0,0,0,0,0,0,0,0,6,185,60,0,0,0,0,0,0,51,0,0,0,0,0,0,0,0,0,0,0,0,0,0,0,0,0,50,138,209,245,61,0,1,0,4,163,204,137,0,1,0,0,0,0,0,0,0,0,0,0,1,1,0,18,255,171,120,191,255,11,0,0,106,0,154,146,0,0,0,0,0,0,0,0,0,0,0,0,0,0,0,171,180,151,201,121,181,98,0,34,171,161,200,139,19,0,0,0,0,0,0,0,0,0,0,2,2,0,91,255,146,164,190,229,192,177,188,186,207,228,203,205,208,0,0,0,0,0,0,0,0,0,0,0,0,75,237,173,205,226,233,219,246,230,231,237,224,186,195,204,237,23,0,0,0,0,2,1,0,0,4,0,40,237,163,200,191,194,193,206,223,215,208,224,198,179,216,195,220,101,0,0,0,0,4,1,0,0,0,37,214,174,195,197,209,210,197,207,208,208,221,200,196,217,209,214,218,133,0,0,0,0,0,1,1,0,16,231,182,180,189,189,201,208,205,215,217,212,208,206,213,224,226,215,215,153,1,4,4,0,0,0,0,2,204,158,176,184,183,197,203,212,211,221,218,210,214,220,226,216,214,214,224,147,0,0,0,0,0,0,83,199,175,191,193,194,211,217,217,219,215,220,210,211,210,206,214,217,222,206,222,139,0,41,93,103,137,164,187,143,167,204,198,204,216,222,214,214,220,218,212,219,211,213,223,210,209,202,214,110,46,172,147,141,144,129,113,114,143,200,217,204,225,224,217,224,212,190,205,215,211,219,223,223,232,226,224,86,168,214,212,189,187,187,192,197,191,182,193,214,214,213,209,204,209,220,227,230,230,255,253,228,198,167,157,16,89,132,165,209,230,239,234,227,225,212,217,230,226,225,249,255,247,205,148,101,63,22,0,0,0,0,0,0,0,85,65,16,11,73,132,186,227,250,244,228,197,166,126,52,0,0,0,0,0,0,1,5,9,3,30,93,0,0,65,126,116,73,19,0,0,0,0,0,0,0,0,0,11,35,49,52,55,58,60,61,85,116,154,66,0,0,0,0,0,62,111,142,152,144,142,146,152,153,147,139,130,119,111,111,109,110,103,97,88,53,0,0,0,0,0,0,0,0,0,0,0,0,0,0,0,0,0,0,0,0,0,0,0,0,0,0,0,0,0,0,0,0,0,0,0,0,0,0,0,0,0,0,0,0,0,0,0,0,0,0,0,0,0,0,0,0,0,0,0,0,0,0,0,0,0,0,0,0,0,0,0,0,0,0,0,0,0,0,0,0,0,0,0,0,0,0,0,0,0,0,0,0,0,0,0,0,0,0,0,0,0,0,0,0,0,0,0,0,0,0,0,0,0,0,6
0,0,0,0,0,0,0,0,0,0,0,0,0,0,0,0,0,0,0,0,0,0,0,0,0,0,0,0,0,0,0,0,0,0,0,0,0,0,0,0,0,0,0,0,0,0,0,0,0,0,0,0,0,0,0,0,0,0,0,0,0,0,0,0,0,0,0,0,0,0,0,0,0,0,0,0,0,0,0,0,0,0,0,0,0,0,0,0,0,0,0,0,0,0,0,0,0,0,0,0,0,0,0,0,0,0,0,0,0,0,0,0,0,0,0,0,0,0,0,0,0,1,0,0,0,9,0,19,178,106,0,0,0,0,0,0,1,0,0,0,0,0,0,0,0,0,0,0,0,0,0,0,0,6,0,107,226,216,99,0,0,0,0,0,0,56,179,0,0,0,0,0,0,0,0,0,0,2,0,0,4,0,59,201,197,180,215,245,173,108,111,124,113,140,167,0,0,0,0,0,0,0,0,0,0,4,0,0,5,0,171,202,187,165,190,209,191,185,164,183,177,181,160,0,0,0,0,0,0,0,0,0,0,0,1,1,0,0,196,210,207,193,231,201,180,167,155,155,166,179,168,0,0,0,0,0,0,0,0,0,0,0,0,1,0,0,153,219,184,164,223,195,171,156,154,155,131,173,212,0,0,0,0,0,0,0,0,0,1,0,1,0,0,100,225,213,210,193,212,178,162,175,183,196,165,185,128,0,0,0,0,0,0,0,0,0,0,1,3,0,55,231,205,195,180,207,206,178,166,165,146,148,143,192,93,0,0,0,0,0,0,0,0,0,0,6,0,40,249,191,198,170,132,197,195,177,169,162,154,138,119,194,95,0,0,0,0,0,0,0,0,0,0,0,0,128,208,185,229,216,194,204,178,164,137,149,162,175,176,206,138,0,0,0,0,0,0,0,0,0,2,0,74,219,178,216,227,206,187,181,170,161,169,170,169,198,190,173,193,0,0,2,7,5,4,3,4,1,0,0,160,212,194,184,158,185,171,187,183,169,161,188,206,201,159,119,212,8,4,0,0,0,0,0,0,0,0,231,233,213,190,193,188,186,186,191,190,184,193,197,204,167,177,128,222,79,0,0,42,24,6,10,14,78,167,213,187,176,196,192,191,193,197,194,190,186,185,197,179,153,170,110,215,165,0,189,251,214,192,226,228,234,195,181,196,188,199,204,199,191,188,184,183,180,174,197,171,147,146,82,184,215,0,242,192,151,171,176,156,153,165,178,202,185,187,177,180,186,183,178,178,180,187,206,196,185,195,143,216,153,156,249,201,168,110,140,165,157,153,164,160,168,170,169,170,165,160,153,172,185,195,215,210,209,226,177,215,114,101,208,230,215,196,180,165,147,146,150,151,157,164,179,178,185,198,248,244,225,209,205,202,198,191,144,161,119,0,0,78,175,217,249,255,239,225,216,227,229,230,234,242,222,162,102,0,93,251,170,181,184,197,185,220,152,0,0,0,0,0,19,61,119,161,185,194,184,171,101,33,0,0,0,0,1,205,192,184,176,165,133,124,42,0,0,0,0,0,0,0,0,0,0,0,0,0,0,0,0,0,0,0,0,0,0,0,0,0,0,0,0,0,0,0,0,0,0,0,0,0,0,0,0,0,0,0,0,0,0,0,0,0,0,0,0,0,0,0,0,0,0,0,0,0,0,0,0,0,0,0,0,0,0,0,0,0,0,0,0,0,0,0,0,0,0,0,0,0,0,0,0,0,0,0,0,0,0,0,0,0,0,0,0,0,0,0,0,0,0,0,0,0,0,0,0,6
0,0,0,0,0,0,0,0,0,0,0,0,0,0,0,0,0,0,0,0,0,0,0,0,0,0,0,0,0,0,0,0,0,0,0,0,0,0,0,0,0,0,0,0,0,0,0,0,0,0,0,0,0,0,0,0,0,0,0,0,0,0,0,0,0,0,0,0,0,0,0,0,0,0,0,0,0,0,0,0,0,0,0,0,0,0,0,0,0,0,0,0,0,0,0,0,0,0,0,0,0,0,0,0,0,0,0,0,0,0,0,0,0,0,0,0,0,0,0,0,0,0,0,0,0,0,0,0,0,0,0,0,0,0,0,0,0,0,0,0,0,0,0,0,0,0,0,0,0,0,0,0,0,0,0,0,0,0,89,16,0,0,0,0,0,0,1,0,0,0,0,0,0,0,0,0,0,0,0,0,0,0,1,0,21,159,184,173,151,132,120,87,68,34,0,0,0,0,0,0,0,0,0,0,0,0,0,0,0,0,2,0,0,196,173,167,181,191,202,206,206,141,0,0,0,0,0,0,0,0,0,0,0,0,0,0,0,0,7,0,34,190,167,173,168,164,160,161,170,147,0,0,0,0,0,0,0,0,0,0,0,0,0,0,0,2,5,0,108,172,143,175,184,175,170,163,174,164,0,0,0,0,0,0,0,0,0,0,0,0,0,0,0,2,0,0,211,191,149,168,168,174,182,173,161,182,0,0,0,0,0,0,0,0,0,0,0,0,0,0,1,2,0,86,192,171,160,174,165,181,190,184,165,181,3,0,0,0,0,0,0,0,0,0,1,1,0,1,2,0,35,229,174,157,178,181,186,193,185,170,165,192,25,0,1,1,1,0,0,0,0,0,0,1,1,2,0,32,226,159,157,162,179,172,170,172,171,171,156,165,42,0,1,1,0,0,1,0,0,0,0,2,0,0,64,203,175,141,157,186,186,171,169,171,172,174,167,172,78,0,0,1,2,0,0,2,4,3,2,0,0,115,184,170,125,154,171,171,180,179,185,174,181,175,154,168,132,0,3,0,0,0,0,0,0,0,0,0,78,189,145,134,154,151,171,171,178,185,185,184,174,164,163,159,162,0,0,10,81,106,109,86,59,56,86,123,162,151,140,153,139,140,146,157,176,176,180,170,164,169,162,152,178,27,0,117,149,131,145,160,165,156,161,138,145,169,168,169,173,176,172,158,152,176,182,163,180,181,182,170,203,47,16,158,147,140,141,132,146,146,145,140,143,162,176,180,178,180,193,212,168,147,182,158,146,162,163,157,202,43,85,203,195,184,170,156,156,164,161,148,148,140,154,170,174,172,181,189,197,168,202,197,186,197,191,191,202,70,0,98,169,206,212,208,194,171,158,148,148,148,165,185,196,213,233,241,244,230,209,214,214,209,204,195,200,53,0,0,0,38,143,197,204,223,226,223,215,217,223,227,222,239,189,137,82,227,225,214,246,241,216,213,254,65,3,4,0,0,0,0,0,32,68,122,136,154,148,76,24,0,0,0,0,76,184,151,136,113,81,74,50,0,0,0,0,0,0,0,0,0,0,0,0,0,0,0,0,0,0,0,0,0,0,0,0,0,0,0,0,0,0,0,0,0,0,0,0,0,0,0,0,0,0,0,0,0,0,0,0,0,0,0,0,0,0,0,0,0,0,0,0,0,0,0,0,0,0,0,0,0,0,0,0,0,0,0,0,0,0,0,0,0,0,0,0,0,0,0,0,0,0,0,0,0,0,0,0,0,0,0,0,0,0,0,0,0,0,0,0,0,0,0,0,0,6
0,0,0,0,0,0,0,0,0,0,0,0,0,0,0,0,0,0,0,0,0,0,0,0,0,0,0,0,0,0,0,0,0,0,0,0,0,0,0,0,0,0,0,0,0,0,0,0,0,0,0,0,0,0,0,0,0,0,0,0,0,0,0,0,0,1,0,0,0,0,0,4,0,0,0,0,0,0,0,0,133,99,0,4,0,0,0,0,0,0,0,0,0,1,0,0,1,1,0,0,0,0,7,2,0,0,0,36,206,71,0,4,0,0,0,0,0,0,0,0,0,0,0,0,1,0,0,74,123,154,162,174,199,196,161,173,117,0,0,0,0,0,0,0,0,0,0,0,0,0,0,0,1,0,115,162,145,172,186,180,194,206,197,185,111,0,0,0,0,0,0,0,0,0,0,0,0,0,0,1,0,0,172,160,188,205,216,201,202,219,212,211,219,0,0,1,0,0,0,0,0,0,0,0,0,3,0,3,0,15,207,178,185,184,208,228,248,236,211,210,180,0,0,0,0,0,0,0,0,0,0,0,0,0,0,3,0,58,172,120,106,134,146,178,206,148,129,157,103,0,0,0,0,0,0,0,0,0,0,0,0,0,0,0,0,218,200,108,140,160,162,142,143,125,134,148,163,6,0,0,0,0,0,0,0,0,0,0,0,0,1,0,26,191,108,155,137,150,163,174,171,143,142,137,165,97,0,0,0,0,0,0,0,0,0,0,0,2,0,0,108,206,145,144,149,148,156,162,165,140,140,137,151,176,2,0,0,0,0,0,0,0,0,0,0,4,0,0,195,111,138,136,151,150,148,155,156,142,145,118,127,189,85,0,0,0,0,0,0,0,1,0,0,0,0,83,212,173,137,146,149,151,154,154,162,157,128,109,126,162,160,0,0,0,0,0,0,0,0,0,6,0,13,241,140,125,151,145,149,153,154,156,171,170,139,131,136,145,182,27,0,0,0,0,0,0,0,0,0,4,174,210,170,136,129,144,150,161,151,153,159,150,151,159,150,151,180,64,0,0,0,0,1,1,1,2,0,74,149,86,138,137,142,143,140,144,149,146,145,153,168,163,171,160,179,60,1,0,0,0,0,1,0,0,0,110,162,200,162,123,132,128,125,143,145,154,170,174,179,172,161,154,200,15,0,1,3,2,1,0,0,30,75,117,195,218,242,174,144,162,166,170,174,162,156,182,172,163,180,177,174,0,0,0,0,0,0,19,59,75,115,126,176,227,217,234,233,200,182,185,165,193,237,138,139,228,172,177,123,0,0,7,41,31,66,89,83,93,149,206,207,185,173,193,231,160,155,144,208,196,69,0,80,218,160,178,77,0,17,106,93,99,88,82,92,121,144,151,156,149,172,167,161,161,145,246,173,0,0,0,85,210,162,178,43,0,58,126,110,98,83,87,97,123,146,153,162,171,165,180,165,153,254,137,0,0,6,0,70,183,168,178,35,0,47,186,177,151,143,128,105,105,109,108,121,142,142,132,184,250,85,0,0,0,1,0,69,177,160,176,30,0,0,50,133,212,189,239,229,222,211,191,177,178,190,223,214,24,0,0,0,0,4,0,80,201,182,200,46,0,0,0,0,0,0,31,71,94,121,156,170,161,154,83,0,0,0,0,0,0,3,0,17,146,125,137,8,0,0,0,0,0,0,0,0,0,0,0,0,0,0,0,0,0,0,0,0,0,0,0,0,0,0,0,0,0,0,0,0,0,0,0,0,0,0,0,0,0,0,0,0,0,0,0,0,0,0,0,0,0,0,0,0,0,6
0,0,0,0,0,0,0,0,0,0,0,0,0,0,0,0,0,0,0,0,0,0,0,0,0,0,0,0,0,0,0,0,0,0,0,0,0,0,0,0,0,0,0,0,0,0,0,0,0,0,0,0,0,0,0,0,0,0,0,0,0,0,0,0,0,0,0,0,0,0,0,0,0,0,0,0,0,0,0,0,0,0,0,0,0,0,0,0,0,0,0,0,0,0,0,0,0,0,0,0,0,0,0,0,0,0,0,0,0,0,0,0,0,0,0,0,0,0,0,0,0,0,0,0,0,7,4,1,2,3,0,0,0,0,0,0,0,3,0,0,0,0,0,0,0,0,0,0,0,0,0,0,0,1,0,0,0,0,0,0,0,0,0,9,7,0,2,0,0,0,0,0,0,0,0,0,0,0,0,1,0,0,57,119,169,105,104,181,221,236,238,232,174,0,0,0,0,0,0,0,0,0,0,0,0,0,0,5,0,123,244,246,245,245,252,249,247,246,237,236,215,0,0,0,0,0,0,0,0,0,0,0,0,0,0,0,0,194,230,217,228,229,224,221,230,235,235,229,252,67,0,2,0,0,0,0,0,0,0,0,0,0,3,0,0,228,226,231,236,237,235,238,242,242,242,231,244,201,0,0,0,0,0,0,0,0,0,0,0,0,5,0,51,255,224,232,232,236,237,238,241,238,238,234,233,255,26,0,0,0,0,0,0,0,0,0,0,0,0,0,140,242,219,229,230,236,237,239,239,234,233,227,225,249,152,0,0,0,0,0,0,0,0,0,0,0,0,0,208,238,222,231,233,236,237,239,238,230,235,232,221,235,254,0,0,0,0,0,0,0,0,0,0,2,0,22,255,225,231,236,237,235,236,238,235,235,236,236,235,229,255,58,0,0,0,0,0,0,0,0,0,2,0,122,255,206,231,234,240,238,236,239,235,237,239,234,232,230,255,90,0,0,0,0,0,0,0,0,0,0,0,248,224,223,230,236,241,239,235,239,235,236,234,228,231,234,255,111,0,0,0,0,0,0,0,0,0,0,131,255,211,234,236,239,241,236,236,238,236,236,233,248,241,216,219,35,0,0,0,0,1,0,1,0,0,53,255,227,235,236,241,239,236,235,238,234,238,242,237,203,186,182,195,0,0,0,1,4,2,0,0,0,26,253,241,227,238,237,242,234,240,241,230,255,255,203,189,197,198,189,185,0,2,2,0,0,0,0,10,127,255,242,224,243,236,240,232,242,232,236,255,217,91,211,202,206,193,194,153,0,0,0,0,53,141,218,255,255,231,224,235,231,238,239,237,228,240,255,141,0,0,242,198,195,186,206,121,0,0,125,212,238,244,236,228,227,236,238,234,238,236,233,230,247,255,71,0,0,14,245,188,198,190,211,74,0,49,251,240,229,230,232,232,233,234,233,231,234,234,236,248,244,27,0,0,0,27,229,182,190,182,210,33,0,38,186,193,220,253,255,255,253,253,254,255,255,255,252,155,0,0,0,0,0,41,251,196,213,218,212,13,0,0,0,0,11,58,81,104,127,139,140,126,92,63,6,0,0,0,0,1,0,14,163,135,129,146,134,0,0,0,0,0,0,0,0,0,0,0,0,0,0,0,0,0,0,0,0,0,0,0,0,0,0,0,0,0,0,0,0,0,0,0,0,0,0,0,0,0,0,0,0,0,0,0,0,0,0,0,0,0,0,0,0,0,0,0,0,0,0,0,0,0,0,0,0,0,0,0,0,0,0,0,0,0,0,0,0,0,0,0,0,0,0,6
0,0,0,0,0,0,0,0,0,0,0,0,0,0,0,0,0,0,0,0,0,0,0,0,0,0,0,0,0,0,0,0,0,0,0,0,0,0,0,0,0,0,0,0,0,0,0,0,0,0,0,0,0,0,0,0,0,0,0,0,0,0,0,0,0,0,0,0,0,0,0,0,0,0,0,0,0,0,0,0,0,0,0,0,0,0,0,0,0,0,0,0,0,0,0,0,0,0,0,0,0,0,0,0,0,0,0,0,0,0,0,0,0,0,0,0,0,0,0,0,0,0,0,0,0,0,0,0,0,0,0,0,0,0,0,0,0,0,0,0,0,0,0,0,0,0,0,0,0,0,0,0,0,0,0,0,0,92,180,196,200,175,140,87,49,6,0,0,0,0,0,0,0,0,0,0,1,0,0,0,0,5,0,0,165,255,236,238,241,244,254,255,229,211,133,0,0,0,0,0,0,0,0,0,1,0,0,0,2,0,0,225,239,172,230,253,237,242,241,237,229,242,166,0,0,0,0,0,0,0,0,0,0,0,0,1,0,0,129,241,239,163,204,254,243,240,244,247,240,253,222,0,0,0,0,0,0,0,0,0,0,1,0,1,0,60,254,219,165,255,255,240,244,241,247,241,236,255,151,0,0,0,0,0,0,0,0,0,0,0,2,0,39,241,210,224,174,213,253,243,245,243,240,240,237,255,133,0,0,0,0,0,0,0,0,0,6,0,0,0,216,241,185,121,255,242,243,243,245,245,243,245,242,247,255,0,0,0,0,0,0,0,2,1,0,0,0,187,219,217,255,218,250,241,245,244,244,244,244,244,243,243,255,5,0,4,6,0,0,1,0,0,0,180,247,221,217,106,239,255,243,246,244,244,244,244,243,244,243,240,255,46,0,0,0,0,0,0,0,87,210,247,223,198,213,200,241,246,241,240,244,244,244,244,243,245,243,239,255,92,0,31,163,192,201,219,253,246,235,212,234,143,139,255,246,245,244,246,244,244,243,243,241,242,242,238,255,123,0,197,240,223,227,230,221,213,221,240,255,240,220,252,240,244,243,242,245,248,250,250,248,248,252,240,255,120,124,255,231,236,236,237,239,255,255,249,251,249,251,249,247,246,250,249,243,243,240,236,233,229,228,221,255,103,101,229,227,234,237,240,245,240,239,240,245,244,244,241,237,230,228,228,227,229,226,222,224,224,227,223,253,34,116,250,221,220,225,220,226,223,218,219,221,227,224,225,225,226,225,222,222,220,219,219,212,211,208,203,206,0,0,135,206,232,216,230,231,221,227,220,221,214,215,213,212,212,241,245,241,206,201,209,205,197,189,182,195,46,0,0,0,22,53,184,109,255,186,255,227,251,233,215,251,109,3,34,1,197,227,230,255,246,226,219,255,39,0,1,0,0,0,0,0,13,0,72,18,44,8,0,0,0,0,0,0,0,5,0,0,0,11,0,0,0,0,0,0,0,0,0,0,0,0,0,0,0,0,0,0,0,0,0,0,0,0,0,0,0,0,0,0,0,0,0,0,0,0,0,0,0,0,0,0,0,0,0,0,0,0,0,0,0,0,0,0,0,0,0,0,0,0,0,0,0,0,0,0,0,0,0,0,0,0,0,0,0,0,0,0,0,0,0,0,0,0,0,0,0,0,0,0,0,0,0,0,0,0,0,0,0,0,0,0,0,0,0,0,0,0,0,0,0,0,0,0,0,0,0,0,0,0,0,0,0,0,0,0,0,0,0,0,0,0,0,0,0,0,0,0,0,0,0,0,0,6
0,0,0,0,0,0,0,0,0,0,0,0,0,0,0,0,0,0,0,0,0,0,0,0,0,0,0,0,0,0,0,0,0,0,0,0,0,0,0,0,0,0,0,0,0,0,0,0,0,0,0,0,0,0,0,0,0,0,0,0,0,0,0,0,0,0,0,0,0,0,0,0,0,0,0,0,0,0,0,0,0,0,0,0,0,0,0,0,0,0,0,0,0,0,0,0,0,0,0,0,0,0,0,0,0,0,0,0,0,0,0,0,0,0,0,0,0,0,0,0,0,0,0,0,1,1,0,0,0,0,0,0,1,3,3,3,4,1,0,0,0,0,0,0,0,0,0,0,0,0,0,0,0,0,0,0,0,27,29,0,0,0,0,0,0,0,0,0,0,0,0,0,0,0,0,0,0,0,0,0,0,1,0,154,184,191,142,0,0,14,14,8,8,0,0,0,0,0,0,0,0,0,0,0,0,0,0,0,0,0,0,163,195,193,182,153,245,219,224,224,216,71,0,4,0,0,0,0,0,0,0,0,0,0,0,0,0,0,0,184,183,188,236,244,228,204,215,221,219,27,0,2,0,0,0,0,0,0,0,0,0,0,0,0,0,0,0,173,168,174,204,130,201,206,210,214,208,2,0,2,0,0,0,0,0,0,0,0,0,0,0,0,0,0,0,173,193,197,205,199,210,203,210,213,245,0,0,2,0,0,0,0,0,0,0,0,0,0,0,0,0,0,0,197,186,192,205,230,211,202,212,217,249,15,0,1,0,0,0,0,0,0,0,0,0,1,0,0,2,0,48,197,161,193,206,215,210,207,211,214,219,72,0,1,0,0,0,0,0,0,0,0,0,1,0,0,0,0,126,168,204,217,204,225,214,207,213,211,221,127,0,0,0,0,0,0,0,0,0,0,0,0,1,0,0,73,216,232,217,192,204,227,200,211,211,208,218,187,0,0,0,0,0,0,0,0,0,0,0,1,0,0,48,173,167,132,100,158,201,235,195,211,205,201,208,240,17,0,0,4,2,5,1,2,1,1,0,0,0,72,179,87,62,50,112,208,206,224,193,210,182,183,190,205,98,0,1,0,0,0,0,0,0,0,0,34,139,192,85,37,140,196,215,206,201,207,190,184,128,154,175,196,166,0,0,34,118,128,119,108,91,98,144,176,161,80,53,157,202,192,193,202,204,203,192,170,152,174,186,206,208,0,0,160,137,67,97,142,139,160,156,145,79,76,184,186,176,195,202,216,211,230,232,237,224,217,204,213,199,0,135,214,208,185,163,144,111,119,100,102,152,199,194,203,207,204,208,197,200,191,186,181,191,195,194,214,219,0,94,162,202,219,223,217,205,186,183,189,199,192,190,187,186,173,171,171,210,196,200,202,214,206,201,200,213,29,0,0,11,82,152,179,208,220,217,215,217,216,216,217,216,214,255,247,215,166,218,212,213,215,214,212,230,57,5,0,0,0,0,0,21,67,133,163,174,180,180,162,130,76,40,9,0,0,158,183,154,146,122,100,94,15,0,0,5,1,0,0,0,0,0,0,0,0,0,0,0,0,0,0,0,0,0,0,0,0,0,0,0,0,0,0,0,0,0,0,0,0,0,0,0,0,0,0,0,0,0,0,0,0,0,0,0,0,0,0,0,0,0,0,0,0,0,0,0,0,0,0,0,0,0,0,0,0,0,0,0,0,0,0,0,0,0,0,0,0,0,0,0,0,0,0,0,0,0,0,0,0,0,0,0,0,0,0,0,0,0,0,0,0,0,0,0,0,6
0,0,0,0,0,0,0,0,0,0,0,0,0,0,0,0,0,0,0,0,0,0,0,0,0,0,0,0,0,0,0,0,0,0,0,0,0,0,0,0,0,0,0,0,0,0,0,0,0,0,0,0,0,0,0,0,0,0,0,0,0,0,0,0,0,0,0,0,0,0,0,0,0,0,0,0,0,0,0,0,0,0,0,0,0,0,0,0,0,0,0,0,0,0,0,0,0,0,0,0,0,0,0,0,0,0,0,0,0,0,0,0,0,0,0,0,0,0,0,0,0,0,0,0,0,0,0,0,0,0,0,0,0,0,0,0,0,0,0,0,0,0,0,0,0,0,0,0,0,0,0,0,0,2,0,59,39,0,0,1,2,4,5,2,0,1,3,0,0,0,0,0,0,0,0,0,0,0,0,0,0,0,0,13,92,117,0,0,0,0,0,0,0,0,73,57,0,0,0,0,0,0,0,0,0,0,0,0,0,0,6,0,146,234,175,65,54,34,23,0,0,37,169,46,0,0,0,0,0,0,0,0,0,0,0,0,0,1,0,0,180,215,227,230,255,254,254,238,179,230,181,0,0,0,0,0,0,0,0,0,0,0,0,0,0,4,0,0,203,215,212,209,212,213,215,228,220,209,85,0,0,0,0,0,0,0,0,0,0,0,0,0,0,2,0,32,215,212,215,218,214,220,218,223,211,197,27,0,0,0,0,0,0,0,0,0,0,0,0,0,1,0,0,95,221,216,217,216,219,220,221,225,215,215,19,0,0,0,0,0,0,0,0,0,0,1,0,6,5,0,35,204,213,221,218,217,220,222,222,232,219,201,14,0,0,0,0,0,0,0,0,0,0,1,4,0,0,34,190,204,223,222,216,218,218,223,216,228,219,219,22,0,0,0,0,1,2,3,4,5,4,0,0,0,91,149,175,208,220,226,217,216,219,219,232,237,178,226,98,0,0,1,4,0,0,0,0,0,0,0,39,159,79,26,144,202,191,209,221,220,220,224,229,180,179,215,198,0,6,0,0,0,9,12,25,61,119,170,180,131,68,50,123,196,203,194,207,210,213,210,177,180,196,201,231,33,0,0,107,132,139,174,194,176,148,146,106,141,173,169,157,166,216,236,231,229,224,223,230,231,214,197,234,64,0,154,201,157,127,71,59,121,69,103,186,201,202,214,205,208,234,235,218,191,179,185,198,204,197,183,223,62,82,221,226,223,217,212,209,216,214,222,215,182,188,216,231,224,206,186,177,180,191,194,198,193,198,200,242,42,0,16,126,184,220,226,229,224,221,221,221,214,211,215,217,220,229,241,255,255,228,220,219,219,212,198,204,58,0,0,0,0,49,131,203,239,255,255,255,255,255,255,255,240,198,149,57,82,228,255,241,251,252,209,255,89,0,1,3,0,0,0,0,0,29,63,78,84,76,57,23,0,0,0,0,0,46,91,63,65,58,55,44,0,0,0,0,0,0,0,0,0,0,0,0,0,0,0,0,0,0,0,0,0,0,0,0,0,0,0,0,0,0,0,0,0,0,0,0,0,0,0,0,0,0,0,0,0,0,0,0,0,0,0,0,0,0,0,0,0,0,0,0,0,0,0,0,0,0,0,0,0,0,0,0,0,0,0,0,0,0,0,0,0,0,0,0,0,0,0,0,0,0,0,0,0,0,0,0,0,0,0,0,0,0,0,0,0,0,0,0,0,0,0,0,0,0,0,0,0,0,0,0,0,0,0,0,0,0,0,0,0,0,0,0,0,0,0,0,0,0,0,0,0,6
0,0,0,0,0,0,0,0,0,0,0,0,0,0,0,0,0,0,0,0,0,0,0,0,0,0,0,0,0,0,0,0,0,0,0,0,0,0,0,0,0,0,0,0,0,0,0,0,0,0,0,0,0,0,0,0,0,0,0,0,0,0,0,0,0,0,0,0,0,0,0,0,0,0,0,0,0,0,0,0,0,0,0,0,0,0,0,0,0,0,0,0,0,0,0,0,0,0,0,0,0,0,0,0,0,0,0,0,0,0,0,0,0,0,0,0,0,0,0,0,0,0,0,0,0,0,0,0,0,0,0,0,0,0,0,0,0,0,0,0,0,0,0,0,0,0,0,0,0,0,0,0,0,0,0,0,0,0,0,0,0,0,0,0,0,0,0,0,0,0,0,0,0,0,0,0,0,0,0,0,0,0,0,0,0,0,0,0,0,0,0,0,0,101,0,0,0,0,0,0,0,0,0,0,0,0,0,0,0,2,0,59,98,64,0,0,0,1,2,79,152,186,0,0,0,0,0,0,0,0,0,0,0,0,0,0,2,0,0,222,255,253,179,218,255,255,228,253,252,239,19,0,0,0,0,0,0,0,0,0,0,0,0,0,7,0,86,242,219,227,213,220,226,220,226,230,231,252,26,0,0,0,0,0,0,0,0,0,0,0,0,1,0,0,197,242,230,232,192,222,226,220,223,238,236,255,37,0,0,0,0,0,0,0,0,0,0,0,0,1,0,16,255,228,235,221,210,219,216,218,223,241,237,255,47,0,0,0,0,0,0,0,0,0,0,0,2,0,0,201,241,227,239,222,213,218,219,218,224,243,232,254,98,0,0,0,0,0,0,0,0,1,6,4,0,0,153,241,227,234,240,219,210,216,220,221,224,237,235,254,203,0,0,2,7,9,6,1,0,0,0,0,0,156,255,225,230,236,236,215,216,220,223,224,225,241,238,242,255,0,0,0,0,0,0,0,0,0,4,77,227,255,223,224,232,234,236,215,218,222,225,225,226,241,244,237,255,52,0,0,45,105,95,91,170,234,255,239,230,222,224,231,239,240,235,216,218,221,226,227,235,235,237,233,255,94,0,224,238,236,238,242,241,236,229,224,221,233,236,237,239,238,234,231,225,227,236,245,242,237,240,230,255,136,153,247,222,219,218,223,226,226,228,232,232,235,237,234,236,238,237,236,238,239,242,242,236,233,239,233,255,129,169,222,226,228,227,232,231,230,229,228,228,230,232,236,235,233,235,229,228,246,255,248,253,253,252,244,255,119,0,117,217,218,231,235,235,232,232,230,228,230,233,238,241,245,248,255,255,234,214,215,210,200,196,183,211,129,0,0,0,54,139,192,239,255,255,255,255,255,255,255,255,219,162,117,62,212,246,225,233,231,235,228,255,153,0,2,0,0,0,0,0,39,84,117,133,127,107,60,4,0,0,0,0,105,145,116,114,107,99,85,84,6,0,0,0,0,0,0,0,0,0,0,0,0,0,0,0,0,0,0,0,0,0,0,0,0,0,0,0,0,0,0,0,0,0,0,0,0,0,0,0,0,0,0,0,0,0,0,0,0,0,0,0,0,0,0,0,0,0,0,0,0,0,0,0,0,0,0,0,0,0,0,0,0,0,0,0,0,0,0,0,0,0,0,0,0,0,0,0,0,0,0,0,0,0,0,0,0,0,0,0,0,0,0,0,0,0,0,0,0,0,0,0,0,0,0,0,0,0,0,0,0,0,0,0,0,0,0,0,0,0,0,0,0,0,0,0,0,0,0,0,0,6
0,0,0,0,0,0,0,0,0,0,0,0,0,0,0,0,0,0,0,0,0,0,0,0,0,0,0,0,0,0,0,0,0,0,0,0,0,0,0,0,0,0,0,0,0,0,0,0,0,0,0,0,0,0,0,0,0,0,0,0,0,0,0,0,0,0,0,0,0,0,0,0,0,0,0,0,0,0,0,0,0,0,0,0,0,0,0,0,0,0,0,0,0,0,0,0,0,0,0,0,0,0,0,0,0,0,0,0,0,0,0,0,0,0,0,0,0,0,0,0,0,0,0,0,0,1,0,18,26,36,64,77,90,85,88,99,98,97,0,0,0,0,0,0,0,0,0,0,0,0,0,0,1,0,0,221,248,238,255,255,255,255,248,230,231,219,0,0,0,0,0,0,0,0,0,0,0,0,0,0,1,0,0,203,244,230,230,219,213,211,213,206,218,164,0,0,0,0,0,0,0,0,0,0,0,0,0,0,1,0,0,217,234,228,230,240,235,217,225,213,206,184,0,0,0,0,0,0,0,0,0,0,0,0,0,0,4,0,0,255,224,230,236,239,237,231,218,204,214,179,0,0,0,0,0,0,0,0,0,0,0,0,0,0,1,0,42,255,227,235,230,232,229,227,219,207,220,178,0,0,0,0,0,0,0,0,0,0,0,0,0,0,0,0,118,242,235,242,236,238,232,220,219,204,214,180,0,0,0,0,0,0,0,0,0,0,0,1,0,1,0,0,234,249,246,244,231,238,228,219,226,219,215,205,0,0,0,0,0,0,0,0,0,0,0,0,7,0,0,162,255,245,243,237,228,238,223,220,208,197,211,238,17,0,0,0,0,0,0,0,0,0,1,8,0,0,126,251,242,244,248,250,246,240,224,220,218,219,203,230,92,0,0,0,0,0,0,1,5,4,0,0,0,177,249,239,245,246,244,248,237,233,228,229,223,208,207,212,189,0,0,2,4,1,0,0,0,0,0,86,198,234,222,235,240,238,248,243,234,237,224,199,202,205,199,214,220,0,5,0,0,0,0,0,43,113,186,70,93,202,222,242,238,242,243,233,235,244,223,214,223,192,218,209,255,32,0,0,81,118,153,164,143,62,0,59,226,254,232,223,238,243,236,236,245,245,232,233,240,226,235,214,216,18,0,237,223,153,110,101,60,56,152,255,180,205,221,224,240,241,232,232,223,216,208,203,211,198,196,216,244,28,35,242,239,247,242,233,255,255,255,220,217,232,242,238,232,219,212,213,200,208,224,218,220,222,214,220,255,55,135,240,199,204,211,224,230,231,235,233,244,237,217,208,199,200,203,212,227,245,239,221,229,230,232,202,230,59,93,218,248,242,235,236,230,225,222,219,216,214,215,225,233,246,253,255,255,224,224,221,213,200,211,208,214,61,0,0,39,118,210,238,255,255,255,255,255,255,255,255,239,184,109,43,0,144,255,255,242,255,255,231,255,83,0,0,0,0,0,0,0,0,22,35,40,35,33,0,0,0,0,0,0,25,96,65,85,93,94,81,86,0,0,0,0,0,0,0,0,0,0,0,0,0,0,0,0,0,0,0,0,0,0,0,0,0,0,0,0,0,0,0,0,0,0,0,0,0,0,0,0,0,0,0,0,0,0,0,0,0,0,0,0,0,0,0,0,0,0,0,0,0,0,0,0,0,0,0,0,0,0,0,0,0,0,0,0,0,0,0,0,0,0,0,0,0,0,0,0,0,0,0,0,0,0,0,0,0,0,0,0,0,0,0,0,0,0,0,0,0,0,0,0,0,6
0,0,0,0,0,0,0,0,0,0,0,0,0,0,0,0,0,0,0,0,0,0,0,0,0,0,0,0,0,0,0,0,0,0,0,0,0,0,0,0,0,0,0,0,0,0,0,0,0,0,0,0,0,0,0,0,0,0,0,0,0,0,0,0,0,0,0,0,0,0,0,0,0,0,0,0,0,0,0,0,0,0,0,0,0,0,0,0,0,0,0,0,0,0,0,0,0,0,0,0,0,0,0,0,0,0,0,0,0,0,0,0,0,0,0,0,0,0,0,0,0,0,0,0,0,0,0,0,0,0,0,0,0,0,14,54,100,0,0,0,0,0,0,0,0,0,0,0,0,0,0,1,0,0,10,65,101,150,175,175,190,205,244,255,210,0,0,0,0,0,0,0,0,0,0,0,0,0,0,4,0,182,247,235,233,219,178,169,192,158,160,177,196,0,0,0,0,0,0,0,0,0,0,0,0,0,0,1,0,45,59,5,0,0,0,0,0,0,0,0,250,110,0,0,0,0,0,0,0,0,0,0,0,0,0,0,0,0,0,0,0,0,0,0,0,0,0,156,236,217,16,0,0,0,0,0,0,0,0,0,0,0,0,0,0,5,7,5,3,2,0,0,2,0,0,249,209,220,179,0,0,0,0,0,0,0,0,0,0,0,0,0,0,0,0,0,0,0,0,0,4,0,64,235,211,206,254,13,0,0,0,0,0,0,0,0,0,0,0,0,0,0,0,0,0,0,0,0,4,0,108,239,206,211,252,72,0,0,0,0,0,0,0,0,0,0,0,0,0,0,0,0,0,0,0,0,0,0,165,232,209,210,250,111,0,0,0,0,0,0,0,0,0,0,0,0,0,0,0,0,0,0,0,0,0,0,221,225,211,204,241,82,0,0,0,0,0,0,0,0,0,0,0,0,0,0,0,0,0,0,0,3,0,0,249,215,204,204,255,56,0,0,0,0,0,0,0,0,0,0,0,0,0,0,0,0,0,0,0,0,0,92,220,222,230,213,255,47,0,0,0,0,0,0,2,4,0,0,0,0,0,1,1,0,0,0,0,108,255,247,230,214,206,200,252,30,1,0,0,0,4,5,0,4,0,0,0,0,0,0,5,4,0,32,206,240,130,75,227,206,221,210,248,9,0,0,1,0,0,0,20,0,0,0,0,0,0,3,1,0,101,243,181,17,0,40,255,204,214,215,239,0,0,3,0,0,0,90,196,59,0,0,0,0,0,0,0,123,247,110,0,0,0,74,255,210,206,215,226,0,0,0,0,0,199,203,194,172,0,0,0,0,0,0,126,240,88,0,0,7,0,94,228,204,215,212,224,0,3,9,2,0,111,202,187,215,119,0,0,0,0,126,240,79,0,0,0,2,0,96,226,210,208,219,205,0,0,0,0,0,0,145,205,187,225,0,0,10,168,233,59,0,0,1,0,4,0,119,225,203,211,215,205,0,33,119,140,181,201,231,216,216,218,248,253,225,192,29,0,0,1,0,0,3,0,108,240,219,211,237,185,0,72,183,178,176,169,148,126,134,113,114,93,25,0,0,0,0,0,0,0,1,0,8,183,173,184,203,91,0,0,0,0,0,0,0,0,0,0,0,0,0,0,0,0,0,0,0,0,0,0,0,0,0,0,0,0,0,0,0,0,0,0,0,0,0,0,0,0,0,0,0,0,0,0,0,0,0,0,0,0,0,0,0,0,0,0,0,0,0,0,0,0,0,0,0,0,0,0,0,0,0,0,0,0,0,0,0,0,0,0,0,0,0,6
0,0,0,0,0,0,0,0,0,0,0,0,0,0,0,0,0,0,0,0,0,0,0,0,0,0,0,0,0,0,0,0,0,0,0,0,0,0,0,0,0,0,0,0,0,0,0,0,0,0,0,0,0,0,0,0,0,0,0,0,0,0,0,0,0,0,0,0,0,0,0,0,0,0,0,0,0,0,0,0,0,0,0,0,0,0,0,0,0,0,0,0,0,0,0,1,0,0,4,0,0,4,0,1,2,0,0,25,140,0,0,1,0,0,0,0,0,0,0,0,0,0,0,6,0,49,231,212,48,0,0,0,0,0,0,0,211,0,0,2,0,0,0,0,0,0,0,0,0,0,0,7,0,135,255,241,214,121,122,90,46,0,124,196,198,0,0,2,0,0,0,0,0,0,0,0,0,0,0,0,0,183,251,229,235,241,244,244,243,255,248,255,202,0,0,0,0,0,0,0,0,0,0,0,0,0,1,0,0,231,246,239,222,218,218,224,226,232,232,239,215,0,0,0,0,0,0,0,0,0,0,0,0,0,4,0,0,255,240,238,226,229,230,230,231,237,240,236,247,57,0,1,0,0,0,0,0,0,0,0,0,0,7,0,54,245,232,237,225,226,225,226,234,240,241,232,251,201,0,0,0,0,0,0,0,0,0,0,0,0,0,0,133,245,231,238,223,231,225,227,238,241,238,234,230,255,19,0,0,0,0,0,0,0,0,0,0,1,0,0,239,240,227,231,225,228,227,228,240,240,234,235,232,246,165,0,0,0,0,0,0,0,0,0,0,6,0,20,233,232,235,230,226,227,227,234,241,237,234,233,232,234,255,0,0,0,0,0,0,0,0,0,0,7,0,99,247,226,238,228,223,225,230,238,233,233,236,237,237,229,255,57,0,0,0,0,0,0,0,0,2,0,0,208,237,231,234,226,222,226,234,239,232,234,236,235,237,227,255,108,0,0,0,0,0,0,0,0,0,0,88,255,226,232,232,225,224,230,235,236,237,236,238,245,248,235,255,107,0,0,0,0,2,0,0,0,0,39,255,232,232,231,230,228,229,235,237,237,240,249,249,237,216,197,233,82,0,0,0,0,5,3,1,0,37,255,237,226,234,231,230,231,235,239,241,241,243,232,210,209,213,209,255,77,0,6,11,0,0,0,0,61,255,233,225,237,232,234,232,232,238,244,237,255,252,218,230,235,238,218,246,70,0,0,0,0,0,0,124,255,229,224,238,230,233,239,236,236,237,237,255,248,8,143,255,218,229,214,247,60,0,67,163,166,180,236,255,219,224,236,231,230,235,234,236,239,236,245,186,0,0,156,255,217,229,213,246,55,75,247,238,235,233,230,223,227,230,229,229,234,233,237,240,242,255,159,0,0,0,173,245,223,229,211,254,43,170,234,221,229,229,231,231,231,230,229,235,234,241,240,241,255,74,0,0,0,0,170,243,223,232,214,250,37,180,224,229,229,228,226,232,237,235,235,236,243,231,227,255,86,0,0,0,0,0,167,242,222,227,213,242,33,23,103,163,213,239,249,252,249,248,241,236,238,250,255,116,0,0,5,0,0,0,171,244,222,235,219,255,38,0,0,0,0,0,31,66,108,155,173,186,163,110,18,0,0,2,2,0,0,0,142,217,184,187,189,203,0,0,0,0,0,0,0,0,0,0,0,0,0,0,0,0,0,0,0,0,0,0,0,0,0,0,0,0,0,0,0,0,0,0,0,0,0,0,0,0,0,0,0,0,0,0,0,0,0,0,0,0,0,0,0,0,0,6
0,0,0,0,0,0,0,0,0,0,0,0,0,0,0,0,0,0,0,0,0,0,0,0,0,0,0,0,0,0,0,0,0,0,0,0,0,0,0,0,1,0,0,0,0,0,0,0,0,0,0,0,18,180,32,0,0,0,0,0,0,0,0,0,0,0,0,1,0,0,60,14,0,0,0,0,0,0,0,0,60,139,51,0,0,0,0,0,0,0,0,0,0,0,0,6,0,38,235,220,216,0,0,0,0,0,0,112,202,89,0,1,0,0,0,0,0,0,0,0,0,0,0,11,0,77,230,216,237,171,81,120,127,116,182,251,246,18,0,2,0,0,0,0,0,0,0,0,0,0,0,1,0,56,232,221,225,224,246,249,248,245,228,217,242,38,0,2,0,0,0,0,0,0,0,0,0,0,0,0,0,129,238,226,232,210,197,201,201,197,221,225,245,66,0,0,0,0,0,0,0,0,0,0,0,0,8,0,134,236,210,232,233,210,203,207,212,206,223,221,240,160,0,0,0,0,0,0,0,0,0,0,0,0,2,0,63,237,227,213,221,208,209,208,213,209,227,223,233,220,0,0,0,0,0,0,0,0,0,0,0,4,0,0,202,255,241,255,220,208,215,213,211,215,227,225,219,255,30,0,0,0,0,0,0,0,0,0,0,7,0,32,255,118,0,211,227,208,214,216,212,221,227,237,219,237,156,0,0,0,0,0,0,0,0,0,0,2,0,119,238,161,78,215,223,207,213,216,211,226,233,225,227,218,254,0,0,0,0,0,0,0,0,0,0,0,0,221,217,246,255,243,210,214,213,211,217,230,227,220,221,211,255,59,0,0,0,0,0,0,0,0,1,0,54,254,209,214,200,226,206,212,209,213,223,223,215,210,212,207,250,99,0,0,0,0,0,0,0,2,0,0,187,210,216,205,216,225,201,209,217,227,214,214,214,211,213,205,255,125,0,0,0,0,0,0,0,0,0,106,235,199,212,213,232,213,216,219,217,213,214,220,215,216,217,209,255,85,1,0,0,0,0,0,3,0,32,255,198,204,206,231,223,218,221,213,205,217,218,211,226,228,226,217,225,0,0,0,0,1,3,6,0,0,74,164,211,222,210,239,215,217,218,216,225,209,221,255,236,206,183,174,211,0,0,5,0,0,0,0,0,106,230,104,125,164,234,225,216,218,221,223,215,234,255,115,0,195,198,185,226,2,0,0,0,0,0,62,165,245,228,240,193,154,227,221,221,227,219,215,242,220,20,0,0,236,198,191,219,2,0,89,186,214,232,255,243,208,203,205,237,228,220,216,228,221,221,255,153,0,0,0,21,241,198,197,223,1,34,216,211,206,204,201,199,199,211,211,206,212,219,224,214,231,255,87,0,0,3,0,38,243,198,198,227,0,75,229,203,211,206,210,211,204,208,208,209,215,224,216,236,255,42,0,0,0,2,0,54,211,198,200,222,0,75,213,218,225,235,232,230,225,216,216,225,234,222,236,245,14,0,0,0,0,3,0,69,212,197,199,220,0,91,214,179,184,173,177,177,178,201,208,203,192,212,182,0,0,8,5,0,0,9,0,80,212,191,196,183,0,19,209,196,227,216,209,206,204,199,204,191,222,193,0,0,0,0,0,0,0,8,0,129,235,214,219,197,14,0,0,0,100,78,212,173,232,250,218,255,175,0,0,0,0,0,1,0,0,2,0,35,67,47,52,52,0,0,0,0,0,0,0,0,0,0,0,35,0,0,0,0,0,0,2,0,0,0,0,0,0,0,0,0,0,6
0,0,0,0,0,0,0,0,0,0,0,0,0,0,0,0,0,0,0,0,0,0,0,0,0,0,0,0,0,0,0,0,0,0,0,0,0,0,0,0,0,0,0,0,0,0,0,0,0,0,0,0,0,0,0,0,0,0,0,0,0,0,0,0,0,0,0,0,0,0,0,0,0,0,0,0,0,0,0,0,0,0,0,0,0,0,0,0,0,0,0,0,0,0,0,0,0,0,0,0,0,0,0,0,0,0,0,0,0,0,0,0,0,0,0,0,0,0,0,0,0,0,0,0,0,0,0,0,0,0,0,0,0,0,0,0,0,0,0,0,0,0,0,0,0,0,0,0,0,0,0,1,0,0,45,78,49,32,12,14,17,9,0,0,0,2,1,0,0,0,0,0,0,0,0,0,0,0,0,3,0,81,152,170,168,191,154,158,159,158,122,78,29,0,0,0,0,0,0,0,0,0,0,0,0,0,0,3,0,123,165,170,160,177,168,164,156,159,160,160,150,79,0,0,0,0,0,0,0,0,0,0,0,0,0,2,0,122,152,165,158,192,176,183,178,166,159,160,171,141,0,0,0,0,0,0,0,0,0,0,0,0,1,0,0,150,146,169,152,199,166,181,169,162,158,156,164,155,0,0,0,0,0,0,0,0,0,0,0,0,1,0,0,148,148,151,143,159,152,163,160,155,153,142,148,167,0,0,0,0,0,0,0,0,0,0,0,0,0,0,1,163,169,152,149,150,155,148,153,154,149,153,149,160,8,0,0,0,0,0,0,0,0,0,0,1,2,0,9,162,151,155,153,157,163,165,170,166,171,173,162,148,20,0,1,0,1,0,2,2,1,1,1,2,0,0,137,179,168,163,159,159,158,159,165,164,165,165,164,150,35,0,0,1,0,1,3,2,2,0,0,0,29,87,186,183,194,200,207,202,200,193,196,198,195,198,173,156,8,0,0,0,1,0,0,0,0,28,52,118,131,90,95,106,127,156,183,196,199,195,179,169,190,163,143,136,0,0,0,0,0,0,25,45,76,116,127,43,123,110,92,116,121,125,132,133,132,141,148,171,153,139,162,148,17,0,2,0,1,77,96,47,86,92,140,102,155,96,111,128,138,135,133,133,141,152,142,145,143,156,148,142,38,0,0,21,110,117,124,96,102,100,103,144,111,102,136,135,135,138,133,132,143,148,152,148,158,157,141,151,70,0,8,117,119,115,123,119,150,156,127,125,139,143,162,202,186,199,195,202,177,160,149,146,156,153,139,140,119,0,55,124,104,108,121,126,130,139,150,153,164,154,184,237,226,226,222,232,255,156,142,171,151,145,142,140,144,7,0,79,115,118,123,137,135,136,136,138,142,142,159,175,155,156,165,165,171,148,141,154,154,149,149,139,149,19,2,0,9,58,76,102,129,150,159,166,168,164,144,140,167,163,152,148,142,159,160,158,151,142,157,146,184,59,1,0,0,0,0,0,7,22,33,52,61,71,76,72,97,96,79,100,121,122,128,128,129,128,131,123,97,14,0,0,0,0,0,0,0,0,0,0,0,0,0,0,0,0,0,0,0,0,0,0,0,0,0,0,0,0,0,0,0,0,0,0,0,0,0,0,0,0,0,0,0,0,0,0,0,0,0,0,0,0,0,0,0,0,0,0,0,0,0,0,0,0,0,0,0,0,0,0,0,0,0,0,0,0,0,0,0,0,0,0,0,0,0,0,0,0,0,0,0,0,0,0,0,0,0,0,0,0,0,0,0,0,0,0,0,0,0,0,0,0,6
0,0,0,0,0,0,0,0,0,0,0,0,0,0,0,0,0,0,0,0,0,0,0,0,0,0,0,0,0,0,0,0,0,0,0,0,0,0,0,0,0,0,0,0,0,0,0,0,0,0,0,0,0,0,0,0,0,0,0,0,0,0,0,0,0,0,0,0,0,0,0,0,0,0,0,0,0,0,0,0,0,0,0,0,0,0,0,0,0,0,0,0,0,0,0,0,0,0,0,0,0,0,0,0,0,0,0,0,0,0,0,0,0,0,0,0,0,0,0,0,0,0,0,0,0,0,0,0,0,0,0,0,0,0,0,0,0,0,0,0,0,0,0,0,0,0,0,0,0,0,0,0,0,0,0,0,0,0,0,0,0,0,0,0,0,0,0,0,0,0,0,0,0,0,0,0,0,0,0,0,0,0,0,0,0,0,0,0,1,1,1,0,0,0,100,39,0,0,0,0,0,0,0,0,0,0,0,0,0,0,4,0,25,169,81,0,0,0,0,0,0,22,105,3,0,0,0,0,0,0,0,0,0,0,0,0,0,1,3,0,94,170,175,138,111,103,49,56,193,172,99,0,0,0,0,0,0,0,0,0,0,0,0,0,0,2,0,0,158,157,148,226,227,227,255,227,143,183,92,0,0,0,0,0,0,0,0,0,0,0,0,0,0,1,0,34,189,142,162,219,206,206,225,163,104,183,88,0,0,0,0,0,0,0,0,0,0,0,0,0,0,0,0,128,171,137,183,225,213,217,239,155,132,212,75,0,0,0,0,0,0,0,1,0,0,0,0,0,1,0,46,184,158,140,196,228,208,214,232,140,154,203,74,0,0,0,0,0,0,0,0,0,3,0,2,1,0,28,178,164,162,145,225,220,216,218,230,133,169,192,124,0,0,0,0,0,1,0,2,3,0,6,1,0,44,179,170,170,155,150,230,215,217,222,218,106,151,181,171,0,0,2,0,0,0,1,0,0,0,0,0,61,177,163,158,167,128,161,239,210,206,235,202,88,144,176,189,19,0,0,0,0,0,0,0,0,0,34,104,172,146,139,140,145,115,200,240,220,234,246,155,100,149,159,191,54,0,14,96,115,100,82,88,106,134,149,140,126,132,141,149,163,137,218,214,200,178,138,97,92,139,154,190,83,0,188,179,162,175,163,163,151,139,124,123,138,149,159,156,140,131,135,138,140,145,158,167,155,166,170,194,69,77,202,182,173,165,166,159,155,156,162,171,173,169,148,131,146,133,140,159,175,167,156,177,171,161,167,187,16,17,134,181,202,196,183,171,165,161,166,169,166,152,145,146,155,163,178,198,191,166,164,166,163,149,157,198,61,0,0,0,61,160,214,235,227,217,196,189,187,190,203,216,228,226,209,174,204,227,216,221,223,216,224,255,111,0,0,0,0,0,0,30,63,120,155,163,165,157,131,95,57,18,0,0,41,169,123,126,109,93,73,73,3,0,0,0,0,0,0,0,0,0,0,0,0,0,0,0,0,0,0,0,0,0,0,0,0,0,0,0,0,0,0,0,0,0,0,0,0,0,0,0,0,0,0,0,0,0,0,0,0,0,0,0,0,0,0,0,0,0,0,0,0,0,0,0,0,0,0,0,0,0,0,0,0,0,0,0,0,0,0,0,0,0,0,0,0,0,0,0,0,0,0,0,0,0,0,0,0,0,0,0,0,0,0,0,0,0,0,0,0,0,0,0,0,0,0,0,0,0,0,0,0,0,0,0,0,0,0,0,0,0,0,0,0,0,0,0,0,0,0,0,0,6
0,0,0,0,0,0,0,0,0,0,0,0,0,0,0,0,0,0,0,0,0,0,0,0,0,0,0,0,0,0,0,0,0,0,0,0,0,0,0,0,0,0,0,0,0,0,0,0,0,0,0,0,0,0,0,0,0,0,0,0,0,0,0,0,0,0,0,0,0,0,0,0,0,0,0,0,0,0,0,0,0,0,0,0,0,0,0,0,0,0,0,0,0,0,0,0,0,0,0,0,0,0,0,0,0,0,0,0,0,0,0,0,0,0,0,0,0,0,0,0,0,0,0,0,0,2,0,30,58,56,50,50,25,0,0,0,0,0,0,0,0,0,0,0,0,0,0,0,0,0,0,0,0,3,0,160,197,188,208,230,223,194,191,158,106,46,26,0,0,0,0,0,0,0,0,0,0,0,0,0,1,0,0,162,197,190,197,201,204,203,207,206,194,184,193,73,0,0,0,0,0,0,0,0,0,0,0,0,3,0,0,182,185,192,202,206,207,201,197,199,197,187,195,40,0,0,0,0,0,0,0,0,0,0,0,0,3,0,0,179,183,184,187,190,199,196,195,190,191,187,207,0,0,0,0,0,0,0,0,0,0,0,0,0,3,0,17,209,176,187,193,204,203,200,194,185,176,179,156,0,0,0,0,0,0,0,0,0,0,0,0,0,4,0,38,200,164,177,189,186,180,176,184,192,173,206,86,0,0,0,0,0,0,0,0,0,0,0,0,0,5,0,109,195,187,210,215,208,203,191,187,186,178,200,34,0,0,0,0,0,0,0,0,0,1,2,0,0,0,0,182,188,168,186,199,216,227,211,185,178,188,187,4,0,0,0,0,0,0,0,0,0,0,0,1,5,0,29,203,165,183,184,190,205,216,204,181,177,177,209,16,0,0,0,0,0,0,0,0,0,0,0,1,0,0,133,188,176,185,195,191,204,212,199,194,194,179,190,35,0,0,0,0,0,0,0,0,0,0,0,4,0,57,196,153,176,188,195,192,203,218,207,203,202,189,196,62,0,0,0,0,0,0,0,0,0,2,3,0,16,159,151,152,162,167,188,197,207,218,204,205,198,193,198,104,0,0,1,6,6,4,4,5,3,0,0,27,157,156,162,183,171,171,186,207,203,207,200,197,197,196,197,140,0,0,0,0,0,0,0,0,0,0,77,170,152,150,170,174,174,176,180,201,206,210,200,179,164,179,192,174,0,0,0,45,89,58,54,63,112,154,172,139,143,133,140,159,179,185,181,195,210,211,198,200,194,201,193,184,0,0,73,159,157,191,203,189,175,146,131,144,152,163,163,171,176,183,197,206,203,201,197,204,199,191,187,160,0,5,167,172,140,138,82,111,129,158,165,172,172,174,179,186,192,193,179,195,208,205,209,213,207,209,205,224,0,67,211,219,216,208,196,188,183,162,147,163,172,181,195,191,201,218,231,247,209,208,207,204,197,194,190,199,1,0,24,132,176,202,222,218,232,223,216,204,213,234,245,255,253,221,150,142,227,201,212,216,209,205,190,230,20,0,0,0,0,23,68,119,156,168,171,165,152,136,97,47,1,0,0,2,234,205,198,195,190,184,186,130,0,0,0,0,0,0,0,0,0,0,0,0,0,0,0,0,0,0,0,0,0,0,0,0,0,0,0,0,0,0,0,0,0,0,0,0,0,0,0,0,0,0,0,0,0,0,0,0,0,0,0,0,0,0,0,0,0,0,0,0,0,0,0,0,0,0,0,0,0,0,0,0,0,0,0,0,0,0,0,0,0,0,0,0,0,6
0,0,0,0,0,0,0,0,0,0,0,0,0,0,0,0,0,0,0,0,0,0,0,0,0,0,0,0,0,0,0,0,0,0,0,0,0,0,0,0,0,0,0,0,0,0,0,0,0,0,0,0,0,0,0,0,0,0,0,0,0,0,0,0,0,0,0,0,0,0,0,0,0,0,0,0,0,0,0,0,0,0,0,0,0,0,0,0,0,0,0,0,0,0,0,0,0,0,0,0,0,0,0,0,0,0,0,0,0,0,0,0,0,0,0,0,0,0,0,0,0,3,0,0,1,0,0,0,0,1,1,0,0,0,0,163,117,0,8,0,0,0,0,0,0,0,0,0,0,0,0,2,0,19,33,9,0,0,0,0,0,0,175,215,38,0,4,0,0,0,0,0,0,0,0,0,0,1,4,0,20,60,30,70,70,35,0,0,0,199,205,0,0,3,0,0,0,0,0,0,0,0,0,0,0,0,8,0,85,204,83,67,27,19,25,0,196,196,0,0,1,0,0,0,0,0,0,0,0,0,0,0,0,0,1,0,0,85,131,234,211,130,26,178,209,7,0,0,0,3,2,2,0,0,0,0,0,0,0,0,0,0,0,0,0,0,0,68,160,189,231,238,92,0,1,0,0,0,0,0,0,0,0,0,0,0,0,0,0,0,1,0,0,7,0,0,0,0,224,202,255,206,90,0,0,1,114,81,0,0,0,0,0,0,0,0,0,1,0,0,0,0,0,5,0,144,255,0,0,126,255,219,177,204,229,127,0,1,0,1,0,0,0,1,0,0,0,0,0,1,0,0,0,255,170,0,0,105,203,220,221,208,213,30,0,0,1,1,5,5,0,0,1,1,1,0,0,0,1,0,9,237,104,123,255,255,218,216,211,212,203,0,0,0,2,0,0,0,0,0,0,0,0,0,1,0,6,0,39,239,219,248,209,208,211,216,214,220,208,0,1,1,0,0,3,128,171,95,58,29,0,0,0,0,0,0,176,235,210,212,216,211,219,220,214,226,177,0,0,0,0,111,212,218,219,202,187,105,25,5,3,0,0,202,223,213,214,215,216,210,214,217,214,229,128,0,0,0,0,244,226,210,215,222,228,222,171,36,0,43,230,222,203,220,215,215,213,214,220,219,211,230,80,0,107,196,133,224,219,222,223,224,219,225,244,249,156,239,220,210,228,212,216,215,214,214,216,217,212,229,42,0,101,212,193,216,235,233,231,226,233,232,224,234,246,211,209,219,210,217,214,213,213,212,212,213,211,217,20,0,36,204,200,206,204,211,221,225,220,215,216,204,207,214,214,208,216,208,214,215,212,210,212,214,216,204,0,0,9,199,202,202,208,205,210,210,209,209,210,216,215,213,213,218,217,213,208,209,204,210,216,212,217,191,0,0,0,124,217,218,213,213,208,204,206,203,201,204,206,211,211,213,212,212,218,222,216,213,213,208,230,172,0,0,0,0,37,143,207,243,254,255,248,247,251,255,255,255,253,249,242,234,225,212,208,239,207,201,208,127,0,0,0,0,0,0,0,3,35,78,94,93,87,75,60,45,32,12,0,0,0,0,0,11,16,9,5,0,0,0,0,0,0,0,0,0,0,0,0,0,0,0,0,0,0,0,0,0,0,0,0,0,0,0,0,0,0,0,0,0,0,0,0,0,0,0,0,0,0,0,0,0,0,0,0,0,0,0,0,0,0,0,0,0,0,0,0,0,0,0,0,0,0,0,0,0,0,0,0,0,0,0,0,0,0,0,0,0,0,0,0,0,0,0,6
0,0,0,0,0,0,0,0,0,0,0,0,0,0,0,0,0,0,0,0,0,0,0,0,0,0,0,0,0,0,0,0,0,0,0,0,0,0,0,0,0,0,0,0,0,0,0,0,0,0,0,0,0,0,0,0,0,0,0,0,0,0,0,0,0,0,0,0,0,0,0,0,0,0,0,0,0,0,0,0,0,0,0,0,0,0,0,0,0,0,0,0,0,0,0,0,0,0,0,0,0,0,0,0,0,0,0,0,0,0,0,0,0,0,0,0,0,0,0,0,0,0,0,0,0,0,1,0,0,86,0,0,0,0,0,0,0,0,0,0,0,0,0,0,0,0,0,0,0,0,0,0,0,0,5,0,36,188,84,0,0,1,2,2,0,0,0,0,0,0,0,0,0,0,0,0,0,0,0,0,0,0,0,0,171,161,174,74,0,0,0,0,0,1,2,0,0,0,0,0,0,0,0,0,0,0,1,2,0,0,0,85,173,144,170,230,127,63,3,0,0,0,0,0,0,0,0,0,0,0,0,0,0,0,0,2,0,0,135,159,180,177,190,213,214,221,205,208,129,56,0,0,0,0,0,0,0,0,0,0,1,1,0,1,0,59,184,130,126,139,177,223,221,216,210,213,218,229,167,0,0,0,0,0,0,0,0,0,0,0,1,0,0,64,135,137,160,144,125,154,224,233,233,217,207,213,161,0,0,0,0,0,0,0,0,0,0,1,0,0,53,126,229,160,117,159,153,114,180,165,173,189,195,219,98,0,0,0,0,0,1,0,0,0,0,0,1,102,146,196,140,166,233,147,109,204,216,195,179,167,157,180,15,0,0,0,0,0,1,1,4,0,0,0,72,156,111,147,150,129,205,255,255,251,200,199,201,186,179,216,52,0,0,2,2,0,0,0,0,0,0,37,150,96,209,91,157,210,202,129,125,69,158,223,193,190,174,201,97,0,1,0,0,0,0,0,12,76,134,158,157,159,112,152,228,200,223,131,131,150,182,199,173,151,158,175,136,0,0,5,97,125,138,147,159,162,144,140,122,139,232,232,178,172,164,193,204,190,182,183,159,177,189,192,156,0,0,141,149,128,141,131,120,125,120,119,146,148,167,185,193,195,181,174,177,184,196,192,186,198,181,187,183,0,19,101,124,139,158,167,172,170,160,149,169,181,170,179,184,198,206,201,214,223,228,211,210,214,194,189,169,0,57,117,62,76,97,120,149,174,191,197,208,210,208,208,207,197,187,186,177,173,169,146,141,146,145,116,127,24,10,99,133,156,140,129,105,84,76,81,83,77,82,83,82,85,89,94,94,96,100,103,107,100,115,97,172,84,0,0,0,44,105,153,188,181,167,162,131,130,130,139,154,150,148,163,164,162,176,173,179,158,164,180,134,16,1,0,0,0,0,0,0,29,68,96,90,102,117,94,100,100,79,80,95,91,97,93,66,64,28,25,0,0,0,0,2,0,1,0,0,0,0,0,0,0,0,0,0,0,0,0,0,0,0,0,0,0,0,0,0,0,0,0,0,0,0,0,0,0,0,0,0,0,0,0,0,0,0,0,0,0,0,0,0,0,0,0,0,0,0,0,0,0,0,0,0,0,0,0,0,0,0,0,0,0,0,0,0,0,0,0,0,0,0,0,0,0,0,0,0,0,0,0,0,0,0,0,0,0,0,0,0,0,0,0,0,0,0,0,0,0,0,0,0,0,0,0,0,0,0,0,0,0,0,0,0,0,0,0,0,0,0,0,0,0,0,0,0,0,0,0,0,0,6
0,0,0,0,0,0,0,0,0,0,0,0,0,0,0,0,0,0,0,0,0,0,0,0,0,0,0,0,0,0,0,0,0,0,0,0,0,0,0,0,0,0,0,0,0,0,0,0,0,0,0,0,0,0,0,0,0,0,0,0,0,0,0,0,0,0,0,0,0,0,0,0,0,0,0,0,0,0,0,0,0,0,0,0,0,0,0,0,0,0,0,0,0,0,0,0,121,145,114,83,32,0,0,0,0,0,0,0,0,0,0,0,0,0,0,0,0,0,0,0,0,1,0,0,225,255,245,255,255,185,115,176,203,212,217,219,138,0,0,0,0,0,0,0,0,0,0,0,0,0,2,0,180,234,226,225,233,249,248,251,242,242,240,241,210,6,0,0,0,0,0,0,0,0,0,0,0,1,0,0,167,241,223,243,237,200,196,218,229,227,219,204,203,168,0,0,0,0,0,0,0,0,0,0,0,0,0,0,192,238,226,243,168,198,201,187,185,198,194,196,192,194,24,0,0,0,0,0,0,0,0,0,0,4,0,68,241,186,185,215,149,195,232,218,198,197,207,219,202,240,124,0,0,0,0,0,0,0,0,0,0,5,0,75,216,164,192,206,152,181,230,214,213,239,243,239,192,242,124,0,0,0,0,0,0,0,0,0,0,3,0,54,253,204,211,230,219,193,183,187,239,229,193,174,207,236,205,0,0,0,0,0,0,0,0,0,0,2,0,30,255,212,226,224,224,255,193,241,206,174,164,231,233,225,255,20,0,0,0,0,0,0,0,0,0,3,0,87,253,202,217,216,228,219,201,230,255,193,238,239,226,224,255,88,0,0,0,0,0,0,0,0,0,0,0,196,233,215,219,225,235,213,191,196,167,187,253,225,231,225,255,142,0,0,0,0,0,0,0,0,1,0,23,253,203,218,223,229,228,208,231,251,212,241,234,233,241,231,255,103,0,0,0,0,0,0,0,0,0,0,141,244,212,219,225,232,228,239,241,241,247,234,233,231,218,194,212,57,0,0,0,0,0,1,0,0,0,1,235,220,217,223,227,230,226,235,232,224,228,235,217,196,187,188,225,33,2,0,0,0,0,2,0,0,0,148,245,213,221,223,228,233,231,229,231,238,240,200,194,199,200,199,217,19,0,1,8,8,1,0,0,0,74,248,208,212,221,226,232,236,231,219,247,255,190,212,202,200,199,204,209,0,0,0,0,0,0,0,0,76,249,214,206,212,219,232,233,236,228,238,255,27,62,253,190,202,200,205,196,0,0,0,82,165,157,152,189,243,212,198,216,213,228,231,232,228,232,255,85,0,102,252,189,206,198,205,186,0,0,112,231,219,217,219,228,203,206,212,216,222,236,230,229,231,255,83,0,0,94,253,187,208,193,212,169,0,0,185,223,202,214,216,217,218,222,227,225,227,229,229,230,255,81,0,0,0,89,221,197,203,195,203,156,0,3,182,229,234,233,231,228,225,226,225,233,229,230,236,255,90,0,0,0,0,81,217,195,197,193,200,132,0,0,11,72,140,183,220,249,255,255,255,255,255,255,229,66,0,0,3,2,0,107,236,212,251,238,216,159,0,0,0,0,0,0,0,10,44,54,68,62,61,44,0,0,0,0,0,3,0,26,93,57,59,45,52,19,0,0,0,0,0,0,0,0,0,0,0,0,0,0,0,0,0,0,0,0,0,0,0,0,0,0,0,0,0,0,0,0,0,0,0,0,0,0,0,0,0,0,0,0,0,0,0,0,0,0,0,0,0,0,0,0,0,6
0,0,0,0,0,0,0,0,0,0,0,0,0,0,0,0,0,0,0,0,0,0,0,0,0,0,0,0,0,0,0,0,0,0,0,0,0,0,0,0,0,0,0,0,0,0,0,0,0,0,0,0,0,0,0,0,0,0,0,0,0,0,0,0,0,0,0,0,0,0,0,0,0,0,0,0,0,0,0,0,0,0,0,0,0,0,0,0,0,0,0,0,0,0,0,0,0,0,0,0,0,0,0,0,0,0,0,0,0,0,0,0,0,0,0,0,0,0,0,0,0,0,0,0,0,0,0,0,0,0,0,0,0,0,0,0,8,144,18,0,0,0,0,0,0,0,0,0,0,0,0,3,0,19,175,185,203,201,201,208,212,217,214,219,184,234,0,0,0,0,0,0,0,0,0,0,0,0,0,2,0,7,156,166,174,183,182,188,187,188,188,184,181,181,0,0,0,0,0,0,0,0,0,0,0,0,0,4,0,23,190,177,181,188,186,186,190,182,182,188,192,166,0,0,0,0,0,0,0,0,0,0,2,2,0,4,0,32,216,164,178,190,193,195,197,189,201,198,195,148,0,0,0,0,0,0,0,0,0,0,1,1,0,3,0,79,222,155,200,205,201,195,198,199,204,200,199,152,0,0,0,0,0,0,0,0,0,0,0,0,0,0,0,127,188,182,228,206,189,182,196,190,191,184,201,162,0,0,0,0,0,0,0,0,0,0,0,1,1,0,16,186,189,225,204,188,181,194,209,204,207,175,155,169,0,0,0,0,0,0,0,0,0,0,1,2,0,0,128,218,166,182,179,183,197,205,202,193,176,147,165,199,9,0,0,0,0,0,0,0,0,0,0,6,0,31,177,151,134,159,161,156,176,181,189,197,163,170,172,214,90,0,0,0,0,0,0,0,0,0,0,0,0,105,140,147,159,164,163,172,179,176,188,179,170,192,161,174,177,0,0,0,0,0,0,1,1,0,0,0,91,146,152,150,144,175,196,197,189,202,202,180,188,183,176,160,193,18,1,1,2,0,0,0,0,0,9,110,138,125,143,141,141,165,194,207,212,196,178,174,180,178,189,157,193,45,0,0,0,0,0,0,3,63,122,133,131,139,149,163,173,174,167,166,166,161,171,178,178,176,173,165,197,34,0,0,25,63,68,88,112,129,113,126,149,147,141,162,175,184,179,175,179,181,181,177,175,160,151,163,187,20,0,93,148,117,107,121,137,146,140,137,146,144,145,172,167,171,175,177,195,187,165,165,177,182,195,201,240,35,41,165,169,170,168,147,157,154,136,145,147,148,173,170,164,182,188,200,200,204,204,206,211,205,204,195,241,48,110,216,195,191,178,169,159,153,161,178,189,189,197,202,201,205,204,199,205,203,197,208,205,200,205,194,225,62,0,94,186,204,242,230,231,235,226,245,239,231,232,225,222,219,226,224,223,223,226,222,225,233,232,231,255,112,0,0,0,0,36,30,97,108,107,167,114,162,131,140,159,151,177,135,162,156,136,180,135,147,143,101,63,0,0,0,0,0,0,0,0,0,0,0,0,0,0,0,0,0,0,0,0,0,0,0,0,0,0,0,0,0,0,0,0,0,0,0,0,0,0,0,0,0,0,0,0,0,0,0,0,0,0,0,0,0,0,0,0,0,0,0,0,0,0,0,0,0,0,0,0,0,0,0,0,0,0,0,0,0,0,0,0,0,0,0,0,0,0,0,0,0,0,0,0,0,0,0,0,0,0,0,0,0,0,0,0,0,0,0,0,0,0,0,0,0,6
0,0,0,0,0,0,0,0,0,0,0,0,0,0,0,0,0,0,0,0,0,0,0,0,0,0,0,0,0,0,0,0,0,0,0,0,0,0,0,0,3,0,72,132,97,28,0,0,0,0,0,0,0,0,36,176,0,0,0,0,0,0,0,0,0,0,0,0,6,0,154,225,225,254,213,188,156,129,91,35,9,0,30,71,0,0,0,0,0,0,0,0,0,0,0,0,7,0,144,213,136,202,220,217,213,204,214,221,217,191,232,86,0,0,0,0,0,0,0,0,0,0,0,0,0,0,153,221,164,197,190,182,173,189,194,199,199,201,219,49,0,0,0,0,0,0,0,0,0,0,0,0,0,0,143,206,162,220,201,211,219,222,221,209,205,193,198,16,0,0,0,0,0,0,0,0,0,0,0,0,1,0,130,193,78,206,197,211,221,213,213,226,205,189,243,7,0,0,0,0,0,0,0,0,0,0,0,0,6,0,96,218,222,200,202,201,185,176,176,193,194,200,224,15,0,0,0,0,0,0,0,0,0,0,0,0,6,0,79,201,112,205,209,213,214,206,193,193,191,203,100,0,0,0,0,0,0,0,0,0,0,0,0,0,6,0,140,218,149,199,210,204,213,218,225,215,188,216,19,0,0,0,0,0,0,0,0,0,0,0,0,0,4,0,48,211,167,207,200,208,207,210,212,216,190,202,2,0,0,0,0,0,0,0,0,0,2,1,0,0,3,0,0,195,145,205,203,214,209,204,200,191,189,178,0,0,0,0,0,0,0,0,0,0,0,0,1,0,6,0,27,215,188,206,192,199,198,196,198,182,226,134,0,0,0,0,0,0,0,0,0,0,0,1,0,1,0,0,101,158,183,201,204,203,199,202,205,194,196,127,0,0,0,0,0,0,0,0,0,0,0,0,0,7,0,0,220,151,204,210,212,215,210,207,200,186,192,239,2,0,0,0,0,0,0,0,0,0,0,0,4,0,0,173,154,193,209,198,205,202,190,179,174,200,201,215,108,0,0,0,0,0,0,0,1,0,0,1,0,0,120,199,139,194,195,213,195,182,174,179,227,218,189,204,140,0,0,0,0,0,0,0,0,0,2,0,0,122,160,156,193,185,212,203,204,199,209,243,191,110,182,200,146,0,0,0,0,1,3,2,4,7,0,0,174,166,119,201,202,210,197,192,198,197,205,174,77,138,194,194,177,0,0,2,3,0,0,0,0,0,0,87,149,151,206,206,204,210,199,208,175,152,145,106,172,184,158,202,208,11,4,0,0,0,0,0,22,82,149,172,108,195,176,164,187,193,192,189,185,207,222,228,240,207,226,200,219,24,0,0,97,145,163,189,205,159,71,81,110,144,191,182,200,205,204,213,207,210,213,209,201,207,218,199,216,15,0,131,160,141,107,32,8,55,103,176,215,203,189,194,196,192,178,167,174,164,172,188,189,193,196,202,235,93,63,191,188,191,187,164,158,194,218,213,209,200,182,182,189,195,202,212,225,250,225,208,200,185,184,189,213,133,125,204,220,220,208,209,209,202,199,206,207,205,207,209,214,221,213,227,171,139,176,161,166,177,182,183,195,106,0,46,138,179,205,205,207,231,232,226,229,236,239,228,189,128,47,0,0,0,249,214,240,246,255,212,255,154,0,0,0,0,17,53,104,132,151,158,142,113,74,21,0,0,0,0,0,0,108,101,83,78,74,58,46,0,0,0,0,0,0,0,0,0,0,0,0,0,0,0,0,0,0,0,0,0,0,0,0,0,0,0,0,0,6
0,0,0,0,0,0,0,0,0,0,0,0,0,0,0,0,0,0,0,0,0,0,0,0,0,0,0,0,0,0,0,0,0,0,0,0,0,0,0,0,0,0,2,0,11,98,84,91,91,67,7,10,6,24,4,0,0,0,0,0,0,0,0,0,0,0,0,0,0,2,1,0,190,209,211,217,247,255,250,212,204,216,77,0,0,0,0,0,0,0,0,0,0,0,1,0,0,3,0,0,182,175,187,191,173,192,191,198,197,203,24,0,0,0,0,0,0,0,0,0,0,0,0,0,0,4,0,20,196,176,199,201,194,200,191,189,193,186,0,0,0,0,0,0,0,0,0,0,0,0,0,0,0,5,0,44,183,171,209,190,192,197,196,190,205,189,0,0,0,0,0,0,0,0,0,0,0,0,0,0,0,4,0,17,185,185,205,182,190,199,195,190,213,144,0,0,0,0,0,0,0,0,0,0,0,0,0,0,0,7,0,100,200,180,196,185,191,209,203,185,213,73,0,1,0,0,0,0,0,0,0,0,0,0,0,0,0,0,0,136,177,182,190,184,199,206,204,184,210,36,0,2,0,0,0,0,0,0,0,0,0,0,0,0,1,0,0,200,193,192,189,193,197,206,199,185,207,11,0,4,0,0,0,0,0,0,0,0,0,0,1,0,4,0,35,205,189,200,187,198,202,206,194,188,202,0,0,2,0,0,0,0,0,0,0,0,0,0,0,0,6,0,101,196,179,200,184,196,209,204,192,194,229,0,0,1,0,0,0,0,0,0,0,0,1,1,0,2,0,0,209,193,189,191,193,194,198,197,182,193,233,0,0,1,0,0,0,0,0,0,0,0,0,0,0,5,0,28,183,176,193,191,196,192,197,202,193,190,212,9,0,1,0,0,0,0,0,0,0,0,0,0,4,0,0,209,180,189,187,194,199,196,202,204,194,194,227,111,0,0,0,0,0,0,0,0,0,0,0,0,0,0,128,185,181,207,204,194,192,199,198,193,198,208,217,167,0,0,0,0,0,0,1,0,0,0,0,11,0,104,188,150,193,150,134,149,185,202,201,211,216,213,201,177,0,0,0,0,0,0,0,0,0,1,2,0,30,160,138,161,139,149,194,216,197,203,222,213,210,210,186,187,27,0,0,2,5,6,5,5,7,0,0,16,191,143,184,187,197,219,213,196,201,215,202,192,163,173,178,197,81,0,2,0,0,0,0,0,0,0,52,157,150,184,201,197,206,206,191,192,178,171,128,97,111,169,190,199,121,0,0,1,88,114,93,58,53,106,193,169,170,200,176,150,178,169,166,159,161,165,160,168,193,220,194,195,118,0,0,160,128,86,127,142,144,172,167,162,177,179,176,178,179,174,165,182,235,226,216,218,205,200,194,205,186,0,14,181,173,127,46,115,159,174,186,194,191,197,208,214,216,204,193,196,201,190,183,201,203,214,210,206,211,18,155,198,183,193,183,172,158,156,162,167,170,184,188,192,195,211,225,228,213,208,218,211,212,211,205,203,196,17,58,184,208,204,198,194,187,185,178,172,179,199,209,228,227,211,199,140,196,201,203,204,203,202,207,203,219,60,0,0,86,170,212,194,206,214,215,217,225,216,227,157,64,7,0,0,201,238,221,253,255,255,213,200,194,12,0,0,0,0,0,26,56,81,101,93,76,27,0,0,0,0,0,0,75,93,74,73,70,58,32,3,0,0,0,0,0,0,0,0,0,0,0,0,0,0,0,0,0,0,0,0,0,0,0,0,0,0,0,0,0,0,6
0,0,0,0,0,0,0,0,0,0,0,0,0,0,0,0,0,0,0,0,0,0,0,0,0,0,0,0,0,0,0,0,0,0,0,0,0,0,0,0,0,0,0,0,0,0,0,0,0,0,0,0,0,0,0,0,0,0,0,0,0,0,0,0,0,0,0,0,0,0,0,0,0,0,0,0,0,0,0,0,0,0,0,0,0,0,0,0,0,0,0,0,0,0,0,0,0,0,0,0,0,0,0,0,0,0,0,0,0,0,0,0,0,0,0,0,0,0,0,0,0,0,0,0,0,0,0,0,42,78,101,110,126,131,135,138,162,139,0,0,0,0,0,0,0,0,0,0,0,0,0,3,0,16,249,231,255,255,255,255,255,255,255,255,255,227,0,0,0,0,0,0,0,0,0,0,0,0,0,4,0,1,238,247,240,236,236,235,232,232,229,191,238,179,0,0,0,0,0,0,0,0,0,0,0,0,0,4,0,0,216,251,244,243,246,245,245,254,231,106,234,255,1,0,0,0,0,0,0,0,0,0,0,0,0,3,0,0,255,244,242,251,243,243,242,242,249,241,240,255,0,0,0,0,0,0,0,0,0,0,0,0,0,3,0,9,255,224,242,242,247,247,244,241,242,236,252,193,0,0,0,0,0,0,0,0,0,0,0,0,0,1,0,61,255,225,238,241,243,247,246,243,241,233,250,209,0,0,0,0,0,0,0,0,0,0,0,0,0,0,0,193,255,224,227,228,238,241,242,239,236,244,228,255,44,0,0,0,0,0,0,0,0,0,0,1,4,0,33,255,212,209,219,231,238,240,238,240,246,242,226,252,149,0,0,0,0,0,0,0,0,0,0,0,0,0,216,252,206,210,224,239,240,244,241,241,244,237,236,236,249,0,0,0,0,0,0,0,0,0,0,0,0,144,255,203,224,225,233,238,244,246,245,241,238,240,242,222,255,50,0,0,0,0,0,0,0,0,0,0,98,255,211,222,227,231,238,238,242,244,239,239,240,238,235,224,255,118,1,0,4,3,1,0,0,0,0,149,255,212,225,236,234,239,243,244,239,244,243,237,237,235,234,227,255,116,0,6,0,0,0,0,17,118,235,254,214,221,229,229,233,236,239,239,246,237,232,233,239,235,233,228,255,66,0,0,5,53,115,185,247,252,226,214,230,235,236,237,235,237,237,236,229,237,234,235,241,237,230,243,239,0,5,183,210,226,225,236,222,214,226,231,232,238,238,239,243,234,230,249,255,255,250,248,241,240,231,241,228,0,135,255,215,212,214,212,224,235,230,232,240,245,240,235,233,241,255,255,175,0,159,255,233,240,232,243,223,0,49,207,246,244,232,227,212,212,221,226,229,228,235,241,251,255,123,0,0,0,170,250,229,231,227,242,211,0,0,0,49,156,249,255,255,255,255,255,255,255,255,255,128,0,0,0,1,0,206,255,255,255,255,255,202,0,0,0,0,0,0,18,74,106,143,153,154,114,54,0,0,0,3,0,1,0,115,149,132,139,119,119,41,0,0,0,0,0,0,0,0,0,0,0,0,0,0,0,0,0,0,0,0,0,0,0,0,0,0,0,0,0,0,0,0,0,0,0,0,0,0,0,0,0,0,0,0,0,0,0,0,0,0,0,0,0,0,0,0,0,0,0,0,0,0,0,0,0,0,0,0,0,0,0,0,0,0,0,0,0,0,0,0,0,0,0,0,0,0,0,0,0,0,0,0,0,0,0,0,0,0,0,0,0,0,0,0,0,0,0,0,0,0,0,0,0,6
0,0,0,0,0,0,0,0,0,0,0,0,0,0,0,0,0,0,0,0,0,0,0,0,0,0,0,0,0,0,0,0,0,0,0,0,0,0,0,0,0,0,22,117,80,95,95,88,76,66,45,32,19,17,25,0,0,0,0,0,0,0,0,0,0,0,0,0,2,0,135,251,191,205,201,211,233,246,235,220,208,186,238,16,0,0,0,0,0,0,0,0,0,0,0,0,1,0,150,227,167,167,166,167,199,204,184,170,175,180,197,0,0,0,0,0,0,0,0,0,0,0,0,0,0,0,160,225,157,168,173,188,217,204,191,181,173,189,176,0,0,0,0,0,0,0,0,0,0,0,0,0,0,0,191,217,157,164,182,195,208,200,183,185,172,197,136,0,0,0,0,0,0,0,0,0,0,0,0,1,0,0,212,210,155,170,171,194,192,201,184,183,170,226,95,0,0,0,0,0,0,0,0,0,0,0,0,3,0,0,237,195,156,173,165,192,192,192,190,185,171,238,76,0,0,0,0,0,0,0,0,0,0,0,0,3,0,0,255,186,157,162,160,197,201,174,182,183,167,241,54,0,0,0,0,0,0,0,0,0,0,0,0,3,0,22,232,178,157,160,157,199,205,186,181,185,180,242,33,0,0,0,0,0,0,0,0,0,0,0,0,0,0,106,229,171,163,165,177,206,193,191,173,180,182,232,42,0,0,0,0,0,0,0,0,0,0,0,0,0,0,189,213,162,168,168,205,209,175,175,164,164,163,227,92,0,0,0,0,0,0,0,0,0,0,0,2,0,27,245,204,164,165,180,222,197,176,178,191,185,167,208,155,0,0,0,0,0,0,0,0,0,0,0,0,0,127,224,172,166,169,196,211,197,189,178,176,174,164,173,201,0,0,0,0,0,0,0,0,0,0,0,0,0,229,206,154,168,183,212,197,191,197,188,178,158,140,154,219,29,0,0,0,0,0,0,0,0,0,2,0,85,232,158,166,166,189,213,209,201,203,196,192,159,153,166,223,68,0,0,0,0,2,0,0,0,0,0,0,220,216,148,174,169,187,208,207,202,206,198,201,175,175,176,219,96,0,0,0,0,0,0,1,0,3,0,60,255,171,165,167,179,195,200,204,192,215,219,192,184,178,159,206,81,0,0,0,0,0,2,1,0,0,0,218,230,143,175,172,176,191,203,206,225,216,175,162,155,157,168,208,9,0,0,0,0,0,1,0,0,0,146,223,167,164,173,177,173,184,210,197,166,134,159,163,171,183,183,219,0,0,0,4,2,0,0,0,0,102,233,199,167,167,175,171,182,195,177,134,175,238,183,190,177,170,172,201,0,0,4,0,0,0,0,23,152,238,216,197,157,169,174,186,197,156,153,229,206,64,0,169,175,161,171,206,0,0,0,37,98,144,186,195,195,195,158,166,153,167,199,204,140,184,240,88,0,0,0,182,184,167,175,204,0,0,139,182,160,127,126,108,113,131,130,163,170,206,196,139,221,208,5,0,0,0,0,172,191,169,174,201,0,109,238,196,174,136,120,147,172,180,176,183,198,175,163,247,155,0,0,0,1,0,0,156,173,160,164,183,0,74,201,193,193,187,186,184,176,174,170,179,187,195,248,106,0,0,0,0,0,1,0,177,207,189,200,247,2,0,34,95,139,181,190,203,213,216,217,209,187,130,9,0,0,0,0,0,0,3,0,60,164,139,120,80,0,0,0,0,0,0,0,0,0,0,0,0,0,0,0,0,0,0,0,0,0,1,0,0,0,0,0,0,0,6
0,0,0,0,0,0,0,0,0,0,0,0,0,0,0,0,0,0,0,0,0,0,0,0,0,0,0,0,0,0,0,0,0,0,0,0,0,0,0,0,0,0,0,0,0,0,0,0,0,0,0,0,0,0,0,0,0,0,0,0,0,0,0,0,0,0,0,0,0,0,0,0,0,0,0,0,0,0,0,0,0,0,0,0,0,0,0,0,0,0,0,0,0,0,0,0,0,0,0,0,0,0,0,0,0,0,0,0,0,0,0,0,0,0,0,0,0,0,0,0,0,0,0,0,0,0,0,0,0,0,0,0,0,0,0,0,0,0,0,0,0,0,0,0,0,0,0,0,0,0,0,0,0,0,0,0,0,0,4,6,3,0,0,0,0,0,71,99,0,0,0,0,0,0,0,0,0,0,0,0,0,0,0,0,0,1,0,0,0,0,0,0,0,0,165,112,0,0,0,0,0,0,0,0,0,0,0,0,0,1,0,0,2,0,35,157,163,192,184,161,126,110,217,0,0,0,0,0,0,0,0,0,0,0,0,0,0,2,0,2,0,0,247,184,191,216,215,220,224,226,141,0,0,0,0,0,0,0,0,0,0,0,0,0,0,0,0,8,0,131,169,169,210,219,211,200,202,214,186,0,0,0,0,0,0,0,0,0,0,0,0,0,0,0,7,0,20,196,167,218,237,252,254,252,240,241,255,0,0,0,0,0,0,0,0,0,0,0,0,0,2,5,0,0,161,183,211,239,239,225,231,240,249,241,235,0,0,0,0,0,2,0,0,0,0,1,0,1,0,0,1,157,202,195,164,218,244,250,254,248,241,239,240,43,0,0,0,0,0,1,1,0,0,0,4,0,0,72,183,172,174,116,149,170,210,217,228,255,255,236,255,88,0,0,0,1,2,5,1,4,2,4,0,0,143,191,149,97,93,130,151,150,171,151,127,177,194,150,196,78,0,2,4,0,0,0,0,0,0,0,11,93,97,137,195,133,195,201,196,196,188,153,147,169,178,159,213,135,2,0,0,0,3,0,0,4,59,111,146,164,135,182,230,119,105,162,188,193,183,147,128,125,185,223,217,148,0,0,104,146,160,181,177,206,131,61,74,47,177,184,173,135,182,212,208,215,211,212,210,210,221,214,210,183,0,160,229,176,135,119,131,136,123,108,160,205,198,226,217,246,236,221,226,218,214,223,225,222,216,195,213,111,70,207,183,208,230,230,202,185,199,189,187,178,176,193,212,213,206,195,187,186,188,190,190,195,200,189,204,96,113,224,206,192,189,200,217,230,238,231,225,226,227,228,213,206,195,197,203,203,212,214,218,217,218,215,222,204,0,55,182,206,225,225,210,200,199,207,208,208,207,203,202,217,223,230,255,227,217,206,215,211,209,206,206,182,0,0,0,0,60,141,202,247,255,249,255,255,255,247,253,229,150,80,36,32,253,247,232,255,255,255,255,226,1,1,0,0,0,0,0,0,13,18,33,27,25,0,0,0,0,0,0,0,58,93,66,66,61,57,54,10,0,0,0,0,0,0,0,0,0,0,0,0,0,0,0,0,0,0,0,0,0,0,0,0,0,0,0,0,0,0,0,0,0,0,0,0,0,0,0,0,0,0,0,0,0,0,0,0,0,0,0,0,0,0,0,0,0,0,0,0,0,0,0,0,0,0,0,0,0,0,0,0,0,0,0,0,0,0,0,0,0,0,0,0,0,0,0,0,0,0,0,0,0,0,0,0,0,0,0,0,0,0,0,0,0,0,0,0,0,0,0,0,6
0,0,0,0,0,0,0,0,0,0,0,0,0,0,0,0,0,0,0,0,0,0,0,0,0,0,0,0,0,0,0,0,0,0,0,0,0,0,0,0,0,0,0,0,0,0,0,0,0,0,0,0,0,0,0,0,0,0,0,0,0,0,0,0,0,0,0,0,0,0,0,0,0,0,0,0,0,0,0,0,0,0,0,0,0,0,0,0,0,0,0,0,0,0,0,0,0,0,0,0,0,0,0,0,0,0,0,0,0,0,0,0,0,0,0,0,0,0,0,0,0,0,0,0,0,0,0,0,0,0,0,0,0,0,0,0,0,0,0,0,0,0,0,0,0,0,0,0,0,0,0,0,0,0,1,0,0,0,1,3,1,0,0,1,6,0,35,26,0,0,0,0,0,0,0,0,0,0,0,0,0,0,0,0,36,0,0,0,2,2,0,0,0,0,130,49,0,0,0,0,0,0,0,0,0,0,0,0,0,5,0,28,191,181,66,0,0,0,0,0,33,123,48,0,0,0,0,0,0,0,0,0,0,0,0,0,0,4,0,84,213,205,184,165,148,119,117,209,213,221,66,0,0,0,0,0,0,0,0,0,0,0,0,0,3,0,36,187,208,222,218,191,191,228,241,221,187,209,58,0,0,0,0,0,0,0,0,0,0,0,0,0,0,0,123,192,201,209,178,204,187,182,210,210,195,209,162,0,0,0,0,0,0,0,0,0,0,0,0,4,0,0,179,195,210,196,181,208,205,210,192,210,186,195,231,0,0,0,0,0,0,0,0,0,1,0,5,0,0,125,199,191,241,243,240,166,143,215,221,233,187,209,201,0,1,1,1,0,0,1,1,1,0,3,0,0,121,194,159,188,200,233,220,232,243,232,255,222,191,204,187,0,0,0,0,0,0,0,0,1,3,0,0,105,157,135,151,190,201,213,207,206,207,208,221,189,185,184,208,0,0,1,1,1,2,3,2,0,0,6,109,136,108,110,162,197,191,208,211,207,205,201,211,196,196,185,235,19,4,0,0,0,0,0,0,0,59,135,103,49,114,165,192,200,194,194,210,204,201,209,194,180,195,175,245,62,0,0,4,27,39,62,84,120,120,63,68,116,172,190,205,208,220,205,204,208,210,207,199,201,216,189,242,69,0,104,135,114,99,75,55,34,36,84,169,200,208,210,216,213,207,199,192,195,200,191,192,190,192,187,243,42,27,176,174,156,145,93,98,129,167,204,215,211,210,204,179,167,168,171,180,207,209,200,217,220,221,200,250,32,96,205,200,196,195,197,199,197,195,199,201,197,187,184,197,211,243,253,246,212,179,176,167,145,134,126,170,26,0,76,134,162,187,196,201,207,211,229,229,230,238,242,209,136,78,43,0,70,201,171,181,171,160,149,205,58,0,0,0,0,11,25,52,85,105,108,99,77,60,19,0,0,0,0,0,33,155,117,117,105,89,78,88,12,0,0,0,0,0,0,0,0,0,0,0,0,0,0,0,0,0,0,0,0,0,0,0,0,0,0,0,0,0,0,0,0,0,0,0,0,0,0,0,0,0,0,0,0,0,0,0,0,0,0,0,0,0,0,0,0,0,0,0,0,0,0,0,0,0,0,0,0,0,0,0,0,0,0,0,0,0,0,0,0,0,0,0,0,0,0,0,0,0,0,0,0,0,0,0,0,0,0,0,0,0,0,0,0,0,0,0,0,0,0,0,0,0,0,0,0,0,0,0,0,0,0,0,0,0,0,0,0,0,0,0,0,0,0,0,0,0,0,0,0,6
0,0,0,0,0,0,0,0,0,0,0,0,0,0,0,0,0,0,0,0,0,0,0,0,0,0,0,0,0,0,0,0,0,0,0,0,0,0,0,0,0,0,0,0,0,0,0,0,0,0,0,0,0,0,0,0,0,0,0,0,0,0,0,0,0,0,0,0,0,0,0,0,0,0,0,0,0,0,0,0,0,0,0,0,0,0,0,0,0,0,0,0,0,0,0,0,0,0,0,0,0,0,0,0,0,0,0,0,0,0,0,0,0,0,0,0,0,0,0,0,0,0,0,0,0,0,0,0,0,0,0,0,0,0,0,0,0,0,0,0,0,0,0,0,0,0,0,0,0,0,0,0,1,1,0,0,96,101,70,0,0,3,0,0,0,0,14,41,0,0,0,0,0,0,0,0,0,0,1,0,2,3,0,32,163,170,192,43,0,2,0,44,52,0,86,144,0,0,0,0,0,0,0,0,0,0,1,0,1,1,0,137,170,153,178,30,0,0,0,173,217,187,186,20,0,0,0,0,0,0,0,0,0,0,1,0,3,0,29,187,174,166,187,26,0,0,26,199,192,200,199,11,0,0,0,0,0,0,0,0,0,3,1,0,0,0,131,190,174,167,224,19,0,0,141,206,192,202,213,0,0,0,0,0,0,0,0,0,0,0,0,5,0,45,192,177,167,166,232,38,0,2,232,193,197,199,204,0,0,0,0,0,0,0,0,0,0,0,1,0,0,152,177,172,178,153,242,58,0,156,222,192,190,200,185,0,0,0,1,0,0,0,1,0,1,2,5,0,67,206,185,178,185,165,251,81,1,228,186,192,179,204,149,0,0,0,0,0,1,1,0,0,1,5,0,0,184,184,175,177,184,158,249,62,93,214,184,190,182,197,187,0,1,0,0,0,0,0,1,1,1,3,0,125,207,165,167,175,181,165,242,83,149,205,186,187,183,185,224,0,1,2,0,0,0,0,0,2,0,0,82,194,164,172,171,178,183,176,227,202,178,194,185,192,177,185,221,44,2,2,3,4,3,2,5,0,0,78,185,156,171,175,178,178,178,179,198,196,178,187,184,186,177,176,205,69,2,0,0,0,0,0,0,2,124,185,137,155,164,177,173,164,160,170,183,157,177,176,176,176,184,177,213,83,0,1,61,87,97,89,120,172,188,166,174,171,167,164,166,168,175,198,193,166,184,178,181,181,182,172,206,57,0,125,176,164,166,202,195,163,165,164,165,176,182,197,202,202,200,208,175,158,179,178,177,178,178,168,209,25,46,165,173,165,172,170,166,168,183,185,189,190,189,199,202,205,208,220,228,216,226,222,218,221,222,205,224,6,25,117,163,185,193,192,187,188,196,198,200,206,211,216,228,229,255,219,175,175,151,147,152,156,173,171,168,0,0,0,14,72,131,178,215,227,239,235,236,241,232,206,152,71,19,0,43,255,203,215,219,224,231,202,222,0,1,0,0,0,0,0,18,45,72,80,80,62,28,0,0,0,0,0,16,131,90,99,102,97,91,78,58,0,0,0,0,0,0,0,0,0,0,0,0,0,0,0,0,0,0,0,0,0,0,0,0,0,0,0,0,0,0,0,0,0,0,0,0,0,0,0,0,0,0,0,0,0,0,0,0,0,0,0,0,0,0,0,0,0,0,0,0,0,0,0,0,0,0,0,0,0,0,0,0,0,0,0,0,0,0,0,0,0,0,0,0,0,0,0,0,0,0,0,0,0,0,0,0,0,0,0,0,0,0,0,0,0,0,0,0,0,0,0,0,0,6
0,0,0,0,0,0,0,0,0,0,0,0,0,0,0,0,0,0,0,0,0,0,0,0,0,0,0,0,0,0,0,0,0,0,0,0,0,0,0,0,4,0,80,146,132,138,142,140,132,126,110,75,45,25,0,0,0,0,0,0,0,0,0,0,0,0,0,0,4,0,130,174,155,166,164,165,175,190,201,180,195,161,1,0,0,0,0,0,0,0,0,0,0,0,0,0,0,0,140,161,152,160,149,150,155,154,160,167,181,140,0,0,0,0,0,0,0,0,0,0,0,0,0,1,0,0,150,160,154,158,152,150,153,147,154,158,179,144,0,0,0,0,0,0,0,0,0,0,0,0,0,2,0,1,168,158,155,150,152,155,162,160,160,156,175,107,0,0,0,0,0,0,0,0,0,0,0,0,0,2,0,2,152,156,161,146,154,159,166,164,152,167,179,144,0,0,0,0,0,0,0,0,0,0,0,0,2,4,0,21,158,150,152,150,150,160,156,160,159,161,179,156,0,0,0,0,0,0,0,0,0,0,0,0,0,4,0,68,162,153,148,149,154,158,150,154,156,148,172,142,0,0,0,0,0,0,0,0,0,0,0,0,0,2,0,123,161,155,155,153,152,152,149,158,147,149,162,174,8,0,0,0,0,0,0,0,0,0,0,0,1,0,0,156,164,155,143,143,150,150,155,160,161,164,154,192,65,0,0,0,0,0,0,0,0,0,0,0,3,0,15,140,155,168,146,146,156,153,161,156,150,148,155,166,156,0,0,0,0,0,0,0,0,0,0,2,4,0,59,132,156,154,141,144,146,161,165,148,144,153,149,160,185,19,0,0,0,0,0,0,0,0,0,1,0,0,120,144,155,137,143,142,150,161,154,154,141,137,146,158,191,81,0,0,0,0,0,0,0,0,0,3,0,43,138,159,149,138,140,150,153,155,155,152,138,143,149,147,181,122,0,0,0,0,0,0,0,0,0,0,0,113,136,160,143,147,146,150,138,159,156,155,162,149,154,147,148,140,0,0,0,0,2,0,0,0,5,0,27,152,152,166,120,154,158,146,171,144,159,158,148,147,146,138,170,141,0,0,0,0,0,0,0,1,0,0,131,132,137,147,137,162,156,132,148,165,149,137,124,137,158,165,181,128,0,0,0,0,2,0,0,3,0,68,162,126,146,144,144,147,147,149,131,165,114,123,183,156,170,148,174,119,0,0,0,0,0,0,5,0,0,140,136,141,147,150,148,161,144,138,148,143,174,235,178,175,143,148,185,116,0,0,0,1,2,0,0,0,106,142,137,146,146,154,149,152,138,148,159,181,215,7,31,187,138,148,180,116,1,2,4,0,0,0,1,98,153,134,146,147,146,152,159,144,164,159,190,144,0,0,71,183,140,148,177,108,0,0,0,4,55,87,120,140,126,134,146,148,141,153,155,155,154,187,147,0,0,0,65,187,144,149,184,102,0,0,77,152,137,137,136,130,128,148,150,147,143,143,150,146,184,177,0,0,3,0,56,159,141,147,184,100,55,114,135,126,129,129,126,136,129,144,148,148,152,158,140,174,170,0,0,1,2,0,46,156,136,146,186,99,112,164,141,136,137,135,128,123,113,128,141,148,156,137,156,203,0,0,0,0,3,0,53,148,128,141,168,87,0,83,114,135,148,193,185,171,164,154,136,136,143,160,255,35,0,0,0,0,2,0,9,172,168,171,232,95,0,0,0,0,0,23,50,79,114,154,171,168,154,116,14,0,0,0,0,0,2,0,0,146,160,149,136,9,6
0,0,0,0,0,0,0,0,0,0,0,0,0,0,0,0,0,0,0,0,0,0,0,0,0,0,0,0,0,0,0,0,0,0,0,0,0,0,0,0,0,0,0,0,0,0,0,0,0,0,0,0,0,0,0,0,0,0,0,0,0,0,0,0,0,0,0,0,0,0,0,0,0,0,0,0,0,0,0,0,0,0,0,0,0,0,0,0,0,0,0,0,0,0,0,0,0,0,0,0,0,0,0,0,0,0,0,0,0,0,0,0,0,0,0,0,0,0,0,0,0,0,0,0,0,0,0,0,0,0,0,0,0,0,0,0,0,0,0,0,0,0,0,0,0,0,0,0,0,0,0,0,0,0,0,0,0,0,0,1,0,1,1,0,0,3,0,0,0,0,0,0,0,0,0,0,0,0,0,0,0,0,2,0,0,46,0,0,0,0,0,0,0,0,0,0,0,0,0,0,0,0,0,0,0,0,0,0,0,0,0,0,97,198,179,40,0,0,2,0,0,9,0,0,0,0,0,0,0,0,0,0,1,0,0,2,0,0,0,92,193,126,188,255,3,0,0,0,96,190,16,0,0,0,0,0,0,0,0,0,2,1,0,0,1,0,164,242,146,95,183,192,171,105,82,128,189,203,28,0,0,0,0,0,0,0,0,0,0,1,2,0,0,1,172,168,179,223,208,203,229,250,250,213,202,206,31,0,0,0,0,0,0,0,0,0,0,0,0,0,0,185,217,185,180,223,197,190,188,184,182,191,197,214,53,0,0,0,0,0,0,0,0,0,2,0,0,0,117,185,149,144,211,194,211,216,217,210,210,202,219,198,21,0,0,0,0,0,0,0,0,0,0,7,0,3,202,139,205,203,193,193,204,201,202,212,204,223,223,19,61,0,0,0,0,0,0,0,0,0,6,0,32,160,137,197,226,214,185,216,206,196,197,209,216,204,191,196,251,8,0,0,0,0,0,2,2,0,0,83,165,167,186,220,207,188,198,199,204,196,198,211,198,165,178,189,198,11,0,0,0,2,0,0,0,0,77,195,165,185,222,207,194,190,195,202,201,200,195,196,188,189,183,189,211,34,2,5,0,0,0,0,18,170,186,165,191,208,206,196,194,204,205,201,207,213,201,195,187,185,190,182,217,85,0,0,0,0,53,179,194,145,173,188,187,190,187,199,202,208,202,196,202,212,198,186,190,187,193,187,220,83,8,71,119,129,142,157,137,162,185,182,184,187,195,199,199,198,197,197,195,197,189,186,181,181,187,181,211,57,48,145,121,137,152,161,151,191,207,203,208,211,218,217,216,214,219,223,218,213,205,202,202,201,200,189,243,55,0,0,0,0,20,44,67,98,108,126,145,151,158,156,157,148,145,147,148,154,147,143,141,140,135,118,129,29,12,28,21,12,2,0,0,0,0,0,0,0,0,0,0,0,0,0,0,0,0,0,0,0,0,0,0,0,0,2,3,9,19,20,24,30,28,25,25,25,25,25,24,23,23,23,24,25,26,26,27,28,30,34,29,2,0,0,0,0,0,0,0,0,0,0,0,0,0,0,0,0,0,0,0,0,0,0,0,0,0,0,0,0,0,0,0,0,0,0,0,0,0,0,0,0,0,0,0,0,0,0,0,0,0,0,0,0,0,0,0,0,0,0,0,0,0,0,0,0,0,0,0,0,0,0,0,0,0,0,0,0,0,0,0,0,0,0,0,0,0,0,0,0,0,0,0,0,0,0,0,0,0,0,0,0,0,0,0,0,0,0,0,0,0,0,0,0,6
0,0,0,0,0,0,0,0,0,0,0,0,0,0,0,0,0,0,0,0,0,0,0,0,0,0,0,0,0,0,0,0,0,0,0,0,0,0,0,0,0,0,0,0,0,0,0,0,0,0,0,0,0,0,0,0,0,0,0,0,0,0,0,0,0,0,0,0,0,0,0,0,0,0,0,0,0,0,0,0,0,0,0,0,0,0,0,0,0,0,0,0,0,0,0,0,0,0,0,0,0,0,0,0,0,0,0,0,0,0,0,0,0,0,0,0,0,0,0,0,0,0,0,0,0,0,0,0,0,4,2,0,0,0,0,6,88,0,0,0,0,0,0,0,0,0,0,0,0,4,0,19,123,58,31,0,0,0,0,0,0,0,13,213,211,27,0,2,0,0,0,0,0,0,0,0,0,6,0,51,197,211,198,109,79,43,10,2,0,29,235,189,190,197,0,0,0,0,0,0,0,0,0,0,0,0,0,0,20,102,150,137,147,179,130,124,95,151,199,189,185,205,107,0,0,0,0,0,0,0,0,0,0,0,0,0,0,0,0,17,62,112,115,131,142,61,59,58,165,202,216,0,0,0,0,0,0,0,0,0,0,0,0,0,2,1,0,0,0,0,0,0,232,233,176,138,198,196,234,42,0,0,0,0,0,0,0,0,0,0,0,0,0,0,0,2,1,4,0,0,219,192,199,214,201,191,241,101,0,0,0,0,0,0,0,0,0,0,0,0,0,0,0,0,0,1,0,0,211,187,181,196,210,218,231,59,0,0,0,0,0,0,0,0,1,1,0,1,0,0,0,0,0,0,0,0,191,203,222,232,198,136,127,38,0,0,0,0,0,0,1,0,2,2,0,0,1,2,0,0,0,0,0,0,209,242,168,119,88,105,173,58,0,0,0,0,0,0,2,6,0,0,3,1,1,0,0,0,0,0,79,232,186,102,101,127,160,167,194,21,0,0,0,0,1,0,0,0,5,0,0,0,0,0,0,0,0,164,243,104,104,133,144,168,139,147,182,11,0,0,0,0,0,0,0,112,189,221,131,0,0,0,0,0,196,214,74,121,184,153,147,138,139,147,168,0,0,0,0,0,53,105,180,191,134,158,235,255,121,0,0,209,202,76,186,191,148,133,147,147,138,156,165,0,0,0,30,156,209,194,148,144,161,163,152,189,251,179,184,195,70,156,151,147,137,137,150,151,147,148,150,0,0,0,183,175,133,159,206,149,174,183,190,193,192,241,202,84,146,162,135,148,134,147,145,146,139,158,135,0,63,193,196,201,216,200,255,201,188,202,209,219,232,158,86,110,167,138,142,149,137,142,143,139,137,168,122,0,59,97,95,145,170,191,214,214,219,217,205,174,119,100,147,154,141,149,149,141,147,137,148,145,142,175,109,0,53,207,140,109,91,82,86,80,106,90,87,91,126,160,143,137,142,143,136,152,140,146,144,130,135,180,90,0,0,59,134,176,191,186,181,174,171,175,181,184,183,169,177,174,175,182,173,166,177,160,171,196,160,195,62,0,0,0,0,0,2,32,60,81,84,78,88,73,61,43,43,49,34,18,26,12,20,17,63,64,55,63,0,0,0,0,0,0,0,0,0,0,0,0,0,0,0,0,0,0,0,0,0,0,0,0,0,0,0,0,0,0,0,0,0,0,0,0,0,0,0,0,0,0,0,0,0,0,0,0,0,0,0,0,0,0,0,0,0,0,0,0,0,0,0,0,0,0,0,0,0,0,0,0,0,0,0,0,0,0,0,0,0,0,0,0,0,0,6
0,0,0,0,0,0,0,0,0,0,0,0,0,0,0,0,0,0,0,0,0,0,0,0,0,0,0,0,0,0,0,0,0,0,0,0,0,0,0,0,0,0,0,0,0,0,0,0,0,0,0,0,0,0,0,0,0,0,0,0,0,0,0,0,0,0,0,0,0,0,0,0,0,0,0,0,0,0,0,0,0,0,0,0,0,0,0,0,0,0,0,0,0,0,0,0,0,0,0,0,0,0,0,0,0,0,0,0,0,0,0,0,0,0,0,0,0,0,0,0,0,0,0,0,0,0,0,0,0,0,0,62,0,0,0,0,0,0,0,0,0,0,0,0,0,0,0,0,0,0,0,0,0,0,0,0,1,0,2,170,187,8,0,0,2,3,1,0,0,0,0,0,0,0,0,0,0,0,0,0,0,0,0,0,0,0,123,172,190,116,0,0,0,0,0,0,0,0,0,0,0,0,0,0,0,0,0,0,0,1,2,3,0,10,191,192,202,209,231,198,125,68,0,0,0,0,0,0,0,0,0,0,0,0,0,0,0,2,5,0,0,163,223,169,186,223,214,213,208,225,52,0,0,0,0,0,0,0,0,0,0,0,0,0,0,0,0,0,96,180,138,148,217,167,206,203,192,224,97,0,0,0,0,0,0,0,0,0,0,0,0,0,0,1,0,56,139,136,154,159,221,211,196,203,198,202,36,0,0,0,0,0,0,0,0,0,0,0,0,0,0,0,6,169,167,214,197,167,223,204,187,191,216,142,0,0,0,0,0,0,0,0,0,0,0,1,0,2,0,0,161,167,204,239,208,222,232,241,221,204,217,143,0,0,0,0,0,0,0,0,0,0,0,0,1,0,0,109,191,121,188,193,133,188,217,240,237,220,199,215,126,0,0,0,0,2,2,2,2,3,3,2,3,0,48,152,154,182,170,131,153,210,185,211,218,216,208,210,111,0,0,1,0,0,0,0,0,0,0,0,0,19,184,167,229,224,251,144,203,211,198,189,194,206,211,207,83,0,2,0,0,12,5,5,1,3,30,52,65,143,159,169,204,208,195,205,193,199,195,198,183,169,188,201,192,0,0,9,78,168,200,169,159,167,172,161,180,185,124,116,173,204,194,216,229,226,241,241,241,218,193,192,208,5,0,151,131,76,149,150,158,137,123,128,144,169,192,184,194,199,197,189,189,213,216,213,220,237,207,188,223,40,23,179,206,203,174,122,130,161,148,146,165,203,189,175,174,210,214,200,201,209,217,204,200,206,198,189,211,32,0,106,192,210,218,202,173,164,174,172,182,185,221,215,197,202,189,199,204,206,217,205,214,202,202,197,229,40,0,0,26,173,206,223,227,204,188,195,200,203,207,198,204,221,223,255,252,211,203,209,206,205,207,200,205,96,0,0,0,0,19,104,201,207,219,221,225,228,226,235,211,175,124,79,12,206,247,227,227,228,227,220,227,159,0,0,1,0,0,0,0,3,52,103,117,117,95,68,0,0,0,0,0,135,167,154,142,129,121,105,105,34,0,0,0,0,1,0,0,0,0,0,0,0,0,0,0,0,1,0,0,0,0,0,0,0,0,0,0,0,0,0,0,0,0,0,0,0,0,0,0,0,0,0,0,0,0,0,0,0,0,0,0,0,0,0,0,0,0,0,0,0,0,0,0,0,0,0,0,0,0,0,0,0,0,0,0,0,0,0,0,0,0,0,0,0,0,0,0,0,0,0,0,0,0,0,0,0,0,0,0,0,0,0,0,0,0,0,0,0,0,0,0,0,6
0,0,0,0,0,0,0,0,0,0,0,0,0,0,0,0,0,0,0,0,0,0,0,0,0,0,0,0,0,0,0,0,0,0,0,0,0,0,0,0,0,0,0,0,0,0,0,0,0,0,0,0,0,0,0,0,0,0,0,0,0,0,0,0,0,0,0,0,0,0,0,0,0,0,0,0,0,0,0,0,0,0,0,0,0,0,0,0,0,0,0,0,0,0,0,0,0,1,0,0,34,71,111,136,137,117,74,0,0,0,0,0,0,0,0,0,0,0,0,0,0,0,0,0,0,2,0,2,200,187,215,228,225,225,227,255,160,13,0,0,0,0,0,0,0,0,0,0,0,0,0,0,0,4,0,34,162,198,199,173,206,211,199,205,228,206,175,36,0,0,0,0,0,0,0,0,0,0,0,0,0,4,0,29,165,222,220,213,191,199,208,204,196,190,214,72,0,0,0,0,0,0,0,0,0,0,0,0,0,6,0,45,195,208,198,204,199,197,204,193,189,199,188,102,0,0,0,0,0,0,0,0,0,0,0,0,2,0,0,200,225,229,250,253,255,254,240,234,220,207,194,142,0,0,0,0,0,0,0,0,0,0,0,0,5,0,80,191,195,218,208,192,193,195,197,196,197,208,227,60,0,0,0,0,0,0,0,0,0,0,0,0,3,0,97,177,196,197,184,185,188,211,231,229,203,214,150,0,0,0,0,0,0,0,0,0,0,0,0,0,1,0,0,147,245,252,255,247,218,195,206,215,206,212,174,0,0,0,0,0,0,0,0,0,0,0,0,0,1,0,0,174,182,200,218,231,254,250,230,224,210,193,188,0,0,0,0,0,0,0,0,0,0,0,0,0,3,0,1,243,180,212,214,205,205,215,221,210,202,197,56,0,0,0,0,0,0,0,0,0,0,0,0,0,0,0,33,160,165,239,231,227,227,209,206,204,191,207,37,0,0,0,0,0,0,0,0,0,0,0,0,5,0,5,195,186,137,136,167,195,218,217,215,210,198,211,79,0,0,0,0,1,0,0,0,0,0,0,3,0,0,163,188,194,254,226,190,168,152,159,193,214,202,205,98,0,0,0,1,3,2,1,4,4,5,0,0,13,106,187,211,194,174,203,226,253,248,208,205,216,201,205,151,0,0,2,0,0,0,0,0,0,0,2,83,139,134,179,201,226,232,213,186,183,197,222,212,207,199,199,182,0,3,0,0,5,3,0,5,54,117,154,121,103,170,208,208,212,210,228,235,236,207,203,201,181,180,195,207,1,0,20,120,151,175,187,190,163,109,81,135,185,204,216,212,207,203,204,203,199,203,218,212,203,202,199,208,27,0,155,188,131,120,88,84,68,96,172,192,202,209,211,217,212,212,221,213,222,215,218,219,230,215,205,196,0,42,141,173,210,202,179,168,167,180,166,176,202,215,220,215,220,217,209,207,213,215,196,193,191,187,184,173,0,8,138,154,141,165,192,205,206,223,224,236,239,242,212,200,194,194,209,215,170,146,162,159,166,179,177,196,73,0,5,102,189,189,183,158,157,153,157,166,157,152,158,180,176,155,146,79,170,248,218,224,227,225,195,239,74,2,0,0,0,12,89,112,161,175,161,182,169,167,126,59,0,0,0,0,92,208,132,139,130,131,100,92,4,0,0,0,0,0,0,0,0,0,0,0,0,0,0,0,0,0,0,0,0,0,0,0,0,0,0,0,0,0,0,0,0,0,0,0,0,0,0,0,0,0,0,0,0,0,0,0,0,0,0,0,0,0,0,0,0,6
0,0,0,0,0,0,0,0,0,0,0,0,0,0,0,0,0,0,0,0,0,0,0,0,0,0,0,0,0,0,0,0,0,0,0,0,0,0,0,0,0,0,0,0,0,0,0,0,0,0,0,0,0,0,0,0,0,0,0,0,0,0,0,0,0,0,0,0,0,0,0,53,71,26,44,41,34,40,40,33,35,19,2,0,0,0,0,0,0,0,0,0,0,0,0,0,0,0,0,134,165,89,115,143,175,201,189,193,159,114,57,0,0,0,0,0,0,0,0,0,0,0,0,0,0,0,0,141,141,56,94,111,138,163,180,181,131,73,44,0,0,0,0,0,0,0,0,0,0,0,0,0,0,0,0,155,124,55,95,114,167,183,181,181,117,83,14,0,0,0,0,0,0,0,0,0,0,0,0,0,1,0,4,149,70,67,81,92,115,117,124,134,81,86,2,0,0,0,0,0,0,0,0,0,0,0,0,0,2,0,53,144,78,65,68,116,160,191,192,155,84,79,4,0,0,0,0,0,0,0,0,0,0,0,0,0,0,0,93,140,116,81,83,111,130,132,135,103,68,83,1,0,0,0,0,0,0,0,0,0,0,0,0,0,0,0,152,159,112,64,75,99,102,124,144,89,53,86,17,0,0,0,0,0,0,0,0,0,0,0,0,0,0,0,168,110,66,70,95,120,174,223,151,56,61,89,49,0,0,0,0,0,0,0,0,0,0,1,0,0,0,131,160,94,92,59,81,153,172,119,53,58,112,111,61,0,0,0,0,0,0,0,0,0,0,0,3,0,95,153,119,96,86,45,104,177,123,80,79,105,148,116,84,15,0,0,0,0,0,0,0,0,0,0,0,0,187,175,151,125,45,70,128,113,95,90,126,154,102,37,63,44,0,0,0,0,0,0,0,0,0,0,0,58,198,164,161,153,32,115,155,122,125,148,126,50,0,23,62,71,0,0,0,0,0,0,0,0,0,0,57,155,190,165,160,102,46,96,129,130,139,93,35,9,92,199,107,65,0,1,1,0,1,1,0,1,0,61,207,108,144,163,136,69,69,65,135,120,79,87,163,224,210,195,106,62,0,1,1,0,0,2,4,0,7,175,161,46,94,185,163,88,93,69,53,144,198,248,223,146,80,41,35,38,0,0,2,0,0,0,0,0,67,144,139,70,141,11,158,73,56,53,107,204,140,21,0,0,14,40,107,55,0,0,0,0,0,1,32,57,83,151,174,84,148,134,160,38,74,125,74,0,14,119,186,156,161,195,81,14,0,0,30,79,73,81,69,20,16,165,123,115,159,150,124,127,192,34,50,204,213,118,32,0,56,144,34,11,0,84,44,65,63,50,43,64,78,38,149,163,165,131,161,171,14,152,254,76,0,0,0,0,113,103,66,14,93,175,111,82,86,76,69,66,63,94,128,138,188,158,56,76,178,178,0,0,0,5,0,0,115,94,79,6,40,123,120,93,61,56,62,67,65,55,51,62,26,8,148,244,90,0,0,0,1,4,0,65,138,67,86,18,0,15,89,142,139,131,108,84,71,56,61,81,139,250,191,0,0,0,0,1,1,3,0,83,197,162,149,28,0,0,0,0,1,51,95,110,122,130,127,134,126,34,0,0,1,1,0,0,0,0,0,0,11,67,0,0,0,0,0,0,0,0,0,0,0,0,0,0,0,0,0,0,0,0,0,0,0,0,0,0,0,0,0,0,0,0,0,0,0,0,0,0,0,0,0,0,0,0,0,0,0,0,0,0,0,0,0,0,0,0,0,0,6
0,0,0,0,0,0,0,0,0,0,0,0,0,0,0,0,0,0,0,0,0,0,0,0,0,0,0,0,0,0,0,0,0,0,0,0,0,0,0,0,0,0,0,0,0,0,0,0,0,0,0,0,0,0,0,0,0,0,0,0,0,0,0,0,0,0,0,0,0,0,0,0,0,0,0,0,0,0,0,0,0,0,0,0,0,0,0,0,0,0,0,0,0,0,0,0,0,0,0,0,0,0,0,0,0,0,0,0,0,0,0,0,0,0,0,0,0,0,0,0,0,0,0,0,0,0,0,0,0,0,0,0,0,0,0,0,0,0,0,0,0,0,0,0,0,0,0,0,0,0,0,0,0,0,0,0,0,0,0,0,0,0,0,0,0,0,0,0,0,0,0,0,0,0,0,0,0,0,0,0,0,0,0,0,0,113,96,0,0,0,0,0,0,0,1,0,0,0,0,0,0,0,0,0,0,3,3,0,0,2,0,0,102,215,105,64,0,0,0,0,0,0,0,1,0,0,0,0,0,0,0,0,0,0,0,0,0,0,0,122,228,222,236,248,202,190,174,187,173,181,0,0,0,0,0,0,0,0,0,0,0,0,0,1,0,0,65,234,239,236,233,233,224,221,226,219,222,229,11,0,0,0,0,0,0,0,0,0,0,0,4,0,12,172,235,239,232,239,218,217,222,223,221,222,214,219,15,0,0,0,0,0,0,1,0,0,4,0,0,0,197,253,217,221,232,232,229,231,228,222,222,229,217,236,100,0,0,0,0,1,0,2,3,0,0,0,46,224,218,216,235,228,248,227,226,229,220,222,222,224,214,234,172,0,0,2,6,8,6,1,0,0,15,168,255,220,144,220,242,245,231,225,223,226,225,229,226,221,217,223,225,0,1,0,0,0,0,0,48,223,250,204,155,175,243,255,233,236,228,226,229,227,225,224,220,215,207,215,247,0,0,0,78,109,133,131,203,193,153,118,234,248,238,233,234,228,217,226,220,216,220,217,211,209,207,217,252,28,0,163,197,158,167,162,185,193,221,255,236,217,230,228,234,236,220,205,202,207,217,221,224,219,216,220,250,17,1,225,213,198,154,209,252,227,227,208,216,226,232,237,230,235,242,236,234,237,237,237,238,233,225,221,240,13,19,224,234,232,239,224,198,191,189,197,215,223,222,218,215,219,220,218,221,222,222,220,219,220,224,218,255,80,104,249,219,232,234,245,246,245,237,233,224,219,220,225,222,221,225,228,228,229,228,226,228,223,217,213,242,30,22,187,243,231,219,213,208,212,224,222,223,223,222,217,214,209,207,210,210,212,213,212,210,208,211,204,213,72,0,0,101,213,248,255,255,244,230,229,220,218,223,228,238,250,255,255,255,255,255,255,251,254,255,227,249,39,0,0,0,0,0,26,97,156,189,203,203,201,196,180,162,135,106,101,121,121,127,130,138,130,116,78,0,0,0,0,0,0,0,0,0,0,0,0,0,0,0,0,0,0,0,0,0,0,0,0,0,0,0,0,0,0,0,0,0,0,0,0,0,0,0,0,0,0,0,0,0,0,0,0,0,0,0,0,0,0,0,0,0,0,0,0,0,0,0,0,0,0,0,0,0,0,0,0,0,0,0,0,0,0,0,0,0,0,0,0,0,0,0,0,0,0,0,0,0,0,0,0,0,0,0,0,0,0,0,0,0,0,0,0,0,0,0,0,0,0,0,0,0,0,0,0,0,0,0,0,0,0,0,0,0,0,0,0,0,0,0,0,0,0,0,0,0,0,6
0,0,0,0,0,0,0,0,0,0,0,0,0,0,0,0,0,0,0,0,0,0,0,0,0,0,0,0,0,0,0,0,0,0,0,0,1,0,6,0,37,162,125,126,129,115,0,0,89,130,105,54,0,0,5,0,0,0,0,0,0,0,0,0,0,0,13,0,77,220,210,238,224,217,189,227,253,246,248,255,88,0,8,1,0,0,0,0,0,0,0,0,0,0,3,0,127,202,191,203,200,184,201,253,232,238,226,244,90,0,4,0,0,0,0,0,0,0,0,0,0,1,2,0,167,206,191,202,214,209,182,178,195,189,190,213,148,0,0,0,0,0,0,0,0,0,0,0,0,0,1,0,122,212,199,213,222,233,210,207,204,211,239,235,255,0,0,0,0,0,0,0,0,0,0,0,0,0,0,0,137,207,196,212,217,223,229,255,255,253,254,232,255,122,0,2,0,0,0,0,0,0,0,0,0,1,0,0,177,202,195,212,215,213,219,241,235,241,234,238,239,255,0,0,0,0,0,0,0,0,0,0,0,2,0,16,225,198,201,211,216,217,221,244,240,242,232,248,229,254,139,0,0,0,0,0,0,0,0,0,0,9,0,79,208,193,204,207,215,219,221,241,245,237,248,231,243,242,251,0,0,0,0,0,0,0,0,0,1,0,0,183,205,191,206,209,218,217,217,236,243,237,236,234,239,232,255,68,0,0,0,0,0,0,0,0,6,0,35,200,196,205,207,211,217,217,218,236,242,238,236,242,239,232,247,163,0,0,0,0,0,0,0,0,3,0,106,210,189,210,206,211,217,216,218,234,240,238,235,240,238,236,235,246,0,0,0,0,0,0,0,1,0,0,196,196,198,201,206,210,218,219,220,234,239,237,239,236,236,240,255,181,0,0,0,0,0,0,0,4,0,55,210,189,201,197,203,208,217,215,219,231,237,237,234,241,239,217,210,68,0,0,0,0,0,3,0,0,0,192,197,191,194,197,197,203,214,215,209,235,232,246,255,232,206,183,201,62,0,0,0,0,2,0,8,0,54,240,184,186,195,197,200,210,219,218,218,227,254,240,47,0,32,194,204,35,0,0,1,3,4,5,0,0,174,189,187,185,188,212,214,219,222,206,212,249,178,0,0,0,0,198,190,13,0,3,0,0,0,0,7,155,212,184,189,198,209,219,219,220,211,193,230,163,0,0,4,0,0,201,184,0,0,0,0,0,59,128,174,198,179,183,189,202,218,219,223,215,193,236,176,0,0,1,0,0,0,201,176,0,0,28,110,147,130,89,89,155,178,179,195,208,214,228,221,193,205,211,0,0,0,0,2,0,0,201,172,0,70,190,191,169,153,131,138,155,172,192,209,219,223,221,214,199,233,46,0,0,0,0,2,0,0,199,167,0,168,203,190,204,206,221,213,212,210,211,216,217,218,221,208,207,183,0,0,1,0,0,0,0,0,194,162,0,126,202,203,196,198,198,201,212,224,227,234,232,235,229,199,212,46,0,4,0,0,1,2,0,0,191,159,0,0,81,171,178,196,207,203,195,196,198,199,200,206,188,219,178,0,0,1,0,0,0,1,3,0,184,158,0,0,0,0,5,56,106,172,211,197,204,203,201,197,209,178,5,0,5,0,0,0,0,0,1,0,186,171,0,2,5,0,0,0,0,0,0,22,57,96,111,112,78,0,0,0,0,0,0,0,0,0,0,0,26,28,0,1,0,0,5,4,2,0,0,0,0,0,0,0,0,0,1,0,1,0,0,0,0,0,0,0,0,0,2,6
0,0,0,0,0,0,0,0,0,0,0,0,0,0,0,0,0,0,0,0,0,0,0,0,0,0,0,0,0,0,0,0,0,0,0,0,0,0,0,0,0,0,0,0,0,0,0,0,0,0,0,0,0,0,0,0,0,0,0,0,0,0,0,0,0,0,0,0,0,0,0,0,0,0,0,0,0,0,0,0,0,0,0,0,0,0,0,0,0,0,0,0,0,0,0,0,0,0,0,0,0,0,0,0,0,0,0,0,0,0,0,0,0,0,0,0,0,0,0,0,0,0,0,0,0,0,0,0,0,0,0,0,0,0,0,0,0,0,0,0,0,0,0,0,0,0,0,0,0,0,0,0,0,0,0,0,0,97,42,0,0,0,0,0,2,3,1,0,0,0,0,0,0,0,0,0,0,0,0,0,0,0,0,0,102,230,211,82,21,11,0,0,0,0,0,0,0,0,0,0,0,0,0,0,0,0,0,0,0,0,0,56,240,228,239,254,246,233,218,128,69,10,0,1,0,0,0,0,0,0,0,0,0,1,0,0,0,0,68,223,221,237,238,238,242,241,241,247,255,214,0,0,0,0,0,0,0,0,0,0,0,0,0,0,0,0,221,247,230,243,242,242,243,239,231,223,230,196,0,0,0,0,0,0,0,0,0,0,0,1,0,2,0,79,234,228,237,247,245,246,246,240,238,230,225,225,19,0,0,0,0,0,0,0,0,0,0,0,3,0,19,255,231,235,244,242,244,245,246,242,243,244,232,250,129,0,0,0,0,0,0,0,0,0,0,2,0,7,229,230,235,242,237,241,236,240,243,238,236,242,239,241,236,0,0,0,0,0,1,0,0,0,4,0,0,191,251,229,237,236,237,235,234,239,243,239,239,243,238,230,255,24,0,0,0,0,0,0,4,3,0,0,198,238,222,240,237,238,240,240,238,241,246,245,244,243,236,226,255,93,0,3,5,5,1,1,0,0,0,144,239,229,236,236,234,235,238,243,246,244,245,243,242,239,232,225,245,130,0,0,0,0,0,0,0,98,238,232,224,236,236,223,224,224,230,235,236,236,241,242,234,228,219,224,245,148,0,0,19,17,12,117,243,237,231,218,235,233,226,232,232,235,234,241,232,228,231,245,248,244,249,232,255,90,16,201,222,217,226,235,230,217,219,223,225,229,237,229,230,235,237,245,230,242,252,232,216,208,192,172,187,7,119,243,210,215,221,216,217,221,219,228,222,210,225,223,223,229,229,235,255,254,206,191,158,176,178,184,202,6,97,193,213,231,233,237,237,240,246,240,236,220,224,231,234,243,229,213,127,0,0,193,176,180,185,184,171,0,107,180,163,171,170,188,200,215,225,231,239,230,224,223,227,194,68,0,0,0,13,191,152,159,158,170,147,0,0,75,144,179,185,184,179,170,163,158,158,155,156,157,68,0,0,0,4,0,34,246,189,201,189,194,147,0,0,0,0,0,34,56,89,114,129,134,146,145,120,1,0,0,0,0,1,0,8,178,173,160,155,160,71,0,0,0,0,0,0,0,0,0,0,0,0,0,0,0,0,0,0,0,0,0,0,0,0,0,0,0,0,0,0,0,0,0,0,0,0,0,0,0,0,0,0,0,0,0,0,0,0,0,0,0,0,0,0,0,0,0,0,0,0,0,0,0,0,0,0,0,0,0,0,0,0,0,0,0,0,0,0,0,0,0,0,0,0,0,0,0,0,0,0,0,0,0,0,0,0,0,0,0,0,0,0,0,0,0,0,0,0,0,0,0,0,0,6
0,0,0,0,0,0,0,0,0,0,0,0,0,0,0,0,0,0,0,0,0,0,0,0,0,0,0,0,0,0,0,0,0,0,0,0,0,0,0,0,0,0,0,0,0,0,0,0,0,0,0,0,0,0,0,0,0,0,0,0,0,0,0,0,0,0,0,0,0,0,0,0,0,0,0,0,0,0,0,0,0,0,0,0,0,0,0,0,0,0,0,0,0,0,0,0,0,0,0,0,0,0,0,0,0,0,0,0,0,0,0,0,0,0,0,0,0,0,0,0,0,0,0,0,0,0,0,0,0,0,0,0,0,0,0,0,0,0,0,0,0,0,0,0,0,0,0,0,0,0,0,1,0,19,39,40,81,58,131,89,0,0,0,0,0,1,0,0,0,0,0,0,0,0,0,0,0,1,0,3,0,84,120,92,126,92,117,101,3,147,78,39,0,0,0,0,0,0,0,0,0,0,0,0,0,0,0,3,0,64,117,66,75,92,162,218,172,156,122,135,119,98,0,1,0,0,0,0,0,0,0,0,0,1,0,3,0,48,128,92,116,102,182,247,255,147,129,107,126,108,0,1,0,0,0,0,0,0,0,0,0,0,0,3,0,30,128,101,119,125,119,114,170,102,126,117,155,42,0,3,0,0,0,0,0,0,0,0,0,0,0,1,0,21,119,89,105,104,122,134,104,135,140,104,138,39,0,0,0,0,0,0,0,0,0,0,0,0,0,1,0,10,101,79,113,101,150,132,117,116,132,93,156,79,0,0,1,0,0,0,0,0,0,0,1,0,0,1,0,19,116,90,123,132,164,117,119,135,137,110,173,90,0,0,1,1,0,0,0,0,0,0,0,1,1,0,4,75,125,87,96,125,138,137,134,138,144,144,167,123,0,1,0,0,0,0,0,0,0,1,1,1,0,9,75,87,117,113,120,164,156,153,140,134,153,164,167,185,9,0,0,0,0,3,1,1,1,0,0,0,22,87,84,72,128,129,126,146,140,147,159,178,150,164,144,191,70,0,3,0,0,0,0,0,0,1,16,52,89,101,90,89,104,108,132,128,126,147,153,152,149,140,143,161,149,0,0,0,7,22,28,33,58,89,90,82,96,93,79,98,105,108,123,129,138,144,138,138,141,143,165,158,159,1,0,31,111,107,101,101,92,87,102,107,108,98,90,96,110,134,131,126,138,143,134,131,134,146,155,156,185,3,0,123,126,104,82,82,84,87,86,67,76,82,95,105,102,135,144,158,176,196,211,209,197,199,199,188,170,7,6,131,162,159,153,170,161,147,137,132,138,146,156,187,211,197,226,202,185,156,123,101,81,69,58,43,39,1,39,82,70,89,116,117,116,113,111,111,128,132,138,132,108,76,46,34,33,30,42,43,48,64,81,89,131,69,0,6,34,31,51,63,76,90,98,96,93,82,89,46,31,46,54,66,72,60,95,125,114,111,95,84,57,1,0,0,0,0,0,0,0,0,0,0,0,0,0,0,0,0,0,0,0,0,0,0,0,0,0,0,0,0,0,0,0,0,0,0,0,0,0,0,0,0,0,0,0,0,0,0,0,0,0,0,0,0,0,0,0,0,0,0,0,0,0,0,0,0,0,0,0,0,0,0,0,0,0,0,0,0,0,0,0,0,0,0,0,0,0,0,0,0,0,0,0,0,0,0,0,0,0,0,0,0,0,0,0,0,0,0,0,0,0,0,0,0,0,0,0,0,0,0,0,0,0,0,0,0,0,0,0,0,0,0,0,0,0,0,0,0,0,0,0,0,6
0,0,0,0,0,0,0,0,0,0,0,0,0,0,0,0,0,0,0,0,0,0,0,0,0,0,0,0,0,0,0,0,0,0,0,0,0,0,0,0,0,0,0,0,0,0,0,0,0,0,0,0,0,0,0,0,0,0,0,0,0,0,0,0,0,0,0,0,0,0,0,0,0,0,0,0,0,0,0,0,0,0,0,0,0,0,0,0,0,0,0,0,0,0,0,0,0,0,16,42,58,57,86,87,92,97,96,86,94,20,0,1,0,0,0,0,0,0,0,0,0,0,0,0,0,0,102,150,138,128,157,161,166,175,180,159,166,75,0,6,0,0,0,0,0,0,0,0,0,0,0,0,0,0,103,114,120,116,139,142,152,149,155,147,150,64,0,0,0,0,0,0,0,0,0,0,0,0,0,1,0,0,110,114,129,122,137,137,157,155,151,148,171,55,0,1,0,0,0,0,0,0,0,0,0,0,1,2,0,1,117,115,126,129,141,134,155,156,147,144,175,50,0,0,0,0,0,0,0,0,0,0,0,0,0,2,0,21,117,115,125,122,146,140,156,155,151,140,171,71,0,0,0,0,0,0,0,0,0,0,0,0,0,3,0,46,116,107,121,123,151,149,158,156,156,148,159,131,0,0,1,0,0,0,0,0,0,0,0,2,0,0,0,98,106,110,123,123,157,161,157,152,157,153,155,166,47,0,0,0,0,0,0,0,0,0,0,3,3,0,48,130,97,113,124,137,159,157,155,155,151,151,150,159,121,0,0,0,0,0,0,0,0,0,0,0,2,0,112,102,106,119,123,131,159,152,151,158,151,151,152,147,157,26,0,0,0,0,0,0,0,0,0,3,0,43,106,96,128,133,137,129,156,158,147,150,168,158,138,144,144,46,0,0,0,0,0,0,0,0,1,0,0,98,102,119,123,126,142,135,155,160,144,144,162,148,159,158,178,82,0,0,0,0,0,0,0,0,2,0,47,114,110,119,115,123,130,124,150,152,143,159,170,168,168,164,161,88,0,0,0,0,0,0,0,1,0,8,105,98,112,113,128,143,129,124,151,148,162,180,168,155,146,147,164,85,0,0,1,2,2,1,0,0,0,84,95,105,121,94,121,123,123,147,157,165,179,160,159,156,148,144,157,74,0,1,0,0,0,0,0,15,79,107,89,110,93,103,132,128,150,152,178,214,142,157,164,159,152,148,157,67,0,0,0,14,32,44,74,101,99,85,94,89,110,139,137,142,155,151,208,134,159,161,155,155,149,149,170,58,0,23,90,102,97,105,97,92,94,86,96,105,125,131,131,151,121,243,8,79,194,155,167,152,158,143,172,41,0,97,105,77,89,105,105,103,107,108,128,142,140,130,138,132,255,98,0,143,176,151,167,158,157,150,181,47,34,158,131,116,112,93,96,101,93,90,93,104,105,132,157,225,116,0,0,112,159,140,138,140,138,138,167,34,23,133,162,180,180,179,210,211,224,221,212,203,181,197,217,108,0,0,0,162,193,179,219,223,211,177,229,37,0,0,0,0,16,41,61,69,78,94,119,124,113,96,0,0,0,1,0,61,97,73,71,69,67,76,66,0,0,0,0,0,0,0,0,0,0,0,0,0,0,0,0,0,0,0,0,0,0,0,0,0,0,0,0,0,0,0,0,0,0,0,0,0,0,0,0,0,0,0,0,0,0,0,0,0,0,0,0,0,0,0,0,0,0,0,0,0,0,0,0,0,0,0,0,0,0,0,0,0,0,0,0,0,0,0,0,0,0,0,0,0,6
0,0,0,0,0,0,0,0,0,0,0,0,0,0,0,0,0,0,0,0,0,0,0,0,0,0,0,0,0,0,0,0,0,0,0,0,0,0,0,0,0,0,0,0,0,0,0,0,0,0,0,0,0,0,0,0,0,0,0,0,0,0,0,0,0,0,0,0,0,0,0,0,0,0,0,0,0,0,0,0,0,0,0,0,0,0,0,0,0,0,0,0,0,0,0,0,0,0,0,0,0,0,0,0,0,0,0,0,0,0,0,0,0,0,0,0,0,0,0,0,0,0,0,0,0,0,0,0,0,0,0,0,0,0,0,0,0,0,0,0,0,0,0,0,0,0,0,0,0,0,0,0,0,0,0,0,0,0,0,0,0,0,0,0,0,0,0,0,0,0,0,0,0,0,0,0,0,0,0,0,0,0,1,2,0,0,84,47,79,211,0,0,0,0,0,0,0,0,0,0,0,0,0,0,0,0,0,0,0,0,0,0,0,127,255,255,249,244,243,217,209,255,36,0,0,0,0,0,0,0,0,0,0,0,0,0,0,0,5,0,14,255,183,199,174,173,215,200,193,222,111,0,0,0,0,0,0,0,0,0,0,0,0,0,0,0,3,0,175,222,187,202,166,228,210,185,161,209,155,0,0,0,0,0,0,0,0,0,0,0,0,0,0,0,0,0,238,206,191,180,212,212,172,168,127,208,213,0,0,0,0,0,0,0,0,0,0,0,0,0,0,0,0,213,231,201,178,190,220,202,186,204,222,194,236,0,0,0,0,0,0,0,0,0,0,4,2,4,0,0,231,241,193,187,196,224,224,211,221,205,169,130,254,36,0,0,0,0,0,0,0,0,0,1,0,0,0,212,234,200,187,198,212,208,221,187,182,223,220,177,225,54,0,0,0,0,0,0,0,0,0,3,0,21,240,231,185,192,210,230,211,197,216,220,217,194,180,138,187,83,0,2,8,8,2,3,4,0,0,0,0,255,221,217,207,194,205,213,211,214,214,203,181,142,154,119,170,130,2,0,0,0,0,0,0,0,0,0,198,248,185,173,175,210,202,200,210,214,182,191,194,154,187,141,155,182,0,0,104,148,121,94,74,97,187,255,255,208,188,184,207,218,220,223,219,200,195,202,155,150,178,120,163,207,0,172,254,228,250,250,247,244,239,237,194,166,190,212,212,212,211,209,219,218,231,215,178,194,180,113,181,173,0,211,223,169,148,136,174,191,196,172,179,164,195,210,203,210,212,216,228,230,232,242,237,235,228,181,240,115,25,206,221,211,210,171,154,165,180,177,210,216,228,208,221,254,255,255,249,228,204,206,205,201,190,155,182,125,0,0,97,149,193,224,236,230,230,234,229,232,225,240,227,177,114,49,0,149,230,179,188,186,172,131,166,117,0,0,0,0,0,38,70,122,144,174,158,155,161,92,0,0,0,0,0,0,161,184,157,181,168,144,171,81,0,0,0,0,0,0,0,0,0,0,0,0,0,0,0,0,0,0,0,0,0,0,0,0,0,0,0,0,0,0,0,0,0,0,0,0,0,0,0,0,0,0,0,0,0,0,0,0,0,0,0,0,0,0,0,0,0,0,0,0,0,0,0,0,0,0,0,0,0,0,0,0,0,0,0,0,0,0,0,0,0,0,0,0,0,0,0,0,0,0,0,0,0,0,0,0,0,0,0,0,0,0,0,0,0,0,0,0,0,0,0,0,0,0,0,0,0,0,0,0,0,0,0,0,0,0,0,0,0,0,0,0,0,0,0,0,0,0,0,0,6
